#  431.108  -1.182   7.144 ;Mean Elev.(m), Avg Gradient(m/km), RMS Gradient(m/km) - SRTM1     
#  421.865  -1.148   7.596 ;Mean Elev.(m), Avg Gradient(m/km), RMS Gradient(m/km) - ASTER GDEM
#  438.368  -0.911   6.629 ;Mean Elev.(m), Avg Gradient(m/km), RMS Gradient(m/km) - GMTED2010 
  7   426.690 52476.34471974 49.16  25.740977  -1.243082 20.296
  7   426.937 52476.34472038 49.73  25.740257  -1.246382 20.296
  7   425.936 52476.34472103 53.95  25.739527  -1.249692 20.296
  7   426.104 52476.34472167 50.85  25.738797  -1.252992 20.296
  9   426.552 52546.34469542 35.19  25.745713  -1.249978 10.809
  9   426.056 52546.34469607 30.70  25.744993  -1.253278 10.809
  9   425.777 52546.34469671 32.53  25.744263  -1.256588 10.809
  9   425.921 52546.34469736 31.83  25.743533  -1.259888 10.809
 10   427.100 52581.34471557 50.16  25.744333  -1.250410 20.556
 10   426.685 52581.34471621 49.73  25.743613  -1.253720 20.556
 10   426.874 52581.34471686 50.26  25.742883  -1.257020 20.556
 11   427.507 52616.34468478 47.72  25.742125  -1.243952 16.498
 11   427.289 52616.34468543 49.59  25.741405  -1.247262 16.498
 11   427.612 52616.34468607 49.95  25.740675  -1.250562 16.498
 11   427.585 52616.34468672 48.05  25.739945  -1.253872 16.498
 12   428.215 52651.34466334 51.76  25.749486  -1.256076 27.914
 12   428.575 52651.34466398 47.41  25.748756  -1.259376 27.914
 12   428.360 52651.34466463 50.55  25.748026  -1.262686 27.914
 12   428.339 52651.34466527 53.53  25.747306  -1.265986 27.914
 13   427.721 52686.34465428 50.37  25.747277  -1.253911 25.683
 13   427.298 52686.34465493 51.51  25.746547  -1.257221 25.683
 13   427.332 52686.34465557 52.85  25.745827  -1.260521 25.683
 14   666.003 52721.34470374  0.12  25.743164  -1.252203 28.892
 14   434.894 52721.34470439 37.76  25.742434  -1.255513 28.892
 16   426.452 52791.34467574 48.27  25.745812  -1.249569 24.985
 16   426.436 52791.34467638 54.57  25.745082  -1.252879 24.985
 16   426.708 52791.34467703 51.26  25.744362  -1.256179 24.985
 16   426.668 52791.34467767 51.93  25.743632  -1.259489 24.985
 17   427.022 52826.34474539 49.25  25.747320  -1.252797 20.899
 17   427.338 52826.34474603 47.89  25.746600  -1.256097 20.899
 17   426.755 52826.34474668 49.17  25.745870  -1.259407 20.899
 17   426.586 52826.34474732 52.25  25.745140  -1.262707 20.899
 18   425.924 52861.34479116 48.47  25.748785  -1.253931 21.130
 18   426.171 52861.34479180 50.68  25.748065  -1.257231 21.130
 18   425.949 52861.34479245 49.49  25.747335  -1.260541 21.130
 18   425.935 52861.34479309 51.44  25.746605  -1.263841 21.130
 19   426.271 52896.34482039 19.52  25.743065  -1.247876 12.680
 19   426.150 52896.34482103 19.17  25.742335  -1.251176 12.680
 19   425.763 52896.34482168 22.52  25.741605  -1.254486 12.680
 20   425.583 52931.34476812 49.77  25.742351  -1.246998 21.728
 20   425.698 52931.34476876 54.81  25.741631  -1.250308 21.728
 20   425.618 52931.34476941 51.52  25.740901  -1.253608 21.728
 21   426.137 52966.34476704 51.96  25.746626  -1.252371 24.513
 21   426.130 52966.34476769 50.78  25.745906  -1.255671 24.513
 21   426.159 52966.34476833 52.56  25.745176  -1.258981 24.513
 22   427.552 53001.34479489 47.59  25.739556  -1.241886 17.001
 22   427.876 53001.34479553 49.35  25.738836  -1.245196 17.001
 22   427.876 53001.34479618 47.77  25.738106  -1.248496 17.001
 22   427.911 53001.34479682 48.49  25.737386  -1.251806 17.001
 23   427.883 53036.34474446 48.07  25.742859  -1.244531 19.510
 23   428.065 53036.34474510 49.29  25.742129  -1.247831 19.510
 23   428.351 53036.34474575 51.72  25.741399  -1.251141 19.510
 23   427.897 53036.34474639 49.75  25.740679  -1.254441 19.510
 24   427.419 53071.34476769 47.87  25.744077  -1.249814 17.725
 24   427.352 53071.34476834 47.84  25.743357  -1.253124 17.725
 24   427.299 53071.34476898 50.34  25.742627  -1.256424 17.725
 25   427.891 53106.34474555 46.97  25.742414  -1.245440 21.454
 25   427.136 53106.34474620 54.52  25.741684  -1.248740 21.454
 25   427.025 53106.34474684 51.53  25.740954  -1.252050 21.454
 25   427.250 53106.34474749 50.30  25.740234  -1.255350 21.454
 26   426.628 53141.34477474 47.15  25.745238  -1.250056 22.245
 26   427.024 53141.34477538 46.24  25.744518  -1.253366 22.245
 26   426.486 53141.34477603 39.78  25.743788  -1.256666 22.245
 27   427.057 53176.34480408 51.19  25.745064  -1.250989 26.056
 27   425.523 53176.34480473 49.36  25.744334  -1.254299 26.056
 27   425.652 53176.34480537 49.85  25.743614  -1.257599 26.056
 29   425.194 53246.34479115 44.53  25.746009  -1.249981 20.290
 29   425.470 53246.34479180 47.52  25.745289  -1.253281 20.290
 29   425.284 53246.34479244 43.45  25.744559  -1.256591 20.290
 29   425.247 53246.34479308 35.55  25.743829  -1.259891 20.290
 30   425.535 53281.34477610 46.82  25.743398  -1.244498 20.895
 30   425.565 53281.34477675 52.18  25.742668  -1.247798 20.895
 30   425.455 53281.34477739 51.90  25.741948  -1.251108 20.895
 30   425.485 53281.34477804 50.15  25.741218  -1.254408 20.895
 31   427.438 53316.34478814 46.54  25.745596  -1.251584 16.315
 31   427.056 53316.34478879 47.14  25.744866  -1.254894 16.315
 31   426.550 53316.34478943 45.10  25.744146  -1.258194 16.315
 32   428.695 53351.34475461 49.17  25.747662  -1.256120 17.814
 32   427.962 53351.34475526 52.76  25.746932  -1.259420 17.814
 32   427.987 53351.34475590 51.49  25.746202  -1.262730 17.814
 33   428.251 53386.34473901 50.15  25.744474  -1.248643 15.826
 33   427.266 53386.34473965 49.22  25.743744  -1.251953 15.826
 33   427.215 53386.34474030 50.52  25.743024  -1.255253 15.826
 34   426.881 53421.34474374 49.69  25.750670  -1.257399 13.674
 34   427.149 53421.34474438 54.05  25.749940  -1.260709 13.674
 34   427.006 53421.34474503 52.42  25.749220  -1.264009 13.674
 34   427.119 53421.34474567 48.05  25.748490  -1.267319 13.674
 35   428.457 53456.34474907 48.16  25.746937  -1.256712 13.862
 35   427.801 53456.34474971 49.48  25.746207  -1.260022 13.862
 35   427.660 53456.34475036 52.08  25.745477  -1.263322 13.862
 36   426.572 53491.34483133 29.65  25.739144  -1.241568 10.703
 36   426.563 53491.34483198 32.87  25.738424  -1.244878 10.703
 36   426.734 53491.34483262 34.62  25.737694  -1.248178 10.703
 36   426.712 53491.34483327 40.58  25.736964  -1.251488 10.703
 37   426.773 53526.34481585 48.78  25.748042  -1.254414 15.509
 37   427.070 53526.34481650 49.44  25.747312  -1.257714 15.509
 37   426.581 53526.34481714 51.96  25.746582  -1.261024 15.509
 37   426.903 53526.34481778 47.70  25.745852  -1.264324 15.509
 38   425.573 53561.34484241 44.71  25.739873  -1.241531 17.354
 38   425.665 53561.34484305 44.34  25.739153  -1.244841 17.354
 38   425.972 53561.34484370 43.82  25.738423  -1.248141 17.354
 38   426.065 53561.34484434 45.08  25.737703  -1.251451 17.354
 39   425.370 53596.34478383 49.65  25.748442  -1.256982 14.028
 39   425.253 53596.34478447 48.78  25.747712  -1.260292 14.028
 39   425.165 53596.34478512 52.15  25.746992  -1.263592 14.028
 40   425.123 53631.34477675 49.76  25.740127  -1.248217 17.199
 40   425.272 53631.34477740 52.08  25.739397  -1.251527 17.199
 40   425.306 53631.34477804 48.64  25.738677  -1.254827 17.199
 41   425.627 53666.34479918 24.54  25.741606  -1.244927 14.599
 41   425.526 53666.34479983 21.54  25.740876  -1.248227 14.599
 41   426.544 53666.34480047 17.67  25.740146  -1.251537 14.599
 41   426.916 53666.34480112 41.12  25.739426  -1.254837 14.599
 42   427.539 53701.34475072 48.73  25.747632  -1.252562 14.204
 42   427.156 53701.34475136 51.45  25.746912  -1.255872 14.204
 42   427.381 53701.34475201 47.92  25.746182  -1.259172 14.204
 42   427.453 53701.34475265 49.80  25.745452  -1.262482 14.204
 43   427.083 53736.34466154 50.63  25.748811  -1.256093 15.258
 43   427.530 53736.34466219 49.26  25.748081  -1.259393 15.258
 43   427.064 53736.34466283 54.20  25.747351  -1.262703 15.258
 43   426.830 53736.34466347 48.22  25.746631  -1.266003 15.258
 44   426.780 53771.34466621 50.60  25.749605  -1.255340 17.598
 44   427.174 53771.34466686 53.00  25.748875  -1.258650 17.598
 44   426.716 53771.34466750 52.33  25.748155  -1.261950 17.598
 44   426.732 53771.34466815 49.38  25.747425  -1.265260 17.598
 47   427.302 53876.34472455 18.35  25.746471  -1.253699 12.227
 47   427.277 53876.34472520 22.13  25.745751  -1.256999 12.227
 47   427.390 53876.34472584 25.50  25.745021  -1.260309 12.227
 48   425.373 53911.34477155 52.23  25.740576  -1.242580 18.695
 48   426.376 53911.34477220 50.00  25.739846  -1.245880 18.695
 48   425.517 53911.34477284 53.33  25.739126  -1.249190 18.695
 48   426.168 53911.34477349 50.87  25.738396  -1.252490 18.695
 49   425.171 53946.34478919 50.52  25.738250  -1.239811 19.718
 49   425.208 53946.34478983 53.92  25.737520  -1.243121 19.718
 49   425.170 53946.34479048 48.68  25.736790  -1.246421 19.718
 49   425.382 53946.34479112 51.99  25.736070  -1.249731 19.718
 50   425.315 53981.34473567 49.75  25.743934  -1.247980 17.196
 50   425.450 53981.34473632 51.09  25.743204  -1.251280 17.196
 50   425.689 53981.34473696 49.22  25.742484  -1.254590 17.196
 51   425.668 54016.34475840 47.13  25.746672  -1.250661 15.413
 51   425.250 54016.34475905 53.97  25.745942  -1.253961 15.413
 51   425.498 54016.34475969 50.50  25.745212  -1.257271 15.413
 51   425.492 54016.34476034 45.72  25.744492  -1.260571 15.413
 52   428.006 54051.34475900 40.64  25.751188  -1.257071 12.798
 52   428.255 54051.34475965 43.42  25.750458  -1.260381 12.798
 52   427.813 54051.34476029 44.53  25.749738  -1.263681 12.798
 52   428.159 54051.34476094 42.92  25.749008  -1.266991 12.798
 53   429.849 54086.34474961 49.07  25.746039  -1.249908 16.825
 53   429.758 54086.34475090 50.67  25.744589  -1.256518 16.825
 53   429.941 54086.34475154 47.34  25.743869  -1.259828 16.825
 54   429.972 54121.34467499 52.16  25.745248  -1.250933 21.291
 54   428.971 54121.34467564 49.75  25.744528  -1.254243 21.291
 54   428.917 54121.34467628 49.01  25.743798  -1.257543 21.291
 55   428.343 54156.34470891 51.60  25.744822  -1.247673 21.663
 55   428.421 54156.34470955 50.08  25.744102  -1.250983 21.663
 55   428.403 54156.34471020 51.02  25.743372  -1.254283 21.663
 55   428.450 54156.34471084 53.26  25.742642  -1.257593 21.663
 56   429.342 54191.34467304 40.71  25.745414  -1.250147 11.281
 56   428.273 54191.34467369 46.17  25.744694  -1.253457 11.281
 56   428.197 54191.34467433 49.89  25.743964  -1.256757 11.281
 57   428.249 54226.34471972 49.58  25.744826  -1.248574 14.611
 57   428.193 54226.34472037 51.45  25.744096  -1.251884 14.611
 57   428.296 54226.34472101 50.54  25.743376  -1.255184 14.611
 58   428.403 54261.34473996 51.08  25.745701  -1.249797 13.517
 58   428.485 54261.34474061 50.82  25.744971  -1.253107 13.517
 58   427.525 54261.34474125 52.19  25.744251  -1.256407 13.517
 58   427.708 54261.34474190 49.61  25.743521  -1.259717 13.517
 59   427.193 54296.34474502 51.45  25.745676  -1.251215 10.247
 59   426.995 54296.34474567 51.29  25.744956  -1.254525 10.247
 59   426.471 54296.34474631 52.97  25.744227  -1.257829 16.990
 60   426.003 54331.34473614 47.43  25.746904  -1.250963  9.807
 60   426.228 54331.34473678 51.99  25.746184  -1.254273  9.807
 60   426.124 54331.34473742 50.09  25.745454  -1.257573  9.807
 60   426.040 54331.34473807 49.79  25.744727  -1.260880 15.065
 61   426.914 54366.34467879 47.14  25.745749  -1.249246 12.209
 61   426.679 54366.34467943 54.17  25.745019  -1.252556 12.209
 61   426.799 54366.34468008 49.05  25.744299  -1.255856 12.209
 61   426.593 54366.34468072 51.88  25.743569  -1.259166 12.209
 62   426.860 54401.34467868 49.94  25.746197  -1.251211  9.937
 62   427.344 54401.34467932 52.67  25.745467  -1.254511  9.937
 62   426.970 54401.34467997 51.21  25.744739  -1.257817 16.670
 63   427.844 54436.34463585 50.08  25.744994  -1.250841 10.369
 63   428.108 54436.34463649 48.90  25.744264  -1.254151 10.369
 63   427.955 54436.34463714 50.86  25.743540  -1.257458 11.782
 64   428.872 54471.34466348 50.93  25.746783  -1.253455 11.764
 64   428.209 54471.34466412 51.73  25.746063  -1.256765 11.764
 64   428.256 54471.34466477 51.93  25.745330  -1.260070 18.758
 65   428.833 54506.34464847 49.65  25.745623  -1.250435 15.610
 65   428.116 54506.34464912 53.85  25.744893  -1.253745 15.610
 65   428.257 54506.34464976 50.26  25.744173  -1.257045 15.610
 66   427.510 54541.34467764 50.96  25.746505  -1.251468 19.217
 66   428.488 54541.34467829 53.05  25.745785  -1.254778 19.217
 66   427.713 54541.34467893 51.04  25.745055  -1.258078 19.217
 66   428.013 54541.34467957 49.22  25.744335  -1.261388 19.217
 67   428.657 54576.34464989 31.46  25.745559  -1.251908 18.667
 67   427.447 54576.34465053 36.94  25.744829  -1.255218 18.667
 67   427.632 54576.34465118 39.10  25.744109  -1.258518 18.667
 68   426.865 54611.34466925 47.48  25.745748  -1.251058 20.416
 68   427.556 54611.34466989 48.64  25.745018  -1.254358 20.416
 68   427.658 54611.34467054 42.50  25.744298  -1.257668 20.416
 69   425.817 54646.34467646 51.18  25.744857  -1.249813 21.533
 69   425.955 54646.34467711 51.00  25.744127  -1.253113 21.533
 69   425.944 54646.34467775 51.60  25.743407  -1.256423 21.533
 70   426.716 54681.34467718 50.52  25.745146  -1.250032 20.795
 70   426.552 54681.34467783 51.14  25.744416  -1.253342 20.795
 70   425.774 54681.34467847 51.12  25.743686  -1.256642 20.795
 71   425.627 54716.34462668 49.12  25.746595  -1.250673 22.057
 71   426.251 54716.34462732 52.05  25.745875  -1.253973 22.057
 71   425.635 54716.34462797 52.08  25.745145  -1.257283 22.057
 71   425.534 54716.34462861 51.75  25.744415  -1.260583 22.057
 72   426.684 54751.34464921 48.48  25.744736  -1.249759 16.805
 72   426.774 54751.34464986 48.76  25.744016  -1.253069 16.805
 72   426.679 54751.34465050 48.96  25.743286  -1.256369 16.805
 73   428.840 54786.34461651 48.17  25.745468  -1.250657 17.591
 73   428.403 54786.34461715 49.77  25.744738  -1.253957 17.591
 73   428.412 54786.34461780 50.40  25.744018  -1.257267 17.591
 74   427.907 54821.34464252 49.06  25.745636  -1.251361 17.036
 74   428.104 54821.34464317 51.81  25.744916  -1.254671 17.036
 74   427.887 54821.34464381 47.91  25.744186  -1.257971 17.036
 75   428.506 54856.34461321 49.67  25.745674  -1.252917 17.118
 75   428.302 54856.34461386 49.66  25.744944  -1.256217 17.118
 75   428.377 54856.34461450 49.87  25.744224  -1.259527 17.118
 76   428.523 54891.34464614 49.59  25.743931  -1.248799 21.060
 76   427.725 54891.34464679 52.02  25.743211  -1.252109 21.060
 76   427.565 54891.34464743 52.27  25.742481  -1.255409 21.060
 77   428.246 54926.34461050 27.08  25.744244  -1.249370 14.799
 77   427.644 54926.34461114 27.13  25.743524  -1.252670 14.799
 77   427.518 54926.34461179 29.40  25.742794  -1.255980 14.799
 78   428.645 54961.34464380 27.82  25.744734  -1.248124 15.765
 78   427.886 54961.34464444 21.92  25.744004  -1.251434 15.765
 78   427.714 54961.34464509 22.82  25.743274  -1.254734 15.765
 79   426.688 54996.34466510 49.35  25.743887  -1.245093 21.828
 79   427.632 54996.34466574 50.47  25.743157  -1.248403 21.828
 79   426.546 54996.34466639 52.63  25.742427  -1.251703 21.828
 79   426.741 54996.34466703 51.19  25.741707  -1.255013 21.828
 80   427.005 55031.34465529 51.19  25.744919  -1.249156 22.604
 80   425.888 55031.34465593 54.62  25.744189  -1.252456 22.604
 80   425.911 55031.34465658 51.24  25.743469  -1.255766 22.604
 81   425.716 55066.34464513 50.02  25.746143  -1.251179 21.610
 81   425.881 55066.34464578 50.59  25.745413  -1.254489 21.610
 81   425.926 55066.34464642 51.02  25.744683  -1.257789 21.610
 82   426.579 55101.34458670 54.84  25.744100  -1.249674 22.348
 82   426.767 55101.34458735 53.03  25.743380  -1.252974 22.348
 82   426.832 55101.34458799 50.43  25.742650  -1.256284 22.348
 83   426.541 55136.34459147 51.53  25.745123  -1.250897 22.813
 83   427.341 55136.34459211 49.37  25.744403  -1.254207 22.813
 83   426.737 55136.34459276 51.60  25.743673  -1.257507 22.813
 84   428.860 55171.34455329 47.57  25.746095  -1.249760 21.312
 84   428.988 55171.34455393 47.41  25.745365  -1.253070 21.312
 84   428.298 55171.34455458 53.56  25.744635  -1.256370 21.312
 84   428.304 55171.34455522 50.95  25.743915  -1.259680 21.312
 85   428.531 55206.34458501 47.53  25.745034  -1.250705 21.546
 85   428.454 55206.34458566 49.67  25.744314  -1.254015 21.546
 85   428.424 55206.34458630 48.44  25.743584  -1.257315 21.546
 86   429.062 55241.34455991 47.51  25.744068  -1.252210 15.053
 86   428.451 55241.34456055 45.89  25.743338  -1.255510 15.053
 87   428.877 55276.34457814 47.49  25.745251  -1.248612 20.776
 87   428.901 55276.34457878 51.84  25.744521  -1.251912 20.776
 87   429.106 55276.34457943 49.67  25.743801  -1.255222 20.776
 87   429.136 55276.34458007 51.12  25.743071  -1.258522 20.776
 88   428.795 55311.34454319 52.21  25.745924  -1.250256 23.745
 88   428.897 55311.34454383 48.68  25.745204  -1.253556 23.745
 88   428.834 55311.34454447 52.22  25.744474  -1.256866 23.745
 88   429.054 55311.34454512 50.40  25.743744  -1.260166 23.745
 89   427.983 55346.34454829 48.90  25.746048  -1.251058 21.954
 89   427.539 55346.34454893 50.96  25.745328  -1.254368 21.954
 89   427.502 55346.34454958 52.44  25.744598  -1.257668 21.954
 90   426.837 55381.34454033 22.04  25.745419  -1.249954 18.115
 90   426.345 55381.34454097 18.80  25.744689  -1.253254 18.115
 90   426.463 55381.34454162 21.92  25.743969  -1.256564 18.115
 91   426.608 55416.34456696 42.38  25.745865  -1.249800 20.147
 91   426.076 55416.34456761 45.65  25.745135  -1.253100 20.147
 91   426.125 55416.34456825 49.14  25.744415  -1.256410 20.147
 91   426.114 55416.34456890 50.64  25.743685  -1.259710 20.147
 92   426.287 55451.34455137 48.88  25.746259  -1.251225 21.457
 92   426.552 55451.34455201 48.03  25.745529  -1.254535 21.457
 92   426.368 55451.34455266 49.21  25.744799  -1.257835 21.457
 92   426.754 55451.34455330 49.38  25.744079  -1.261145 21.457
 93   427.326 55486.34447567 52.68  25.746009  -1.253390 22.707
 93   426.067 55486.34447631 49.75  25.745279  -1.256700 22.707
 93   426.184 55486.34447696 51.77  25.744549  -1.260000 22.707
