# NaN NaN NaN ;Mean Elev.(m), Avg Gradient(m/km), RMS Gradient(m/km) - SRTM1     
# NaN NaN NaN ;Mean Elev.(m), Avg Gradient(m/km), RMS Gradient(m/km) - ASTER GDEM
#  305.001  -0.899   3.751 ;Mean Elev.(m), Avg Gradient(m/km), RMS Gradient(m/km) - GMTED2010 
  7   302.383 52457.86645475 52.97  18.110032  -0.066419 33.220
  7   302.422 52457.86645540 52.28  18.109302  -0.063109 33.220
  8   302.273 52492.86643129 51.26  18.116829  -0.060830 45.366
  8   302.283 52492.86643194 53.50  18.116109  -0.057520 45.366
  8   302.289 52492.86643258 49.19  18.115379  -0.054220 45.366
 10   303.395 52562.86645352 52.15  18.112850  -0.063501 37.240
 10   303.288 52562.86645417 53.15  18.112120  -0.060201 37.240
 10   303.388 52562.86645481 48.12  18.111390  -0.056893  8.515
 13   303.785 52667.86643350 53.86  18.109841  -0.073710 48.755
 13   303.782 52667.86643415 51.96  18.109111  -0.070410 48.755
 13   303.817 52667.86643479 54.00  18.108391  -0.067100 48.755
 13   303.815 52667.86643544 50.87  18.107661  -0.063790 48.755
 14   302.306 52702.86641154 53.16  18.115347  -0.061006 36.949
 14   302.297 52702.86641219 50.20  18.114627  -0.057696 36.949
 14   302.330 52702.86641283 50.67  18.113897  -0.054396 36.949
 16   303.141 52772.86641235 24.57  18.112923  -0.064095  9.887
 16   303.179 52772.86641299 23.39  18.112203  -0.060795  9.887
 16   303.283 52772.86641364 23.29  18.111473  -0.057495  9.887
 17   302.162 52807.86647225 19.98  18.109430  -0.074698 16.003
 17   302.222 52807.86647290 18.76  18.108700  -0.071388 16.003
 17   302.401 52807.86647354 18.77  18.107980  -0.068078 16.003
 17   302.515 52807.86647419 25.69  18.107250  -0.064778 16.003
 18   302.997 52842.86653177 52.11  18.110075  -0.066917 45.811
 18   303.010 52842.86653242 53.97  18.109345  -0.063607 45.811
 18   303.007 52842.86653306 48.65  18.108615  -0.060297 45.811
 19   302.470 52877.86656979 53.04  18.108906  -0.068361 46.704
 19   302.484 52877.86657043 53.77  18.108176  -0.065061 46.704
 19   302.468 52877.86657108 47.40  18.107446  -0.061751 46.704
 20   303.329 52912.86652912 17.38  18.115803  -0.061315 13.181
 20   303.248 52912.86652977 18.74  18.115083  -0.058005 13.181
 20   303.315 52912.86653041 18.20  18.114353  -0.054695 13.181
 21   303.624 52947.86648657 45.82  18.114205  -0.061823 13.339
 21   303.395 52947.86648721 51.01  18.113475  -0.058513 13.339
 23   304.103 53017.86651384 52.08  18.110292  -0.067155 48.601
 23   304.122 53017.86651448 52.81  18.109572  -0.063845 48.601
 23   304.133 53017.86651513 49.46  18.108842  -0.060535 48.601
 24   303.150 53052.86649539 51.59  18.113410  -0.065744 46.257
 24   303.071 53052.86649603 53.30  18.112690  -0.062434 46.257
 24   303.079 53052.86649668 52.32  18.111960  -0.059134 46.257
 25   302.175 53087.86652815 51.82  18.106569  -0.086986 39.630
 25   302.023 53087.86652880 52.57  18.105849  -0.083686 39.630
 25   302.063 53087.86652944 52.56  18.105119  -0.080376 39.630
 25   302.064 53087.86653008 53.93  18.104389  -0.077076 39.630
 25   302.095 53087.86653073 52.42  18.103669  -0.073766 39.630
 25   302.138 53087.86653137 54.06  18.102939  -0.070456 39.630
 26   302.727 53122.86650222 22.19  18.109740  -0.066402  9.906
 26   303.059 53122.86650286 25.46  18.109010  -0.063102  9.906
 27   301.850 53157.86655624 50.44  18.107428  -0.084629 15.585
 27   301.946 53157.86655688 45.18  18.106698  -0.081319 15.585
 27   301.834 53157.86655753 45.48  18.105978  -0.078019 15.585
 27   301.986 53157.86655817 40.26  18.105248  -0.074709 15.585
 27   301.836 53157.86655882 29.48  18.104518  -0.071409 15.585
 27   302.031 53157.86655946 28.23  18.103798  -0.068099 15.585
 28   301.977 53192.86655352 52.62  18.113718  -0.063518 46.118
 28   301.992 53192.86655416 52.96  18.112988  -0.060208 46.118
 28   301.999 53192.86655481 52.38  18.112268  -0.056898 46.118
 30   302.214 53262.86652214 52.55  18.109092  -0.074543 42.879
 30   302.195 53262.86652278 49.91  18.108372  -0.071233 42.879
 30   302.207 53262.86652342 52.94  18.107642  -0.067923 42.879
 30   302.181 53262.86652407 52.53  18.106922  -0.064623 42.879
 31   302.801 53297.86655813 48.09  18.105945  -0.089757 37.206
 31   302.839 53297.86655878 49.56  18.105225  -0.086457 37.206
 31   302.677 53297.86655942 46.45  18.104495  -0.083147 37.206
 31   302.722 53297.86656007 52.87  18.103765  -0.079847 37.206
 31   302.695 53297.86656071 52.31  18.103045  -0.076537 37.206
 31   302.714 53297.86656136 54.30  18.102315  -0.073237 37.206
 31   302.738 53297.86656200 50.51  18.101585  -0.069927 37.206
 33   303.886 53367.86647801 53.85  18.112472  -0.064510 48.713
 33   303.887 53367.86647865 51.56  18.111742  -0.061200 48.713
 33   303.919 53367.86647930 49.33  18.111022  -0.057900 48.713
 34   302.183 53402.86650686 29.33  18.110462  -0.067059 28.250
 34   302.222 53402.86650751 41.50  18.109732  -0.063749 28.250
 34   302.233 53402.86650815 45.01  18.109002  -0.060449 28.250
 35   301.554 53437.86649575 51.82  18.111333  -0.065560 38.063
 35   301.589 53437.86649640 51.62  18.110603  -0.062260 38.063
 35   301.614 53437.86649704 51.23  18.109873  -0.058950 38.063
 36   302.326 53472.86654828 47.67  18.109225  -0.079497 43.789
 36   302.366 53472.86654893 49.50  18.108505  -0.076187 43.789
 36   302.406 53472.86654957 51.45  18.107775  -0.072887 43.789
 36   302.453 53472.86655022 51.09  18.107045  -0.069577 43.789
 36   302.504 53472.86655086 51.65  18.106325  -0.066267 43.789
 37   302.369 53507.86657645 51.71  18.109684  -0.073893 41.758
 37   302.400 53507.86657710 49.54  18.108964  -0.070583 41.758
 37   302.402 53507.86657774 52.90  18.108234  -0.067283 41.758
 37   302.378 53507.86657839 50.58  18.107514  -0.063973 41.758
 38   302.556 53542.86658538 53.51  18.108588  -0.076799 42.762
 38   302.439 53542.86658602 50.92  18.107858  -0.073499 42.762
 38   302.433 53542.86658667 53.89  18.107138  -0.070189 42.762
 38   302.447 53542.86658731 54.05  18.106408  -0.066889 42.762
 39   301.806 53577.86657049 13.90  18.109859  -0.072816  6.779
 39   302.502 53577.86657114 14.72  18.109139  -0.069506  6.779
 39   302.759 53577.86657178 20.77  18.108409  -0.066206  6.779
 39   302.862 53577.86657243 26.59  18.107689  -0.062896  6.779
 40   302.697 53612.86652239 50.63  18.109779  -0.077042 46.727
 40   302.734 53612.86652303 52.07  18.109059  -0.073742 46.727
 40   302.724 53612.86652368 51.52  18.108329  -0.070432 46.727
 40   302.698 53612.86652432 53.14  18.107599  -0.067132 46.727
 40   302.665 53612.86652497 51.79  18.106879  -0.063822 46.727
 41   302.984 53647.86652954 50.03  18.112045  -0.067344 14.837
 41   303.002 53647.86653018 51.31  18.111325  -0.064044 14.837
 41   302.952 53647.86653083 53.34  18.110595  -0.060734 14.837
 42   303.456 53682.86654167 52.08  18.108364  -0.083065 48.785
 42   303.487 53682.86654231 53.56  18.107634  -0.079755 48.785
 42   303.493 53682.86654296 53.77  18.106904  -0.076455 48.785
 42   303.513 53682.86654360 51.72  18.106184  -0.073145 48.785
 42   303.532 53682.86654425 53.16  18.105454  -0.069845 48.785
 42   303.530 53682.86654489 51.16  18.104734  -0.066535 48.785
 43   304.007 53717.86647240 51.46  18.112988  -0.063829 49.226
 43   304.025 53717.86647304 52.11  18.112258  -0.060519 49.226
 43   304.063 53717.86647369 50.80  18.111528  -0.057219 49.226
 44   302.710 53752.86639299 52.08  18.116042  -0.062713 46.831
 44   302.646 53752.86639364 53.76  18.115312  -0.059413 46.831
 44   302.575 53752.86639428 52.22  18.114582  -0.056103 46.831
 45   302.108 53787.86642312 46.67  18.113581  -0.062811 41.400
 45   302.117 53787.86642377 47.59  18.112851  -0.059511 41.400
 45   302.158 53787.86642441 46.15  18.112131  -0.056201 41.400
 46   302.295 53822.86637780 25.74  18.113142  -0.063422 19.391
 46   302.356 53822.86637844 31.97  18.112412  -0.060112 19.391
 46   302.543 53822.86637909 32.71  18.111682  -0.056802 19.391
 47   302.275 53857.86646718 50.73  18.108966  -0.078729 40.790
 47   302.265 53857.86646782 53.16  18.108236  -0.075419 40.790
 47   302.276 53857.86646847 53.43  18.107506  -0.072119 40.790
 47   302.296 53857.86646911 53.65  18.106786  -0.068809 40.790
 47   302.304 53857.86646976 53.67  18.106056  -0.065509 40.790
 48   303.026 53892.86648436 53.31  18.113410  -0.062619 50.117
 48   303.031 53892.86648501 52.01  18.112690  -0.059309 50.117
 49   301.272 53927.86653877 52.01  18.104665  -0.088925 36.215
 49   301.279 53927.86653942 49.08  18.103935  -0.085625 36.215
 49   301.310 53927.86654006 49.32  18.103205  -0.082315 36.215
 49   301.335 53927.86654071 53.36  18.102485  -0.079015 36.215
 49   301.356 53927.86654135 53.73  18.101755  -0.075705 36.215
 49   301.375 53927.86654200 53.35  18.101025  -0.072405 36.215
 50   301.859 53962.86652242 52.45  18.107211  -0.083681 36.797
 50   301.730 53962.86652306 51.75  18.106481  -0.080371 36.797
 50   301.730 53962.86652371 51.26  18.105761  -0.077071 36.797
 50   301.754 53962.86652435 49.97  18.105031  -0.073761 36.797
 50   301.769 53962.86652500 53.59  18.104301  -0.070461 36.797
 50   301.767 53962.86652564 50.82  18.103581  -0.067151 36.797
 51   301.909 53997.86647294 52.82  18.112164  -0.063552 44.342
 51   301.928 53997.86647359 53.58  18.111434  -0.060242 44.342
 52   302.774 54032.86652272 52.85  18.112103  -0.063348 41.884
 52   302.788 54032.86652336 52.51  18.111383  -0.060048 41.884
 54   304.706 54102.86647464 51.97  18.110098  -0.067032 39.734
 54   304.719 54102.86647528 51.08  18.109378  -0.063722 39.734
 54   304.743 54102.86647593 50.12  18.108648  -0.060422 39.734
 55   303.006 54137.86644465 51.21  18.110253  -0.068325 41.099
 55   303.011 54137.86644529 49.65  18.109523  -0.065025 41.099
 55   303.023 54137.86644594 51.76  18.108793  -0.061715 41.099
 56   302.292 54172.86645237 25.52  18.109805  -0.067611 22.698
 56   302.551 54172.86645302 28.09  18.109085  -0.064301 22.698
 56   302.720 54172.86645366 31.14  18.108355  -0.060991 22.698
 57   302.310 54207.86644909 49.78  18.110272  -0.072618 42.622
 57   302.307 54207.86644974 50.09  18.109542  -0.069318 42.622
 57   302.306 54207.86645038 51.48  18.108812  -0.066008 42.622
 57   302.323 54207.86645103 51.80  18.108092  -0.062698 42.622
 58   302.973 54242.86648287 52.95  18.110421  -0.066275 45.664
 58   302.994 54242.86648351 53.70  18.109691  -0.062975 45.664
 58   303.011 54242.86648416 48.04  18.108971  -0.059665 45.664
 59   302.992 54277.86649603 51.86  18.110750  -0.068617 46.525
 59   303.016 54277.86649668 52.61  18.110030  -0.065307 46.525
 59   303.012 54277.86649732 51.54  18.109300  -0.062007 46.525
 60   302.522 54312.86649667 52.00  18.111378  -0.065301 42.966
 60   302.440 54312.86649731 52.45  18.110648  -0.061991 42.966
 60   302.441 54312.86649796 50.84  18.109918  -0.058691 42.966
 61   302.884 54347.86646833 52.98  18.110648  -0.065356 45.354
 61   302.912 54347.86646897 50.74  18.109918  -0.062046 45.354
 62   303.600 54382.86643418 51.91  18.110692  -0.064867 47.398
 62   303.628 54382.86643482 50.78  18.109962  -0.061557 47.398
 63   304.256 54417.86641739 52.40  18.109970  -0.065871 44.348
 63   304.240 54417.86641803 50.82  18.109240  -0.062561 44.348
 64   304.686 54452.86640336 49.20  18.110858  -0.068064 42.510
 64   304.662 54452.86640400 50.70  18.110138  -0.064754 42.510
 64   304.744 54452.86640464 50.59  18.109408  -0.061454 42.510
 65   303.929 54487.86641533 54.47  18.111657  -0.065630 46.188
 65   303.921 54487.86641597 54.18  18.110927  -0.062330 46.188
 65   303.948 54487.86641662 48.85  18.110207  -0.059020 46.188
 66   302.885 54522.86641709 51.75  18.111348  -0.064276 50.058
 66   302.902 54522.86641773 51.93  18.110628  -0.060976 50.058
 67   302.374 54557.86642526 26.09  18.110080  -0.065897 26.927
 67   302.288 54557.86642590 20.54  18.109360  -0.062587 26.927
 68   302.812 54592.86641284 50.92  18.110218  -0.069242 46.521
 68   302.816 54592.86641349 52.49  18.109498  -0.065932 46.521
 68   302.820 54592.86641413 51.49  18.108768  -0.062632 46.521
 69   302.649 54627.86642791 50.37  18.110320  -0.068711 46.518
 69   302.676 54627.86642855 51.94  18.109600  -0.065401 46.518
 69   302.693 54627.86642919 52.48  18.108870  -0.062101 46.518
 70   301.682 54662.86643411 50.52  18.109854  -0.074240 45.698
 70   301.621 54662.86643475 51.41  18.109124  -0.070930 45.698
 70   301.628 54662.86643540 53.04  18.108394  -0.067630 45.698
 70   301.583 54662.86643604 51.38  18.107674  -0.064320 45.698
 71   302.539 54697.86641026 51.30  18.111433  -0.065227 45.681
 71   302.582 54697.86641090 53.93  18.110703  -0.061917 45.681
 71   302.563 54697.86641155 48.73  18.109973  -0.058617 45.681
 72   302.638 54732.86639298 52.14  18.109969  -0.066121 40.290
 72   302.610 54732.86639362 50.15  18.109249  -0.062821 40.290
 73   303.172 54767.86638912 31.78  18.110978  -0.065903  9.915
 73   303.267 54767.86638976 33.24  18.110258  -0.062593  9.915
 73   303.254 54767.86639041 33.69  18.109528  -0.059293  9.915
 74   304.373 54802.86638585 51.24  18.109509  -0.068052 43.395
 74   304.394 54802.86638649 51.84  18.108779  -0.064752 43.395
 74   304.423 54802.86638714 49.32  18.108059  -0.061442 43.395
 75   303.693 54837.86638232 51.31  18.110695  -0.067070 44.650
 75   303.694 54837.86638297 51.43  18.109975  -0.063760 44.650
 75   303.719 54837.86638361 48.71  18.109245  -0.060460 44.650
 76   303.003 54872.86638569 52.62  18.109802  -0.066052 46.634
 76   303.016 54872.86638634 51.68  18.109072  -0.062752 46.634
 77   302.575 54907.86638869 52.95  18.109231  -0.068819 45.106
 77   302.625 54907.86638934 53.48  18.108501  -0.065519 45.106
 77   302.655 54907.86638998 50.67  18.107781  -0.062209 45.106
 78   302.451 54942.86637807 53.42  18.109495  -0.068964 45.013
 78   302.470 54942.86637871 52.14  18.108775  -0.065654 45.013
 78   302.485 54942.86637936 49.72  18.108045  -0.062354 45.013
 79   303.078 54977.86640507 49.67  18.110469  -0.073167 45.422
 79   303.049 54977.86640571 51.60  18.109739  -0.069867 45.422
 79   303.064 54977.86640636 52.08  18.109019  -0.066557 45.422
 79   303.080 54977.86640700 51.13  18.108289  -0.063257 45.422
 80   302.452 55012.86641265 50.97  18.109889  -0.067089 43.716
 80   302.464 55012.86641329 50.46  18.109169  -0.063779 43.716
 80   302.534 55012.86641394 48.48  18.108439  -0.060479 43.716
 81   301.980 55047.86640526 52.33  18.110931  -0.067072 41.999
 81   302.023 55047.86640590 51.61  18.110211  -0.063762 41.999
 81   302.053 55047.86640655 50.35  18.109481  -0.060462 41.999
 82   302.659 55082.86637632 52.07  18.110426  -0.066333 46.763
 82   302.695 55082.86637697 53.18  18.109706  -0.063023 46.763
 82   302.677 55082.86637761 49.68  18.108976  -0.059723 46.763
 83   302.891 55117.86633683 51.23  18.111565  -0.067465 47.460
 83   302.840 55117.86633748 54.23  18.110845  -0.064155 47.460
 83   302.844 55117.86633812 51.65  18.110115  -0.060855 47.460
 84   303.871 55152.86633356 45.10  18.109991  -0.068733 39.518
 84   303.878 55152.86633420 43.64  18.109261  -0.065433 39.518
 84   303.889 55152.86633485 43.13  18.108541  -0.062123 39.518
 85   304.293 55187.86632449 50.82  18.109934  -0.068940 45.973
 85   304.324 55187.86632513 51.61  18.109214  -0.065630 45.973
 85   304.343 55187.86632578 49.59  18.108484  -0.062330 45.973
 86   303.519 55222.86633307 47.53  18.109978  -0.067360 50.420
 86   303.533 55222.86633371 48.38  18.109258  -0.064050 50.420
 86   303.574 55222.86633436 50.45  18.108528  -0.060750 50.420
 87   303.089 55257.86632020 50.25  18.111408  -0.067469 45.346
 87   303.070 55257.86632085 53.50  18.110688  -0.064159 45.346
 87   303.095 55257.86632149 50.72  18.109958  -0.060859 45.346
 88   303.425 55292.86632048 52.39  18.110282  -0.068112 48.480
 88   303.453 55292.86632113 52.05  18.109552  -0.064802 48.480
 88   303.473 55292.86632177 50.93  18.108832  -0.061492 48.480
 89   303.670 55327.86630340 51.37  18.109771  -0.074584 47.928
 89   303.701 55327.86630405 49.85  18.109041  -0.071274 47.928
 89   303.736 55327.86630469 51.79  18.108311  -0.067974 47.928
 89   303.761 55327.86630534 49.63  18.107591  -0.064664 47.928
 90   303.163 55362.86629996 51.76  18.110332  -0.067168 43.818
 90   303.184 55362.86630061 49.89  18.109612  -0.063858 43.818
 90   303.180 55362.86630125 48.66  18.108882  -0.060558 43.818
 91   302.479 55397.86630805 19.92  18.110197  -0.068041 11.404
 91   302.810 55397.86630869 20.10  18.109477  -0.064741 11.404
 91   303.188 55397.86630934 23.50  18.108747  -0.061431 11.404
 92   302.655 55432.86631576 50.17  18.112035  -0.066551 44.261
 92   302.661 55432.86631640 52.54  18.111315  -0.063241 44.261
 92   302.656 55432.86631705 51.80  18.110585  -0.059941 44.261
 93   302.902 55467.86627390 53.58  18.111291  -0.065235 44.970
 93   302.905 55467.86627455 52.54  18.110561  -0.061925 44.970
 93   302.964 55467.86627519 50.31  18.109831  -0.058625 44.970
