#  369.003   0.214  11.865 ;Mean Elev.(m), Avg Gradient(m/km), RMS Gradient(m/km) - SRTM1     
#  357.385  -0.088  12.797 ;Mean Elev.(m), Avg Gradient(m/km), RMS Gradient(m/km) - ASTER GDEM
#  371.850   0.132  11.341 ;Mean Elev.(m), Avg Gradient(m/km), RMS Gradient(m/km) - GMTED2010 
 13  24.084228   1.006190   367.780   367.780  2 52673.35022508 50.670
 14  24.084550   1.003849   367.222   367.222  2 52708.35023453 50.984
 15  24.079501   1.006235   366.867   366.665  3 52743.35026434 40.205
 18  24.084356   1.005297   367.482   367.482  2 52848.35033787 50.549
 22  24.093218   1.001981   368.611   368.611  2 52988.35030334 50.903
 24  24.092250   1.003477   367.555   367.555  2 53058.35028530 50.455
 25  24.077733   1.006755   366.716   366.607  3 53093.35032274 44.855
 28  24.085743   1.005874   366.862   366.862  2 53198.35036037 45.732
 30  24.084297   1.006429   367.111   367.111  2 53268.35030166 51.021
 31  24.077662   1.009453   365.579   365.600  3 53303.35035936 11.644
 32  24.084565   1.006891   367.957   367.957  2 53338.35032911 51.488
 33  24.087209   1.005272   368.696   368.696  2 53373.35026279 51.471
 34  24.087169   1.003707   367.431   367.431  2 53408.35030296 50.265
 35  24.085270   1.006192   367.249   367.249  2 53443.35028688 48.950
 38  24.080377   1.007846   365.922   365.893  3 53548.35038929 50.315
 39  24.085689   1.005614   365.563   365.563  2 53583.35035602 50.662
 40  24.082216   1.006661   365.895   365.895  2 53618.35031184 35.414
 41  24.084836   1.006024   365.579   365.530  3 53653.35033388 11.997
 42  24.081713   1.006465   368.121   368.121  2 53688.35033332 51.663
 45  24.088399   1.002993   367.621   367.621  2 53793.35021806 36.912
 46  24.089140   1.004326   367.593   367.554  3 53828.35018800 38.380
 48  24.085338   1.005420   367.250   367.250  2 53898.35029466 51.950
 49  24.076018   1.009474   365.706   365.362  3 53933.35034043 51.170
 50  24.079628   1.007171   365.768   365.356  3 53968.35031346 50.833
 51  24.087810   1.004522   366.272   366.272  2 54003.35028267 50.030
 53  24.086162   1.005197   369.683   369.683  2 54073.35031292 50.944
 54  24.084287   1.007355   369.296   369.296  2 54108.35025962 50.292
 55  24.085217   1.006912   367.963   367.963  2 54143.35024858 51.296
 56  24.084501   1.007343   367.365   367.365  2 54178.35024348 35.001
 57  24.084391   1.007106   369.027   369.027  2 54213.35025569 36.336
 61  24.086149   1.006666   366.307   366.307  2 54353.35025540  8.161
 62  24.085930   1.004177   368.263   368.263  2 54388.35023145 49.767
 64  24.086135   1.004756   368.603   368.603  2 54458.35020585 50.341
 65  24.086059   1.005522   368.219   367.972  3 54493.35020947 47.017
 66  24.086991   1.004244   367.915   367.915  2 54528.35021866 51.374
 67  24.085249   1.007122   369.251   369.251  2 54563.35021619 50.005
 68  24.085135   1.005478   367.041   366.872  3 54598.35021382 45.838
 69  24.084030   1.006516   367.402   367.402  2 54633.35022702 51.341
 71  24.086400   1.004394   367.309   367.309  2 54703.35019738 50.828
 72  24.085525   1.005702   366.101   366.116  3 54738.35019400  9.720
 73  24.085951   1.004047   367.762   367.762  2 54773.35017911 50.681
 74  24.084893   1.006759   368.005   368.005  2 54808.35018703 48.493
 76  24.083711   1.005305   367.167   367.167  2 54878.35019064 22.395
 77  24.083567   1.006585   367.074   367.074  2 54913.35018012 50.970
 82  24.084599   1.006312   365.637   365.637  2 55088.35016306 13.223
 84  24.084090   1.005482   368.895   368.895  2 55158.35012401 50.964
 85  24.084964   1.005559   368.763   369.111  3 55193.35012725 50.233
 86  24.084001   1.005442   368.359   368.359  2 55228.35012609 52.019
 87  24.085887   1.005480   368.288   368.288  2 55263.35012271 26.171
 88  24.085666   1.005622   368.998   368.562  3 55298.35010872 49.573
 89  24.083956   1.005933   368.422   368.422  2 55333.35010104 51.008
 90  24.085738   1.005512   367.129   367.129  2 55368.35009298 48.873
 91  24.085626   1.004422   367.591   367.591  2 55403.35010849 51.331
