-226055.101    74.989     0.00    4.81
-225679.031    74.868    -0.32    4.80
-225302.962    74.045    -2.19    4.82
-224926.895    73.636    -1.09    4.81
-224550.829    74.834     3.18    4.96
-224174.765    74.201    -1.68    4.61
-223798.703    72.509    -4.50    5.29
-223422.642    72.261    -0.66    5.07
-223046.582    71.518    -1.97    4.69
-222670.524    70.744    -2.06    5.24
-222294.467    69.690    -2.80    5.01
-221918.412    67.015    -7.12    5.56
-221542.359    63.650    -8.95    5.98
-221166.306    62.304    -3.58    5.27
-220790.256    61.355    -2.52    5.70
-220414.207    62.205     2.26    5.42
-220038.159    61.406    -2.13    5.69
-219662.113    59.955    -3.86    5.98
-219286.068    57.781    -5.78    5.04
-218910.025    56.663    -2.98    4.35
-218533.983    57.650     2.63    3.44
-218157.943    58.097     1.19    3.33
-217781.904    58.406     0.82    2.93
-217405.867    57.800    -1.61    3.81
-217029.831    56.961    -2.23    4.25
-216653.797    56.996     0.09    4.42
-216277.764    56.312    -1.82    4.23
-215901.733    57.366     2.80    4.21
-215525.703    58.447     2.88    3.71
-215149.675    56.778    -4.44    4.78
-214773.648    52.176   -12.24    7.34
-214397.622    48.300   -10.31    6.91
-214021.598    47.400    -2.39    6.86
-213645.576    48.663     3.36    8.33
-213269.554    51.258     6.90    8.43
-212893.535    51.808     1.46    7.37
-212517.517    51.458    -0.93    6.18
-212141.500    50.571    -2.36    4.95
-211765.485    51.150     1.54    3.71
-211389.471    51.492     0.91    4.12
-211013.458    52.275     2.08    5.35
-210637.448    53.372     2.92    7.01
-210261.438    53.176    -0.52    7.60
-209885.430    52.966    -0.56    7.53
-209509.423    54.285     3.51    8.12
-209133.418    54.636     0.93    8.28
-208757.415    56.853     5.89    7.88
-208381.412    57.996     3.04    7.87
-208005.411    59.025     2.74    7.35
-207629.412    59.853     2.20    5.85
-207253.414    61.050     3.18    4.81
-206877.418    62.624     4.19    4.88
-206501.422    63.650     2.73    4.54
-206125.429    64.339     1.83    4.41
-205749.437    63.278    -2.82    4.49
-205373.350    61.015    -6.02    4.78
-204997.079    59.233    -4.73    5.17
-204620.810    57.097    -5.68    5.31
-204244.542    52.372   -12.56    7.46
-203868.275    48.586   -10.06    9.23
-203492.010    46.278    -6.13    8.48
-203115.747    45.372    -2.41    7.79
-202739.485    48.474     8.24    5.56
-202363.224    51.231     7.33    4.04
-201986.965    52.150     2.44    3.49
-201610.707    51.850    -0.80    3.82
-201234.450    50.853    -2.65    4.81
-200858.195    49.624    -3.27    4.73
-200481.941    50.018     1.05    5.62
-200105.689    52.150     5.67    6.10
-199729.438    52.880     1.94    6.31
-199353.189    53.842     2.56    5.76
-198976.941    53.439    -1.07    5.32
-198600.694    53.483     0.12    5.72
-198224.449    55.339     4.93    5.77
-197848.205    58.900     9.46    7.11
-197471.962    60.755     4.93    6.45
-197095.721    61.842     2.89    5.72
-196719.481    61.744    -0.26    4.93
-196343.243    64.015     6.04    7.03
-195967.006    68.096    10.85    8.49
-195590.770    71.555     9.20    8.28
-195214.536    74.278     7.24    7.24
-194838.303    75.636     3.61    5.40
-194462.072    76.919     3.41    6.12
-194085.842    78.201     3.41    7.02
-193709.613    79.099     2.39    7.12
-193333.386    78.636    -1.23    6.97
-192957.160    77.073    -4.16    7.35
-192580.935    75.045    -5.39    5.57
-192204.712    74.733    -0.83    6.31
-191828.490    74.285    -1.19    6.47
-191452.270    75.344     2.82    6.47
-191076.051    75.177    -0.45    6.47
-190699.833    74.611    -1.50    8.52
-190323.616    72.931    -4.47   10.81
-189947.401    66.996   -15.78   12.87
-189571.188    64.387    -6.94   10.76
-189194.975    63.594    -2.11   10.04
-188818.764    62.432    -3.09    9.70
-188442.555    61.663    -2.04    9.94
-188066.346    59.099    -6.82    8.10
-187690.139    56.860    -5.95    6.05
-187313.934    58.509     4.38    5.48
-186937.730    61.366     7.60    5.96
-186561.527    62.939     4.18    6.66
-186185.325    64.250     3.48    6.83
-185809.125    66.455     5.86    7.09
-185432.926    68.285     4.86    6.65
-185056.728    70.744     6.54    7.12
-184680.532    73.826     8.19    5.65
-184304.337    75.636     4.81    6.85
-183928.144    76.236     1.59    7.35
-183551.951    77.925     4.49    6.94
-183175.761    79.945     5.37    6.40
-182799.571    80.744     2.13    5.93
-182423.383    81.842     2.92    6.50
-182047.196    82.545     1.87    6.29
-181671.010    84.018     3.92    5.99
-181294.826    85.071     2.80    6.87
-180918.643    86.355     3.41    7.72
-180542.461    89.511     8.39    5.99
-180166.281    89.966     1.21    6.59
-179790.102    90.875     2.42    6.41
-179413.924    92.636     4.68    7.34
-179037.748    95.729     8.22    7.93
-178661.572    98.609     7.66    7.51
-178285.399   100.312     4.53    7.31
-177909.226   103.799     9.27    9.60
-177533.055   108.705    13.04   12.43
-177156.885   116.586    20.95   14.26
-176780.716   124.150    20.11   13.30
-176404.549   131.799    20.33   11.89
-176028.383   138.329    17.36   10.93
-175652.218   142.996    12.41   15.05
-175276.055   149.560    17.45   14.10
-174899.893   151.308     4.65   13.06
-174523.732   148.970    -6.21   12.86
-174147.572   142.483   -17.25   14.35
-173771.414   134.393   -21.51   14.30
-173395.257   127.176   -19.19   13.07
-173019.101   120.978   -16.48   12.86
-172642.947   116.483   -11.95   10.89
-172266.794   108.281   -21.80   13.37
-171890.642   101.567   -17.85   13.74
-171514.491   100.988    -1.54   13.20
-171138.342   104.317     8.85   14.08
-170762.194   107.018     7.18   13.21
-170386.047   109.225     5.87    9.86
-170009.901   106.393    -7.53   10.31
-169633.757   104.740    -4.40   10.12
-169257.614   107.360     6.97   11.82
-168881.472   107.650     0.77   11.56
-168505.332   107.123    -1.40   11.65
-168129.192   109.100     5.26   13.07
-167753.054   111.339     5.95   15.20
-167376.918   119.393    21.41   17.58
-167000.782   132.582    35.07   15.82
-166624.648   146.293    36.45   16.70
-166248.515   155.817    25.32   13.99
-165872.383   162.791    18.54    8.93
-165496.253   162.400    -1.04   11.18
-165120.124   148.988   -35.66   19.43
-164743.996   134.096   -39.59   21.53
-164367.869   124.413   -25.74   16.81
-163991.743   121.950    -6.55   12.67
-163615.619   124.393     6.50   15.03
-163239.496   135.018    28.25   18.90
-162863.374   146.045    29.32   17.08
-162487.254   157.637    30.82   12.38
-162111.134   165.501    20.91   10.89
-161735.016   170.125    12.29   10.65
-161358.900   176.150    16.02   11.84
-160982.784   178.555     6.40   12.36
-160606.669   181.177     6.97   12.37
-160230.556   182.761     4.21   12.45
-159854.444   182.406    -0.94   13.22
-159478.334   186.201    10.09   12.94
-159102.224   190.636    11.79    9.89
-158726.116   194.611    10.57    7.23
-158350.009   198.636    10.70    6.79
-157973.903   202.372     9.93    7.68
-157597.798   205.381     8.00    8.50
-157221.695   206.045     1.77    8.81
-156845.592   207.124     2.87    7.43
-156469.491   207.360     0.63    6.20
-156093.391   209.450     5.56    5.44
-155717.293   210.844     3.71    5.84
-155341.195   212.025     3.14    6.54
-154965.099   213.124     2.92    6.01
-154589.004   213.094    -0.08    4.52
-154212.910   212.285    -2.15    4.21
-153836.818   209.474    -7.47    5.00
-153460.726   205.474   -10.64    7.32
-153084.636   199.022   -17.16    9.87
-152708.547   193.772   -13.96   10.77
-152332.459   185.663   -21.56   11.03
-151956.372   181.097   -12.14   10.79
-151580.287   177.555    -9.42   10.02
-151204.202   174.432    -8.31    9.86
-150828.119   170.817    -9.61   10.92
-150452.037   162.913   -21.02   12.40
-150075.956   155.150   -20.64   12.74
-149699.877   147.637   -19.98   12.35
-149323.798   140.289   -19.54   12.20
-148947.721   133.278   -18.64   13.10
-148571.645   127.047   -16.57   11.53
-148195.570   121.521   -14.69    7.86
-147819.496   120.204    -3.50    6.27
-147443.424   122.636     6.47    8.22
-147067.352   128.150    14.66   10.75
-146691.282   137.071    23.72   12.08
-146315.213   146.650    25.47   11.16
-145939.145   156.443    26.04   11.04
-145563.078   164.740    22.06   10.41
-145187.012   173.501    23.30   11.15
-144810.948   182.042    22.71   12.14
-144434.885   190.624    22.82   12.24
-144058.822   197.868    19.26   10.09
-143682.761   203.705    15.52    7.99
-143306.702   207.560    10.25    8.96
-142930.643   211.844    11.39   10.33
-142554.585   217.047    13.84    7.48
-142178.529   220.535     9.27    5.80
-141802.473   222.462     5.13    3.80
-141426.419   220.258    -5.86    5.29
-141050.366   217.258    -7.98    5.27
-140674.314   213.150   -10.92    6.24
-140298.264   208.791   -11.59    7.41
-139922.214   205.501    -8.75    7.26
-139546.165   202.893    -6.93    5.86
-139170.118   203.124     0.61    5.49
-138794.072   203.650     1.40    5.25
-138418.027   205.339     4.49    4.81
-138041.983   205.176    -0.43    5.53
-137665.940   204.201    -2.59    6.52
-137289.898   201.636    -6.82    7.82
-136913.857   196.176   -14.52   11.22
-136537.818   186.447   -25.87   13.72
-136161.779   178.717   -20.56   13.91
-135785.742   172.466   -16.63   12.67
-135409.706   166.306   -16.38   11.43
-135033.671   163.073    -8.60   11.31
-134657.637   156.817   -16.64   12.58
-134281.604   147.678   -24.30   13.92
-133905.572   137.124   -28.07   16.01
-133529.542   130.528   -17.54   15.63
-133153.512   126.329   -11.17   15.21
-132777.484   126.150    -0.48   17.82
-132401.456   132.808    17.71   19.75
-132025.430   141.799    23.91   18.79
-131649.405   146.663    12.94   15.05
-131273.381   150.125     9.21   13.06
-130897.358   155.317    13.81   10.33
-130521.336   159.772    11.85   11.52
-130145.169   167.690    21.05    8.60
-129768.936   168.663     2.59   11.60
-129392.704   164.772   -10.34   17.27
-129016.473   160.268   -11.97   19.52
-128640.244   155.688   -12.17   19.08
-128264.015   158.329     7.02   18.42
-127887.788   162.817    11.93   15.83
-127511.561   164.893     5.52   13.92
-127135.336   164.594    -0.80   11.33
-126759.112   160.939    -9.71   10.49
-126382.889   157.624    -8.81    9.08
-126006.666   159.201     4.19    9.23
-125630.445   161.069     4.96   10.82
-125254.225   165.334    11.34   11.64
-124878.007   170.586    13.96   10.02
-124501.789   172.483     5.04    7.04
-124125.572   173.439     2.54    5.82
-123749.356   171.420    -5.37    7.30
-123373.142   167.339   -10.85    8.11
-122996.928   163.853    -9.27    9.28
-122620.716   162.950    -2.40   11.04
-122244.504   162.919    -0.08   11.91
-121868.294   162.725    -0.52   13.11
-121492.084   161.289    -3.82   12.47
-121115.876   154.750   -17.38   11.86
-120739.669   147.860   -18.31   11.95
-120363.462   138.560   -24.72   13.60
-119987.257   128.834   -25.85   12.73
-119611.053   121.406   -19.74   12.83
-119234.850   110.205   -29.77   16.28
-118858.648    99.366   -28.81   19.05
-118482.447    89.355   -26.61   17.73
-118106.247    78.036   -30.09   15.35
-117730.048    73.073   -13.19   12.91
-117353.850    65.047   -21.33   13.22
-116977.653    58.312   -17.90   12.77
-116601.457    51.177   -18.97    9.65
-116225.262    47.907    -8.69    6.10
-115849.069    51.492     9.53   10.88
-115472.876    60.900    25.01   16.07
-115096.684    71.285    27.61   16.79
-114720.493    82.406    29.56   13.80
-114344.304    89.071    17.72   10.77
-113968.115    91.781     7.21   12.33
-113591.927    91.582    -0.53   13.06
-113215.740    93.875     6.09   13.17
-112839.555    99.808    15.77   14.76
-112463.370   110.233    27.71   15.40
-112087.186   122.393    32.32   16.76
-111711.004   134.622    32.51   11.45
-111334.822   138.022     9.04    8.43
-110958.642   135.047    -7.91   12.15
-110582.462   125.978   -24.11   13.47
-110206.283   113.961   -31.95   14.65
-109830.106   105.204   -23.28   14.24
-109453.929    90.880   -38.08   20.34
-109077.753    79.350   -30.65   21.05
-108701.579    72.582   -17.99   16.42
-108325.405    72.611     0.08   14.20
-107949.232    78.913    16.75   11.21
-107573.061    84.201    14.06    7.90
-107196.890    86.744     6.76    8.22
-106820.720    92.329    14.85   12.06
-106444.551   100.624    22.05   14.98
-106068.384   111.122    27.91   16.20
-105692.217   120.015    23.64   13.03
-105316.051   130.205    27.09   11.38
-104939.886   137.624    19.72   10.09
-104563.723   143.483    15.58    7.77
-104187.560   147.525    10.74    6.15
-103811.398   151.255     9.92    9.00
-103435.237   155.150    10.35   10.71
-103059.077   156.094     2.51   12.51
-102682.918   152.996    -8.24   15.32
-102306.760   152.826    -0.45   15.37
-101930.603   156.252     9.11   15.36
-101554.447   160.970    12.54   13.91
-101178.292   164.432     9.20   10.60
-100802.137   165.069     1.69    7.91
-100425.984   163.045    -5.38    7.95
-100049.832   158.996   -10.76   10.15
 -99673.681   152.261   -17.91   10.06
 -99297.530   145.258   -18.62   10.83
 -98921.381   137.880   -19.62   12.37
 -98545.232   127.744   -26.94   11.87
 -98169.085   118.518   -24.53   12.08
 -97792.938   115.093    -9.11    9.28
 -97416.792   118.225     8.33   11.48
 -97040.648   125.360    18.97   12.48
 -96664.504   133.622    21.96    9.71
 -96288.361   140.355    17.90    9.40
 -95912.219   145.545    13.80    6.62
 -95536.078   144.150    -3.71    7.31
 -95159.938   139.045   -13.57   10.45
 -94783.799   130.509   -22.69   12.69
 -94407.661   116.663   -36.81   16.47
 -94031.524   107.492   -24.38   14.07
 -93655.388   104.200    -8.75   13.50
 -93279.252   105.007     2.15   15.72
 -92903.118   111.447    17.12   14.72
 -92526.984   115.069     9.63   10.55
 -92150.852   107.582   -19.90   18.25
 -91774.720    99.799   -20.69   18.55
 -91398.589    95.872   -10.44   15.54
 -91022.459   100.278    11.71   18.42
 -90646.330   111.176    28.97   19.22
 -90270.202   124.231    34.71   17.78
 -89894.075   136.560    32.78   15.35
 -89517.949   143.860    19.41   12.05
 -89141.823   149.842    15.90    7.75
 -88765.699   152.907     8.15    5.40
 -88389.575   155.099     5.83    6.24
 -88013.453   159.594    11.95    7.20
 -87637.331   163.887    11.41    6.56
 -87261.210   167.939    10.77    7.03
 -86885.090   168.400     1.22    7.89
 -86508.971   166.791    -4.28    7.74
 -86132.853   166.069    -1.92    6.21
 -85756.736   165.900    -0.45    4.16
 -85380.620   165.880    -0.05    3.74
 -85004.504   164.650    -3.27    4.49
 -84628.389   162.992    -4.41    4.24
 -84252.276   160.586    -6.40    4.15
 -83876.163   158.907    -4.46    5.13
 -83500.051   154.868   -10.74    7.49
 -83123.940   150.073   -12.75   10.17
 -82747.830   141.842   -21.88   11.99
 -82371.720   130.853   -29.22   12.92
 -81995.612   121.381   -25.18   13.83
 -81619.504   108.988   -32.95   14.75
 -81243.398    98.772   -27.16   14.99
 -80867.292    93.204   -14.80   13.77
 -80491.187    91.556    -4.38   13.35
 -80115.083    94.099     6.76   14.75
 -79738.979    94.387     0.77   15.01
 -79362.877    92.233    -5.73   15.68
 -78986.776    90.571    -4.42   15.15
 -78610.675    87.539    -8.06   15.07
 -78234.575    82.755   -12.72   16.33
 -77858.476    79.252    -9.31   16.39
 -77482.378    77.961    -3.43   16.41
 -77106.281    76.650    -3.49   16.28
 -76730.184    78.637     5.28   16.95
 -76354.089    77.432    -3.20   17.31
 -75977.994    77.096    -0.89   17.78
 -75601.900    77.765     1.78   19.89
 -75225.807    79.150     3.68   20.27
 -74849.715    76.853    -6.11   18.60
 -74473.624    68.366   -22.57   19.81
 -74097.533    57.778   -28.15   18.36
 -73721.444    48.252   -25.33   14.26
 -73345.355    42.663   -14.86    6.96
 -72969.267    45.705     8.09   10.42
 -72593.180    54.611    23.68   16.07
 -72217.093    67.511    34.30   16.54
 -71841.008    81.393    36.91   15.27
 -71464.923    92.945    30.72   11.79
 -71088.839   100.308    19.58   10.84
 -70712.756   107.360    18.75    9.98
 -70336.674   110.071     7.21   11.09
 -69960.593   114.475    11.71   12.03
 -69584.512   120.312    15.52   10.38
 -69208.432   124.600    11.40   10.05
 -68832.353   131.765    19.05   10.72
 -68456.275   138.150    16.98    9.71
 -68080.198   144.474    16.82    8.96
 -67704.121   149.233    12.65    7.09
 -67328.046   149.255     0.06    6.21
 -66951.971   144.075   -13.77   11.87
 -66575.897   137.204   -18.27   14.26
 -66199.824   125.325   -31.59   15.32
 -65823.751   112.945   -32.92   13.36
 -65447.679   103.308   -25.63   12.67
 -65071.608    95.150   -21.69    9.82
 -64695.538    91.714    -9.14    9.86
 -64319.469    88.308    -9.06    7.95
 -63943.401    85.900    -6.40    7.92
 -63567.333    81.329   -12.15   10.57
 -63191.266    79.483    -4.91   10.79
 -62815.200    78.425    -2.81   11.45
 -62439.134    80.560     5.68   12.27
 -62063.070    86.789    16.56   10.51
 -61687.006    91.663    12.96   10.89
 -61310.943    94.285     6.97   11.84
 -60934.881    94.650     0.97   11.14
 -60558.819    96.509     4.94   11.23
 -60182.759    99.934     9.11   11.41
 -59806.699   106.022    16.19   10.87
 -59430.640   113.509    19.91   10.71
 -59054.581   118.097    12.20   10.97
 -58678.524   122.420    11.50   11.98
 -58302.467   125.509     8.21   12.91
 -57926.411   128.278     7.36   11.89
 -57550.356   131.011     7.27   11.57
 -57174.301   135.355    11.55   10.23
 -56798.247   141.261    15.71   10.61
 -56422.194   143.860     6.91   10.08
 -56046.142   142.047    -4.82   13.45
 -55670.091   135.556   -17.26   16.16
 -55294.035   125.177   -27.60   14.61
 -54917.836   115.097   -26.79   10.26
 -54541.638   107.826   -19.33   10.64
 -54165.440   102.945   -12.97   10.57
 -53789.244   100.393    -6.78   11.96
 -53413.048    95.611   -12.71   12.67
 -53036.853    92.432    -8.45   12.21
 -52660.659    88.278   -11.04   11.24
 -52284.465    86.123    -5.73   11.53
 -51908.272    86.278     0.41   12.96
 -51532.080    88.834     6.79   13.22
 -51155.889    92.428     9.55   10.52
 -50779.698    90.393    -5.41    9.46
 -50403.508    86.772    -9.63    9.87
 -50027.319    82.799   -10.56    9.59
 -49651.131    79.817    -7.93   10.51
 -49274.943    77.681    -5.68   11.07
 -48898.756    70.996   -17.77   15.48
 -48522.570    65.560   -14.45   14.66
 -48146.384    66.233     1.79   14.79
 -47770.199    72.611    16.96   18.75
 -47394.015    85.366    33.91   17.85
 -47017.832    97.124    31.26   12.31
 -46641.649   103.308    16.44    8.14
 -46265.467   103.124    -0.49    8.87
 -45889.286    98.772   -11.57   11.57
 -45513.106    90.535   -21.90   13.50
 -45136.926    82.406   -21.61   14.66
 -44760.747    71.064   -30.15   15.11
 -44384.568    60.501   -28.08   15.67
 -44008.391    48.474   -31.97   13.66
 -43632.214    39.258   -24.50    9.78
 -43256.037    34.528   -12.57    6.42
 -42879.862    33.591    -2.49    5.76
 -42503.687    37.875    11.39    8.15
 -42127.513    40.509     7.00    7.78
 -41751.339    42.150     4.36    6.84
 -41375.166    43.047     2.39    6.03
 -40998.994    42.281    -2.04    5.21
 -40622.823    41.308    -2.59    4.34
 -40246.652    40.176    -3.01    4.80
 -39870.482    37.099    -8.18    5.68
 -39494.313    34.872    -5.92    5.55
 -39118.144    32.176    -7.17    4.15
 -38741.976    30.560    -4.30    3.90
 -38365.809    30.122    -1.16    3.12
 -37989.642    29.966    -0.42    2.92
 -37613.476    30.474     1.35    2.78
 -37237.311    31.393     2.44    2.40
 -36861.146    31.204    -0.50    2.73
 -36484.982    30.789    -1.10    2.88
 -36108.819    29.868    -2.45    2.99
 -35732.656    28.075    -4.77    3.04
 -35356.494    26.717    -3.61    2.86
 -34980.333    24.075    -7.03    3.89
 -34604.172    21.413    -7.08    4.19
 -34228.012    19.355    -5.47    3.57
 -33851.853    18.387    -2.57    3.29
 -33475.694    18.688     0.80    3.06
 -33099.536    19.178     1.30    2.98
 -32723.379    19.015    -0.43    3.66
 -32347.222    18.466    -1.46    4.98
 -31971.066    15.893    -6.84    6.93
 -31594.911    12.637    -8.66    8.50
 -31218.756    14.073     3.82   11.95
 -30842.602    18.289    11.21   13.86
 -30466.448    24.501    16.52   13.14
 -30090.296    30.122    14.94    7.14
 -29714.143    31.676     4.13    1.78
 -29337.992    30.775    -2.40    2.19
 -28961.841    30.150    -1.66    2.12
 -28585.691    29.970    -0.48    2.36
 -28209.541    30.124     0.41    2.20
 -27833.392    30.334     0.56    2.61
 -27457.244    30.258    -0.20    2.78
 -27081.096    30.125    -0.35    2.96
 -26704.949    29.913    -0.56    2.90
 -26328.802    29.285    -1.67    2.21
 -25952.656    28.988    -0.79    1.92
 -25576.511    31.778     7.42    6.81
 -25200.366    34.791     8.01    8.87
 -24824.222    40.406    14.93    9.54
 -24448.079    45.011    12.24    7.55
 -24071.936    48.204     8.49    4.14
 -23695.794    48.934     1.94    2.51
 -23319.652    48.204    -1.94    2.43
 -22943.512    47.950    -0.68    2.14
 -22567.371    48.042     0.24    2.11
 -22191.231    48.071     0.08    2.14
 -21815.092    47.860    -0.56    2.20
 -21438.954    46.817    -2.78    2.84
 -21062.816    46.123    -1.84    2.43
 -20686.679    45.686    -1.16    2.49
 -20310.542    45.817     0.35    2.27
 -19934.406    46.650     2.22    2.51
 -19558.270    46.339    -0.83    3.41
 -19182.135    46.123    -0.57    3.40
 -18806.001    45.939    -0.49    3.39
 -18429.867    44.637    -3.46    3.37
 -18053.734    44.664     0.07    2.51
 -17677.601    44.535    -0.34    2.60
 -17301.469    43.913    -1.65    3.02
 -16925.338    43.983     0.19    3.16
 -16549.207    43.329    -1.74    3.28
 -16173.077    43.808     1.27    3.16
 -15796.947    43.483    -0.86    2.55
 -15420.818    42.312    -3.11    2.43
 -15044.689    41.406    -2.41    2.78
 -14668.561    40.123    -3.41    2.69
 -14292.434    39.791    -0.88    2.73
 -13916.307    40.509     1.91    3.26
 -13540.181    42.428     5.10    3.56
 -13164.055    44.312     5.01    3.07
 -12787.930    45.663     3.59    3.00
 -12411.806    49.204     9.41    6.28
 -12035.682    56.176    18.54   10.41
 -11659.558    63.733    20.09   11.61
 -11283.435    72.800    24.11   10.27
 -10907.313    80.255    19.82    7.71
 -10531.191    86.069    15.46    7.05
 -10155.070    90.868    12.76    6.30
  -9778.949    94.124     8.66    3.67
  -9402.829    96.150     5.39    2.87
  -9026.710    96.420     0.72    3.19
  -8650.591    95.252    -3.10    5.11
  -8274.472    92.955    -6.11    6.03
  -7898.354    87.740   -13.87    9.28
  -7522.237    81.919   -15.48   12.00
  -7146.120    74.712   -19.16   12.92
  -6770.004    67.366   -19.53   10.61
  -6393.888    59.528   -20.84   10.35
  -6017.773    60.229     1.86    9.06
  -5641.658    61.015     2.09    8.44
  -5265.544    60.717    -0.79    8.15
  -4889.430    58.124    -6.89    9.18
  -4513.317    52.535   -14.86    8.51
  -4137.204    46.808   -15.23    5.48
  -3761.092    43.650    -8.40    4.21
  -3384.981    43.509    -0.37    3.44
  -3008.870    43.740     0.61    3.01
  -2632.759    44.285     1.45    2.51
  -2256.649    44.893     1.62    2.30
  -1880.540    44.705    -0.50    2.51
  -1504.431    43.483    -3.25    2.85
  -1128.322    40.406    -8.18    8.00
   -752.214    30.712   -25.77   18.05
   -376.107    16.688   -37.29   21.30
      0.000     4.676   -31.94   15.18
    376.107    -1.364   -16.06    4.27
    752.213    -2.081    -1.91    2.19
   1128.318    -1.989     0.24    2.24
   1504.423    -1.978     0.03    2.13
   1880.527    -2.297    -0.85    1.20
   2256.631    -2.472    -0.46    1.04
   2632.735    -1.337     3.02    4.24
   3008.838     1.252     6.89    6.91
   3384.940     3.868     6.95    7.25
   3761.042     5.705     4.89    6.43
   4137.143     6.439     1.95    5.99
   4513.244     7.555     2.97    7.32
   4889.345     9.826     6.04    7.36
   5265.445    11.907     5.53    5.93
   5641.544    13.181     3.39    5.18
   6017.643    14.381     3.19    3.83
   6393.742    14.791     1.09    2.95
   6769.840    16.122     3.54    1.68
   7145.938    16.842     1.91    2.02
   7522.035    17.733     2.37    2.12
   7898.132    18.808     2.86    1.99
   8274.228    19.919     2.95    2.02
   8650.323    20.258     0.90    2.04
   9026.419    20.772     1.37    2.52
   9402.514    21.509     1.96    2.47
   9778.608    22.925     3.77    2.08
  10154.702    23.907     2.61    1.79
  10530.795    24.227     0.85    1.72
  10906.888    24.636     1.09    1.82
  11282.981    24.744     0.29    1.77
  11659.073    24.393    -0.93    2.02
  12035.164    24.493     0.26    1.98
  12411.255    24.413    -0.21    2.13
  12787.346    24.450     0.10    1.99
  13163.436    24.205    -0.65    1.97
  13539.526    24.073    -0.35    1.83
  13915.615    24.528     1.21    1.74
  14291.704    24.781     0.67    1.62
  14667.793    25.381     1.59    1.56
  15043.881    25.939     1.49    1.28
  15419.968    26.122     0.49    1.38
  15796.056    26.308     0.49    1.65
  16172.142    26.740     1.15    2.75
  16548.229    26.872     0.35    3.10
  16924.314    26.970     0.26    3.10
  17300.400    27.650     1.81    3.37
  17676.485    28.393     1.98    3.62
  18052.569    26.231    -5.75    6.42
  18428.653    24.231    -5.32    7.57
  18804.737    22.791    -3.83    8.03
  19180.820    19.355    -9.14    7.20
  19556.903    17.393    -5.22    5.89
  19933.016    17.945     1.47    5.97
  20309.175    18.650     1.87    6.15
  20685.333    21.439     7.42    6.43
  21061.492    22.853     3.76    5.66
  21437.649    22.201    -1.73    5.89
  21813.807    21.360    -2.24    5.48
  22189.964    22.928     4.17    6.07
  22566.120    25.755     7.52    6.18
  22942.276    27.455     4.52    5.16
  23318.432    27.381    -0.20    5.50
  23694.587    27.586     0.55    5.78
  24070.742    27.836     0.66    6.14
  24446.897    29.690     4.93    6.18
  24823.051    31.799     5.60    3.51
  25199.205    31.799     0.00    3.73
  25575.358    31.900     0.27    4.67
  25951.511    31.555    -0.92    5.06
  26327.663    32.729     3.12    4.10
  26703.816    33.913     3.15    3.27
  27079.967    34.099     0.49    3.15
  27456.119    35.123     2.72    2.30
  27832.270    35.381     0.69    2.60
  28208.420    35.676     0.79    2.80
  28584.571    35.872     0.52    2.76
  28960.721    35.555    -0.84    2.97
  29336.870    35.483    -0.19    2.66
  29713.019    36.018     1.42    2.85
  30089.168    35.842    -0.47    3.01
  30465.316    36.150     0.82    2.94
  30841.464    36.834     1.82    2.71
  31217.612    37.123     0.77    2.74
  31593.759    37.067    -0.15    3.06
  31969.906    35.688    -3.66    3.45
  32346.053    35.393    -0.78    3.63
  32722.199    35.637     0.65    3.94
  33098.345    36.663     2.73    3.66
  33474.490    37.492     2.20    4.08
  33850.635    38.177     1.82    4.62
  34226.780    38.304     0.34    4.92
  34602.924    38.663     0.95    4.94
  34979.068    39.039     1.00    4.81
  35355.212    39.961     2.45    4.55
  35731.356    42.258     6.11    4.45
  36107.499    42.744     1.29    4.03
  36483.641    43.650     2.41    3.66
  36859.784    44.407     2.01    3.66
  37235.925    43.825    -1.55    3.53
  37612.067    44.097     0.72    3.75
  37988.208    44.039    -0.16    4.19
  38364.349    45.535     3.98    4.48
  38740.490    46.097     1.50    4.88
  39116.630    47.518     3.78    4.55
  39492.770    49.308     4.76    4.28
  39868.910    50.714     3.74    4.47
  40245.049    55.339    12.30    6.62
  40621.188    59.360    10.69    7.16
  40997.327    63.375    10.67    7.11
  41373.465    67.236    10.26    7.14
  41749.603    69.799     6.81    7.93
  42125.741    70.690     2.37    8.84
  42501.878    73.150     6.54    7.46
  42878.015    72.988    -0.43    7.38
  43254.152    72.094    -2.38    7.62
  43630.289    69.381    -7.21    8.49
  44006.425    68.466    -2.43    8.23
  44382.561    69.393     2.47    8.68
  44758.696    69.201    -0.51    7.77
  45134.831    69.808     1.61    7.33
  45510.966    67.663    -5.70    7.49
  45887.101    64.609    -8.12    5.60
  46263.235    63.970    -1.70    6.16
  46639.369    63.122    -2.26    5.57
  47015.503    63.439     0.84    5.51
  47391.636    62.413    -2.73    5.64
  47767.769    61.994    -1.12    5.19
  48143.902    61.740    -0.68    4.29
  48520.035    62.826     2.89    4.83
  48896.167    64.650     4.85    5.30
  49272.299    67.312     7.08    4.41
  49648.430    67.900     1.56    4.21
  50024.562    68.387     1.29    4.19
  50400.693    68.252    -0.36    3.89
  50776.824    69.096     2.24    4.09
  51152.954    71.124     5.39    5.32
  51529.085    71.817     1.84    5.66
  51905.215    70.945    -2.32    5.63
  52281.344    68.636    -6.14    7.04
  52657.474    66.124    -6.68    5.78
  53033.603    64.609    -4.03    5.03
  53409.732    65.339     1.94    6.51
  53785.860    66.393     2.80    6.82
  54161.989    68.900     6.66    5.99
  54538.117    67.842    -2.81    6.17
  54914.245    66.176    -4.43    5.31
  55290.372    66.344     0.45    5.79
  55666.500    67.571     3.26    6.81
  56042.627    70.567     7.96    6.12
  56418.753    70.650     0.22    5.84
  56794.880    68.355    -6.10    6.22
  57171.006    66.231    -5.65    6.93
  57547.132    64.729    -3.99    7.30
  57923.258    62.278    -6.52    8.94
  58299.384    59.970    -6.14    9.01
  58675.509    58.772    -3.19    8.68
  59051.634    55.278    -9.29    8.10
  59427.759    53.996    -3.41    6.95
  59803.884    54.609     1.63    6.59
  60180.008    58.069     9.20    7.79
  60556.132    61.761     9.82    6.70
  60932.256    61.663    -0.26    6.47
  61308.380    60.227    -3.82    6.52
  61684.503    59.521    -1.88    6.18
  62060.626    58.868    -1.74    5.50
  62436.749    59.039     0.45    5.69
  62812.872    60.400     3.62    5.78
  63188.994    60.637     0.63    5.70
  63565.117    58.360    -6.05    7.05
  63941.239    56.650    -4.55    7.49
  64317.360    56.334    -0.84    7.51
  64693.482    57.825     3.96    7.94
  65069.603    61.511     9.80    6.06
  65445.725    62.400     2.36    5.35
  65821.846    62.834     1.15    5.08
  66197.966    62.872     0.10    5.41
  66574.087    64.744     4.98    4.26
  66950.207    63.961    -2.08    5.27
  67326.327    64.018     0.15    5.61
  67702.447    63.050    -2.57    5.99
  68078.567    61.528    -4.05    6.65
  68454.687    59.550    -5.26    6.38
  68830.806    59.560     0.03    6.53
  69206.925    62.334     7.38    7.72
  69583.044    65.439     8.26    6.44
  69959.163    64.868    -1.52    6.09
  70335.281    62.571    -6.11    6.00
  70711.399    62.289    -0.75    7.80
  71087.518    61.355    -2.48    7.79
  71463.636    60.261    -2.91    7.50
  71839.753    59.700    -1.49    6.36
  72215.871    58.355    -3.58    3.87
  72591.988    58.620     0.71    3.53
  72968.106    60.258     4.35    4.13
  73344.223    61.312     2.80    4.43
  73720.340    61.799     1.29    4.47
  74096.456    62.868     2.84    4.32
  74472.573    63.420     1.47    4.82
  74848.689    62.201    -3.24    5.94
  75224.805    62.611     1.09    6.27
  75600.921    62.966     0.94    5.46
  75977.037    62.663    -0.80    4.54
  76353.153    63.176     1.36    3.16
  76729.268    62.688    -1.30    3.39
  77105.384    62.483    -0.55    3.60
  77481.499    62.252    -0.61    4.41
  77857.614    60.955    -3.45    5.19
  78233.729    60.203    -2.00    5.37
  78609.843    58.458    -4.64    5.79
  78985.958    55.025    -9.13    6.02
  79362.072    54.018    -2.68    7.06
  79738.187    53.308    -1.89    7.49
  80114.301    52.609    -1.86    7.97
  80490.415    53.611     2.66    7.71
  80866.528    55.447     4.88    6.97
  81242.642    56.483     2.75    6.92
  81618.756    56.765     0.75    6.61
  81994.869    58.203     3.82    5.38
  82370.982    59.501     3.45    5.27
  82747.095    59.893     1.04    5.19
  83123.208    61.466     4.18    4.83
  83499.321    61.178    -0.77    5.83
  83875.434    59.961    -3.24    6.88
  84251.546    56.177   -10.06    7.64
  84627.659    55.853    -0.86    8.01
  85003.771    57.988     5.68    8.67
  85379.883    62.337    11.56    6.79
  85755.995    63.970     4.34    3.58
  86132.107    59.099   -12.95    8.77
  86508.219    53.344   -15.30    9.92
  86884.331    44.996   -22.20   10.33
  87260.442    40.555   -11.81    6.64
  87636.554    41.406     2.26    6.30
  88012.665    44.124     7.22    6.83
  88388.776    47.560     9.14    5.72
  88764.887    50.204     7.03    6.20
  89140.998    51.834     4.33    7.03
  89517.109    52.800     2.57    7.27
  89893.220    52.864     0.17    7.68
  90269.331    53.772     2.41    7.71
  90645.441    54.258     1.29    7.09
  91021.552    55.204     2.52    6.90
  91397.662    56.988     4.74    6.11
  91773.773    58.622     4.35    6.31
  92149.883    60.625     5.32    7.09
  92525.993    62.381     4.67    6.99
  92902.103    64.393     5.35    7.08
  93278.213    65.201     2.15    6.52
  93654.323    64.124    -2.87    6.05
  94030.432    63.124    -2.66    6.70
  94406.542    58.597   -12.03    8.48
  94782.652    55.278    -8.82    8.64
  95158.773    52.233    -8.10    6.63
  95534.898    51.466    -2.04    5.52
  95911.022    54.740     8.70    8.70
  96287.147    62.121    19.63   10.48
  96663.272    65.688     9.48    9.73
  97039.396    67.609     5.11    9.95
  97415.521    67.717     0.29    9.95
  97791.645    62.528   -13.80   10.93
  98167.770    57.205   -14.15   10.12
  98543.894    54.868    -6.21    8.80
  98920.018    53.906    -2.56    8.29
  99296.142    55.312     3.74    7.79
  99672.266    59.406    10.89    7.20
 100048.390    61.808     6.38    7.36
 100424.514    62.893     2.89    6.50
 100800.638    65.474     6.86    5.12
 101176.762    66.201     1.93    4.82
 101552.886    66.663     1.23    5.00
 101929.010    67.015     0.93    5.02
 102305.134    64.501    -6.68    6.50
 102681.257    61.032    -9.22    6.74
 103057.381    60.047    -2.62    7.66
 103433.504    59.663    -1.02    7.94
 103809.628    57.007    -7.06   10.53
 104185.751    49.258   -20.60   12.78
 104561.875    45.039   -11.22    9.82
 104937.998    48.045     7.99   10.38
 105314.122    50.825     7.39    9.30
 105690.245    52.285     3.88    8.00
 106066.368    50.597    -4.49    9.05
 106442.492    48.308    -6.09    8.44
 106818.615    48.755     1.19    8.72
 107194.738    52.258     9.31   10.61
 107570.861    57.550    14.07   12.00
 107946.984    63.124    14.82   10.17
 108323.108    64.826     4.53    9.79
 108699.231    65.988     3.09    9.02
 109075.354    67.067     2.87    7.96
 109451.477    68.252     3.15    6.58
 109827.600    68.406     0.41    5.94
 110203.723    69.464     2.81    6.13
 110579.846    72.018     6.79    6.87
 110955.969    73.907     5.02    8.16
 111332.092    76.539     7.00    8.86
 111708.215    77.637     2.92    8.23
 112084.338    78.582     2.51    8.29
 112460.461    80.834     5.99    7.29
 112836.584    78.887    -5.18    9.47
 113212.707    75.350    -9.40   10.64
 113588.830    73.393    -5.20   10.08
 113964.953    70.325    -8.16    8.86
 114341.076    66.329   -10.62    7.03
 114717.199    64.317    -5.35    6.12
 115093.322    66.934     6.96    8.07
 115469.445    69.177     5.96    8.59
 115845.568    70.150     2.59    8.45
 116221.691    68.893    -3.34    7.77
 116597.814    68.289    -1.61    7.82
 116973.937    64.893    -9.03    8.80
 117350.060    61.703    -8.48    8.88
 117726.183    58.150    -9.45   10.58
 118102.306    54.227   -10.43   10.20
 118478.429    51.150    -8.18    8.34
 118854.553    48.492    -7.07    7.06
 119230.676    47.261    -3.27    7.91
 119606.799    46.560    -1.86    7.19
 119982.922    45.934    -1.67    5.66
 120359.045    46.791     2.28    4.88
 120735.169    44.868    -5.11    5.58
 121111.292    41.407    -9.20    4.53
 121487.415    41.690     0.75    5.24
 121863.539    41.312    -1.01    4.71
 122239.662    42.609     3.45    5.13
 122615.786    45.258     7.04    5.42
 122991.909    46.511     3.33    5.36
 123368.033    47.735     3.25    4.83
 123744.156    50.047     6.15    5.13
 124120.280    50.880     2.21    4.94
 124496.404    53.571     7.16    7.06
 124872.527    57.308     9.94    9.14
 125248.651    61.227    10.42    8.69
 125624.775    64.042     7.48    7.97
 126000.899    62.560    -3.94    8.04
 126377.023    58.761   -10.10    5.96
 126753.147    55.663    -8.24    7.02
 127129.271    55.535    -0.34    7.89
 127505.395    55.931     1.05    7.75
 127881.519    57.717     4.75    8.39
 128257.644    59.096     3.66    8.31
 128633.768    61.799     7.19    8.39
 129009.892    63.834     5.41    7.54
 129386.017    66.501     7.09    7.33
 129762.141    67.611     2.95    7.21
 130138.266    67.201    -1.09    8.28
 130514.391    67.042    -0.42    8.48
 130890.516    65.555    -3.95    9.15
 131266.640    67.304     4.65    9.09
 131642.765    66.637    -1.77    8.95
 132018.890    63.853    -7.40    9.25
 132395.015    60.560    -8.75   10.11
 132771.141    55.636   -13.09    7.98
 133147.266    55.420    -0.57    7.81
 133523.391    51.334   -10.86    7.95
 133899.517    50.681    -1.74    7.65
 134275.642    50.996     0.84    7.11
 134651.768    50.124    -2.32    6.20
 135027.894    54.094    10.56    7.77
 135404.019    60.458    16.92    9.24
 135780.145    62.622     5.75    9.28
 136156.271    65.304     7.13    9.93
 136532.398    66.176     2.32   10.19
 136908.524    67.231     2.80   11.58
 137284.650    66.717    -1.37   12.72
 137660.777    63.868    -7.58   11.58
 138036.903    61.535    -6.20    9.71
 138413.030    60.511    -2.72    9.56
 138789.157    61.597     2.89    9.58
 139165.283    66.203    12.24   11.41
 139541.410    69.717     9.35   10.97
 139917.538    73.042     8.84   10.92
 140293.665    75.493     6.52    8.72
 140669.792    73.227    -6.02    7.89
 141045.920    70.406    -7.50    5.93
 141422.047    67.983    -6.44    7.25
 141798.175    66.765    -3.24    8.52
 142174.303    65.622    -3.04    7.90
 142550.431    65.360    -0.70    6.31
 142926.559    67.458     5.58    6.51
 143302.687    70.387     7.79    6.94
 143678.816    72.366     5.26    7.74
 144054.944    74.466     5.58    7.71
 144431.073    76.825     6.27    7.27
 144807.202    76.420    -1.08    6.33
 145183.330    75.483    -2.49    5.90
 145559.460    75.312    -0.46    5.57
 145935.589    75.447     0.36    4.33
 146311.718    74.826    -1.65    3.92
 146687.848    73.950    -2.33    4.99
 147063.977    72.611    -3.56    5.09
 147440.107    72.800     0.50    5.26
 147816.237    74.420     4.31    6.11
 148192.367    76.225     4.80    6.26
 148568.498    77.939     4.56    5.84
 148944.628    78.518     1.54    5.86
 149320.759    78.582     0.17    5.76
 149696.889    77.970    -1.63    5.69
 150073.020    75.983    -5.28    7.02
 150449.151    71.096   -12.99    7.98
 150825.283    69.387    -4.54    7.23
 151201.414    68.607    -2.07    6.65
 151577.546    72.355     9.96    8.65
 151953.677    77.996    15.00    9.11
 152329.809    79.261     3.36    8.58
 152705.941    80.366     2.94    7.88
 153082.074    78.312    -5.46    8.47
 153458.206    75.176    -8.34    6.93
 153834.339    72.800    -6.32    4.92
 154210.472    73.420     1.65    4.31
 154586.605    76.355     7.80    4.77
 154962.738    77.966     4.28    4.84
 155338.871    76.808    -3.08    5.39
 155715.005    74.934    -4.98    4.50
 156091.138    75.175     0.64    5.33
 156467.272    76.571     3.71    6.78
 156843.406    81.650    13.50    8.42
 157219.541    85.204     9.45    8.09
 157595.675    84.955    -0.66    8.83
 157971.810    83.817    -3.03    9.15
 158347.945    81.740    -5.52    8.15
 158724.080    81.238    -1.33    7.31
 159100.215    82.880     4.36    5.47
 159476.351    81.474    -3.74    5.62
 159852.487    80.339    -3.02    5.76
 160228.623    78.714    -4.32    5.40
 160604.759    78.285    -1.14    6.09
 160980.895    75.970    -6.15    8.19
 161357.032    73.355    -6.95    7.60
 161733.168    72.637    -1.91    6.07
 162109.305    74.069     3.81    6.74
 162485.443    76.077     5.34    5.99
 162861.580    79.597     9.36    7.65
 163237.718    82.733     8.34    8.29
 163613.856    83.744     2.69    7.45
 163989.994    82.817    -2.47    7.97
 164366.132    79.150    -9.75    7.53
 164742.271    76.535    -6.95    5.52
 165118.409    74.059    -6.58    4.06
 165494.548    73.355    -1.87    3.39
 165870.688    72.518    -2.22    3.93
 166246.827    72.372    -0.39    4.44
 166622.967    72.868     1.32    5.16
 166999.107    73.772     2.40    5.33
 167375.247    72.611    -3.08    5.51
 167751.387    71.492    -2.98    6.33
 168127.528    71.304    -0.50    6.40
 168503.669    69.961    -3.57    6.20
 168879.810    71.124     3.09    5.99
 169255.952    70.500    -1.66    6.51
 169632.093    69.178    -3.52    7.09
 170008.230    67.555    -4.31    6.51
 170384.316    68.339     2.08    7.54
 170760.403    71.907     9.49    8.36
 171136.491    76.528    12.29    7.90
 171512.578    76.693     0.44    7.88
 171888.666    78.025     3.54    7.30
 172264.754    79.308     3.41    7.37
 172640.843    81.069     4.68    7.22
 173016.931    82.560     3.97    6.65
 173393.020    81.808    -2.00    7.02
 173769.110    81.492    -0.84    6.93
 174145.199    80.663    -2.20    6.32
 174521.289    80.868     0.54    5.88
 174897.379    81.511     1.71    5.14
 175273.469    82.535     2.72    5.88
 175649.560    83.150     1.64    5.36
 176025.651    83.431     0.75    5.51
 176401.742    84.934     4.00    6.09
 176777.833    84.420    -1.37    6.92
 177153.925    82.934    -3.95    7.51
 177530.017    80.907    -5.39    7.85
 177906.109    78.872    -5.41    5.74
 178282.201    78.018    -2.27    5.12
 178658.294    76.560    -3.88    5.50
 179034.387    76.545    -0.04    5.42
 179410.481    77.360     2.17    5.84
 179786.575    78.355     2.64    5.54
 180162.669    80.304     5.18    5.58
 180538.763    81.528     3.26    6.03
 180914.857    82.304     2.06    6.68
 181290.952    84.344     5.43    6.46
 181667.048    85.387     2.77    6.54
 182043.143    87.808     6.44    6.59
 182419.239    88.244     1.16    5.44
 182795.335    86.381    -4.95    6.64
 183171.432    83.597    -7.40    7.93
 183547.528    79.555   -10.75    7.88
 183923.625    76.636    -7.76    8.08
 184299.723    73.928    -7.20    7.25
 184675.820    72.860    -2.84    6.24
 185051.918    72.071    -2.10    5.81
 185428.017    70.961    -2.95    6.35
 185804.115    71.663     1.87    6.05
 186180.214    72.791     3.00    7.96
 186556.314    77.150    11.59    9.97
 186932.413    83.690    17.39    9.41
 187308.513    86.483     7.43    8.73
 187684.614    86.690     0.55   10.59
 188060.714    86.015    -1.80   12.44
 188436.815    85.799    -0.57   12.89
 188812.917    87.453     4.40   11.93
 189189.018    87.022    -1.15   10.37
 189565.120    82.458   -12.14   11.15
 189941.222    80.205    -5.99   10.27
 190317.325    81.740     4.08   12.20
 190693.428    85.317     9.51   11.69
 191069.531    88.518     8.51    8.25
 191445.635    86.791    -4.59    9.39
 191821.739    82.150   -12.34    8.35
 192197.844    81.466    -1.82    8.09
 192573.948    80.817    -1.73    7.44
 192950.053    83.575     7.33    8.16
 193326.159    85.069     3.97    9.01
 193702.265    86.227     3.08    8.85
 194078.371    87.740     4.02    8.77
 194454.477    86.067    -4.45    7.50
 194830.584    83.150    -7.75    6.66
 195206.691    83.872     1.92    7.64
 195582.799    85.755     5.01    7.93
 195958.907    87.375     4.31    7.77
 196335.015    87.733     0.95    6.82
 196711.124    87.775     0.11    6.14
 197087.233    86.096    -4.46    6.15
 197463.343    85.231    -2.30    6.92
 197839.453    85.045    -0.50    8.88
 198215.563    84.597    -1.19    9.93
 198591.673    86.880     6.07   10.19
 198967.784    84.733    -5.71   11.72
 199343.896    81.970    -7.35   11.21
 199720.007    81.372    -1.59   11.53
 200096.120    81.325    -0.13   10.78
 200472.232    83.676     6.25    8.60
 200848.345    84.928     3.33    8.45
 201224.458    85.934     2.67    6.85
 201600.572    83.650    -6.07    5.61
 201976.686    84.022     0.99    6.16
 202352.801    84.124     0.27    6.41
 202728.915    85.447     3.52    7.61
 203105.031    85.975     1.40    8.37
 203481.146    82.458    -9.35    9.26
 203857.263    78.703    -9.98   10.37
 204233.379    76.069    -7.00    8.77
 204609.496    74.099    -5.24    8.65
 204985.613    73.913    -0.49    8.86
 205361.731    76.317     6.39   10.96
 205737.849    75.663    -1.74    9.64
 206113.968    75.539    -0.33    9.32
 206490.087    73.047    -6.62    9.72
 206866.206    71.381    -4.43    8.78
 207242.326    73.362     5.27   11.74
 207618.446    76.420     8.13   13.14
 207994.566    77.150     1.94   11.69
 208370.688    77.501     0.93    8.68
 208746.809    78.740     3.29    8.06
 209122.931    79.744     2.67    7.85
 209499.053    78.022    -4.58    9.35
 209875.176    76.381    -4.36    8.76
 210251.299    75.406    -2.59    7.46
 210627.423    74.582    -2.19    8.40
 211003.547    73.071    -4.02    8.45
 211379.671    70.176    -7.70    8.92
 211755.796    67.678    -6.64    8.85
 212131.922    66.609    -2.84    9.22
 212508.047    64.474    -5.68    8.27
 212884.174    63.853    -1.65    7.47
 213260.300    63.791    -0.16    7.43
 213636.427    62.869    -2.45    7.39
 214012.555    60.071    -7.44    8.77
 214388.683    59.545    -1.40    9.12
 214764.812    59.955     1.09    8.87
 215140.940    60.765     2.15    9.41
 215517.070    61.069     0.81   10.06
 215893.200    64.227     8.40    8.45
 216269.330    66.509     6.07    6.03
 216645.461    65.676    -2.21    6.63
 217021.592    61.447   -11.24    9.30
 217397.724    58.817    -6.99    8.66
 217773.856    56.996    -4.84    8.16
 218149.988    56.622    -0.99    8.25
 218526.122    55.934    -1.83    9.04
 218902.255    53.150    -7.40   10.89
 219278.389    52.177    -2.59   12.70
 219654.524    48.690    -9.27   11.79
 220030.659    46.093    -6.91   11.01
 220406.794    46.300     0.55   10.83
 220782.930    45.611    -1.83   10.64
 221159.066    43.872    -4.62    9.64
 221535.203    41.945    -5.12    8.51
 221911.341    40.528    -3.77    8.52
 222287.479    41.439     2.42   10.94
 222663.617    43.518     5.53   11.95
 223039.756    45.124     4.27   12.23
 223415.895    46.880     4.67   11.46
 223792.035    49.203     6.18   10.75
 224168.175    51.300     5.58    9.95
 224544.316    52.521     3.25   10.88
 224920.457    54.150     4.33    9.83
 225296.599    53.853    -0.79    9.33
 225672.741    52.799    -2.80   10.21
 226048.884    53.447     1.72    9.94
 226425.027    52.705    -1.97    9.51
 226801.171    52.868     0.43   10.38
 227177.316    52.227    -1.70   11.59
 227553.460    52.420     0.51   10.62
 227929.606    52.252    -0.45   11.52
 228305.752    51.545    -1.88   11.64
 228681.898    49.611    -5.14   11.97
 229058.045    46.069    -9.42   12.89
 229434.192    44.201    -4.97   12.25
 229810.340    43.317    -2.35   13.01
 230186.488    44.597     3.40   14.37
 230562.637    46.509     5.08   14.72
 230938.787    44.885    -4.32   12.63
 231314.937    42.304    -6.86   11.61
 231691.087    39.907    -6.37   10.34
 232067.238    40.511     1.61   12.26
 232443.390    39.961    -1.46   13.21
 232819.542    41.067     2.94   13.90
 233195.695    45.229    11.07   14.83
 233571.848    49.004    10.04   13.24
 233948.002    53.988    13.25   10.05
 234324.156    49.329   -12.38   10.62
 234700.311    47.281    -5.44    9.69
 235076.466    47.970     1.83    9.78
 235452.622    48.907     2.49    9.58
 235828.778    49.200     0.78   10.02
 236204.935    47.474    -4.59    9.87
 236581.093    48.447     2.59    9.39
 236957.251    50.366     5.10   11.07
 237333.410    55.378    13.33   11.18
 237709.569    60.047    12.41   11.19
 238085.729    62.611     6.82   11.70
 238461.889    66.011     9.04   10.46
 238838.050    67.744     4.61   10.95
 239214.211    67.789     0.12   10.86
 239590.373    66.176    -4.29   11.00
 239966.536    63.550    -6.98    9.59
 240342.699    62.582    -2.57   11.59
 240718.862    61.045    -4.09   11.83
 241095.027    59.755    -3.43   12.62
 241471.191    55.483   -11.36   12.48
 241847.357    50.826   -12.38    9.60
 242223.523    50.350    -1.26    9.00
 242599.689    49.281    -2.84    8.57
 242975.856    49.204    -0.21    9.16
 243352.024    50.447     3.31    9.42
 243728.192    47.317    -8.32    8.34
 244104.361    46.868    -1.19    8.94
 244480.531    46.381    -1.30   10.43
 244856.701    42.778    -9.58   10.83
 245232.819    37.913   -12.94   12.33
 245608.877    34.853    -8.14   12.74
 245984.936    32.900    -5.19   10.86
 246360.995    35.150     5.98   11.41
 246737.055    41.393    16.60   11.39
 247113.116    44.022     6.99   11.05
 247489.177    45.650     4.33   11.28
 247865.239    47.750     5.58   11.69
 248241.301    48.511     2.02    9.85
 248617.364    51.950     9.14   10.20
 248993.428    52.483     1.42   11.04
 249369.492    53.321     2.23   10.18
 249745.557    56.555     8.60    8.13
 250121.622    59.339     7.40    8.08
 250497.688    62.177     7.55    9.09
 250873.755    64.492     6.16    9.37
 251249.822    67.447     7.86   10.71
 251625.890    68.600     3.07   12.00
 252001.959    66.176    -6.44   13.24
 252378.028    66.312     0.36   12.84
 252754.098    64.334    -5.26   12.40
 253130.168    63.124    -3.22   13.24
 253506.239    65.176     5.46   14.69
 253882.311    65.650     1.26   16.49
 254258.383    60.945   -12.51   16.40
 254634.456    58.872    -5.51   14.02
 255010.529    61.740     7.62   13.41
 255386.603    62.252     1.36   12.97
 255762.678    65.093     7.55   10.37
 256138.754    65.772     1.80   10.30
 256514.830    64.690    -2.87   11.13
 256890.906    61.229    -9.20   11.99
 257266.984    60.913    -0.84   11.47
 257643.062    58.928    -5.28   10.64
 258019.140    56.996    -5.14   10.96
 258395.220    59.073     5.52   11.57
 258771.300    60.582     4.01   11.42
 259147.380    64.799    11.21   13.42
 259523.461    74.150    24.87   14.69
 259899.543    81.996    20.86   17.43
 260275.626    89.650    20.35   15.93
 260651.709    92.509     7.60   14.50
 261027.793    91.150    -3.61   15.95
 261403.877    90.281    -2.31   14.75
 261779.962    88.868    -3.76   14.89
 262156.048    81.181   -20.44   17.04
 262532.135    77.571    -9.60   16.05
 262908.222    72.772   -12.76   14.85
 263284.310    70.501    -6.04   14.34
 263660.398    73.611     8.27   14.52
 264036.487    74.447     2.22   14.00
 264412.577    77.509     8.14   13.77
 264788.667    77.970     1.23   12.73
 265164.759    74.255    -9.88   16.80
 265540.851    69.907   -11.56   18.76
 265916.943    63.740   -16.40   16.53
 266293.036    63.432    -0.82   15.77
 266669.130    67.312    10.32   18.88
 267045.225    66.624    -1.83   20.59
 267421.320    66.961     0.90   20.21
 267797.416    64.069    -7.69   17.97
 268173.513    60.501    -9.49   15.69
 268549.610    56.712   -10.07   14.35
 268925.708    58.252     4.09   13.40
 269301.807    58.740     1.30   14.60
 269677.906    58.844     0.28   13.88
 270054.006    62.688    10.22   13.61
 270430.107    62.555    -0.35   13.65
 270806.209    61.714    -2.24   12.38
 271182.311    62.308     1.58   12.56
 271558.414    61.703    -1.61   12.35
 271934.517    62.231     1.41   11.52
 272310.622    65.047     7.49   14.72
 272686.727    68.375     8.85   17.70
 273062.832    69.983     4.28   16.94
 273438.939    69.312    -1.78   14.52
 273815.046    70.069     2.01   11.99
 274191.154    72.744     7.11   14.15
 274567.263    75.366     6.97   12.34
 274943.372    75.864     1.32   14.65
 275319.482    77.125     3.35   13.37
 275695.593    76.509    -1.64   12.71
 276071.704    77.285     2.06   12.14
 276447.817    78.355     2.84   17.12
 276823.930    81.039     7.14   19.83
 277200.043    79.571    -3.90   18.81
 277576.158    82.304     7.27   18.44
 277952.273    82.304     0.00   16.39
 278328.389    85.317     8.01   16.19
 278704.505    86.808     3.96   15.67
 279080.623    89.637     7.52   15.48
 279456.741    86.344    -8.75   13.26
 279832.860    88.381     5.41   12.24
 280208.979    92.799    11.75   12.86
 280585.100    95.934     8.34   11.45
 280961.221   103.096    19.04   16.41
 281337.343   105.428     6.20   19.00
 281713.465   114.688    24.62   20.08
 282089.588   116.975     6.08   20.79
 282465.713   115.799    -3.13   19.40
 282841.837   113.050    -7.31   16.92
 283217.963   105.308   -20.58   16.15
 283594.089    99.560   -15.28   16.18
 283970.216    97.717    -4.90   14.64
 284346.344    93.047   -12.42   13.59
 284722.473    91.955    -2.90   14.00
 285098.602    92.420     1.24   13.29
 285474.733    87.808   -12.26   14.27
 285850.864    84.578    -8.59   12.45
 286226.995    84.586     0.02   11.70
 286603.128    83.099    -3.95   12.34
 286979.261    89.067    15.87   11.80
 287355.395    90.853     4.75   11.94
 287731.530    95.555    12.50   14.36
 288107.665   104.176    22.92   15.39
 288483.802   111.125    18.47   13.04
 288859.939   112.880     4.67   11.80
 289236.077   112.381    -1.33   12.28
 289612.216   108.650    -9.92   15.57
 289988.355    98.913   -25.89   18.12
 290364.495    93.042   -15.61   16.35
 290740.637    89.250   -10.08   13.38
 291116.778    90.466     3.23   13.02
 291492.921    94.609    11.02   12.29
 291869.065    94.853     0.65   11.69
 292245.209    91.436    -9.08   11.82
 292621.354    87.227   -11.19   11.49
 292997.500    86.406    -2.18   12.38
 293373.646    86.807     1.07   13.35
 293749.794    81.663   -13.67   14.14
 294125.942    80.961    -1.87   13.92
 294502.091    81.636     1.80   13.69
 294878.241    83.176     4.09   14.15
 295254.392    87.285    10.93   13.00
 295630.543    91.458    11.09   14.08
 296006.696    87.413   -10.75   13.75
 296382.849    84.740    -7.11   13.84
 296759.003    85.582     2.24   11.94
 297135.158    85.833     0.67   10.60
 297511.313    90.355    12.02   11.81
 297887.470    96.455    16.22   14.54
 298263.627    93.717    -7.28   14.28
 298639.785    92.474    -3.31   14.63
 299015.944    94.582     5.60   16.38
 299392.104    94.150    -1.15   16.68
 299768.264    97.944    10.09   17.31
 300144.426    98.252     0.82   15.53
 300520.588    91.781   -17.20   15.69
 300896.751    85.983   -15.41   13.39
 301272.915    86.611     1.67   12.33
 301649.080    88.069     3.87   12.71
 302025.245    92.571    11.97   15.21
 302401.412    96.729    11.05   15.80
 302777.579   101.714    13.25   15.54
 303153.747   103.447     4.61   14.66
 303529.916    96.663   -18.04   15.19
 303906.086    90.000   -17.71   14.46
 304282.256    88.594    -3.74   12.90
 304658.428    90.069     3.92   14.56
 305034.600    93.609     9.41   14.87
 305410.774    95.204     4.24   15.51
 305786.948    93.744    -3.88   15.09
 306163.123    94.011     0.71   15.65
 306539.298    99.800    15.39   20.14
 306915.475   103.966    11.07   20.83
 307291.653   105.853     5.02   20.31
 307667.831   107.227     3.65   17.78
 308044.010   112.992    15.33   19.10
 308420.190   114.966     5.25   19.77
 308796.371   118.528     9.47   19.70
 309172.553   124.176    15.01   18.29
 309548.736   133.539    24.89   19.31
 309924.920   141.740    21.80   18.81
 310301.104   146.535    12.75   14.86
 310677.290   146.494    -0.11   17.24
 311053.476   140.393   -16.22   19.51
 311429.663   129.015   -30.25   20.10
 311805.851   126.015    -7.97   17.08
 312182.040   126.636     1.65   16.32
 312558.230   130.928    11.41   18.14
 312934.421   141.887    29.13   17.02
 313310.612   147.611    15.22   14.76
 313686.805   149.624     5.35   14.23
 314062.998   144.281   -14.20   15.70
 314439.192   139.945   -11.53   16.93
 314815.388   139.611    -0.89   15.89
 315191.584   139.582    -0.08   14.07
 315567.781   138.099    -3.94   15.97
 315943.979   132.150   -15.81   16.60
 316320.177   127.492   -12.38   16.31
 316696.377   128.860     3.64   16.88
 317072.578   125.400    -9.20   18.29
 317448.779   124.945    -1.21   20.62
 317824.982   127.887     7.82   21.17
 318201.185   122.772   -13.60   18.12
 318577.389   115.258   -19.97   16.26
 318953.594   108.622   -17.64   19.51
 319329.800   106.387    -5.94   17.16
 319706.007   105.834    -1.47   16.35
 320082.215   113.123    19.37   15.25
 320458.266   118.765    15.00   12.03
 320834.286   122.124     8.93   15.01
 321210.308   120.227    -5.05   16.84
 321586.330   115.096   -13.65   15.45
 321962.353   111.945    -8.38   15.33
 322338.377   107.285   -12.39   15.17
 322714.402    99.203   -21.50   17.36
 323090.428    96.123    -8.19   14.72
 323466.455    96.150     0.07   14.50
 323842.482   100.252    10.91   17.50
 324218.511   108.278    21.34   18.73
 324594.541   109.650     3.65   19.80
 324970.571   110.919     3.38   19.62
 325346.603   111.122     0.54   19.37
 325722.635   109.535    -4.22   20.23
 326098.669   109.893     0.95   18.85
 326474.703   111.339     3.84   19.99
 326850.739   117.676    16.85   20.58
 327226.775   123.047    14.28   18.84
 327602.812   121.225    -4.85   17.01
 327978.850   114.204   -18.67   13.52
 328354.889   114.227     0.06   13.75
 328730.930   120.255    16.03   14.37
 329106.971   121.474     3.24   13.88
 329483.013   129.853    22.28   17.04
 329859.056   137.511    20.37   16.65
 330235.100   141.676    11.08   17.43
 330611.145   141.775     0.26   18.10
 330987.191   138.011   -10.01   20.28
 331363.237   132.842   -13.75   19.61
 331739.285   126.789   -16.10   16.70
 332115.334   129.255     6.56   17.07
 332491.384   129.124    -0.35   17.14
 332867.435   121.203   -21.07   18.96
 333243.486   115.772   -14.44   17.87
 333619.539   109.281   -17.26   16.12
 333995.593   105.750    -9.39   14.40
 334371.648   112.983    19.24   15.04
 334747.703   115.919     7.81   15.32
 335123.760   117.229     3.48   15.29
 335499.818   121.177    10.50   15.02
 335875.876   126.555    14.30   12.32
 336251.936   126.400    -0.41   10.37
 336627.997   123.663    -7.28   11.94
 337004.058   120.225    -9.14   12.82
 337380.121   119.717    -1.35   15.24
 337756.185   115.925   -10.09   15.53
 338132.249   116.703     2.07   17.59
 338508.315   119.176     6.58   18.17
 338884.382   123.744    12.15   18.58
 339260.449   129.765    16.01   16.28
 339636.518   126.988    -7.39   19.49
 340012.588   119.567   -19.73   20.05
 340388.658   116.018    -9.44   17.84
 340764.730   116.768     1.99   16.81
 341140.803   116.598    -0.45   15.15
