-228161.324    77.481     0.00    4.81
-227785.254    77.360    -0.32    4.80
-227409.185    76.537    -2.19    4.82
-227033.118    76.129    -1.09    4.81
-226657.052    77.326     3.18    4.96
-226280.988    76.694    -1.68    4.61
-225904.925    75.001    -4.50    5.29
-225528.864    74.753    -0.66    5.07
-225152.804    74.011    -1.97    4.69
-224776.746    73.237    -2.06    5.24
-224400.690    72.183    -2.80    5.01
-224024.634    69.507    -7.12    5.56
-223648.581    66.142    -8.95    5.98
-223272.528    64.796    -3.58    5.27
-222896.478    63.847    -2.52    5.70
-222520.429    64.698     2.26    5.42
-222144.381    63.899    -2.13    5.69
-221768.335    62.448    -3.86    5.98
-221392.290    60.274    -5.78    5.04
-221016.247    59.155    -2.98    4.35
-220640.205    60.142     2.63    3.44
-220264.165    60.590     1.19    3.33
-219888.126    60.899     0.82    2.93
-219512.088    60.292    -1.61    3.81
-219136.053    59.453    -2.23    4.25
-218760.018    59.488     0.09    4.42
-218383.985    58.804    -1.82    4.23
-218007.954    59.858     2.80    4.21
-217631.924    60.940     2.88    3.71
-217255.895    59.271    -4.44    4.78
-216879.868    54.669   -12.24    7.34
-216503.843    50.792   -10.31    6.91
-216127.819    49.892    -2.39    6.86
-215751.796    51.155     3.36    8.33
-215375.775    53.750     6.90    8.43
-214999.755    54.300     1.46    7.37
-214623.737    53.950    -0.93    6.18
-214247.720    53.063    -2.36    4.95
-213871.705    53.642     1.54    3.71
-213495.691    53.984     0.91    4.12
-213119.678    54.767     2.08    5.35
-212743.667    55.864     2.92    7.01
-212367.658    55.668    -0.52    7.60
-211991.650    55.458    -0.56    7.53
-211615.643    56.777     3.51    8.12
-211239.638    57.129     0.93    8.28
-210863.634    59.345     5.89    7.88
-210487.632    60.488     3.04    7.87
-210111.631    61.517     2.74    7.35
-209735.631    62.345     2.20    5.85
-209359.633    63.542     3.18    4.81
-208983.636    65.116     4.19    4.88
-208607.641    66.142     2.73    4.54
-208231.648    66.831     1.83    4.41
-207855.655    65.770    -2.82    4.49
-207479.568    63.507    -6.02    4.78
-207103.297    61.726    -4.73    5.17
-206727.028    59.590    -5.68    5.31
-206350.760    54.864   -12.56    7.46
-205974.494    51.078   -10.06    9.23
-205598.229    48.770    -6.13    8.48
-205221.965    47.864    -2.41    7.79
-204845.703    50.967     8.24    5.56
-204469.442    53.723     7.33    4.04
-204093.183    54.642     2.44    3.49
-203716.925    54.342    -0.80    3.82
-203340.668    53.345    -2.65    4.81
-202964.413    52.116    -3.27    4.73
-202588.159    52.511     1.05    5.62
-202211.907    54.642     5.67    6.10
-201835.656    55.372     1.94    6.31
-201459.406    56.335     2.56    5.76
-201083.158    55.932    -1.07    5.32
-200706.911    55.976     0.12    5.72
-200330.666    57.831     4.93    5.77
-199954.422    61.392     9.46    7.11
-199578.179    63.247     4.93    6.45
-199201.938    64.335     2.89    5.72
-198825.698    64.236    -0.26    4.93
-198449.460    66.507     6.04    7.03
-198073.223    70.588    10.85    8.49
-197696.987    74.048     9.20    8.28
-197320.753    76.770     7.24    7.24
-196944.520    78.129     3.61    5.40
-196568.288    79.411     3.41    6.12
-196192.058    80.694     3.41    7.02
-195815.829    81.591     2.39    7.12
-195439.602    81.129    -1.23    6.97
-195063.376    79.565    -4.16    7.35
-194687.151    77.537    -5.39    5.57
-194310.928    77.226    -0.83    6.31
-193934.706    76.777    -1.19    6.47
-193558.485    77.837     2.82    6.47
-193182.266    77.669    -0.45    6.47
-192806.048    77.104    -1.50    8.52
-192429.832    75.423    -4.47   10.81
-192053.617    69.488   -15.78   12.87
-191677.403    66.879    -6.94   10.76
-191301.191    66.087    -2.11   10.04
-190924.979    64.924    -3.09    9.70
-190548.770    64.156    -2.04    9.94
-190172.561    61.591    -6.82    8.10
-189796.354    59.353    -5.95    6.05
-189420.149    61.001     4.38    5.48
-189043.944    63.858     7.60    5.96
-188667.741    65.432     4.18    6.66
-188291.540    66.742     3.48    6.83
-187915.339    68.948     5.86    7.09
-187539.140    70.777     4.86    6.65
-187162.943    73.237     6.54    7.12
-186786.747    76.318     8.19    5.65
-186410.552    78.129     4.81    6.85
-186034.358    78.728     1.59    7.35
-185658.166    80.417     4.49    6.94
-185281.975    82.437     5.37    6.40
-184905.785    83.237     2.13    5.93
-184529.597    84.335     2.92    6.50
-184153.410    85.037     1.87    6.29
-183777.224    86.511     3.92    5.99
-183401.039    87.563     2.80    6.87
-183024.856    88.847     3.41    7.72
-182648.675    92.003     8.39    5.99
-182272.494    92.458     1.21    6.59
-181896.315    93.367     2.42    6.41
-181520.137    95.128     4.68    7.34
-181143.961    98.221     8.22    7.93
-180767.786   101.102     7.66    7.51
-180391.612   102.804     4.53    7.31
-180015.439   106.291     9.27    9.60
-179639.268   111.198    13.04   12.43
-179263.098   119.078    20.95   14.26
-178886.929   126.642    20.11   13.30
-178510.762   134.291    20.33   11.89
-178134.596   140.822    17.36   10.93
-177758.431   145.488    12.41   15.05
-177382.267   152.052    17.45   14.10
-177006.105   153.800     4.65   13.06
-176629.944   151.463    -6.21   12.86
-176253.785   144.976   -17.25   14.35
-175877.626   136.885   -21.51   14.30
-175501.469   129.669   -19.19   13.07
-175125.313   123.471   -16.48   12.86
-174749.159   118.976   -11.95   10.89
-174373.005   110.774   -21.80   13.37
-173996.853   104.059   -17.85   13.74
-173620.703   103.480    -1.54   13.20
-173244.553   106.809     8.85   14.08
-172868.405   109.511     7.18   13.21
-172492.258   111.717     5.87    9.86
-172116.113   108.885    -7.53   10.31
-171739.968   107.232    -4.40   10.12
-171363.825   109.853     6.97   11.82
-170987.683   110.142     0.77   11.56
-170611.543   109.615    -1.40   11.65
-170235.404   111.592     5.26   13.07
-169859.266   113.831     5.95   15.20
-169483.129   121.885    21.41   17.58
-169106.993   135.075    35.07   15.82
-168730.859   148.785    36.45   16.70
-168354.726   158.309    25.32   13.99
-167978.594   165.283    18.54    8.93
-167602.464   164.892    -1.04   11.18
-167226.334   151.480   -35.66   19.43
-166850.206   136.588   -39.59   21.53
-166474.079   126.905   -25.74   16.81
-166097.954   124.442    -6.55   12.67
-165721.829   126.885     6.50   15.03
-165345.706   137.511    28.25   18.90
-164969.585   148.537    29.32   17.08
-164593.464   160.129    30.82   12.38
-164217.345   167.994    20.91   10.89
-163841.226   172.617    12.29   10.65
-163465.109   178.642    16.02   11.84
-163088.994   181.048     6.40   12.36
-162712.879   183.669     6.97   12.37
-162336.766   185.253     4.21   12.45
-161960.654   184.899    -0.94   13.22
-161584.543   188.694    10.09   12.94
-161208.434   193.128    11.79    9.89
-160832.325   197.104    10.57    7.23
-160456.218   201.129    10.70    6.79
-160080.112   204.864     9.93    7.68
-159704.007   207.873     8.00    8.50
-159327.904   208.537     1.77    8.81
-158951.801   209.617     2.87    7.43
-158575.700   209.853     0.63    6.20
-158199.600   211.942     5.56    5.44
-157823.502   213.337     3.71    5.84
-157447.404   214.517     3.14    6.54
-157071.308   215.617     2.92    6.01
-156695.213   215.587    -0.08    4.52
-156319.119   214.777    -2.15    4.21
-155943.026   211.967    -7.47    5.00
-155566.935   207.967   -10.64    7.32
-155190.844   201.514   -17.16    9.87
-154814.755   196.264   -13.96   10.77
-154438.667   188.155   -21.56   11.03
-154062.580   183.590   -12.14   10.79
-153686.495   180.048    -9.42   10.02
-153310.410   176.924    -8.31    9.86
-152934.327   173.309    -9.61   10.92
-152558.245   165.405   -21.02   12.40
-152182.164   157.642   -20.64   12.74
-151806.085   150.129   -19.98   12.35
-151430.006   142.781   -19.54   12.20
-151053.929   135.770   -18.64   13.10
-150677.853   129.540   -16.57   11.53
-150301.778   124.014   -14.69    7.86
-149925.704   122.696    -3.50    6.27
-149549.631   125.129     6.47    8.22
-149173.560   130.642    14.66   10.75
-148797.489   139.563    23.72   12.08
-148421.420   149.142    25.47   11.16
-148045.352   158.935    26.04   11.04
-147669.285   167.232    22.06   10.41
-147293.220   175.994    23.30   11.15
-146917.155   184.534    22.71   12.14
-146541.092   193.116    22.82   12.24
-146165.029   200.360    19.26   10.09
-145788.968   206.198    15.52    7.99
-145412.908   210.052    10.25    8.96
-145036.849   214.337    11.39   10.33
-144660.792   219.540    13.84    7.48
-144284.735   223.027     9.27    5.80
-143908.680   224.955     5.13    3.80
-143532.626   222.750    -5.86    5.29
-143156.573   219.750    -7.98    5.27
-142780.521   215.642   -10.92    6.24
-142404.470   211.283   -11.59    7.41
-142028.420   207.994    -8.75    7.26
-141652.372   205.386    -6.93    5.86
-141276.324   205.617     0.61    5.49
-140900.278   206.142     1.40    5.25
-140524.233   207.831     4.49    4.81
-140148.188   207.668    -0.43    5.53
-139772.146   206.694    -2.59    6.52
-139396.104   204.129    -6.82    7.82
-139020.063   198.669   -14.52   11.22
-138644.023   188.940   -25.87   13.72
-138267.985   181.210   -20.56   13.91
-137891.948   174.958   -16.63   12.67
-137515.911   168.798   -16.38   11.43
-137139.876   165.565    -8.60   11.31
-136763.842   159.309   -16.64   12.58
-136387.809   150.170   -24.30   13.92
-136011.777   139.617   -28.07   16.01
-135635.747   133.021   -17.54   15.63
-135259.717   128.822   -11.17   15.21
-134883.689   128.642    -0.48   17.82
-134507.661   135.300    17.71   19.75
-134131.635   144.291    23.91   18.79
-133755.610   149.155    12.94   15.05
-133379.586   152.617     9.21   13.06
-133003.563   157.809    13.81   10.33
-132627.541   162.264    11.85   11.52
-132251.373   170.183    21.05    8.60
-131875.140   171.156     2.59   11.60
-131498.908   167.264   -10.34   17.27
-131122.678   162.760   -11.97   19.52
-130746.448   158.181   -12.17   19.08
-130370.219   160.822     7.02   18.42
-129993.992   165.309    11.93   15.83
-129617.765   167.386     5.52   13.92
-129241.540   167.087    -0.80   11.33
-128865.316   163.432    -9.71   10.49
-128489.092   160.116    -8.81    9.08
-128112.870   161.694     4.19    9.23
-127736.649   163.561     4.96   10.82
-127360.429   167.826    11.34   11.64
-126984.210   173.078    13.96   10.02
-126607.992   174.976     5.04    7.04
-126231.776   175.932     2.54    5.82
-125855.560   173.912    -5.37    7.30
-125479.345   169.831   -10.85    8.11
-125103.131   166.345    -9.27    9.28
-124726.919   165.442    -2.40   11.04
-124350.707   165.411    -0.08   11.91
-123974.497   165.217    -0.52   13.11
-123598.287   163.781    -3.82   12.47
-123222.079   157.242   -17.38   11.86
-122845.872   150.353   -18.31   11.95
-122469.665   141.052   -24.72   13.60
-122093.460   131.326   -25.85   12.73
-121717.256   123.899   -19.74   12.83
-121341.053   112.698   -29.77   16.28
-120964.851   101.858   -28.81   19.05
-120588.650    91.847   -26.61   17.73
-120212.449    80.528   -30.09   15.35
-119836.250    75.565   -13.19   12.91
-119460.052    67.540   -21.33   13.22
-119083.856    60.804   -17.90   12.77
-118707.660    53.669   -18.97    9.65
-118331.465    50.399    -8.69    6.10
-117955.271    53.984     9.53   10.88
-117579.078    63.392    25.01   16.07
-117202.886    73.777    27.61   16.79
-116826.695    84.899    29.56   13.80
-116450.506    91.563    17.72   10.77
-116074.317    94.274     7.21   12.33
-115698.129    94.075    -0.53   13.06
-115321.942    96.367     6.09   13.17
-114945.757   102.300    15.77   14.76
-114569.572   112.726    27.71   15.40
-114193.388   124.885    32.32   16.76
-113817.205   137.114    32.51   11.45
-113441.024   140.514     9.04    8.43
-113064.843   137.540    -7.91   12.15
-112688.663   128.471   -24.11   13.47
-112312.485   116.453   -31.95   14.65
-111936.307   107.696   -23.28   14.24
-111560.130    93.372   -38.08   20.34
-111183.955    81.842   -30.65   21.05
-110807.780    75.075   -17.99   16.42
-110431.606    75.104     0.08   14.20
-110055.433    81.405    16.75   11.21
-109679.262    86.694    14.06    7.90
-109303.091    89.237     6.76    8.22
-108926.921    94.822    14.85   12.06
-108550.752   103.116    22.05   14.98
-108174.585   113.614    27.91   16.20
-107798.418   122.507    23.64   13.03
-107422.252   132.698    27.09   11.38
-107046.087   140.116    19.72   10.09
-106669.923   145.976    15.58    7.77
-106293.760   150.017    10.74    6.15
-105917.598   153.747     9.92    9.00
-105541.437   157.642    10.35   10.71
-105165.277   158.587     2.51   12.51
-104789.118   155.488    -8.24   15.32
-104412.960   155.318    -0.45   15.37
-104036.803   158.745     9.11   15.36
-103660.647   163.463    12.54   13.91
-103284.492   166.924     9.20   10.60
-102908.337   167.561     1.69    7.91
-102532.184   165.537    -5.38    7.95
-102156.032   161.488   -10.76   10.15
-101779.880   154.753   -17.91   10.06
-101403.730   147.750   -18.62   10.83
-101027.580   140.372   -19.62   12.37
-100651.432   130.237   -26.94   11.87
-100275.284   121.011   -24.53   12.08
 -99899.138   117.585    -9.11    9.28
 -99522.992   120.717     8.33   11.48
 -99146.847   127.853    18.97   12.48
 -98770.703   136.114    21.96    9.71
 -98394.561   142.847    17.90    9.40
 -98018.419   148.037    13.80    6.62
 -97642.278   146.642    -3.71    7.31
 -97266.138   141.537   -13.57   10.45
 -96889.998   133.001   -22.69   12.69
 -96513.860   119.156   -36.81   16.47
 -96137.723   109.984   -24.38   14.07
 -95761.587   106.692    -8.75   13.50
 -95385.451   107.499     2.15   15.72
 -95009.317   113.940    17.12   14.72
 -94633.183   117.561     9.63   10.55
 -94257.050   110.075   -19.90   18.25
 -93880.919   102.291   -20.69   18.55
 -93504.788    98.364   -10.44   15.54
 -93128.658   102.770    11.71   18.42
 -92752.529   113.669    28.97   19.22
 -92376.401   126.723    34.71   17.78
 -92000.273   139.052    32.78   15.35
 -91624.147   146.353    19.41   12.05
 -91248.022   152.335    15.90    7.75
 -90871.897   155.399     8.15    5.40
 -90495.774   157.591     5.83    6.24
 -90119.651   162.087    11.95    7.20
 -89743.529   166.379    11.41    6.56
 -89367.408   170.432    10.77    7.03
 -88991.288   170.892     1.22    7.89
 -88615.169   169.283    -4.28    7.74
 -88239.051   168.561    -1.92    6.21
 -87862.934   168.392    -0.45    4.16
 -87486.817   168.372    -0.05    3.74
 -87110.702   167.142    -3.27    4.49
 -86734.587   165.484    -4.41    4.24
 -86358.473   163.078    -6.40    4.15
 -85982.361   161.399    -4.46    5.13
 -85606.249   157.360   -10.74    7.49
 -85230.137   152.565   -12.75   10.17
 -84854.027   144.335   -21.88   11.99
 -84477.918   133.345   -29.22   12.92
 -84101.809   123.873   -25.18   13.83
 -83725.702   111.480   -32.95   14.75
 -83349.595   101.264   -27.16   14.99
 -82973.489    95.696   -14.80   13.77
 -82597.384    94.048    -4.38   13.35
 -82221.280    96.591     6.76   14.75
 -81845.177    96.879     0.77   15.01
 -81469.074    94.726    -5.73   15.68
 -81092.973    93.063    -4.42   15.15
 -80716.872    90.031    -8.06   15.07
 -80340.772    85.247   -12.72   16.33
 -79964.673    81.745    -9.31   16.39
 -79588.575    80.453    -3.43   16.41
 -79212.478    79.142    -3.49   16.28
 -78836.381    81.129     5.28   16.95
 -78460.286    79.924    -3.20   17.31
 -78084.191    79.588    -0.89   17.78
 -77708.097    80.258     1.78   19.89
 -77332.004    81.642     3.68   20.27
 -76955.912    79.345    -6.11   18.60
 -76579.820    70.858   -22.57   19.81
 -76203.730    60.271   -28.15   18.36
 -75827.640    50.745   -25.33   14.26
 -75451.551    45.155   -14.86    6.96
 -75075.463    48.198     8.09   10.42
 -74699.376    57.104    23.68   16.07
 -74323.290    70.003    34.30   16.54
 -73947.204    83.885    36.91   15.27
 -73571.119    95.437    30.72   11.79
 -73195.035   102.800    19.58   10.84
 -72818.952   109.853    18.75    9.98
 -72442.870   112.563     7.21   11.09
 -72066.789   116.967    11.71   12.03
 -71690.708   122.804    15.52   10.38
 -71314.628   127.092    11.40   10.05
 -70938.549   134.258    19.05   10.72
 -70562.471   140.642    16.98    9.71
 -70186.394   146.967    16.82    8.96
 -69810.317   151.726    12.65    7.09
 -69434.241   151.747     0.06    6.21
 -69058.166   146.567   -13.77   11.87
 -68682.092   139.696   -18.27   14.26
 -68306.019   127.817   -31.59   15.32
 -67929.946   115.437   -32.92   13.36
 -67553.875   105.800   -25.63   12.67
 -67177.804    97.642   -21.69    9.82
 -66801.734    94.206    -9.14    9.86
 -66425.664    90.800    -9.06    7.95
 -66049.596    88.392    -6.40    7.92
 -65673.528    83.822   -12.15   10.57
 -65297.461    81.976    -4.91   10.79
 -64921.395    80.917    -2.81   11.45
 -64545.330    83.052     5.68   12.27
 -64169.265    89.281    16.56   10.51
 -63793.201    94.156    12.96   10.89
 -63417.138    96.777     6.97   11.84
 -63041.076    97.142     0.97   11.14
 -62665.014    99.001     4.94   11.23
 -62288.954   102.426     9.11   11.41
 -61912.894   108.514    16.19   10.87
 -61536.834   116.001    19.91   10.71
 -61160.776   120.590    12.20   10.97
 -60784.718   124.912    11.50   11.98
 -60408.662   128.001     8.21   12.91
 -60032.606   130.770     7.36   11.89
 -59656.550   133.503     7.27   11.57
 -59280.496   137.847    11.55   10.23
 -58904.442   143.753    15.71   10.61
 -58528.389   146.353     6.91   10.08
 -58152.336   144.540    -4.82   13.45
 -57776.285   138.048   -17.26   16.16
 -57400.229   127.669   -27.60   14.61
 -57024.030   117.590   -26.79   10.26
 -56647.832   110.318   -19.33   10.64
 -56271.634   105.437   -12.97   10.57
 -55895.438   102.885    -6.78   11.96
 -55519.242    98.104   -12.71   12.67
 -55143.047    94.924    -8.45   12.21
 -54766.853    90.770   -11.04   11.24
 -54390.659    88.615    -5.73   11.53
 -54014.466    88.770     0.41   12.96
 -53638.274    91.326     6.79   13.22
 -53262.083    94.920     9.55   10.52
 -52885.892    92.885    -5.41    9.46
 -52509.702    89.264    -9.63    9.87
 -52133.513    85.291   -10.56    9.59
 -51757.324    82.309    -7.93   10.51
 -51381.137    80.173    -5.68   11.07
 -51004.950    73.488   -17.77   15.48
 -50628.763    68.052   -14.45   14.66
 -50252.578    68.726     1.79   14.79
 -49876.393    75.104    16.96   18.75
 -49500.209    87.858    33.91   17.85
 -49124.025    99.617    31.26   12.31
 -48747.843   105.800    16.44    8.14
 -48371.661   105.616    -0.49    8.87
 -47995.479   101.264   -11.57   11.57
 -47619.299    93.027   -21.90   13.50
 -47243.119    84.899   -21.61   14.66
 -46866.940    73.557   -30.15   15.11
 -46490.761    62.994   -28.08   15.67
 -46114.584    50.967   -31.97   13.66
 -45738.407    41.750   -24.50    9.78
 -45362.230    37.021   -12.57    6.42
 -44986.055    36.083    -2.49    5.76
 -44609.880    40.367    11.39    8.15
 -44233.705    43.001     7.00    7.78
 -43857.532    44.642     4.36    6.84
 -43481.359    45.540     2.39    6.03
 -43105.187    44.774    -2.04    5.21
 -42729.015    43.800    -2.59    4.34
 -42352.845    42.669    -3.01    4.80
 -41976.675    39.591    -8.18    5.68
 -41600.505    37.364    -5.92    5.55
 -41224.336    34.669    -7.17    4.15
 -40848.168    33.052    -4.30    3.90
 -40472.001    32.614    -1.16    3.12
 -40095.834    32.458    -0.42    2.92
 -39719.668    32.967     1.35    2.78
 -39343.503    33.885     2.44    2.40
 -38967.338    33.696    -0.50    2.73
 -38591.174    33.281    -1.10    2.88
 -38215.011    32.360    -2.45    2.99
 -37838.848    30.567    -4.77    3.04
 -37462.686    29.210    -3.61    2.86
 -37086.525    26.567    -7.03    3.89
 -36710.364    23.905    -7.08    4.19
 -36334.204    21.847    -5.47    3.57
 -35958.045    20.879    -2.57    3.29
 -35581.886    21.181     0.80    3.06
 -35205.728    21.670     1.30    2.98
 -34829.571    21.507    -0.43    3.66
 -34453.414    20.958    -1.46    4.98
 -34077.258    18.385    -6.84    6.93
 -33701.102    15.129    -8.66    8.50
 -33324.948    16.565     3.82   11.95
 -32948.793    20.781    11.21   13.86
 -32572.640    26.994    16.52   13.14
 -32196.487    32.614    14.94    7.14
 -31820.335    34.169     4.13    1.78
 -31444.183    33.267    -2.40    2.19
 -31068.032    32.642    -1.66    2.12
 -30691.882    32.463    -0.48    2.36
 -30315.732    32.616     0.41    2.20
 -29939.583    32.826     0.56    2.61
 -29563.435    32.750    -0.20    2.78
 -29187.287    32.617    -0.35    2.96
 -28811.140    32.405    -0.56    2.90
 -28434.993    31.777    -1.67    2.21
 -28058.848    31.480    -0.79    1.92
 -27682.702    34.271     7.42    6.81
 -27306.558    37.283     8.01    8.87
 -26930.413    42.899    14.93    9.54
 -26554.270    47.503    12.24    7.55
 -26178.127    50.696     8.49    4.14
 -25801.985    51.426     1.94    2.51
 -25425.843    50.696    -1.94    2.43
 -25049.702    50.442    -0.68    2.14
 -24673.562    50.534     0.24    2.11
 -24297.422    50.563     0.08    2.14
 -23921.283    50.353    -0.56    2.20
 -23545.145    49.309    -2.78    2.84
 -23169.007    48.615    -1.84    2.43
 -22792.869    48.179    -1.16    2.49
 -22416.732    48.309     0.35    2.27
 -22040.596    49.142     2.22    2.51
 -21664.461    48.831    -0.83    3.41
 -21288.326    48.615    -0.57    3.40
 -20912.191    48.432    -0.49    3.39
 -20536.058    47.129    -3.46    3.37
 -20159.924    47.157     0.07    2.51
 -19783.792    47.027    -0.34    2.60
 -19407.660    46.405    -1.65    3.02
 -19031.528    46.476     0.19    3.16
 -18655.397    45.822    -1.74    3.28
 -18279.267    46.300     1.27    3.16
 -17903.137    45.976    -0.86    2.55
 -17527.008    44.804    -3.11    2.43
 -17150.880    43.899    -2.41    2.78
 -16774.752    42.615    -3.41    2.69
 -16398.624    42.283    -0.88    2.73
 -16022.497    43.001     1.91    3.26
 -15646.371    44.920     5.10    3.56
 -15270.245    46.804     5.01    3.07
 -14894.120    48.156     3.59    3.00
 -14517.996    51.696     9.41    6.28
 -14141.872    58.669    18.54   10.41
 -13765.748    66.226    20.09   11.61
 -13389.625    75.292    24.11   10.27
 -13013.503    82.747    19.82    7.71
 -12637.381    88.561    15.46    7.05
 -12261.260    93.360    12.76    6.30
 -11885.139    96.616     8.66    3.67
 -11509.019    98.642     5.39    2.87
 -11132.899    98.912     0.72    3.19
 -10756.780    97.745    -3.10    5.11
 -10380.662    95.448    -6.11    6.03
 -10004.544    90.232   -13.87    9.28
  -9628.426    84.411   -15.48   12.00
  -9252.309    77.205   -19.16   12.92
  -8876.193    69.858   -19.53   10.61
  -8500.077    62.021   -20.84   10.35
  -8123.962    62.721     1.86    9.06
  -7747.847    63.507     2.09    8.44
  -7371.733    63.210    -0.79    8.15
  -6995.619    60.617    -6.89    9.18
  -6619.506    55.027   -14.86    8.51
  -6243.394    49.300   -15.23    5.48
  -5867.281    46.142    -8.40    4.21
  -5491.170    46.001    -0.37    3.44
  -5115.059    46.232     0.61    3.01
  -4738.948    46.777     1.45    2.51
  -4362.838    47.386     1.62    2.30
  -3986.729    47.198    -0.50    2.51
  -3610.620    45.976    -3.25    2.85
  -3234.511    42.899    -8.18    8.00
  -2858.403    33.205   -25.77   18.05
  -2482.296    19.181   -37.29   21.30
  -2106.189     7.169   -31.94   15.18
  -1730.082     1.129   -16.06    4.27
  -1353.976     0.411    -1.91    2.19
   -977.871     0.503     0.24    2.24
   -601.766     0.514     0.03    2.13
   -225.662     0.195    -0.85    1.20
    150.442     0.021    -0.46    1.04
    526.546     1.155     3.02    4.24
    902.649     3.745     6.89    6.91
   1278.751     6.360     6.95    7.25
   1654.853     8.198     4.89    6.43
   2030.955     8.932     1.95    5.99
   2407.056    10.048     2.97    7.32
   2783.156    12.318     6.04    7.36
   3159.256    14.399     5.53    5.93
   3535.356    15.673     3.39    5.18
   3911.455    16.873     3.19    3.83
   4287.554    17.283     1.09    2.95
   4663.652    18.614     3.54    1.68
   5039.749    19.335     1.91    2.02
   5415.846    20.226     2.37    2.12
   5791.943    21.300     2.86    1.99
   6168.039    22.411     2.95    2.02
   6544.135    22.750     0.90    2.04
   6920.230    23.264     1.37    2.52
   7296.325    24.001     1.96    2.47
   7672.420    25.417     3.77    2.08
   8048.513    26.399     2.61    1.79
   8424.607    26.719     0.85    1.72
   8800.700    27.129     1.09    1.82
   9176.792    27.237     0.29    1.77
   9552.885    26.885    -0.93    2.02
   9928.976    26.985     0.26    1.98
  10305.067    26.905    -0.21    2.13
  10681.158    26.942     0.10    1.99
  11057.248    26.698    -0.65    1.97
  11433.338    26.565    -0.35    1.83
  11809.427    27.021     1.21    1.74
  12185.516    27.274     0.67    1.62
  12561.605    27.873     1.59    1.56
  12937.693    28.432     1.49    1.28
  13313.781    28.614     0.49    1.38
  13689.868    28.800     0.49    1.65
  14065.954    29.232     1.15    2.75
  14442.041    29.364     0.35    3.10
  14818.127    29.463     0.26    3.10
  15194.212    30.142     1.81    3.37
  15570.297    30.885     1.98    3.62
  15946.382    28.723    -5.75    6.42
  16322.466    26.723    -5.32    7.57
  16698.550    25.283    -3.83    8.03
  17074.633    21.847    -9.14    7.20
  17450.716    19.885    -5.22    5.89
  17826.828    20.437     1.47    5.97
  18202.987    21.142     1.87    6.15
  18579.146    23.932     7.42    6.43
  18955.304    25.345     3.76    5.66
  19331.462    24.694    -1.73    5.89
  19707.619    23.853    -2.24    5.48
  20083.776    25.420     4.17    6.07
  20459.933    28.247     7.52    6.18
  20836.089    29.948     4.52    5.16
  21212.245    29.873    -0.20    5.50
  21588.400    30.078     0.55    5.78
  21964.555    30.328     0.66    6.14
  22340.709    32.183     4.93    6.18
  22716.864    34.291     5.60    3.51
  23093.017    34.291     0.00    3.73
  23469.171    34.392     0.27    4.67
  23845.324    34.048    -0.92    5.06
  24221.476    35.221     3.12    4.10
  24597.628    36.405     3.15    3.27
  24973.780    36.591     0.49    3.15
  25349.932    37.615     2.72    2.30
  25726.083    37.873     0.69    2.60
  26102.233    38.169     0.79    2.80
  26478.384    38.364     0.52    2.76
  26854.533    38.048    -0.84    2.97
  27230.683    37.976    -0.19    2.66
  27606.832    38.511     1.42    2.85
  27982.981    38.335    -0.47    3.01
  28359.129    38.642     0.82    2.94
  28735.277    39.326     1.82    2.71
  29111.425    39.615     0.77    2.74
  29487.572    39.559    -0.15    3.06
  29863.719    38.181    -3.66    3.45
  30239.866    37.885    -0.78    3.63
  30616.012    38.129     0.65    3.94
  30992.158    39.155     2.73    3.66
  31368.303    39.984     2.20    4.08
  31744.448    40.669     1.82    4.62
  32120.593    40.796     0.34    4.92
  32496.738    41.155     0.95    4.94
  32872.882    41.531     1.00    4.81
  33249.025    42.453     2.45    4.55
  33625.169    44.750     6.11    4.45
  34001.312    45.237     1.29    4.03
  34377.455    46.142     2.41    3.66
  34753.597    46.899     2.01    3.66
  35129.739    46.317    -1.55    3.53
  35505.881    46.590     0.72    3.75
  35882.022    46.531    -0.16    4.19
  36258.163    48.027     3.98    4.48
  36634.303    48.590     1.50    4.88
  37010.444    50.011     3.78    4.55
  37386.584    51.800     4.76    4.28
  37762.723    53.206     3.74    4.47
  38138.863    57.831    12.30    6.62
  38515.002    61.853    10.69    7.16
  38891.140    65.867    10.67    7.11
  39267.279    69.728    10.26    7.14
  39643.417    72.291     6.81    7.93
  40019.555    73.183     2.37    8.84
  40395.692    75.642     6.54    7.46
  40771.829    75.480    -0.43    7.38
  41147.966    74.587    -2.38    7.62
  41524.102    71.873    -7.21    8.49
  41900.238    70.958    -2.43    8.23
  42276.374    71.885     2.47    8.68
  42652.510    71.694    -0.51    7.77
  43028.645    72.300     1.61    7.33
  43404.780    70.155    -5.70    7.49
  43780.915    67.102    -8.12    5.60
  44157.049    66.463    -1.70    6.16
  44533.183    65.614    -2.26    5.57
  44909.317    65.932     0.84    5.51
  45285.450    64.905    -2.73    5.64
  45661.583    64.486    -1.12    5.19
  46037.716    64.232    -0.68    4.29
  46413.849    65.318     2.89    4.83
  46789.981    67.142     4.85    5.30
  47166.113    69.804     7.08    4.41
  47542.244    70.392     1.56    4.21
  47918.376    70.879     1.29    4.19
  48294.507    70.745    -0.36    3.89
  48670.638    71.588     2.24    4.09
  49046.768    73.617     5.39    5.32
  49422.899    74.309     1.84    5.66
  49799.029    73.437    -2.32    5.63
  50175.158    71.129    -6.14    7.04
  50551.288    68.617    -6.68    5.78
  50927.417    67.102    -4.03    5.03
  51303.546    67.831     1.94    6.51
  51679.675    68.885     2.80    6.82
  52055.803    71.392     6.66    5.99
  52431.931    70.335    -2.81    6.17
  52808.059    68.668    -4.43    5.31
  53184.186    68.837     0.45    5.79
  53560.314    70.063     3.26    6.81
  53936.441    73.059     7.96    6.12
  54312.568    73.142     0.22    5.84
  54688.694    70.847    -6.10    6.22
  55064.821    68.723    -5.65    6.93
  55440.947    67.221    -3.99    7.30
  55817.072    64.770    -6.52    8.94
  56193.198    62.463    -6.14    9.01
  56569.323    61.264    -3.19    8.68
  56945.448    57.770    -9.29    8.10
  57321.573    56.488    -3.41    6.95
  57697.698    57.102     1.63    6.59
  58073.822    60.561     9.20    7.79
  58449.946    64.253     9.82    6.70
  58826.070    64.155    -0.26    6.47
  59202.194    62.719    -3.82    6.52
  59578.317    62.014    -1.88    6.18
  59954.441    61.360    -1.74    5.50
  60330.563    61.531     0.45    5.69
  60706.686    62.892     3.62    5.78
  61082.809    63.129     0.63    5.70
  61458.931    60.853    -6.05    7.05
  61835.053    59.142    -4.55    7.49
  62211.175    58.826    -0.84    7.51
  62587.297    60.317     3.96    7.94
  62963.418    64.003     9.80    6.06
  63339.539    64.892     2.36    5.35
  63715.660    65.326     1.15    5.08
  64091.781    65.364     0.10    5.41
  64467.901    67.237     4.98    4.26
  64844.022    66.453    -2.08    5.27
  65220.142    66.511     0.15    5.61
  65596.262    65.542    -2.57    5.99
  65972.382    64.021    -4.05    6.65
  66348.501    62.042    -5.26    6.38
  66724.620    62.052     0.03    6.53
  67100.740    64.826     7.38    7.72
  67476.859    67.932     8.26    6.44
  67852.977    67.360    -1.52    6.09
  68229.096    65.063    -6.11    6.00
  68605.214    64.781    -0.75    7.80
  68981.332    63.847    -2.48    7.79
  69357.450    62.753    -2.91    7.50
  69733.568    62.192    -1.49    6.36
  70109.686    60.847    -3.58    3.87
  70485.803    61.113     0.71    3.53
  70861.920    62.750     4.35    4.13
  71238.037    63.804     2.80    4.43
  71614.154    64.291     1.29    4.47
  71990.271    65.360     2.84    4.32
  72366.388    65.912     1.47    4.82
  72742.504    64.694    -3.24    5.94
  73118.620    65.104     1.09    6.27
  73494.736    65.458     0.94    5.46
  73870.852    65.156    -0.80    4.54
  74246.968    65.669     1.36    3.16
  74623.083    65.181    -1.30    3.39
  74999.199    64.976    -0.55    3.60
  75375.314    64.745    -0.61    4.41
  75751.429    63.448    -3.45    5.19
  76127.544    62.695    -2.00    5.37
  76503.658    60.950    -4.64    5.79
  76879.773    57.517    -9.13    6.02
  77255.887    56.511    -2.68    7.06
  77632.002    55.800    -1.89    7.49
  78008.116    55.102    -1.86    7.97
  78384.230    56.104     2.66    7.71
  78760.343    57.940     4.88    6.97
  79136.457    58.976     2.75    6.92
  79512.571    59.258     0.75    6.61
  79888.684    60.695     3.82    5.38
  80264.797    61.994     3.45    5.27
  80640.910    62.386     1.04    5.19
  81017.023    63.958     4.18    4.83
  81393.136    63.670    -0.77    5.83
  81769.249    62.453    -3.24    6.88
  82145.361    58.669   -10.06    7.64
  82521.474    58.345    -0.86    8.01
  82897.586    60.480     5.68    8.67
  83273.698    64.830    11.56    6.79
  83649.810    66.463     4.34    3.58
  84025.922    61.591   -12.95    8.77
  84402.034    55.837   -15.30    9.92
  84778.146    47.488   -22.20   10.33
  85154.257    43.048   -11.81    6.64
  85530.369    43.899     2.26    6.30
  85906.480    46.616     7.22    6.83
  86282.591    50.052     9.14    5.72
  86658.703    52.696     7.03    6.20
  87034.814    54.326     4.33    7.03
  87410.925    55.292     2.57    7.27
  87787.035    55.357     0.17    7.68
  88163.146    56.264     2.41    7.71
  88539.257    56.750     1.29    7.09
  88915.367    57.696     2.52    6.90
  89291.477    59.480     4.74    6.11
  89667.588    61.114     4.35    6.31
  90043.698    63.117     5.32    7.09
  90419.808    64.873     4.67    6.99
  90795.918    66.885     5.35    7.08
  91172.028    67.694     2.15    6.52
  91548.138    66.616    -2.87    6.05
  91924.248    65.616    -2.66    6.70
  92300.357    61.090   -12.03    8.48
  92676.467    57.770    -8.82    8.64
  93052.588    54.726    -8.10    6.63
  93428.713    53.958    -2.04    5.52
  93804.838    57.232     8.70    8.70
  94180.962    64.614    19.63   10.48
  94557.087    68.181     9.48    9.73
  94933.212    70.102     5.11    9.95
  95309.336    70.210     0.29    9.95
  95685.460    65.021   -13.80   10.93
  96061.585    59.698   -14.15   10.12
  96437.709    57.360    -6.21    8.80
  96813.833    56.398    -2.56    8.29
  97189.958    57.804     3.74    7.79
  97566.082    61.899    10.89    7.20
  97942.206    64.300     6.38    7.36
  98318.330    65.386     2.89    6.50
  98694.454    67.967     6.86    5.12
  99070.578    68.694     1.93    4.82
  99446.701    69.156     1.23    5.00
  99822.825    69.507     0.93    5.02
 100198.949    66.994    -6.68    6.50
 100575.073    63.525    -9.22    6.74
 100951.196    62.540    -2.62    7.66
 101327.320    62.155    -1.02    7.94
 101703.443    59.499    -7.06   10.53
 102079.567    51.750   -20.60   12.78
 102455.690    47.531   -11.22    9.82
 102831.814    50.537     7.99   10.38
 103207.937    53.317     7.39    9.30
 103584.060    54.777     3.88    8.00
 103960.184    53.090    -4.49    9.05
 104336.307    50.800    -6.09    8.44
 104712.430    51.247     1.19    8.72
 105088.553    54.750     9.31   10.61
 105464.677    60.042    14.07   12.00
 105840.800    65.616    14.82   10.17
 106216.923    67.318     4.53    9.79
 106593.046    68.480     3.09    9.02
 106969.169    69.559     2.87    7.96
 107345.292    70.745     3.15    6.58
 107721.415    70.899     0.41    5.94
 108097.538    71.957     2.81    6.13
 108473.661    74.511     6.79    6.87
 108849.784    76.399     5.02    8.16
 109225.907    79.031     7.00    8.86
 109602.030    80.129     2.92    8.23
 109978.153    81.075     2.51    8.29
 110354.276    83.326     5.99    7.29
 110730.399    81.379    -5.18    9.47
 111106.522    77.842    -9.40   10.64
 111482.645    75.885    -5.20   10.08
 111858.768    72.817    -8.16    8.86
 112234.891    68.822   -10.62    7.03
 112611.014    66.809    -5.35    6.12
 112987.137    69.426     6.96    8.07
 113363.260    71.669     5.96    8.59
 113739.383    72.642     2.59    8.45
 114115.506    71.386    -3.34    7.77
 114491.629    70.781    -1.61    7.82
 114867.752    67.386    -9.03    8.80
 115243.875    64.195    -8.48    8.88
 115619.998    60.642    -9.45   10.58
 115996.122    56.719   -10.43   10.20
 116372.245    53.642    -8.18    8.34
 116748.368    50.984    -7.07    7.06
 117124.491    49.753    -3.27    7.91
 117500.614    49.052    -1.86    7.19
 117876.737    48.426    -1.67    5.66
 118252.861    49.283     2.28    4.88
 118628.984    47.360    -5.11    5.58
 119005.107    43.899    -9.20    4.53
 119381.231    44.183     0.75    5.24
 119757.354    43.804    -1.01    4.71
 120133.477    45.102     3.45    5.13
 120509.601    47.750     7.04    5.42
 120885.724    49.003     3.33    5.36
 121261.848    50.228     3.25    4.83
 121637.972    52.540     6.15    5.13
 122014.095    53.372     2.21    4.94
 122390.219    56.063     7.16    7.06
 122766.343    59.800     9.94    9.14
 123142.467    63.719    10.42    8.69
 123518.590    66.534     7.48    7.97
 123894.714    65.052    -3.94    8.04
 124270.838    61.253   -10.10    5.96
 124646.962    58.155    -8.24    7.02
 125023.086    58.027    -0.34    7.89
 125399.210    58.423     1.05    7.75
 125775.335    60.210     4.75    8.39
 126151.459    61.588     3.66    8.31
 126527.583    64.291     7.19    8.39
 126903.708    66.326     5.41    7.54
 127279.832    68.994     7.09    7.33
 127655.957    70.104     2.95    7.21
 128032.081    69.694    -1.09    8.28
 128408.206    69.534    -0.42    8.48
 128784.331    68.048    -3.95    9.15
 129160.456    69.796     4.65    9.09
 129536.581    69.129    -1.77    8.95
 129912.706    66.345    -7.40    9.25
 130288.831    63.052    -8.75   10.11
 130664.956    58.129   -13.09    7.98
 131041.081    57.912    -0.57    7.81
 131417.206    53.826   -10.86    7.95
 131793.332    53.173    -1.74    7.65
 132169.457    53.488     0.84    7.11
 132545.583    52.617    -2.32    6.20
 132921.709    56.587    10.56    7.77
 133297.835    62.950    16.92    9.24
 133673.961    65.114     5.75    9.28
 134050.087    67.796     7.13    9.93
 134426.213    68.669     2.32   10.19
 134802.339    69.723     2.80   11.58
 135178.465    69.210    -1.37   12.72
 135554.592    66.360    -7.58   11.58
 135930.718    64.027    -6.20    9.71
 136306.845    63.003    -2.72    9.56
 136682.972    64.090     2.89    9.58
 137059.099    68.695    12.24   11.41
 137435.226    72.210     9.35   10.97
 137811.353    75.534     8.84   10.92
 138187.480    77.985     6.52    8.72
 138563.607    75.719    -6.02    7.89
 138939.735    72.899    -7.50    5.93
 139315.862    70.476    -6.44    7.25
 139691.990    69.258    -3.24    8.52
 140068.118    68.114    -3.04    7.90
 140444.246    67.853    -0.70    6.31
 140820.374    69.950     5.58    6.51
 141196.502    72.879     7.79    6.94
 141572.631    74.858     5.26    7.74
 141948.759    76.958     5.58    7.71
 142324.888    79.317     6.27    7.27
 142701.017    78.912    -1.08    6.33
 143077.145    77.976    -2.49    5.90
 143453.275    77.804    -0.46    5.57
 143829.404    77.940     0.36    4.33
 144205.533    77.318    -1.65    3.92
 144581.663    76.442    -2.33    4.99
 144957.792    75.104    -3.56    5.09
 145333.922    75.292     0.50    5.26
 145710.052    76.912     4.31    6.11
 146086.182    78.717     4.80    6.26
 146462.312    80.432     4.56    5.84
 146838.443    81.011     1.54    5.86
 147214.573    81.075     0.17    5.76
 147590.704    80.463    -1.63    5.69
 147966.835    78.476    -5.28    7.02
 148342.966    73.588   -12.99    7.98
 148719.097    71.879    -4.54    7.23
 149095.229    71.099    -2.07    6.65
 149471.360    74.847     9.96    8.65
 149847.492    80.488    15.00    9.11
 150223.624    81.753     3.36    8.58
 150599.756    82.858     2.94    7.88
 150975.888    80.804    -5.46    8.47
 151352.021    77.669    -8.34    6.93
 151728.154    75.292    -6.32    4.92
 152104.286    75.912     1.65    4.31
 152480.419    78.847     7.80    4.77
 152856.552    80.458     4.28    4.84
 153232.686    79.300    -3.08    5.39
 153608.819    77.426    -4.98    4.50
 153984.953    77.667     0.64    5.33
 154361.087    79.063     3.71    6.78
 154737.221    84.142    13.50    8.42
 155113.355    87.696     9.45    8.09
 155489.490    87.448    -0.66    8.83
 155865.625    86.309    -3.03    9.15
 156241.760    84.232    -5.52    8.15
 156617.895    83.730    -1.33    7.31
 156994.030    85.372     4.36    5.47
 157370.166    83.967    -3.74    5.62
 157746.301    82.831    -3.02    5.76
 158122.437    81.206    -4.32    5.40
 158498.573    80.777    -1.14    6.09
 158874.710    78.463    -6.15    8.19
 159250.846    75.847    -6.95    7.60
 159626.983    75.129    -1.91    6.07
 160003.120    76.561     3.81    6.74
 160379.257    78.569     5.34    5.99
 160755.395    82.090     9.36    7.65
 161131.532    85.226     8.34    8.29
 161507.670    86.237     2.69    7.45
 161883.808    85.309    -2.47    7.97
 162259.947    81.642    -9.75    7.53
 162636.085    79.027    -6.95    5.52
 163012.224    76.551    -6.58    4.06
 163388.363    75.847    -1.87    3.39
 163764.502    75.011    -2.22    3.93
 164140.642    74.864    -0.39    4.44
 164516.781    75.360     1.32    5.16
 164892.921    76.264     2.40    5.33
 165269.061    75.104    -3.08    5.51
 165645.202    73.984    -2.98    6.33
 166021.343    73.796    -0.50    6.40
 166397.483    72.453    -3.57    6.20
 166773.625    73.617     3.09    5.99
 167149.766    72.992    -1.66    6.51
 167525.908    71.670    -3.52    7.09
 167902.044    70.048    -4.31    6.51
 168278.131    70.831     2.08    7.54
 168654.218    74.399     9.49    8.36
 169030.305    79.021    12.29    7.90
 169406.393    79.185     0.44    7.88
 169782.481    80.517     3.54    7.30
 170158.569    81.800     3.41    7.37
 170534.657    83.561     4.68    7.22
 170910.746    85.052     3.97    6.65
 171286.835    84.300    -2.00    7.02
 171662.924    83.984    -0.84    6.93
 172039.013    83.156    -2.20    6.32
 172415.103    83.360     0.54    5.88
 172791.193    84.003     1.71    5.14
 173167.283    85.027     2.72    5.88
 173543.374    85.642     1.64    5.36
 173919.465    85.923     0.75    5.51
 174295.556    87.426     4.00    6.09
 174671.647    86.912    -1.37    6.92
 175047.739    85.426    -3.95    7.51
 175423.831    83.399    -5.39    7.85
 175799.923    81.364    -5.41    5.74
 176176.015    80.511    -2.27    5.12
 176552.108    79.052    -3.88    5.50
 176928.201    79.037    -0.04    5.42
 177304.295    79.853     2.17    5.84
 177680.388    80.847     2.64    5.54
 178056.482    82.796     5.18    5.58
 178432.577    84.021     3.26    6.03
 178808.671    84.796     2.06    6.68
 179184.766    86.837     5.43    6.46
 179560.861    87.879     2.77    6.54
 179936.957    90.300     6.44    6.59
 180313.053    90.736     1.16    5.44
 180689.149    88.873    -4.95    6.64
 181065.245    86.090    -7.40    7.93
 181441.342    82.048   -10.75    7.88
 181817.439    79.129    -7.76    8.08
 182193.536    76.420    -7.20    7.25
 182569.634    75.353    -2.84    6.24
 182945.732    74.563    -2.10    5.81
 183321.830    73.453    -2.95    6.35
 183697.929    74.155     1.87    6.05
 184074.028    75.283     3.00    7.96
 184450.127    79.642    11.59    9.97
 184826.227    86.183    17.39    9.41
 185202.327    88.976     7.43    8.73
 185578.427    89.183     0.55   10.59
 185954.528    88.507    -1.80   12.44
 186330.629    88.291    -0.57   12.89
 186706.730    89.945     4.40   11.93
 187082.832    89.514    -1.15   10.37
 187458.934    84.950   -12.14   11.15
 187835.036    82.698    -5.99   10.27
 188211.139    84.232     4.08   12.20
 188587.241    87.809     9.51   11.69
 188963.345    91.011     8.51    8.25
 189339.448    89.283    -4.59    9.39
 189715.553    84.642   -12.34    8.35
 190091.657    83.958    -1.82    8.09
 190467.762    83.309    -1.73    7.44
 190843.867    86.067     7.33    8.16
 191219.972    87.561     3.97    9.01
 191596.078    88.719     3.08    8.85
 191972.184    90.232     4.02    8.77
 192348.291    88.559    -4.45    7.50
 192724.397    85.642    -7.75    6.66
 193100.505    86.364     1.92    7.64
 193476.612    88.247     5.01    7.93
 193852.720    89.867     4.31    7.77
 194228.829    90.226     0.95    6.82
 194604.937    90.267     0.11    6.14
 194981.046    88.588    -4.46    6.15
 195357.156    87.723    -2.30    6.92
 195733.266    87.537    -0.50    8.88
 196109.376    87.090    -1.19    9.93
 196485.486    89.372     6.07   10.19
 196861.597    87.226    -5.71   11.72
 197237.709    84.463    -7.35   11.21
 197613.820    83.864    -1.59   11.53
 197989.933    83.817    -0.13   10.78
 198366.045    86.169     6.25    8.60
 198742.158    87.420     3.33    8.45
 199118.271    88.426     2.67    6.85
 199494.385    86.142    -6.07    5.61
 199870.499    86.514     0.99    6.16
 200246.613    86.617     0.27    6.41
 200622.728    87.940     3.52    7.61
 200998.843    88.467     1.40    8.37
 201374.959    84.950    -9.35    9.26
 201751.075    81.195    -9.98   10.37
 202127.192    78.561    -7.00    8.77
 202503.309    76.591    -5.24    8.65
 202879.426    76.405    -0.49    8.86
 203255.544    78.809     6.39   10.96
 203631.662    78.155    -1.74    9.64
 204007.780    78.031    -0.33    9.32
 204383.899    75.540    -6.62    9.72
 204760.018    73.873    -4.43    8.78
 205136.138    75.854     5.27   11.74
 205512.258    78.912     8.13   13.14
 205888.379    79.642     1.94   11.69
 206264.500    79.994     0.93    8.68
 206640.621    81.232     3.29    8.06
 207016.743    82.237     2.67    7.85
 207392.866    80.514    -4.58    9.35
 207768.988    78.873    -4.36    8.76
 208145.111    77.899    -2.59    7.46
 208521.235    77.075    -2.19    8.40
 208897.359    75.563    -4.02    8.45
 209273.483    72.669    -7.70    8.92
 209649.608    70.170    -6.64    8.85
 210025.734    69.102    -2.84    9.22
 210401.859    66.967    -5.68    8.27
 210777.986    66.345    -1.65    7.47
 211154.112    66.283    -0.16    7.43
 211530.239    65.361    -2.45    7.39
 211906.367    62.563    -7.44    8.77
 212282.495    62.037    -1.40    9.12
 212658.624    62.448     1.09    8.87
 213034.752    63.258     2.15    9.41
 213410.882    63.561     0.81   10.06
 213787.012    66.719     8.40    8.45
 214163.142    69.001     6.07    6.03
 214539.273    68.169    -2.21    6.63
 214915.404    63.940   -11.24    9.30
 215291.535    61.309    -6.99    8.66
 215667.668    59.488    -4.84    8.16
 216043.800    59.114    -0.99    8.25
 216419.933    58.426    -1.83    9.04
 216796.067    55.642    -7.40   10.89
 217172.201    54.669    -2.59   12.70
 217548.335    51.183    -9.27   11.79
 217924.470    48.585    -6.91   11.01
 218300.606    48.792     0.55   10.83
 218676.742    48.104    -1.83   10.64
 219052.878    46.364    -4.62    9.64
 219429.015    44.437    -5.12    8.51
 219805.152    43.021    -3.77    8.52
 220181.290    43.932     2.42   10.94
 220557.428    46.011     5.53   11.95
 220933.567    47.617     4.27   12.23
 221309.706    49.372     4.67   11.46
 221685.846    51.695     6.18   10.75
 222061.986    53.792     5.58    9.95
 222438.127    55.014     3.25   10.88
 222814.269    56.642     4.33    9.83
 223190.410    56.345    -0.79    9.33
 223566.553    55.291    -2.80   10.21
 223942.695    55.940     1.72    9.94
 224318.839    55.198    -1.97    9.51
 224694.982    55.360     0.43   10.38
 225071.127    54.719    -1.70   11.59
 225447.271    54.912     0.51   10.62
 225823.417    54.745    -0.45   11.52
 226199.563    54.037    -1.88   11.64
 226575.709    52.104    -5.14   11.97
 226951.856    48.561    -9.42   12.89
 227328.003    46.694    -4.97   12.25
 227704.151    45.809    -2.35   13.01
 228080.299    47.090     3.40   14.37
 228456.448    49.001     5.08   14.72
 228832.598    47.378    -4.32   12.63
 229208.748    44.796    -6.86   11.61
 229584.898    42.399    -6.37   10.34
 229961.049    43.003     1.61   12.26
 230337.201    42.453    -1.46   13.21
 230713.353    43.559     2.94   13.90
 231089.505    47.721    11.07   14.83
 231465.659    51.496    10.04   13.24
 231841.812    56.480    13.25   10.05
 232217.967    51.822   -12.38   10.62
 232594.121    49.774    -5.44    9.69
 232970.277    50.463     1.83    9.78
 233346.432    51.399     2.49    9.58
 233722.589    51.692     0.78   10.02
 234098.746    49.967    -4.59    9.87
 234474.903    50.940     2.59    9.39
 234851.061    52.858     5.10   11.07
 235227.220    57.871    13.33   11.18
 235603.379    62.540    12.41   11.19
 235979.539    65.104     6.82   11.70
 236355.699    68.503     9.04   10.46
 236731.860    70.237     4.61   10.95
 237108.021    70.281     0.12   10.86
 237484.183    68.669    -4.29   11.00
 237860.346    66.042    -6.98    9.59
 238236.509    65.075    -2.57   11.59
 238612.672    63.537    -4.09   11.83
 238988.837    62.247    -3.43   12.62
 239365.001    57.976   -11.36   12.48
 239741.167    53.318   -12.38    9.60
 240117.333    52.842    -1.26    9.00
 240493.499    51.774    -2.84    8.57
 240869.666    51.696    -0.21    9.16
 241245.834    52.940     3.31    9.42
 241622.002    49.809    -8.32    8.34
 241998.171    49.360    -1.19    8.94
 242374.340    48.873    -1.30   10.43
 242750.510    45.271    -9.58   10.83
 243126.628    40.405   -12.94   12.33
 243502.686    37.345    -8.14   12.74
 243878.745    35.392    -5.19   10.86
 244254.805    37.642     5.98   11.41
 244630.865    43.885    16.60   11.39
 245006.925    46.514     6.99   11.05
 245382.986    48.142     4.33   11.28
 245759.048    50.242     5.58   11.69
 246135.111    51.003     2.02    9.85
 246511.174    54.442     9.14   10.20
 246887.237    54.976     1.42   11.04
 247263.301    55.814     2.23   10.18
 247639.366    59.048     8.60    8.13
 248015.432    61.831     7.40    8.08
 248391.498    64.669     7.55    9.09
 248767.564    66.984     6.16    9.37
 249143.631    69.940     7.86   10.71
 249519.699    71.092     3.07   12.00
 249895.768    68.669    -6.44   13.24
 250271.837    68.804     0.36   12.84
 250647.907    66.826    -5.26   12.40
 251023.977    65.617    -3.22   13.24
 251400.048    67.669     5.46   14.69
 251776.120    68.142     1.26   16.49
 252152.192    63.437   -12.51   16.40
 252528.265    61.364    -5.51   14.02
 252904.338    64.232     7.62   13.41
 253280.412    64.745     1.36   12.97
 253656.487    67.585     7.55   10.37
 254032.562    68.264     1.80   10.30
 254408.638    67.183    -2.87   11.13
 254784.715    63.721    -9.20   11.99
 255160.792    63.405    -0.84   11.47
 255536.870    61.420    -5.28   10.64
 255912.949    59.488    -5.14   10.96
 256289.028    61.565     5.52   11.57
 256665.108    63.075     4.01   11.42
 257041.188    67.291    11.21   13.42
 257417.270    76.642    24.87   14.69
 257793.351    84.488    20.86   17.43
 258169.434    92.142    20.35   15.93
 258545.517    95.001     7.60   14.50
 258921.601    93.642    -3.61   15.95
 259297.685    92.774    -2.31   14.75
 259673.770    91.360    -3.76   14.89
 260049.856    83.673   -20.44   17.04
 260425.943    80.063    -9.60   16.05
 260802.030    75.264   -12.76   14.85
 261178.117    72.994    -6.04   14.34
 261554.206    76.104     8.27   14.52
 261930.295    76.940     2.22   14.00
 262306.385    80.001     8.14   13.77
 262682.475    80.463     1.23   12.73
 263058.566    76.747    -9.88   16.80
 263434.658    72.399   -11.56   18.76
 263810.751    66.232   -16.40   16.53
 264186.844    65.924    -0.82   15.77
 264562.938    69.804    10.32   18.88
 264939.032    69.116    -1.83   20.59
 265315.128    69.453     0.90   20.21
 265691.223    66.561    -7.69   17.97
 266067.320    62.994    -9.49   15.69
 266443.417    59.205   -10.07   14.35
 266819.515    60.745     4.09   13.40
 267195.614    61.232     1.30   14.60
 267571.713    61.337     0.28   13.88
 267947.813    65.181    10.22   13.61
 268323.914    65.048    -0.35   13.65
 268700.016    64.206    -2.24   12.38
 269076.118    64.800     1.58   12.56
 269452.221    64.195    -1.61   12.35
 269828.324    64.723     1.41   11.52
 270204.429    67.540     7.49   14.72
 270580.534    70.867     8.85   17.70
 270956.639    72.476     4.28   16.94
 271332.746    71.804    -1.78   14.52
 271708.853    72.561     2.01   11.99
 272084.961    75.237     7.11   14.15
 272461.069    77.858     6.97   12.34
 272837.179    78.357     1.32   14.65
 273213.289    79.617     3.35   13.37
 273589.400    79.001    -1.64   12.71
 273965.511    79.777     2.06   12.14
 274341.623    80.847     2.84   17.12
 274717.736    83.531     7.14   19.83
 275093.850    82.063    -3.90   18.81
 275469.964    84.796     7.27   18.44
 275846.079    84.796     0.00   16.39
 276222.195    87.809     8.01   16.19
 276598.312    89.300     3.96   15.67
 276974.429    92.129     7.52   15.48
 277350.547    88.837    -8.75   13.26
 277726.666    90.873     5.41   12.24
 278102.785    95.291    11.75   12.86
 278478.906    98.426     8.34   11.45
 278855.027   105.588    19.04   16.41
 279231.149   107.920     6.20   19.00
 279607.271   117.181    24.62   20.08
 279983.394   119.467     6.08   20.79
 280359.518   118.291    -3.13   19.40
 280735.643   115.542    -7.31   16.92
 281111.769   107.800   -20.58   16.15
 281487.895   102.052   -15.28   16.18
 281864.022   100.210    -4.90   14.64
 282240.150    95.540   -12.42   13.59
 282616.279    94.448    -2.90   14.00
 282992.408    94.912     1.24   13.29
 283368.538    90.300   -12.26   14.27
 283744.669    87.071    -8.59   12.45
 284120.801    87.078     0.02   11.70
 284496.933    85.591    -3.95   12.34
 284873.066    91.559    15.87   11.80
 285249.200    93.345     4.75   11.94
 285625.335    98.048    12.50   14.36
 286001.471   106.669    22.92   15.39
 286377.607   113.617    18.47   13.04
 286753.744   115.372     4.67   11.80
 287129.882   114.873    -1.33   12.28
 287506.021   111.142    -9.92   15.57
 287882.160   101.405   -25.89   18.12
 288258.300    95.534   -15.61   16.35
 288634.442    91.742   -10.08   13.38
 289010.583    92.958     3.23   13.02
 289386.726    97.102    11.02   12.29
 289762.869    97.345     0.65   11.69
 290139.014    93.928    -9.08   11.82
 290515.159    89.719   -11.19   11.49
 290891.305    88.899    -2.18   12.38
 291267.451    89.299     1.07   13.35
 291643.599    84.156   -13.67   14.14
 292019.747    83.453    -1.87   13.92
 292395.896    84.129     1.80   13.69
 292772.046    85.668     4.09   14.15
 293148.196    89.777    10.93   13.00
 293524.348    93.950    11.09   14.08
 293900.500    89.905   -10.75   13.75
 294276.653    87.232    -7.11   13.84
 294652.807    88.075     2.24   11.94
 295028.962    88.325     0.67   10.60
 295405.117    92.847    12.02   11.81
 295781.274    98.948    16.22   14.54
 296157.431    96.210    -7.28   14.28
 296533.589    94.967    -3.31   14.63
 296909.748    97.075     5.60   16.38
 297285.908    96.642    -1.15   16.68
 297662.068   100.436    10.09   17.31
 298038.229   100.745     0.82   15.53
 298414.392    94.274   -17.20   15.69
 298790.555    88.476   -15.41   13.39
 299166.719    89.104     1.67   12.33
 299542.883    90.561     3.87   12.71
 299919.049    95.063    11.97   15.21
 300295.215    99.221    11.05   15.80
 300671.382   104.206    13.25   15.54
 301047.550   105.940     4.61   14.66
 301423.719    99.155   -18.04   15.19
 301799.889    92.492   -17.71   14.46
 302176.060    91.087    -3.74   12.90
 302552.231    92.561     3.92   14.56
 302928.404    96.102     9.41   14.87
 303304.577    97.696     4.24   15.51
 303680.751    96.237    -3.88   15.09
 304056.926    96.503     0.71   15.65
 304433.101   102.292    15.39   20.14
 304809.278   106.458    11.07   20.83
 305185.456   108.345     5.02   20.31
 305561.634   109.719     3.65   17.78
 305937.813   115.484    15.33   19.10
 306313.993   117.458     5.25   19.77
 306690.174   121.021     9.47   19.70
 307066.356   126.668    15.01   18.29
 307442.539   136.031    24.89   19.31
 307818.722   144.232    21.80   18.81
 308194.907   149.027    12.75   14.86
 308571.092   148.986    -0.11   17.24
 308947.278   142.885   -16.22   19.51
 309323.466   131.507   -30.25   20.10
 309699.654   128.507    -7.97   17.08
 310075.842   129.129     1.65   16.32
 310452.032   133.420    11.41   18.14
 310828.223   144.379    29.13   17.02
 311204.414   150.104    15.22   14.76
 311580.607   152.116     5.35   14.23
 311956.800   146.774   -14.20   15.70
 312332.994   142.437   -11.53   16.93
 312709.190   142.104    -0.89   15.89
 313085.386   142.075    -0.08   14.07
 313461.583   140.591    -3.94   15.97
 313837.780   134.642   -15.81   16.60
 314213.979   129.984   -12.38   16.31
 314590.179   131.353     3.64   16.88
 314966.379   127.892    -9.20   18.29
 315342.581   127.437    -1.21   20.62
 315718.783   130.379     7.82   21.17
 316094.986   125.264   -13.60   18.12
 316471.191   117.750   -19.97   16.26
 316847.396   111.114   -17.64   19.51
 317223.602   108.879    -5.94   17.16
 317599.809   108.326    -1.47   16.35
 317976.017   115.615    19.37   15.25
 318352.067   121.258    15.00   12.03
 318728.088   124.617     8.93   15.01
 319104.109   122.719    -5.05   16.84
 319480.131   117.588   -13.65   15.45
 319856.154   114.437    -8.38   15.33
 320232.178   109.777   -12.39   15.17
 320608.203   101.695   -21.50   17.36
 320984.229    98.615    -8.19   14.72
 321360.255    98.642     0.07   14.50
 321736.283   102.745    10.91   17.50
 322112.312   110.770    21.34   18.73
 322488.341   112.142     3.65   19.80
 322864.372   113.411     3.38   19.62
 323240.403   113.614     0.54   19.37
 323616.436   112.027    -4.22   20.23
 323992.469   112.386     0.95   18.85
 324368.504   113.831     3.84   19.99
 324744.539   120.169    16.85   20.58
 325120.575   125.540    14.28   18.84
 325496.612   123.717    -4.85   17.01
 325872.650   116.696   -18.67   13.52
 326248.690   116.719     0.06   13.75
 326624.730   122.747    16.03   14.37
 327000.771   123.967     3.24   13.88
 327376.813   132.345    22.28   17.04
 327752.856   140.003    20.37   16.65
 328128.900   144.169    11.08   17.43
 328504.944   144.267     0.26   18.10
 328880.990   140.503   -10.01   20.28
 329257.037   135.335   -13.75   19.61
 329633.085   129.281   -16.10   16.70
 330009.134   131.747     6.56   17.07
 330385.183   131.617    -0.35   17.14
 330761.234   123.695   -21.07   18.96
 331137.286   118.264   -14.44   17.87
 331513.339   111.774   -17.26   16.12
 331889.392   108.242    -9.39   14.40
 332265.447   115.476    19.24   15.04
 332641.502   118.411     7.81   15.32
 333017.559   119.721     3.48   15.29
 333393.617   123.669    10.50   15.02
 333769.675   129.048    14.30   12.32
 334145.735   128.892    -0.41   10.37
 334521.796   126.155    -7.28   11.94
 334897.857   122.717    -9.14   12.82
 335273.920   122.210    -1.35   15.24
 335649.983   118.417   -10.09   15.53
 336026.048   119.195     2.07   17.59
 336402.114   121.669     6.58   18.17
 336778.180   126.237    12.15   18.58
 337154.248   132.258    16.01   16.28
 337530.316   129.480    -7.39   19.49
 337906.386   122.059   -19.73   20.05
 338282.457   118.511    -9.44   17.84
 338658.528   119.260     1.99   16.81
 339034.601   119.090    -0.45   15.15
