-265527.320   300.112     0.00   15.34
-265151.248   290.421   -25.77   19.15
-264775.179   280.648   -25.99   20.16
-264399.113   264.144   -43.89   28.20
-264023.050   244.708   -51.69   33.62
-263646.990   229.492   -40.46   28.16
-263270.933   218.041   -30.45   13.55
-262894.879   223.631    14.87   18.43
-262518.828   247.887    64.51   43.77
-262142.780   281.374    89.06   68.58
-261766.735   311.907    81.20   64.60
-261390.693   302.721   -24.43   46.11
-261014.654   288.315   -38.31   25.91
-260638.618   277.175   -29.63   21.35
-260262.585   276.631    -1.45   20.57
-259886.555   279.381     7.31   19.57
-259510.528   277.281    -5.58   19.03
-259134.505   272.631   -12.37   18.86
-258758.484   266.613   -16.01   13.69
-258382.466   259.342   -19.34   18.89
-258006.451   254.148   -13.81   29.63
-257630.440   243.810   -27.50   36.20
-257254.431   234.686   -24.27   37.39
-256878.425   223.374   -30.09   31.78
-256502.422   214.686   -23.11   25.98
-256126.422   210.733   -10.51   25.20
-255750.426   206.067   -12.41   26.65
-255374.432   198.964   -18.89   23.78
-254998.441   197.829    -3.02   21.70
-254622.453   195.234    -6.90   22.21
-254246.469   191.227   -10.66   24.84
-253870.487   193.359     5.67   29.62
-253494.508   192.047    -3.49   32.25
-253118.532   183.272   -23.34   26.18
-252742.559   177.015   -16.64   25.45
-252366.589   171.913   -13.57   23.98
-251990.622   175.613     9.84   29.58
-251614.658   178.622     8.00   30.82
-251238.698   176.631    -5.30   29.56
-250862.740   176.047    -1.55   25.37
-250486.785   167.964   -21.50   22.16
-250110.833   153.936   -37.31   19.45
-249734.884   144.175   -25.97   14.56
-249358.937   139.579   -12.22   12.34
-248982.994   145.152    14.82   21.69
-248607.054   161.559    43.65   29.71
-248231.117   191.885    80.67   38.14
-247855.183   211.667    52.62   38.23
-247479.251   221.426    25.96   38.42
-247103.323   228.153    17.90   36.62
-246727.398   233.579    14.43   33.22
-246351.475   244.272    28.44   26.64
-245975.556   254.118    26.19   25.32
-245599.639   258.234    10.95   24.93
-245223.726   256.503    -4.61   24.33
-244847.815   257.708     3.21   19.57
-244471.908   254.714    -7.96   13.46
-244096.003   257.374     7.08   14.17
-243720.101   281.153    63.26   44.66
-243344.202   322.254   109.34   81.12
-242968.306   366.836   118.61   90.91
-242592.413   384.620    47.31   86.41
-242216.523   346.885  -100.39   94.14
-241840.636   298.701  -128.19   74.42
-241464.752   259.829  -103.42   33.72
-241088.871   235.938   -63.56   24.46
-240712.992   218.532   -46.31   24.90
-240337.117   202.272   -43.26   25.03
-239961.245   187.733   -38.68   13.22
-239585.375   188.503     2.05   17.46
-239209.508   200.018    30.64   31.53
-238833.645   228.733    76.40   49.68
-238457.784   295.464   177.55   94.51
-238081.926   350.159   145.53   93.42
-237706.071   378.099    74.34   82.64
-237330.219   390.451    32.86   79.15
-236954.370   381.938   -22.65   81.44
-236578.524   397.246    40.73   83.97
-236202.680   435.214   101.03   72.45
-235826.840   430.517   -12.50   84.64
-235451.002   402.938   -73.38  103.01
-235075.168   355.478  -126.29   97.91
-234699.336   299.246  -149.63   74.34
-234323.507   277.018   -59.15   56.08
-233947.681   275.451    -4.17   34.89
-233571.858   276.708     3.34   22.54
-233196.038   274.195    -6.69   22.30
-232820.221   269.964   -11.26   31.06
-232444.139   257.400   -33.41   35.19
-232067.748   243.785   -36.18   36.94
-231691.359   229.520   -37.90   35.59
-231314.974   213.153   -43.49   23.84
-230938.592   199.306   -36.79   18.14
-230562.212   204.802    14.60   33.48
-230185.835   236.528    84.30   64.09
-229809.462   269.902    88.68   64.89
-229433.091   279.144    24.56   52.04
-229056.723   282.964    10.15   53.04
-228680.358   276.797   -16.39   49.87
-228303.995   284.246    19.79   61.05
-227927.636   287.640     9.02   53.75
-227551.279   288.400     2.02   41.84
-227174.926   274.385   -37.24   30.21
-226798.575   276.833     6.50   26.48
-226422.227   295.517    49.65   43.85
-226045.882   321.426    68.85   68.15
-225669.540   362.708   109.70   80.07
-225293.201   412.370   131.97   66.05
-224916.864   425.613    35.19   64.47
-224540.531   395.148   -80.95   83.90
-224164.200   369.721   -67.57   95.85
-223787.872   314.451  -146.87   88.07
-223411.547   261.199  -141.51   40.89
-223035.225   243.041   -48.25   26.66
-222658.906   231.144   -31.62   22.64
-222282.589   218.881   -32.59   17.83
-221906.276   215.913    -7.89   26.08
-221529.965   209.045   -18.25   18.94
-221153.657   212.938    10.35   21.37
-220777.352   212.280    -1.75   21.70
-220401.050   210.810    -3.91   20.53
-220024.750   213.099     6.08   20.41
-219648.454   213.297     0.53   17.49
-219272.160   237.159    63.42   48.59
-218895.869   294.631   152.74   91.95
-218519.581   380.938   229.38  125.44
-218143.296   464.675   222.54   95.60
-217767.014   486.261    57.37   68.11
-217390.734   428.234  -154.22  106.84
-217014.458   347.136  -215.54  108.89
-216638.184   304.887  -112.29   76.39
-216261.913   288.605   -43.27   48.39
-215885.644   295.856    19.27   52.78
-215509.379   295.374    -1.28   53.43
-215133.116   279.047   -43.39   42.83
-214756.857   297.438    48.88   52.98
-214380.600   332.554    93.33   77.34
-214004.345   386.543   143.50   79.01
-213628.094   424.099    99.82   64.94
-213251.846   444.041    53.00   59.51
-212875.600   453.314    24.65   62.42
-212499.357   452.667    -1.72   54.68
-212123.117   433.989   -49.65   69.68
-211746.879   420.559   -35.70   68.43
-211370.645   398.370   -58.98   60.62
-210994.413   382.964   -40.95   49.86
-210618.184   374.050   -23.69   45.00
-210241.958   389.789    41.84   53.18
-209865.735   423.464    89.51   59.06
-209489.514   455.613    85.46   54.80
-209113.296   494.964   104.60   56.34
-208737.081   529.254    91.15   48.09
-208360.869   556.175    71.56   35.44
-207984.660   569.246    34.75   20.39
-207608.453   550.490   -49.86   40.74
-207232.249   499.069  -136.69   78.75
-206856.048   447.938  -135.92   86.03
-206479.850   394.314  -142.55   69.00
-206103.654   365.234   -77.30   40.67
-205727.462   372.189    18.49   45.21
-205351.272   403.727    83.84   51.65
-204975.085   445.532   111.13   57.40
-204598.900   491.937   123.36   59.75
-204222.718   525.547    89.35   46.04
-203846.540   545.451    52.91   33.33
-203470.363   557.439    31.87   18.85
-203094.190   556.910    -1.41   18.60
-202718.019   549.189   -20.53   20.31
-202341.852   543.885   -14.10   18.92
-201965.686   536.964   -18.40   15.59
-201589.524   531.069   -15.67   10.47
-201213.364   526.913   -11.05    7.84
-200837.208   521.622   -14.07    8.40
-200461.054   515.342   -16.69   13.05
-200084.902   510.400   -13.14   14.36
-199708.754   501.020   -24.94   12.44
-199332.608   493.914   -18.89   12.44
-198956.465   486.169   -20.59   10.65
-198580.324   480.881   -14.06    7.72
-198204.187   484.126     8.63   10.58
-197828.052   496.520    32.95   19.21
-197451.920   514.759    48.49   26.60
-197075.790   533.239    49.13   25.45
-196699.663   541.478    21.90   24.19
-196323.539   546.814    14.19   26.12
-195947.418   545.067    -4.65   29.76
-195571.300   546.648     4.21   26.36
-195195.184   543.964    -7.14   25.46
-194819.071   547.272     8.79   23.63
-194442.960   554.579    19.43   17.30
-194066.853   555.964     3.68   17.39
-193690.748   557.810     4.91   12.18
-193314.646   555.270    -6.76   10.33
-192938.546   549.990   -14.04   10.49
-192562.449   544.246   -15.27   10.08
-192186.355   538.103   -16.33   11.83
-191810.264   538.370     0.71   13.87
-191434.175   541.964     9.56   14.80
-191058.089   539.780    -5.81   20.17
-190682.006   524.656   -40.21   34.81
-190305.926   500.694   -63.72   51.10
-189929.848   464.864   -95.28   66.05
-189553.773   429.246   -94.71   69.52
-189177.700   431.122     4.99   70.06
-188801.630   442.045    29.05   74.94
-188425.563   469.092    71.92   63.04
-188049.499   497.605    75.82   33.64
-187673.437   511.603    37.22   19.10
-187297.378   510.554    -2.79   20.11
-186921.322   505.353   -13.83   28.50
-186545.268   490.426   -39.70   47.54
-186169.218   444.554  -121.99   85.76
-185793.169   399.873  -118.82   94.91
-185417.124   369.180   -81.62   91.51
-185041.081   325.613  -115.86   71.12
-184665.041   301.937   -62.96   50.85
-184289.003   296.297   -15.00   38.96
-183912.968   308.451    32.32   48.41
-183536.936   341.656    88.31   63.46
-183160.906   386.400   118.99   56.78
-182784.880   410.374    63.76   47.13
-182408.855   422.991    33.55   37.59
-182032.834   423.733     1.97   28.10
-181656.815   425.885     5.72   19.19
-181280.799   427.631     4.64   19.74
-180904.785   447.579    53.05   32.82
-180528.774   476.075    75.79   38.51
-180152.766   502.596    70.53   35.97
-179776.760   524.041    57.04   24.89
-179400.758   536.464    33.04   10.56
-179024.757   531.207   -13.98   15.71
-178648.760   513.937   -45.93   29.67
-178272.765   491.910   -58.59   34.47
-177896.772   465.272   -70.85   36.86
-177520.783   442.234   -61.27   33.39
-177144.795   427.656   -38.77   26.35
-176768.811   428.067     1.09   30.80
-176392.829   450.759    60.36   45.95
-176016.850   485.261    91.77   48.13
-175640.874   519.272    90.46   32.39
-175264.900   533.964    39.08   14.80
-174888.928   537.992    10.71    7.14
-174512.960   532.964   -13.37    8.43
-174136.994   524.099   -23.58   13.00
-173761.030   516.306   -20.73   21.45
-173385.070   508.349   -21.17   36.93
-173009.112   502.714   -14.99   43.88
-172633.156   504.254     4.09   47.78
-172257.203   517.622    35.56   37.57
-171881.253   527.018    24.99   24.08
-171505.305   531.503    11.93   11.79
-171129.360   518.586   -34.36   24.98
-170753.418   490.528   -74.63   40.28
-170377.478   454.810   -95.01   44.45
-170001.541   421.862   -87.65   39.94
-169625.606   404.261   -46.82   28.09
-169249.674   401.682    -6.86   29.50
-168873.745   402.374     1.84   31.59
-168497.818   399.770    -6.93   30.20
-168121.894   401.829     5.48   28.74
-167745.972   414.991    35.01   34.72
-167370.053   439.126    64.20   45.60
-166994.137   475.195    95.95   45.46
-166618.223   503.183    74.46   32.17
-166242.311   515.014    31.47   18.48
-165866.403   513.227    -4.75   20.73
-165490.497   498.881   -38.17   31.65
-165114.593   483.605   -40.64   36.86
-164738.692   476.775   -18.17   32.15
-164362.794   477.221     1.19   28.36
-163986.898   478.118     2.39   24.77
-163611.005   465.246   -34.24   32.96
-163235.115   444.043   -56.41   37.46
-162859.227   415.990   -74.63   33.12
-162483.341   395.938   -53.35   24.59
-162107.458   387.047   -23.65   19.25
-161731.578   388.126     2.87   19.56
-161355.700   393.478    14.24   20.48
-160979.825   398.802    14.17   20.38
-160603.952   397.122    -4.47   15.80
-160228.082   399.393     6.04   14.04
-159852.215   419.064    52.34   32.06
-159476.350   444.017    66.39   35.49
-159100.488   468.075    64.01   28.00
-158724.628   488.221    53.60   16.52
-158348.771   496.701    22.56   14.06
-157972.916   499.859     8.40   12.56
-157597.064   501.201     3.57   12.66
-157220.797   493.938   -19.30   17.41
-156844.442   483.991   -26.43   21.04
-156468.089   471.675   -32.73   25.78
-156091.739   463.889   -20.69   28.24
-155715.391   459.575   -11.46   34.58
-155339.046   459.694     0.32   30.96
-154962.703   448.532   -29.66   35.21
-154586.363   430.045   -49.12   45.26
-154210.025   412.397   -46.90   41.81
-153833.690   398.393   -37.21   35.15
-153457.358   378.164   -53.75   30.72
-153081.028   365.333   -34.10   26.21
-152704.700   367.315     5.27   27.03
-152328.376   385.810    49.15   38.15
-151952.053   407.780    58.38   35.28
-151575.733   428.175    54.20   24.61
-151199.416   433.517    14.20   29.55
-150823.101   437.221     9.84   35.40
-150446.789   442.937    15.19   40.16
-150070.479   455.833    34.27   38.60
-149694.172   464.364    22.67   33.32
-149317.867   454.993   -24.90   42.28
-148941.565   438.148   -44.76   54.00
-148565.266   415.856   -59.24   57.72
-148188.968   397.937   -47.62   57.54
-147812.674   403.964    16.02   56.25
-147436.382   420.409    43.70   51.16
-147060.092   432.272    31.53   47.00
-146683.805   442.349    26.78   40.06
-146307.520   438.370   -10.58   49.98
-145931.238   424.605   -36.58   58.69
-145554.959   415.144   -25.15   64.02
-145178.682   397.733   -46.27   60.35
-144802.407   387.694   -26.68   57.37
-144426.135   371.400   -43.30   53.76
-144049.865   350.659   -55.13   36.65
-143673.598   342.464   -21.78   22.77
-143297.334   361.938    51.76   48.93
-142921.071   402.650   108.20   63.01
-142544.812   438.323    94.81   51.43
-142168.555   467.315    77.06   22.02
-141792.300   473.640    16.81    8.05
-141416.048   468.721   -13.07   15.59
-141039.798   450.159   -49.34   39.69
-140663.551   423.503   -70.85   53.56
-140287.306   393.647   -79.35   54.15
-139911.064   366.370   -72.50   46.09
-139534.824   357.289   -24.14   40.25
-139158.587   379.333    58.59   54.43
-138782.352   408.656    77.94   64.36
-138406.119   446.342   100.17   47.72
-138029.890   459.426    34.78   30.49
-137653.662   456.586    -7.55   32.42
-137277.437   438.694   -47.56   48.05
-136901.215   417.780   -55.59   57.28
-136524.995   391.421   -70.06   55.51
-136148.777   388.913    -6.67   53.97
-135772.562   392.349     9.13   46.91
-135396.349   386.631   -15.20   39.14
-135020.139   377.532   -24.19   37.94
-134643.931   356.910   -54.82   39.57
-134267.726   354.675    -5.94   35.24
-133891.523   377.714    61.24   56.61
-133515.322   408.126    80.84   60.65
-133139.124   446.451   101.88   36.27
-132762.929   462.885    43.69   12.15
-132386.736   463.990     2.94    6.62
-132010.545   461.451    -6.75    5.44
-131634.357   458.339    -8.27    5.61
-131258.171   453.306   -13.38    7.51
-130881.988   446.856   -17.15    9.54
-130505.807   430.586   -43.25   28.75
-130129.628   393.742   -97.94   51.10
-129753.452   381.195   -33.35   48.91
-129377.279   375.938   -13.97   48.64
-129001.107   374.507    -3.81   51.96
-128624.939   384.964    27.80   52.02
-128248.772   392.099    18.97   41.75
-127872.608   381.775   -27.45   33.48
-127496.447   368.264   -35.92   28.56
-127120.288   350.532   -47.14   25.64
-126744.131   331.043   -51.81   32.94
-126367.977   316.201   -39.46   30.11
-125991.825   314.733    -3.90   26.77
-125615.675   316.315     4.21   30.56
-125239.528   323.039    17.88   35.07
-124863.384   324.201     3.09   36.56
-124487.241   315.381   -23.45   34.89
-124111.101   306.640   -23.24   29.02
-123734.964   301.575   -13.46   21.30
-123358.829   302.221     1.72   21.74
-122982.696   305.323     8.25   21.36
-122606.566   304.876    -1.19   18.43
-122230.438   314.613    25.89   29.73
-121854.313   335.991    56.84   38.80
-121478.190   361.883    68.84   34.37
-121102.069   379.015    45.55   23.36
-120725.951   382.964    10.50   23.84
-120349.835   377.374   -14.86   22.94
-119973.721   367.069   -27.40   23.28
-119597.610   355.605   -30.48   21.73
-119221.501   345.018   -28.15   21.70
-118845.395   331.184   -36.78   27.56
-118469.291   315.426   -41.90   28.14
-118093.189   302.825   -33.50   25.38
-117717.090   294.505   -22.12   23.21
-117340.993   290.153   -11.57   22.28
-116964.899   282.586   -20.12   17.10
-116588.807   278.708   -10.31   12.72
-116212.717   276.023    -7.14    9.32
-115836.630   279.964    10.48   15.70
-115460.544   281.543     4.20   14.92
-115084.462   284.909     8.95   21.24
-114708.381   289.477    12.15   24.90
-114332.304   296.153    17.75   29.23
-113956.228   290.579   -14.82   25.59
-113580.155   283.579   -18.61   22.82
-113204.084   278.990   -12.20   19.01
-112828.015   274.701   -11.40   12.52
-112451.949   279.913    13.86   21.29
-112075.885   288.682    23.32   25.58
-111699.824   299.159    27.86   27.54
-111323.765   297.478    -4.47   27.34
-110947.708   291.099   -16.96   26.44
-110571.653   285.694   -14.37   23.31
-110195.601   281.438   -11.32   19.36
-109819.551   280.936    -1.34   20.47
-109443.504   291.289    27.53   30.69
-109067.459   305.675    38.26   39.91
-108691.416   311.631    15.84   45.96
-108315.375   320.297    23.05   50.59
-107939.337   322.964     7.09   52.89
-107563.302   307.727   -40.52   45.01
-107187.268   303.201   -12.04   37.63
-106811.237   300.374    -7.52   27.23
-106435.208   320.559    53.68   42.82
-106059.182   349.118    75.95   45.84
-105683.157   373.464    64.75   38.32
-105307.135   382.797    24.82   28.05
-104931.116   386.099     8.78   28.41
-104555.099   386.099     0.00   28.76
-104179.084   382.451    -9.70   28.48
-103803.071   382.829     1.01   27.29
-103427.061   380.936    -5.04   26.81
-103051.053   369.214   -31.17   26.67
-102675.047   358.833   -27.61   25.84
-102299.044   340.910   -47.67   29.81
-101923.042   320.221   -55.03   30.49
-101547.044   312.596   -20.28   26.67
-101171.047   319.885    19.39   33.14
-100795.053   335.532    41.61   31.38
-100419.061   346.964    30.41   24.26
-100043.071   344.409    -6.80   23.59
 -99667.084   336.836   -20.14   22.78
 -99291.099   327.164   -25.72   22.14
 -98915.116   314.435   -33.86   20.12
 -98539.136   300.234   -37.77   27.10
 -98163.158   283.099   -45.58   29.48
 -97787.182   264.802   -48.67   21.80
 -97411.208   256.180   -22.93    7.52
 -97035.237   259.547     8.96   15.77
 -96659.268   260.067     1.38   15.94
 -96283.301   263.169     8.25   17.67
 -95907.336   269.640    17.21   24.34
 -95531.374   282.201    33.41   30.05
 -95155.414   290.148    21.14   29.76
 -94779.456   287.990    -5.74   29.86
 -94403.501   280.613   -19.62   30.73
 -94027.548   268.067   -33.37   26.06
 -93651.597   262.409   -15.05   18.60
 -93275.648   269.272    18.26   23.92
 -92899.702   283.451    37.72   26.24
 -92523.758   298.777    40.77   20.64
 -92147.816   295.400    -8.98   21.99
 -91771.876   282.234   -35.02   27.37
 -91395.939   269.261   -34.51   28.11
 -91020.004   264.099   -13.73   25.44
 -90644.071   267.159     8.14   30.79
 -90268.140   279.426    32.63   34.67
 -89892.212   297.708    48.63   31.74
 -89516.286   300.359     7.05   29.38
 -89140.362   288.806   -30.73   30.94
 -88764.440   270.708   -48.15   32.57
 -88388.521   260.708   -26.60   27.00
 -88012.604   253.640   -18.80   21.91
 -87636.689   254.041     1.07   22.69
 -87260.776   255.532     3.97   20.36
 -86884.865   259.411    10.32   27.87
 -86508.957   268.201    23.38   35.86
 -86133.051   285.933    47.17   39.31
 -85757.147   298.887    34.46   41.67
 -85381.246   312.306    35.70   47.59
 -85005.347   328.802    43.88   52.30
 -84629.449   343.349    38.70   53.93
 -84253.555   353.075    25.88   52.74
 -83877.662   368.810    41.86   37.25
 -83501.771   378.503    25.79   21.96
 -83125.883   381.153     7.05   13.37
 -82749.997   380.374    -2.07   10.86
 -82374.036   374.682   -15.14   12.88
 -81997.704   371.041    -9.68   11.54
 -81621.375   368.667    -6.31    9.15
 -81245.048   369.862     3.17    9.98
 -80868.724   372.640     7.38   11.69
 -80492.401   376.045     9.05   11.64
 -80116.081   377.694     4.38   11.04
 -79739.763   379.152     3.87    8.90
 -79363.447   375.605    -9.42   10.73
 -78987.134   370.810   -12.74   10.70
 -78610.822   366.936   -10.29    9.75
 -78234.513   362.195   -12.60    8.86
 -77858.206   358.686    -9.32    8.21
 -77481.901   357.067    -4.30    7.72
 -77105.599   355.964    -2.93    7.97
 -76729.298   356.288     0.86    8.07
 -76353.000   355.727    -1.49    8.90
 -75976.704   354.964    -2.03   10.90
 -75600.410   351.525    -9.14   11.52
 -75224.118   348.018    -9.32   11.01
 -74847.829   344.144   -10.30   11.10
 -74471.541   340.438    -9.85   10.88
 -74095.256   339.126    -3.49   11.63
 -73718.973   337.342    -4.74   12.53
 -73342.692   336.650    -1.84   13.46
 -72966.414   338.400     4.65   14.25
 -72590.137   337.214    -3.15   14.62
 -72213.863   338.159     2.51   13.91
 -71837.591   337.759    -1.06   14.94
 -71461.321   336.964    -2.11   15.06
 -71085.053   335.490    -3.92   13.86
 -70708.788   333.451    -5.42   14.00
 -70332.524   330.622    -7.52   12.44
 -69956.263   326.490   -10.98   12.08
 -69580.004   321.246   -13.94   12.73
 -69203.747   305.189   -42.68   28.68
 -68827.492   270.370   -92.54   55.28
 -68451.239   236.664   -89.58   62.23
 -68074.989   210.400   -69.81   54.30
 -67698.740   197.797   -33.50   52.98
 -67322.494   213.505    41.75   60.47
 -66946.250   241.436    74.24   57.74
 -66570.008   253.411    31.83   56.95
 -66193.768   264.014    28.18   52.41
 -65817.531   271.631    20.24   45.85
 -65441.295   266.214   -14.40   53.62
 -65065.062   262.910    -8.78   53.24
 -64688.830   251.640   -29.96   54.99
 -64312.601   227.964   -62.93   62.21
 -63936.374   209.656   -48.66   58.93
 -63560.150   184.675   -66.40   38.27
 -63183.927   180.207   -11.87   29.39
 -62807.706   182.789     6.86   27.86
 -62431.488   189.520    17.89   31.23
 -62055.271   199.864    27.50   42.94
 -61679.057   211.490    30.90   48.00
 -61302.845   208.881    -6.94   53.44
 -60926.635   209.180     0.80   53.62
 -60550.427   194.586   -38.79   51.10
 -60174.222   180.911   -36.35   47.88
 -59798.018   173.195   -20.51   37.84
 -59421.817   171.775    -3.77   32.97
 -59045.617   184.264    33.20   43.00
 -58669.420   201.810    46.64   39.80
 -58293.225   217.359    41.33   40.22
 -57917.032   245.096    73.73   43.07
 -57540.841   273.221    74.76   42.41
 -57164.652   299.175    68.99   34.09
 -56788.465   319.770    54.75   18.75
 -56412.280   329.579    26.08   12.44
 -56036.098   336.464    18.30    5.26
 -55659.917   339.374     7.74    3.44
 -55283.739   341.862     6.61    3.87
 -54907.563   343.193     3.54    5.02
 -54531.388   345.964     7.37    5.51
 -54155.216   349.180     8.55    4.70
 -53779.046   350.727     4.11    3.81
 -53402.878   351.785     2.81    2.75
 -53026.712   352.214     1.14    2.39
 -52650.549   352.013    -0.53    3.24
 -52274.387   352.092     0.21    3.14
 -51898.227   352.517     1.13    2.63
 -51522.070   352.532     0.04    2.09
 -51145.914   352.411    -0.32    1.88
 -50769.761   351.887    -1.39    2.38
 -50393.610   351.214    -1.79    3.19
 -50017.460   349.631    -4.21    4.79
 -49641.313   347.992    -4.36    5.72
 -49265.168   347.015    -2.60    5.97
 -48889.025   346.297    -1.91    5.59
 -48512.884   346.589     0.78    3.93
 -48136.745   347.342     2.00    3.59
 -47760.608   346.937    -1.08    3.35
 -47384.473   345.937    -2.66    4.88
 -47008.340   342.810    -8.31    7.61
 -46632.210   338.775   -10.73    9.90
 -46256.081   335.964    -7.47    9.67
 -45879.955   331.810   -11.04    9.13
 -45503.830   327.092   -12.54    9.52
 -45127.707   319.856   -19.24   10.66
 -44751.587   308.631   -29.84   13.10
 -44375.469   292.810   -42.06   21.76
 -43999.352   269.992   -60.67   36.62
 -43623.238   226.092  -116.72   61.52
 -43247.125   171.153  -146.07   65.59
 -42871.015   133.315  -100.60   46.43
 -42494.907   122.554   -28.61   32.47
 -42118.801   146.027    62.41   58.08
 -41742.697   195.041   130.32   71.18
 -41366.594   241.733   124.15   54.06
 -40990.494   274.547    87.25   32.53
 -40614.396   296.708    58.92   14.43
 -40238.300   305.748    24.04    9.76
 -39862.206   311.682    15.78    8.14
 -39486.114   314.605     7.77    6.54
 -39110.024   315.885     3.40    6.91
 -38733.936   315.964     0.21    8.55
 -38357.850   317.067     2.93    8.40
 -37981.766   319.323     6.00    8.16
 -37605.684   322.532     8.53    7.92
 -37229.604   326.096     9.48    6.93
 -36853.526   328.451     6.26    6.66
 -36477.451   329.559     2.95    8.48
 -36101.377   331.315     4.67    8.46
 -35725.305   330.589    -1.93    8.10
 -35349.235   332.862     6.04    9.32
 -34973.167   335.118     6.00    9.52
 -34597.101   331.436    -9.79   12.48
 -34221.037   323.938   -19.94   18.37
 -33844.975   320.234    -9.85   16.60
 -33468.915   318.964    -3.38   16.25
 -33092.857   316.648    -6.16   15.06
 -32716.801   316.887     0.64   14.89
 -32340.748   318.532     4.37   12.35
 -31964.696   320.169     4.35   10.60
 -31588.646   325.232    13.46   13.65
 -31212.598   336.103    28.91   20.57
 -30836.552   346.397    27.37   21.41
 -30460.508   356.397    26.59   17.10
 -30084.466   361.478    13.51   11.47
 -29708.425   363.937     6.54    5.09
 -29332.387   362.450    -3.96    4.29
 -28956.351   356.814   -14.99   12.05
 -28580.317   351.810   -13.31   15.92
 -28204.285   347.045   -12.67   18.76
 -27828.255   342.503   -12.08   19.39
 -27452.226   337.270   -13.92   20.94
 -27076.200   332.859   -11.73   21.69
 -26700.176   328.043   -12.81   22.09
 -26324.153   323.144   -13.03   19.99
 -25948.133   319.694    -9.17   13.80
 -25572.115   321.333     4.36    9.89
 -25196.098   324.323     7.95   10.23
 -24820.084   324.825     1.34    7.97
 -24444.071   329.579    12.64   11.92
 -24068.060   335.234    15.04   15.39
 -23692.052   342.180    18.47   14.49
 -23316.045   346.018    10.21   10.28
 -22940.040   344.714    -3.47    8.61
 -22564.037   339.297   -14.41    8.75
 -22188.036   333.564   -15.25    8.01
 -21812.037   330.103    -9.21    6.91
 -21436.040   325.092   -13.33    7.60
 -21060.045   318.017   -18.82    8.38
 -20684.052   308.272   -25.92   14.76
 -20308.061   294.964   -35.39   22.06
 -19932.072   283.708   -29.94   25.00
 -19556.084   267.881   -42.09   28.03
 -19180.099   258.938   -23.79   34.24
 -18804.115   254.733   -11.18   34.85
 -18428.134   258.307     9.50   29.52
 -18052.154   251.682   -17.62   29.38
 -17676.177   232.148   -51.95   40.40
 -17300.201   203.397   -76.47   51.35
 -16924.227   161.559  -111.28   58.43
 -16548.255   135.547   -69.18   47.56
 -16172.285   130.836   -12.53   42.24
 -15796.317   147.598    44.58   53.77
 -15420.350   184.613    98.45   61.07
 -15044.386   224.836   106.99   53.52
 -14668.424   254.990    80.21   35.05
 -14292.463   270.631    41.60   21.85
 -13916.505   276.802    16.41   13.54
 -13540.548   276.639    -0.43   16.24
 -13164.593   270.153   -17.25   20.61
 -12788.640   256.748   -35.66   28.35
 -12412.689   238.964   -47.30   34.48
 -12036.740   215.876   -61.41   36.10
 -11660.793   189.400   -70.42   50.87
 -11284.848   172.682   -44.47   54.30
 -10908.904   158.450   -37.86   60.22
 -10532.963   129.505   -76.99   52.08
 -10157.023   113.492   -42.59   37.80
  -9781.085    96.490   -45.22   23.98
  -9405.149    96.689     0.53   24.63
  -9029.215   103.937    19.28   28.23
  -8653.283   124.477    54.64   39.68
  -8277.353   159.964    94.40   49.13
  -7901.425   188.964    77.14   45.61
  -7525.498   218.559    78.72   36.36
  -7149.376   236.839    48.60   36.26
  -6773.076   255.517    49.64   28.58
  -6396.778   267.342    31.43   16.76
  -6020.482   274.261    18.39    9.20
  -5644.188   269.307   -13.17   16.24
  -5267.895   254.938   -38.18   26.81
  -4891.605   228.272   -70.87   36.82
  -4515.316   200.381   -74.12   40.25
  -4139.030   166.613   -89.74   41.00
  -3762.745   141.937   -65.58   39.53
  -3386.462   114.288   -73.48   34.10
  -3010.181    89.839   -64.98   34.56
  -2633.901    67.883   -58.35   30.05
  -2257.624    44.490   -62.17   29.53
  -1881.348    24.622   -52.80   21.76
  -1505.075    11.528   -34.80   14.96
  -1128.803     3.532   -21.25    7.44
   -752.533     0.598    -7.80    1.76
   -376.264    -0.036    -1.69    0.00
      0.002     0.270     0.81    1.41
    376.266     3.694     9.10   13.80
    752.529     9.910    16.52   22.30
   1128.790    23.072    34.98   38.38
   1505.049    34.451    30.24   42.26
   1881.306    47.650    35.08   49.99
   2257.561    80.246    86.63   67.33
   2633.815   110.148    79.47   72.23
   3010.066   145.270    93.35   61.57
   3386.316   161.836    44.03   57.35
   3762.564   168.754    18.39   55.12
   4138.810   158.092   -28.34   55.70
   4515.055   146.780   -30.07   47.04
   4891.297   155.913    24.27   41.24
   5267.538   176.856    55.66   44.06
   5643.777   196.631    52.56   42.47
   6020.014   216.451    52.68   36.63
   6396.249   224.492    21.37   42.65
   6772.482   210.937   -36.03   48.47
   7148.714   210.937     0.00   47.08
   7524.944   222.045    29.52   41.61
   7901.172   237.411    40.84   38.72
   8277.398   252.020    38.83   32.20
   8653.622   262.214    27.10   31.29
   9029.845   271.727    25.29   28.19
   9406.066   283.397    31.02   20.49
   9782.284   285.067     4.44   17.61
  10158.502   278.490   -17.48   22.71
  10534.717   267.596   -28.96   27.74
  10910.931   260.122   -19.87   31.80
  11287.142   256.503    -9.62   38.19
  11663.352   267.451    29.10   30.68
  12039.560   271.092     9.68   27.08
  12415.767   274.864    10.03   18.97
  12791.971   275.707     2.24   11.74
  13168.174   280.964    13.97   13.04
  13544.375   289.424    22.49   12.92
  13920.575   297.991    22.77   10.18
  14296.772   305.315    19.47    8.52
  14672.968   308.909     9.55   10.30
  15049.162   314.239    14.17   10.79
  15425.354   316.964     7.24   11.01
  15801.544   321.018    10.78    8.79
  16177.733   323.195     5.79    6.17
  16553.920   323.911     1.90    4.15
  16930.105   324.349     1.16    2.05
  17306.288   324.099    -0.66    1.57
  17682.470   323.682    -1.11    1.23
  18058.649   323.686     0.01    1.21
  18434.827   323.990     0.81    1.52
  18811.004   324.400     1.09    1.65
  19187.178   325.183     2.08    1.56
  19563.351   324.913    -0.72    1.72
  19939.522   324.532    -1.01    1.77
  20315.691   323.909    -1.66    1.39
  20691.858   323.505    -1.07    1.39
  21068.024   323.159    -0.92    1.47
  21444.188   322.675    -1.29    1.49
  21820.350   322.015    -1.75    1.57
  22196.511   321.288    -1.93    1.73
  22572.670   320.682    -1.61    1.62
  22948.827   320.579    -0.27    1.65
  23324.982   320.964     1.02    1.70
  23701.135   321.802     2.23    2.03
  24077.287   322.810     2.68    2.22
  24453.437   323.991     3.14    2.39
  24829.586   324.964     2.59    2.24
  25205.732   325.411     1.19    2.04
  25581.877   325.433     0.06    2.21
  25958.020   325.323    -0.29    1.99
  26334.162   324.964    -0.95    1.83
  26710.301   324.586    -1.01    1.88
  27086.439   324.207    -1.01    2.01
  27462.575   324.159    -0.13    2.07
  27838.710   324.333     0.46    2.21
  28214.843   324.810     1.27    2.15
  28590.974   325.613     2.13    2.18
  28967.103   326.733     2.98    2.10
  29343.231   327.349     1.64    1.90
  29719.357   327.477     0.34    1.86
  30095.481   327.451    -0.07    1.74
  30471.604   326.964    -1.29    1.66
  30847.724   326.315    -1.72    1.95
  31223.844   325.315    -2.66    1.83
  31599.961   324.937    -1.01    2.11
  31976.077   325.288     0.93    4.30
  32352.191   325.579     0.78    5.02
  32728.303   325.272    -0.82    4.99
  33104.414   324.381    -2.37    3.65
  33480.523   324.859     1.27    2.59
  33856.630   325.742     2.35    2.68
  34232.736   328.701     7.87    5.89
  34608.839   332.015     8.81    7.93
  34984.942   333.775     4.68    7.26
  35361.042   333.911     0.36    6.50
  35737.141   331.411    -6.65    5.63
  36113.238   329.064    -6.24    5.86
  36489.333   326.397    -7.09    5.24
  36865.427   324.092    -6.13    3.87
  37241.519   321.708    -6.34    4.11
  37617.610   320.159    -4.12    3.79
  37993.699   318.586    -4.18    3.23
  38369.786   317.586    -2.66    3.04
  38745.871   317.887     0.80    2.56
  39121.955   318.374     1.30    2.42
  39498.037   318.992     1.64    2.44
  39874.117   319.990     2.65    2.36
  40250.196   321.297     3.48    2.19
  40626.273   322.325     2.73    2.37
  41002.349   323.648     3.52    2.19
  41378.422   324.596     2.52    2.15
  41754.494   325.490     2.38    1.94
  42130.565   326.464     2.59    2.08
  42506.634   327.289     2.19    2.03
  42882.701   328.047     2.02    1.83
  43258.766   328.164     0.31    1.73
  43634.830   327.272    -2.37    2.10
  44010.893   325.992    -3.40    2.24
  44386.953   324.397    -4.24    2.50
  44763.012   322.424    -5.25    3.01
  45139.069   320.517    -5.07    3.20
  45515.125   318.939    -4.20    3.14
  45891.179   317.667    -3.38    2.26
  46267.231   318.364     1.85    2.70
  46643.282   320.092     4.60    3.47
  47019.331   322.911     7.50    4.05
  47395.379   325.754     7.56    3.74
  47771.425   328.477     7.24    3.65
  48147.469   330.701     5.91    3.34
  48523.511   331.520     2.18    3.35
  48899.552   331.169    -0.93    3.41
  49275.592   329.242    -5.13    3.43
  49651.629   327.064    -5.79    4.56
  50027.666   326.426    -1.70    4.44
  50403.700   325.278    -3.05    3.55
  50779.733   319.802   -14.56   11.81
  51155.764   307.667   -32.27   19.22
  51531.794   291.885   -41.97   21.37
  51907.822   275.092   -44.66   17.80
  52283.848   266.018   -24.13   16.99
  52659.873   257.579   -22.44   16.28
  53035.897   254.015    -9.48   18.18
  53411.918   251.885    -5.67   17.32
  53787.938   249.424    -6.55   19.22
  54163.957   242.708   -17.86   24.33
  54539.973   232.195   -27.96   23.60
  54915.989   226.436   -15.31   22.33
  55292.002   225.323    -2.96   23.51
  55668.014   224.047    -3.39   24.77
  56044.025   234.333    27.35   29.70
  56420.034   247.297    34.48   26.76
  56796.041   259.495    32.44   19.20
  57172.047   271.180    31.08   17.52
  57548.051   279.201    21.33   16.90
  57924.053   287.099    21.01   19.01
  58300.054   295.631    22.69   22.80
  58676.054   304.045    22.38   23.10
  59052.051   314.297    27.27   18.32
  59428.048   320.682    16.98   16.45
  59804.042   324.118     9.14   14.52
  60180.035   327.586     9.22   10.03
  60556.027   328.272     1.82    8.06
  60932.017   329.543     3.38    3.18
  61308.005   328.436    -2.94    2.74
  61683.992   327.207    -3.27    2.36
  62059.977   326.424    -2.08    1.91
  62435.961   326.333    -0.24    1.70
  62811.943   326.297    -0.09    1.94
  63187.923   326.745     1.19    1.98
  63563.902   326.464    -0.75    2.05
  63939.880   326.221    -0.65    2.11
  64315.856   326.075    -0.39    2.01
  64691.830   325.631    -1.18    1.72
  65067.803   325.991     0.96    1.85
  65443.774   326.272     0.75    1.94
  65819.744   326.733     1.23    1.78
  66195.712   326.938     0.54    1.75
  66571.679   326.701    -0.63    1.69
  66947.644   325.990    -1.89    2.12
  67323.607   325.272    -1.91    1.98
  67699.569   325.242    -0.08    2.06
  68075.801   325.532     0.77    2.08
  68452.071   326.207     1.80    1.74
  68828.339   326.505     0.79    1.80
  69204.606   327.342     2.23    1.75
  69580.872   328.207     2.30    1.68
  69957.136   329.614     3.74    2.37
  70333.398   330.785     3.11    2.52
  70709.659   331.659     2.32    2.42
  71085.918   332.836     3.13    2.27
  71462.176   333.478     1.71    2.36
  71838.432   334.175     1.85    2.63
  72214.687   335.069     2.38    3.13
  72590.940   335.708     1.70    3.02
  72967.192   336.180     1.26    2.89
  73343.442   336.438     0.68    3.05
  73719.691   337.064     1.66    2.89
  74095.938   338.078     2.70    2.62
  74472.183   338.721     1.71    2.15
  74848.428   339.451     1.94    2.79
  75224.670   340.370     2.44    2.64
  75600.911   341.234     2.30    2.65
  75977.151   341.992     2.01    2.09
  76353.389   342.989     2.65    2.08
  76729.626   343.733     1.98    2.05
  77105.861   344.532     2.12    1.82
  77482.094   345.862     3.53    2.10
  77858.326   347.675     4.82    3.29
  78234.557   349.359     4.48    3.45
  78610.786   344.069   -14.06   13.75
  78987.014   332.195   -31.56   22.67
  79363.240   315.575   -44.17   24.89
  79739.465   300.754   -39.40   19.02
  80115.688   288.528   -32.49   20.53
  80491.910   281.193   -19.50   26.33
  80868.130   270.092   -29.50   34.44
  81244.349   250.180   -52.93   43.58
  81620.566   228.775   -56.90   44.67
  81996.782   205.207   -62.64   37.12
  82372.996   190.492   -39.11   30.72
  82749.209   175.759   -39.16   23.02
  83125.420   164.014   -31.22   20.74
  83501.630   160.045   -10.55   20.91
  83877.838   156.913    -8.33   27.03
  84254.045   149.069   -20.85   29.80
  84630.251   138.297   -28.63   26.54
  85006.455   134.072   -11.23   27.41
  85382.657   148.785    39.11   40.72
  85758.859   182.075    88.49   49.80
  86135.058   205.342    61.85   40.59
  86511.256   201.885    -9.19   37.40
  86887.453   187.964   -37.00   42.95
  87263.648   171.810   -42.94   40.33
  87639.842   163.938   -20.92   32.85
  88016.035   176.992    34.70   32.63
  88392.226   207.451    80.97   50.08
  88768.415   235.640    74.93   52.47
  89144.603   245.359    25.84   48.51
  89520.790   232.489   -34.21   57.05
  89896.975   199.045   -88.90   57.97
  90273.159   163.092   -95.57   50.95
  90649.341   139.438   -62.88   40.60
  91025.522   122.833   -44.14   39.63
  91401.701    99.802   -61.22   41.15
  91777.879    81.864   -47.68   40.64
  92154.056    60.833   -55.91   29.71
  92530.231    47.991   -34.14   19.32
  92906.405    39.667   -22.13    7.78
  93282.577    37.278    -6.35    5.48
  93658.748    37.195    -0.22    7.30
  94034.917    38.990     4.77    9.30
  94411.085    38.393    -1.59    9.52
  94787.252    39.478     2.88   10.73
  95163.417    50.370    28.95   23.90
  95539.581    75.640    67.18   43.67
  95915.743   111.451    95.20   46.20
  96291.904   134.505    61.29   31.52
  96668.064   138.964    11.86   28.96
  97044.222   120.490   -49.11   44.95
  97420.378    98.349   -58.86   42.36
  97796.534    83.829   -38.60   32.70
  98172.688    81.915    -5.09   27.55
  98548.840    89.938    21.33   31.41
  98924.991   109.714    52.57   35.55
  99301.141   129.937    53.76   31.84
  99677.289   147.397    46.42   24.44
 100053.436   159.910    33.27   27.46
 100429.582   164.913    13.30   28.38
 100805.726   169.582    12.41   25.72
 101181.868   182.246    33.67   32.16
 101558.010   196.254    37.24   30.79
 101934.150   210.492    37.85   24.34
 102310.288   220.118    25.59   23.20
 102686.425   230.613    27.90   21.23
 103062.561   244.579    37.13   18.39
 103438.696   255.017    27.75   11.59
 103814.829   259.785    12.68    9.10
 104190.960   258.072    -4.55   12.03
 104567.091   253.554   -12.01   15.56
 104943.220   250.938    -6.95   15.68
 105319.347   247.936    -7.98   12.99
 105695.473   243.505   -11.78    9.81
 106071.598   240.748    -7.33    8.80
 106447.722   235.153   -14.87    9.54
 106823.844   226.359   -23.38   15.66
 107199.964   215.650   -28.47   21.23
 107576.084   199.739   -42.30   23.26
 107952.202   185.227   -38.58   14.74
 108328.318   178.126   -18.88    5.85
 108704.434   179.246     2.98    6.60
 109080.548   186.306    18.77   12.29
 109456.660   201.517    40.44   22.05
 109832.771   217.991    43.80   23.19
 110208.881   231.733    36.54   22.13
 110584.990   240.547    23.43   17.11
 110961.097   244.426    10.31   14.54
 111337.203   248.514    10.87   14.06
 111713.307   255.582    18.79   14.47
 112089.411   264.964    24.95   13.63
 112465.512   273.505    22.71    9.05
 112841.613   276.532     8.05    8.00
 113217.712   275.694    -2.23   11.06
 113593.810   270.853   -12.87   18.05
 113969.906   268.682    -5.77   21.27
 114346.001   269.246     1.50   23.55
 114722.095   275.478    16.57   21.11
 115098.188   283.069    20.19   17.68
 115474.279   286.333     8.68   17.03
 115850.369   285.733    -1.59   18.90
 116226.457   279.126   -17.57   20.77
 116602.545   277.092    -5.41   16.73
 116978.630   279.325     5.94   15.36
 117354.715   286.862    20.04   14.44
 117730.798   296.605    25.91   13.50
 118106.880   306.527    26.38   12.87
 118482.961   320.605    37.43   15.24
 118859.040   333.261    33.65   15.69
 119235.118   342.964    25.80   14.24
 119611.195   348.397    14.44    8.99
 119987.270   347.825    -1.52    7.46
 120363.344   344.569    -8.66    5.62
 120739.417   342.041    -6.72    3.25
 121115.489   341.018    -2.72    2.79
 121491.559   341.810     2.11    2.90
 121867.628   343.144     3.55    2.57
 122243.695   345.426     6.07    3.35
 122619.762   347.937     6.68    3.64
 122995.827   350.631     7.16    3.35
 123371.890   352.721     5.56    2.30
 123747.953   353.411     1.84    2.20
 124124.014   353.883     1.25    2.10
 124500.074   354.089     0.55    2.14
 124876.132   354.528     1.17    2.15
 125252.190   355.411     2.35    1.27
 125628.246   355.631     0.58    1.43
 126004.300   355.759     0.34    1.70
 126380.354   355.575    -0.49    2.35
 126756.406   355.810     0.63    2.54
 127132.457   356.118     0.82    2.40
 127508.507   356.451     0.88    1.64
 127884.555   356.069    -1.01    1.81
 128260.602   356.195     0.33    1.91
 128636.648   356.564     0.98    2.06
 129012.692   357.261     1.85    1.90
 129388.736   357.733     1.25    1.72
 129764.778   357.043    -1.84    2.26
 130140.819   355.261    -4.74    3.06
 130516.858   353.261    -5.32    2.75
 130892.896   352.764    -1.32    3.19
 131268.933   353.862     2.92    3.78
 131644.969   355.139     3.40    3.42
 132021.004   355.603     1.23    1.78
 132397.037   356.605     2.66    1.40
 132773.069   356.686     0.22    1.60
 133149.100   348.464   -21.87   20.50
 133525.129   320.862   -73.40   47.96
 133901.158   291.964   -76.85   57.21
 134277.185   258.648   -88.60   46.25
 134653.211   248.426   -27.19   42.32
 135029.235   262.739    38.06   58.07
 135405.258   300.126    99.43   55.66
 135781.281   319.889    52.56   43.06
 136157.301   336.201    43.38   34.05
 136533.321   345.126    23.74   16.00
 136909.339   341.397    -9.92   20.24
 137285.357   328.047   -35.50   34.33
 137661.373   313.400   -38.95   49.54
 138037.387   299.839   -36.06   51.43
 138413.401   293.881   -15.85   47.93
 138789.413   292.989    -2.37   39.90
 139165.424   296.043     8.12   25.22
 139541.434   296.333     0.77   11.53
 139917.443   289.543   -18.06    7.62
 140293.450   284.859   -12.46    6.38
 140669.456   279.936   -13.09    6.91
 141045.461   274.532   -14.37    8.28
 141421.465   267.374   -19.03   10.18
 141797.468   259.164   -21.84    8.68
 142173.469   253.323   -15.53    7.53
 142549.469   249.579    -9.96    4.67
 142925.521   249.586     0.02    5.01
 143301.761   252.964     8.98    8.34
 143678.000   257.586    12.28    8.79
 144054.238   263.656    16.14    8.26
 144430.475   269.503    15.54    8.44
 144806.710   274.694    13.80    9.36
 145182.945   282.349    20.35    9.88
 145559.178   289.780    19.75    8.99
 145935.410   294.727    13.15    7.96
 146311.640   296.424     4.51    8.23
 146687.870   291.836   -12.19   13.16
 147064.098   285.490   -16.87   14.43
 147440.325   283.825    -4.43   14.59
 147816.551   282.622    -3.20   15.00
 148192.776   281.575    -2.78   16.03
 148569.000   281.528    -0.12   17.84
 148945.222   280.810    -1.91   16.84
 149321.444   284.788    10.57   16.23
 149697.664   293.991    24.46   17.23
 150073.883   305.856    31.54   17.40
 150450.100   315.613    25.93   16.49
 150826.317   325.451    26.15   11.24
 151202.533   330.072    12.28   10.87
 151578.747   323.503   -17.46   19.89
 151954.960   312.656   -28.83   25.49
 152331.172   296.836   -42.05   27.09
 152707.383   280.991   -42.12   15.86
 153083.592   277.490    -9.31   14.02
 153459.801   280.648     8.39   15.66
 153836.008   287.242    17.53   15.52
 154212.214   287.153    -0.24   14.69
 154588.419   280.370   -18.03   16.09
 154964.623   272.532   -20.83   15.31
 155340.826   266.887   -15.00   13.37
 155717.027   263.402    -9.27   11.27
 156093.228   259.122   -11.38   11.50
 156469.427   255.385    -9.93   12.18
 156845.625   251.325   -10.79   14.04
 157221.822   244.708   -17.59   13.26
 157598.018   240.018   -12.47   14.08
 157974.213   240.477     1.22   15.73
 158350.407   239.118    -3.61   17.43
 158726.599   236.833    -6.08   14.03
 159102.790   232.648   -11.12   16.44
 159478.981   223.759   -23.63   17.59
 159855.170   220.118    -9.68   17.74
 160231.358   216.353   -10.01   20.75
 160607.544   215.802    -1.46   20.97
 160983.730   213.802    -5.32   20.64
 161359.915   207.397   -17.03   19.45
 161736.098   200.288   -18.90   18.65
 162112.281   192.670   -20.25   13.39
 162488.462   189.939    -7.26   10.93
 162864.642   184.451   -14.59   11.45
 163240.821   176.797   -20.35   12.36
 163616.999   164.605   -32.41   18.33
 163993.176   149.775   -39.42   17.55
 164369.351   135.148   -38.88   18.69
 164745.526   121.148   -37.22   14.93
 165121.699   121.656     1.35   19.70
 165497.872   136.451    39.33   30.58
 165874.043   156.569    53.48   31.59
 166250.213   173.764    45.71   24.62
 166626.382   192.278    49.22   21.93
 167002.550   204.099    31.42   21.63
 167378.717   220.180    42.75   22.04
 167754.883   231.397    29.82   19.76
 168131.048   239.315    21.05   13.86
 168507.211   242.631     8.81   13.08
 168883.374   241.451    -3.14   14.68
 169259.535   244.477     8.04   17.31
 169635.696   252.883    22.35   15.97
 170011.855   253.477     1.58   16.38
 170388.013   248.333   -13.68   23.82
 170764.170   233.118   -40.45   29.54
 171140.326   221.559   -30.73   23.95
 171516.481   216.656   -13.03   17.88
 171892.635   225.297    22.97   22.18
 172268.788   237.069    31.30   22.06
 172644.940   246.579    25.28   17.37
 173021.090   255.670    24.17   12.92
 173397.240   263.426    20.62   16.24
 173773.388   271.424    21.26   17.86
 174149.536   277.631    16.50   16.02
 174525.682   280.234     6.92   14.35
 174901.828   278.659    -4.19   15.99
 175277.972   270.122   -22.69   17.15
 175654.115   261.867   -21.95   21.87
 176030.258   256.802   -13.46   26.05
 176406.399   241.964   -39.45   29.17
 176782.539   237.727   -11.26   34.47
 177158.678   241.272     9.42   34.47
 177534.816   242.991     4.57   30.36
 177910.953   238.810   -11.12   29.52
 178287.089   219.667   -50.89   30.06
 178663.224   196.667   -61.15   19.56
 179039.357   186.883   -26.01   12.43
 179415.490   189.507     6.98   16.65
 179791.622   196.964    19.83   20.75
 180167.753   214.426    46.42   24.47
 180543.882   232.136    47.08   21.69
 180920.011   245.126    34.54   19.29
 181296.138   249.797    12.42   18.36
 181672.265   251.964     5.76   18.80
 182048.391   248.964    -7.98   19.65
 182424.515   243.883   -13.51   19.08
 182800.639   234.648   -24.55   22.31
 183176.761   218.622   -42.61   24.55
 183552.883   207.349   -29.97   25.49
 183929.003   200.018   -19.49   23.04
 184305.122   192.964   -18.75   22.63
 184681.241   184.859   -21.55   23.73
 185057.358   180.856   -10.64   27.10
 185433.475   174.045   -18.11   22.34
 185809.590   174.214     0.45   26.35
 186185.704   174.862     1.72   27.97
 186561.818   176.118     3.34   29.23
 186937.930   171.164   -13.17   29.22
 187314.041   159.622   -30.69   26.37
 187690.152   145.964   -36.31   20.95
 188066.261   138.402   -20.11   16.52
 188442.369   136.131    -6.04   15.97
