-326309.596    69.936     0.00   13.59
-325933.409    67.419    -6.69   13.72
-325557.223    65.529    -5.03   14.34
-325181.038    63.132    -6.37   15.23
-324804.853    58.740   -11.67   15.40
-324428.669    57.010    -4.60   13.74
-324052.485    52.232   -12.70   12.22
-323676.301    47.221   -13.32    9.74
-323300.118    44.914    -6.13    7.69
-322923.936    45.576     1.76    9.14
-322547.754    45.253    -0.86    8.50
-322171.572    45.132    -0.32    7.21
-321795.391    44.289    -2.24    6.44
-321419.211    40.332   -10.52    6.18
-321043.031    37.956    -6.32    5.42
-320666.851    35.478    -6.59    4.62
-320290.672    33.342    -5.68    2.92
-319914.494    32.342    -2.66    2.83
-319538.316    30.767    -4.19    2.31
-319162.138    30.407    -0.96    1.89
-318785.961    30.632     0.60    1.96
-318409.785    30.280    -0.93    3.12
-318033.609    30.469     0.50    3.80
-317657.433    29.517    -2.53    3.89
-317281.258    28.196    -3.51    4.06
-316905.084    26.709    -3.95    3.00
-316528.909    25.104    -4.27    3.17
-316152.736    23.659    -3.84    2.53
-315776.563    23.172    -1.29    2.65
-315400.390    23.091    -0.22    2.62
-315024.218    24.132     2.77    3.15
-314648.046    24.037    -0.25    2.37
-314271.874    23.579    -1.22    2.44
-313895.704    22.868    -1.89    2.94
-313519.533    22.273    -1.58    2.71
-313143.363    21.307    -2.57    3.09
-312767.194    21.507     0.53    3.10
-312391.025    20.350    -3.08    4.90
-312014.856    18.298    -5.45    6.63
-311638.688    17.010    -3.42    6.38
-311262.520    16.875    -0.36    6.13
-310886.353    18.523     4.38    5.15
-310510.186    19.093     1.51    5.11
-310134.020    19.409     0.84    4.73
-309757.854    19.503     0.25    4.11
-309381.689    19.974     1.25    3.31
-309005.524    19.326    -1.72    3.18
-308629.359    19.273    -0.14    3.14
-308253.195    20.298     2.73    2.69
-307877.031    21.132     2.22    2.59
-307500.868    21.037    -0.25    3.27
-307124.705    20.939    -0.26    3.48
-306748.543    20.740    -0.53    3.47
-306372.381    20.657    -0.22    3.33
-305996.219    21.082     1.13    3.43
-305620.058    21.717     1.69    3.46
-305243.897    22.361     1.71    4.32
-304867.737    24.280     5.10    5.65
-304491.577    25.307     2.73    6.43
-304115.418    27.500     5.83    6.44
-303739.259    29.965     6.55    6.27
-303363.100    34.032    10.81    6.72
-302986.942    36.947     7.75    5.26
-302610.784    37.767     2.18    4.53
-302234.627    37.939     0.46    5.13
-301858.470    36.868    -2.85    5.10
-301482.313    35.553    -3.50    5.74
-301106.157    34.145    -3.74    6.05
-300730.002    31.144    -7.98    6.53
-300353.846    28.993    -5.72    5.42
-299977.691    26.965    -5.39    4.20
-299601.537    26.965     0.00    3.33
-299225.383    29.475     6.67    4.98
-298849.229    32.280     7.46    6.63
-298473.076    35.226     7.83    6.33
-298096.923    35.767     1.44    5.46
-297720.770    36.145     1.01    5.84
-297344.618    36.715     1.51    5.81
-296968.466    39.914     8.50    7.10
-296592.315    43.119     8.52    8.19
-296216.164    45.842     7.24    7.43
-295840.013    48.053     5.88    5.58
-295463.863    45.119    -7.80    7.52
-295087.713    40.119   -13.29    7.77
-294711.564    36.659    -9.20    6.87
-294335.415    35.350    -3.48    5.67
-293959.266    34.875    -1.26    4.42
-293583.117    37.553     7.12    6.15
-293206.969    41.395    10.21    6.60
-292830.822    43.788     6.36    5.01
-292454.675    42.914    -2.32    5.04
-292078.528    42.105    -2.15    5.40
-291702.381    42.743     1.69    5.38
-291326.235    45.221     6.59    5.41
-290950.089    47.215     5.30    5.63
-290573.944    48.221     2.68    5.09
-290197.799    48.789     1.51    4.56
-289821.654    46.523    -6.02    6.94
-289445.510    42.737   -10.07    7.61
-289069.366    40.939    -4.78    6.97
-288693.222    39.221    -4.57    6.90
-288317.079    39.104    -0.31    6.85
-287940.936    40.184     2.87    7.08
-287564.793    40.659     1.26    6.43
-287188.651    40.740     0.22    5.78
-286812.509    41.334     1.58    6.17
-286436.367    40.514    -2.18    6.69
-286060.226    37.632    -7.66    6.91
-285684.085    35.221    -6.41    7.51
-285307.944    31.132   -10.87    6.02
-284931.804    28.144    -7.94    3.45
-284555.664    27.270    -2.32    2.03
-284179.525    27.684     1.10    1.94
-283803.385    27.196    -1.30    2.71
-283427.246    26.895    -0.80    2.69
-283051.108    27.000     0.28    3.48
-282674.969    28.785     4.75    5.12
-282298.831    31.482     7.17    6.11
-281922.694    35.551    10.82    6.82
-281546.556    37.016     3.90    6.42
-281170.419    38.902     5.01    6.23
-280794.283    40.253     3.59    5.65
-280418.146    41.010     2.01    5.43
-280042.010    42.243     3.28    5.34
-279665.874    42.447     0.54    5.48
-279289.739    41.207    -3.30    5.96
-278913.604    41.993     2.09    5.76
-278537.469    42.832     2.23    5.48
-278161.334    42.895     0.17    6.62
-277785.200    42.395    -1.33    6.53
-277409.066    40.868    -4.06    6.86
-277032.933    38.368    -6.65    5.80
-276656.799    37.743    -1.66    5.26
-276280.666    40.854     8.27    7.56
-275904.534    45.580    12.57    8.13
-275528.401    47.860     6.06    6.44
-275152.269    47.939     0.21    6.55
-274776.137    47.042    -2.39    7.63
-274400.005    46.388    -1.74    8.23
-274023.874    47.118     1.94    8.33
-273647.743    50.118     7.98    8.92
-273271.612    54.426    11.45    8.51
-272895.482    56.606     5.79    7.06
-272519.352    57.469     2.30    4.98
-272143.222    55.452    -5.36    6.25
-271767.092    51.842    -9.60    6.91
-271390.963    49.526    -6.16    7.00
-271014.834    45.983    -9.42    6.90
-270638.705    44.221    -4.68    6.28
-270262.576    41.974    -5.98    6.06
-269886.448    40.076    -5.05    5.03
-269510.320    39.789    -0.76    4.59
-269134.192    39.132    -1.75    3.76
-268758.065    38.324    -2.15    3.64
-268381.937    39.042     1.91    4.27
-268005.810    40.955     5.09    4.98
-267629.684    41.848     2.37    5.39
-267253.557    42.010     0.43    4.75
-266877.431    40.010    -5.32    4.56
-266501.305    38.170    -4.89    4.14
-266125.179    37.442    -1.93    3.99
-265749.054    37.144    -0.79    4.03
-265372.929    36.401    -1.98    4.25
-264996.804    35.375    -2.73    4.44
-264620.679    33.334    -5.43    4.98
-264244.554    31.282    -5.46    4.50
-263868.430    29.368    -5.09    3.45
-263492.306    28.215    -3.07    3.06
-263116.182    28.740     1.40    3.78
-262740.059    29.020     0.75    3.69
-262363.936    28.740    -0.75    4.48
-261987.812    29.144     1.08    4.04
-261611.690    29.288     0.38    3.95
-261235.567    30.053     2.03    4.38
-260859.445    30.263     0.56    4.56
-260483.322    29.937    -0.87    4.48
-260107.200    28.503    -3.81    4.34
-259731.079    26.578    -5.12    3.96
-259354.957    24.093    -6.61    3.66
-258978.836    22.684    -3.75    2.76
-258602.700    21.816    -2.31    2.33
-258226.536    20.523    -3.44    2.27
-257850.373    19.579    -2.51    2.73
-257474.209    17.785    -4.77    2.54
-257098.046    16.159    -4.32    2.18
-256721.883    15.361    -2.12    2.00
-256345.720    14.010    -3.59    2.54
-255969.558    11.388    -6.97    4.32
-255593.395     7.929    -9.20    5.36
-255217.233     4.603    -8.84    4.82
-254841.071     2.007    -6.90    2.70
-254464.909     1.553    -1.21    2.29
-254088.748     3.064     4.02    3.32
-253712.586     5.196     5.67    4.25
-253336.425     7.368     5.78    4.55
-252960.264     9.237     4.97    4.09
-252584.103     8.500    -1.96    4.32
-252207.943     9.606     2.94    4.77
-251831.782    10.409     2.14    5.57
-251455.622    11.974     4.16    6.35
-251079.462    13.457     3.94    6.55
-250703.302    15.403     5.17    5.09
-250327.142    16.361     2.55    4.25
-249950.983    16.821     1.22    3.91
-249574.823    18.172     3.59    2.82
-249198.664    19.496     3.52    2.55
-248822.505    20.326     2.21    2.21
-248446.346    18.939    -3.69    4.22
-248070.187    16.500    -6.48    5.69
-247694.029    13.551    -7.84    6.31
-247317.871    10.763    -7.41    5.46
-246941.712     8.785    -5.26    3.70
-246565.554     7.888    -2.39    2.78
-246189.397     7.442    -1.18    1.66
-245813.239     7.170    -0.72    1.21
-245437.081     7.548     1.01    1.44
-245060.924     7.842     0.78    1.40
-244684.767     8.053     0.56    1.20
-244308.610     8.538     1.29    1.35
-243932.453     9.606     2.84    1.88
-243556.296    10.842     3.29    2.15
-243180.139    11.937     2.91    1.92
-242803.983    12.821     2.35    1.76
-242427.826    12.993     0.46    1.84
-242051.670    13.026     0.09    1.91
-241675.514    12.247    -2.07    1.99
-241299.358    11.659    -1.56    2.34
-240923.202    11.067    -1.57    2.14
-240547.047    10.093    -2.59    2.25
-240170.891    10.529     1.16    2.54
-239794.736    10.740     0.56    2.93
-239418.581    10.532    -0.55    3.56
-239042.426    11.226     1.85    3.70
-238666.271    12.578     3.59    4.34
-238290.116    16.010     9.13    7.27
-237913.961    20.974    13.20    6.63
-237537.806    23.401     6.45    5.59
-237161.652    24.632     3.27    5.35
-236785.497    23.576    -2.81    5.54
-236409.343    21.500    -5.52    5.15
-236033.189    20.243    -3.34    4.24
-235657.035    19.579    -1.76    5.64
-235280.881    19.350    -0.61    6.13
-234904.727    18.686    -1.76    6.03
-234528.574    17.105    -4.20    5.16
-234152.420    17.895     2.10    4.66
-233776.266    17.247    -1.72    3.48
-233400.113    17.172    -0.20    4.30
-233023.960    17.760     1.56    4.05
-232647.807    17.709    -0.14    4.51
-232271.654    17.875     0.44    3.52
-231895.501    18.794     2.44    4.53
-231519.348    22.118     8.84    6.83
-231143.195    25.316     8.50    6.92
-230767.042    27.119     4.79    7.11
-230390.890    28.603     3.95    6.87
-230014.737    29.580     2.60    7.66
-229638.585    30.579     2.65    8.79
-229262.432    33.798     8.56    8.52
-228886.280    36.605     7.46    7.61
-228510.128    38.452     4.91    7.13
-228133.976    40.921     6.56    7.97
-227757.824    42.895     5.25    6.86
-227381.672    44.683     4.75    5.39
-227005.520    44.715     0.09    5.00
-226629.368    43.682    -2.75    5.56
-226253.216    38.888   -12.74    8.73
-225877.065    32.860   -16.03    9.27
-225500.913    29.659    -8.51    7.49
-225124.761    29.902     0.65    7.30
-224748.610    34.199    11.42    8.49
-224372.459    40.079    15.63    8.76
-223996.307    43.983    10.38    7.50
-223620.156    46.557     6.84    3.83
-223244.005    46.580     0.06    4.35
-222867.853    43.118    -9.20    6.94
-222491.702    37.368   -15.29    9.19
-222115.551    32.939   -11.77    8.15
-221739.400    28.947   -10.61    4.79
-221363.249    29.076     0.34    5.39
-220987.098    33.170    10.88    7.30
-220610.948    36.576     9.05    7.45
-220234.797    40.529    10.51    6.22
-219858.646    43.144     6.95    5.29
-219482.495    46.475     8.86    6.34
-219106.345    49.929     9.18    4.31
-218730.194    49.469    -1.22    4.59
-218354.043    46.551    -7.76    7.36
-217977.893    41.921   -12.31    8.18
-217601.742    40.465    -3.87    7.40
-217225.592    37.350    -8.28    6.37
-216849.441    37.683     0.89    6.66
-216473.291    39.632     5.18    7.23
-216097.140    42.415     7.40    7.36
-215720.990    45.737     8.83    5.84
-215344.840    43.965    -4.71    7.85
-214968.689    40.826    -8.34    8.04
-214592.539    41.247     1.12    7.88
-214216.388    42.298     2.79    7.61
-213840.238    42.947     1.73    7.71
-213464.088    44.529     4.20    7.24
-213087.938    42.882    -4.38    7.28
-212711.787    43.350     1.24    6.77
-212335.637    45.144     4.77    5.92
-211959.487    46.187     2.77    5.13
-211583.337    47.734     4.11    5.29
-211207.186    48.118     1.02    5.09
-210831.036    46.606    -4.02    6.10
-210454.886    43.119    -9.27    8.60
-210078.736    37.500   -14.94    8.22
-209702.585    33.974    -9.37    5.74
-209326.435    32.580    -3.70    3.76
-208950.285    36.067     9.27    7.09
-208574.135    40.740    12.42    9.00
-208197.984    45.526    12.73    8.83
-207821.834    51.199    15.08    6.72
-207445.684    53.821     6.97    5.73
-207069.534    54.226     1.08    5.41
-206693.383    52.288    -5.15    6.46
-206317.233    46.350   -15.79    9.42
-205941.083    40.401   -15.81    8.66
-205564.932    35.298   -13.57    5.38
-205188.782    34.093    -3.20    3.60
-204812.631    34.826     1.95    4.17
-204436.481    37.553     7.25    6.17
-204060.330    39.132     4.20    6.63
-203684.180    41.785     7.06    6.30
-203308.029    44.469     7.14    7.06
-202931.879    46.184     4.56    7.05
-202555.728    47.452     3.37    7.87
-202179.578    47.465     0.03    7.91
-201803.427    47.737     0.72    7.38
-201427.276    49.496     4.68    8.48
-201051.126    52.632     8.33    9.12
-200674.975    54.226     4.24    8.47
-200298.824    55.117     2.37    8.09
-199922.673    56.119     2.66    8.58
-199546.522    57.582     3.89    8.24
-199170.371    57.798     0.58    8.02
-198794.220    57.221    -1.53    8.17
-198418.069    54.579    -7.02    8.91
-198041.918    53.811    -2.04    8.34
-197665.767    55.170     3.61    8.37
-197289.615    57.606     6.48    7.69
-196913.464    58.993     3.69    6.73
-196537.313    59.868     2.33    5.67
-196161.161    60.042     0.46    5.40
-195785.010    59.260    -2.08    5.45
-195408.858    56.606    -7.06    7.29
-195032.707    53.289    -8.82    8.29
-194656.555    53.010    -0.74    8.61
-194280.403    52.496    -1.37   10.25
-193904.251    52.415    -0.22   10.30
-193528.099    53.093     1.80    8.34
-193151.948    50.426    -7.09    8.37
-192775.795    50.064    -0.96    8.88
-192399.643    52.067     5.33    8.08
-192023.491    53.526     3.88    7.44
-191647.339    51.974    -4.13    7.52
-191271.186    52.145     0.46    8.06
-190895.034    50.807    -3.56    9.11
-190518.881    51.816     2.68    9.55
-190142.729    53.415     4.25    9.12
-189766.576    53.875     1.22    7.25
-189390.423    51.270    -6.92    7.05
-189014.270    48.452    -7.49    7.58
-188638.117    45.785    -7.09    7.02
-188261.964    42.489    -8.76    7.08
-187885.811    37.605   -12.98    8.34
-187509.657    34.578    -8.05    7.86
-187133.504    32.659    -5.10    6.93
-186757.350    31.107    -4.13    4.63
-186381.197    30.956    -0.40    4.33
-186005.043    31.368     1.10    4.69
-185628.889    32.263     2.38    5.12
-185252.735    31.093    -3.11    4.63
-184876.581    30.983    -0.29    3.64
-184500.427    31.232     0.66    3.68
-184124.273    31.132    -0.27    3.68
-183748.118    31.576     1.18    3.62
-183371.977    31.496    -0.21    4.24
-182995.841    33.243     4.64    6.48
-182619.705    35.842     6.91    7.25
-182243.569    36.298     1.21    7.17
-181867.433    36.455     0.42    7.50
-181491.297    33.447    -8.00    7.52
-181115.161    31.064    -6.34    6.36
-180739.025    29.576    -3.96    6.82
-180362.888    28.837    -1.97    7.56
-179986.751    27.368    -3.90    8.04
-179610.615    24.350    -8.03    6.68
-179234.478    21.862    -6.61    5.31
-178858.341    19.555    -6.14    3.29
-178482.203    18.687    -2.31    3.13
-178106.066    18.324    -0.97    3.55
-177729.928    17.811    -1.36    3.89
-177353.791    17.715    -0.26    4.42
-176977.653    18.442     1.93    5.06
-176601.515    19.469     2.73    4.72
-176225.377    19.956     1.29    4.52
-175849.239    22.289     6.20    6.54
-175473.100    24.203     5.09    7.22
-175096.962    23.382    -2.18    7.53
-174720.823    24.526     3.04    7.21
-174344.684    25.361     2.22    6.86
-173968.545    25.862     1.33    6.44
-173592.406    26.868     2.67    6.57
-173216.267    25.316    -4.13    6.01
-172840.127    24.172    -3.04    6.21
-172463.987    21.683    -6.62    6.30
-172087.847    18.743    -7.82    4.38
-171711.707    16.247    -6.64    3.46
-171335.567    15.157    -2.90    2.74
-170959.427    15.432     0.73    2.94
-170583.286    15.794     0.96    2.66
-170207.145    16.875     2.87    2.73
-169831.005    18.064     3.16    2.02
-169454.863    20.253     5.82    4.11
-169078.722    23.576     8.83    6.20
-168702.581    27.580    10.65    7.33
-168326.439    30.144     6.82    6.08
-167950.297    30.118    -0.07    5.42
-167574.155    27.342    -7.38    6.16
-167198.013    25.105    -5.95    5.23
-166821.870    23.503    -4.26    3.65
-166445.728    23.010    -1.31    2.83
-166069.585    23.016     0.02    2.59
-165693.442    23.520     1.34    3.10
-165317.299    26.042     6.70    5.15
-164941.155    29.105     8.14    5.88
-164565.012    31.382     6.05    5.38
-164188.868    31.606     0.60    5.02
-163812.724    29.415    -5.82    5.90
-163436.580    27.388    -5.39    5.08
-163060.435    25.172    -5.89    2.44
-162684.291    25.548     1.00    3.03
-162308.146    27.605     5.47    4.95
-161932.001    30.042     6.48    5.96
-161555.855    33.632     9.54    5.43
-161179.710    36.657     8.04    6.01
-160803.564    38.632     5.25    5.39
-160427.418    39.350     1.91    5.50
-160051.272    40.326     2.60    6.75
-159675.125    42.555     5.92    7.39
-159298.979    46.307     9.98    6.92
-158922.832    48.442     5.68    5.27
-158546.685    47.686    -2.01    5.28
-158170.537    46.757    -2.47    5.49
-157794.390    47.529     2.05    5.48
-157418.242    48.868     3.56    5.91
-157042.094    51.548     7.12    5.13
-156665.946    50.734    -2.16    6.33
-156289.797    47.826    -7.73    7.46
-155913.648    43.447   -11.64    6.39
-155537.499    41.375    -5.51    3.65
-155161.350    42.064     1.83    4.94
-154785.201    43.342     3.40    5.95
-154409.051    44.221     2.34    5.92
-154032.901    45.965     4.64    5.70
-153656.751    46.956     2.63    6.31
-153280.600    49.067     5.61    7.06
-152904.449    50.785     4.57    6.96
-152528.298    50.048    -1.96    6.89
-152152.147    48.496    -4.13    5.99
-151775.996    49.076     1.54    5.91
-151399.844    52.503     9.11    7.33
-151023.692    52.401    -0.27    7.87
-150647.539    52.132    -0.72    7.98
-150271.387    52.093    -0.10    7.84
-149895.234    51.965    -0.34    8.18
-149519.081    54.415     6.51    8.41
-149142.927    56.079     4.42    7.33
-148766.774    55.921    -0.42    7.48
-148390.620    55.686    -0.63    6.87
-148014.466    54.118    -4.17    6.30
-147638.311    51.632    -6.61    6.94
-147262.156    52.104     1.26    6.86
-146886.001    53.957     4.93    7.73
-146509.846    57.447     9.28    8.04
-146133.690    60.437     7.95    5.53
-145757.534    58.929    -4.01    7.24
-145381.378    54.187   -12.61    9.17
-145005.221    48.763   -14.42    8.24
-144629.065    46.196    -6.83    6.14
-144252.908    47.280     2.88    7.38
-143876.750    50.282     7.98    8.37
-143500.592    51.503     3.25    8.05
-143124.434    54.737     8.60    6.81
-142748.276    54.496    -0.64    6.77
-142372.118    54.426    -0.19    6.55
-141995.959    54.763     0.90    7.06
-141619.799    52.048    -7.22    8.19
-141243.640    49.196    -7.58    8.27
-140867.480    45.576    -9.62    7.21
-140491.320    44.503    -2.85    5.50
-140115.160    46.170     4.43    6.51
-139738.999    48.995     7.51    7.52
-139362.838    51.956     7.87    7.37
-138986.676    55.578     9.63    8.18
-138610.515    58.821     8.62    8.94
-138234.353    62.158     8.87    7.94
-137858.190    63.104     2.51    5.72
-137482.028    60.273    -7.53    7.33
-137105.865    56.555    -9.88    6.87
-136729.701    53.211    -8.89    6.20
-136353.538    49.388   -10.16    7.15
-135977.374    46.000    -9.01    7.25
-135601.209    42.478    -9.36    6.00
-135225.045    40.382    -5.57    4.84
-134848.880    39.273    -2.95    2.83
-134472.714    40.604     3.54    3.38
-134096.549    42.316     4.55    5.10
-133720.382    45.426     8.27    6.48
-133344.216    47.663     5.95    6.23
-132968.049    50.632     7.89    6.00
-132591.882    53.026     6.37    5.78
-132215.715    54.875     4.91    6.10
-131839.547    55.247     0.99    5.64
-131463.379    53.388    -4.94    6.45
-131087.211    54.734     3.58    5.71
-130711.042    54.709    -0.07    5.18
-130334.873    53.500    -3.21    6.14
-129958.703    49.132   -11.61    8.30
-129582.533    44.170   -13.19    7.26
-129206.363    40.000   -11.09    4.85
-128830.192    37.715    -6.07    2.03
-128454.021    37.659    -0.15    2.24
-128077.850    38.382     1.92    2.67
-127701.678    39.388     2.68    2.61
-127325.506    40.848     3.88    2.75
-126949.334    42.225     3.66    3.34
-126573.161    44.401     5.78    4.52
-126196.988    47.555     8.38    5.80
-125820.814    50.854     8.77    5.55
-125444.640    54.196     8.88    5.13
-125068.466    55.172     2.60    4.93
-124692.291    53.763    -3.75    6.30
-124316.116    49.711   -10.77    7.55
-123939.941    45.503   -11.18    6.38
-123563.765    42.442    -8.14    5.01
-123187.589    40.842    -4.25    2.94
-122811.412    40.332    -1.36    1.96
-122435.235    41.048     1.91    2.10
-122059.058    41.158     0.29    2.13
-121682.880    41.091    -0.18    1.97
-121306.702    41.767     1.80    3.44
-120930.523    44.334     6.83    6.27
-120554.344    48.409    10.83    7.43
-120178.164    51.426     8.02    5.99
-119801.985    52.914     3.95    4.86
-119425.804    51.794    -2.98    5.11
-119049.624    49.683    -5.61    5.24
-118673.443    47.334    -6.24    5.43
-118297.261    46.974    -0.96    5.33
-117921.079    46.000    -2.59    4.74
-117544.897    45.298    -1.87    4.57
-117168.714    46.715     3.77    5.95
-116792.531    48.658     5.16    8.08
-116416.348    50.452     4.77    8.65
-116040.164    52.174     4.58    7.77
-115663.980    54.324     5.71    7.82
-115287.795    56.361     5.42    8.04
-114911.609    57.578     3.23    8.25
-114535.424    54.713    -7.62    8.95
-114159.238    50.632   -10.85    8.62
-113783.051    50.939     0.82    8.19
-113406.864    49.510    -3.80    7.91
-113030.677    48.794    -1.90    6.85
-112654.489    48.811     0.05    5.68
-112278.301    46.921    -5.02    3.79
-111902.112    45.553    -3.64    3.08
-111525.923    45.226    -0.87    3.09
-111149.734    44.557    -1.78    3.04
-110773.544    43.172    -3.68    2.91
-110397.353    42.632    -1.44    2.98
-110021.162    43.010     1.01    5.36
-109644.971    43.409     1.06    6.59
-109268.779    44.247     2.23    7.46
-108892.587    45.273     2.73    7.50
-108516.394    46.317     2.78    6.60
-108140.296    46.469     0.40    6.61
-107764.198    46.983     1.37    7.13
-107388.099    46.895    -0.23    6.69
-107012.000    46.507    -1.03    6.24
-106635.900    46.307    -0.53    5.77
-106259.800    48.158     4.92    5.53
-105883.700    47.368    -2.10    5.82
-105507.599    44.170    -8.50    6.38
-105131.497    42.253    -5.10    6.34
-104755.395    43.132     2.34    6.15
-104379.293    46.711     9.52    8.03
-104003.190    52.187    14.56    6.46
-103627.086    54.064     4.99    4.92
-103250.982    52.104    -5.21    7.09
-102874.878    49.375    -7.25    8.01
-102498.773    47.426    -5.18    6.72
-102122.668    46.774    -1.73    7.26
-101746.562    45.789    -2.62    7.46
-101370.456    42.253    -9.40    7.31
-100994.349    41.437    -2.17    7.31
-100618.241    40.426    -2.69    7.16
-100242.134    37.421    -7.99    7.85
 -99866.025    34.016    -9.05    7.06
 -99489.917    30.474    -9.42    3.09
 -99113.807    29.832    -1.71    2.68
 -98737.698    30.064     0.62    3.33
 -98361.587    30.332     0.71    4.12
 -97985.477    29.785    -1.45    4.07
 -97609.365    27.659    -5.65    2.96
 -97233.254    27.605    -0.15    2.87
 -96857.141    27.064    -1.44    2.62
 -96481.029    26.605    -1.22    2.76
 -96104.915    26.684     0.21    2.59
 -95728.802    26.187    -1.32    2.73
 -95352.687    25.785    -1.07    2.13
 -94976.572    25.211    -1.53    2.43
 -94600.457    23.770    -3.83    3.34
 -94224.341    23.016    -2.01    3.77
 -93848.225    22.053    -2.56    3.83
 -93472.108    21.368    -1.82    4.08
 -93095.991    20.118    -3.32    4.43
 -92719.873    19.529    -1.57    4.35
 -92343.754    17.956    -4.18    4.78
 -91967.635    17.503    -1.20    5.18
 -91591.516    18.632     3.00    5.57
 -91215.396    19.546     2.43    5.85
 -90839.275    20.875     3.53    4.46
 -90463.154    21.767     2.37    2.75
 -90087.032    21.064    -1.87    2.30
 -89710.910    20.226    -2.23    2.14
 -89334.787    20.326     0.27    1.62
 -88958.664    20.407     0.21    1.76
 -88582.540    20.273    -0.36    1.80
 -88206.416    20.469     0.52    1.52
 -87830.291    20.342    -0.34    1.89
 -87454.166    19.974    -0.98    2.21
 -87078.040    19.965    -0.02    2.18
 -86701.913    20.199     0.62    2.46
 -86325.786    19.939    -0.69    2.30
 -85949.658    20.298     0.95    1.99
 -85573.530    20.221    -0.20    2.41
 -85197.401    20.273     0.14    2.48
 -84821.272    19.882    -1.04    2.20
 -84445.142    20.221     0.90    2.17
 -84069.012    19.010    -3.22    4.46
 -83692.881    15.929    -8.19    7.97
 -83316.749    12.307    -9.63    9.10
 -82940.617    11.520    -2.09    9.35
 -82564.484    12.734     3.23    9.35
 -82188.351    14.067     3.54    9.45
 -81812.217    14.199     0.35    9.36
 -81436.082    14.760     1.49    9.33
 -81059.947    14.221    -1.43    9.28
 -80683.812    13.811    -1.09    8.87
 -80307.676    14.199     1.03    8.56
 -79931.539    14.965     2.04    8.11
 -79555.402    17.551     6.87    6.49
 -79179.264    18.789     3.29    5.87
 -78803.125    20.442     4.39    3.73
 -78426.986    20.975     1.42    2.80
 -78050.846    21.452     1.27    2.64
 -77674.706    21.921     1.25    2.48
 -77298.565    22.104     0.49    1.89
 -76922.424    21.683    -1.12    1.90
 -76546.282    21.270    -1.10    2.06
 -76170.139    21.298     0.07    1.88
 -75793.996    20.763    -1.42    1.85
 -75417.852    20.659    -0.28    1.85
 -75041.707    20.737     0.21    1.66
 -74665.562    20.580    -0.42    1.72
 -74289.417    20.757     0.47    1.99
 -73913.270    21.172     1.10    1.89
 -73537.124    21.067    -0.28    1.90
 -73160.976    21.079     0.03    1.66
 -72784.828    20.902    -0.47    1.57
 -72408.679    20.821    -0.22    2.03
 -72032.530    20.746    -0.20    2.17
 -71656.380    20.734    -0.03    2.20
 -71280.229    20.832     0.26    2.02
 -70904.078    20.493    -0.90    2.09
 -70527.926    20.811     0.85    1.89
 -70151.774    21.076     0.70    2.01
 -69775.621    21.079     0.01    2.00
 -69399.467    21.375     0.79    1.86
 -69023.313    21.368    -0.02    1.67
 -68647.158    21.342    -0.07    1.77
 -68271.002    21.474     0.35    1.91
 -67894.846    21.232    -0.64    1.82
 -67518.689    20.767    -1.24    1.89
 -67142.531    19.732    -2.75    2.37
 -66766.373    19.447    -0.76    2.29
 -66390.214    19.523     0.20    2.46
 -66014.055    20.037     1.37    2.69
 -65637.895    21.159     2.98    2.20
 -65261.734    21.273     0.30    1.86
 -64885.573    21.332     0.16    1.80
 -64509.411    21.118    -0.57    2.08
 -64133.248    20.957    -0.43    2.15
 -63757.085    21.816     2.28    2.69
 -63380.921    19.026    -7.42    7.05
 -63004.756    17.713    -3.49    7.83
 -62628.591    15.888    -4.85    7.59
 -62252.425    15.496    -1.04    6.28
 -61876.258    18.270     7.37    3.82
 -61500.091    18.657     1.03    1.69
 -61123.923    18.270    -1.03    1.51
 -60747.754    17.632    -1.70    1.76
 -60371.585    16.709    -2.45    1.66
 -59995.415    16.974     0.71    1.88
 -59619.244    17.280     0.81    2.00
 -59243.073    17.713     1.15    1.83
 -58866.901    17.929     0.57    1.73
 -58490.728    17.888    -0.11    2.05
 -58114.555    17.686    -0.54    2.00
 -57738.381    18.503     2.17    2.00
 -57362.206    19.144     1.70    1.86
 -56986.031    19.895     1.99    2.14
 -56609.855    20.199     0.81    1.98
 -56233.678    20.452     0.67    1.96
 -55857.501    20.632     0.48    1.86
 -55481.322    20.632     0.00    1.94
 -55105.144    21.737     2.94    2.53
 -54728.964    22.687     2.53    2.86
 -54352.784    23.605     2.44    2.68
 -53976.603    24.196     1.57    2.56
 -53600.421    24.475     0.74    2.64
 -53224.239    24.361    -0.30    2.56
 -52848.056    24.605     0.65    2.57
 -52471.872    23.415    -3.16    4.32
 -52095.688    21.503    -5.08    4.40
 -51719.503    21.686     0.48    4.58
 -51343.317    22.273     1.56    4.93
 -50967.130    23.350     2.86    4.29
 -50590.943    22.888    -1.23    3.89
 -50214.755    22.199    -1.83    3.76
 -49838.566    21.914    -0.76    3.24
 -49462.377    21.868    -0.12    2.59
 -49086.187    22.493     1.66    3.50
 -48709.996    22.226    -0.71    3.71
 -48333.804    21.159    -2.84    4.08
 -47957.612    20.713    -1.19    3.88
 -47581.419    20.683    -0.08    3.10
 -47205.225    21.350     1.77    2.92
 -46829.031    21.734     1.02    2.47
 -46452.835    22.196     1.23    2.33
 -46076.639    22.882     1.82    2.27
 -45700.443    23.273     1.04    2.10
 -45324.245    24.064     2.10    2.08
 -44948.047    24.888     2.19    1.85
 -44571.848    25.211     0.86    1.80
 -44195.649    25.375     0.44    2.10
 -43819.448    25.199    -0.47    1.97
 -43443.247    25.316     0.31    1.71
 -43067.045    25.707     1.04    1.79
 -42690.843    26.489     2.08    1.82
 -42314.639    27.199     1.89    1.76
 -41938.435    27.902     1.87    1.87
 -41562.230    29.226     3.52    2.51
 -41186.025    30.496     3.38    3.19
 -40809.818    31.803     3.47    3.18
 -40433.611    32.432     1.67    3.01
 -40057.403    32.580     0.40    3.27
 -39681.194    32.929     0.93    3.39
 -39304.985    33.273     0.91    3.64
 -38928.775    33.868     1.58    3.32
 -38552.564    35.237     3.64    3.04
 -38176.352    36.184     2.52    3.16
 -37800.140    37.144     2.55    3.87
 -37423.926    38.687     4.10    3.69
 -37047.712    39.184     1.32    3.38
 -36671.497    39.760     1.53    2.80
 -36295.282    40.574     2.17    2.46
 -35919.065    40.965     1.04    3.15
 -35542.848    42.064     2.92    3.50
 -35166.630    43.632     4.17    3.87
 -34790.412    44.334     1.87    4.16
 -34414.192    45.187     2.27    4.95
 -34037.972    46.144     2.54    5.89
 -33661.751    47.882     4.62    7.52
 -33285.577    48.875     2.64    7.71
 -32909.506    51.432     6.80    8.45
 -32533.433    52.658     3.26    9.09
 -32157.360    52.837     0.48    8.55
 -31781.287    53.158     0.85    9.94
 -31405.212    53.632     1.26    9.78
 -31029.137    54.937     3.47    9.95
 -30653.061    58.605     9.75   10.60
 -30276.984    65.442    18.18    9.22
 -29900.906    69.460    10.68    5.82
 -29524.827    71.016     4.14    5.47
 -29148.748    73.042     5.39    5.29
 -28772.668    74.854     4.82    5.61
 -28396.587    78.253     9.04    6.21
 -28020.505    82.548    11.42    6.76
 -27644.422    87.395    12.89    6.01
 -27268.339    92.932    14.72    6.54
 -26892.254    97.469    12.07    6.18
 -26516.169   100.144     7.11    5.02
 -26140.083   100.184     0.11    5.54
 -25763.996    96.974    -8.54    6.94
 -25387.909    93.442    -9.39    6.11
 -25011.820    90.107    -8.87    7.31
 -24635.731    85.158   -13.16    7.94
 -24259.641    81.037   -10.96    8.27
 -23883.550    77.253   -10.06    7.55
 -23507.459    75.032    -5.91    7.49
 -23131.366    72.888    -5.70    7.71
 -22755.273    71.452    -3.82    6.40
 -22379.178    69.632    -4.84    9.54
 -22003.083    64.307   -14.16    9.90
 -21626.987    59.091   -13.87   10.46
 -21250.891    53.579   -14.66    9.67
 -20874.793    47.507   -16.15   10.16
 -20498.695    40.902   -17.56    8.55
 -20122.595    34.711   -16.46    8.17
 -19746.495    29.974   -12.59    6.80
 -19370.394    27.503    -6.57    4.24
 -18994.292    27.199    -0.81    3.63
 -18618.190    28.057     2.28    3.57
 -18242.086    28.888     2.21    2.33
 -17865.982    29.361     1.26    2.28
 -17489.876    28.551    -2.16    2.64
 -17113.770    27.361    -3.16    2.99
 -16737.663    26.237    -2.99    2.54
 -16361.555    26.067    -0.45    2.10
 -15985.446    26.003    -0.17    2.09
 -15609.337    26.247     0.65    2.21
 -15233.226    26.105    -0.38    2.20
 -14857.115    25.465    -1.70    2.02
 -14481.003    24.529    -2.49    2.45
 -14104.890    23.606    -2.45    2.21
 -13728.776    23.447    -0.42    1.92
 -13352.661    23.442    -0.01    2.18
 -12976.545    23.196    -0.66    2.10
 -12600.429    22.409    -2.09    2.82
 -12224.311    20.757    -4.39    3.72
 -11848.193    18.657    -5.58    4.79
 -11472.073    15.517    -8.35    4.93
 -11095.953    13.469    -5.44    4.15
 -10719.832    11.172    -6.11    5.24
 -10343.710     8.496    -7.11    5.36
  -9967.587     8.184    -0.83    4.54
  -9591.464     8.465     0.75    4.59
  -9215.339    11.232     7.36    4.97
  -8839.213    13.526     6.10    3.96
  -8463.087    14.388     2.29    3.49
  -8086.960    14.196    -0.51    3.00
  -7710.831    12.632    -4.16    2.90
  -7334.702    11.737    -2.38    2.66
  -6958.572    11.409    -0.87    2.73
  -6582.441    10.067    -3.57    3.82
  -6206.309     9.770    -0.79    4.75
  -5830.177     8.683    -2.89    5.12
  -5454.043     7.529    -3.07    5.62
  -5077.908     5.725    -4.80    6.09
  -4701.773     3.523    -5.85    5.78
  -4325.636     2.388    -3.02    4.88
  -3949.499     3.307     2.44    4.92
  -3573.361     6.316     8.00    4.65
  -3197.221     8.713     6.37    2.78
  -2821.081     9.093     1.01    1.96
  -2444.940     8.811    -0.75    3.03
  -2068.798     8.579    -0.62    3.47
  -1692.655     6.184    -6.37    4.43
  -1316.511     4.026    -5.74    4.37
   -940.367     2.170    -4.94    3.93
   -564.221     0.496    -4.45    2.25
   -188.074     0.221    -0.73    1.45
    188.073     0.215    -0.02    1.52
    564.222     0.452     0.63    1.92
    940.371     0.324    -0.34    1.52
   1316.522    -0.025    -0.93    0.75
   1692.673     0.273     0.79    3.06
   2068.826     3.659     9.00    6.99
   2444.979     7.632    10.56    8.28
   2821.133    11.452    10.16    6.73
   3197.288    14.270     7.49    2.83
   3573.444    14.016    -0.68    2.54
   3949.601    13.426    -1.57    2.60
   4325.760    12.983    -1.18    3.02
   4701.919    11.789    -3.17    4.38
   5078.078    10.478    -3.49    5.60
   5454.239     9.144    -3.54    5.95
   5830.401     9.226     0.22    6.36
   6206.564     9.921     1.85    6.14
   6582.728    10.010     0.24    6.22
   6958.893     9.578    -1.15    6.45
   7335.059    10.605     2.73    6.57
   7711.225    11.975     3.64    5.82
   8087.393    14.862     7.67    3.48
   8463.562    16.067     3.20    3.77
   8839.731    17.020     2.53    4.07
   9215.902    17.734     1.90    3.12
   9592.074    16.909    -2.19    3.64
   9968.246    16.247    -1.76    3.26
  10344.420    15.395    -2.27    3.64
  10720.595    15.334    -0.16    3.63
  11096.770    16.415     2.87    3.78
  11472.947    16.914     1.32    3.57
  11849.124    17.482     1.51    3.61
  12225.303    18.605     2.99    2.46
  12601.482    18.862     0.69    1.55
  12977.663    19.091     0.61    1.26
  13353.844    18.794    -0.79    1.21
  13730.027    18.767    -0.07    1.13
  14106.211    18.546    -0.59    1.25
  14482.395    18.426    -0.32    1.34
  14858.581    18.307    -0.32    1.61
  15234.767    17.902    -1.08    1.95
  15610.955    17.555    -0.92    1.87
  15987.143    17.465    -0.24    2.04
  16363.333    17.658     0.51    1.59
  16739.524    17.837     0.48    1.73
  17115.715    17.632    -0.55    2.49
  17491.908    17.937     0.81    2.69
  17868.102    18.158     0.59    3.04
  18244.296    17.432    -1.93    3.51
  18620.492    18.104     1.79    3.59
  18996.689    18.837     1.95    3.78
  19372.886    20.053     3.23    3.13
  19749.085    20.605     1.47    2.81
  20125.285    20.929     0.86    2.75
  20501.486    20.937     0.02    2.48
  20877.688    19.478    -3.88    3.41
  21253.891    18.407    -2.85    3.12
  21630.095    18.794     1.03    3.07
  22006.299    19.057     0.70    3.11
  22382.506    19.895     2.23    3.14
  22758.713    20.342     1.19    3.12
  23134.921    20.253    -0.24    3.30
  23511.130    20.657     1.07    3.74
  23887.340    21.442     2.09    3.45
  24263.551    22.409     2.57    3.46
  24639.763    22.868     1.22    3.17
  25015.977    23.659     2.10    2.61
  25392.191    24.016     0.95    2.23
  25768.407    24.247     0.61    2.60
  26144.623    24.403     0.41    2.64
  26520.841    22.199    -5.86    4.85
  26897.059    21.686    -1.36    5.16
  27273.279    22.415     1.94    5.04
  27649.500    23.507     2.90    5.00
  28025.722    25.605     5.58    2.57
  28401.944    25.553    -0.14    1.94
  28778.168    26.067     1.37    2.12
  29154.393    26.711     1.71    2.12
  29530.619    26.929     0.58    1.84
  29906.847    26.862    -0.18    2.06
  30283.075    26.395    -1.24    2.03
  30659.304    25.632    -2.03    2.10
  31035.534    25.226    -1.08    2.06
  31411.766    25.132    -0.25    2.06
  31787.998    25.579     1.19    2.12
  32164.232    26.837     3.34    2.40
  32540.467    27.382     1.45    2.23
  32916.703    26.388    -2.64    3.27
  33292.939    25.280    -2.95    4.06
  33669.177    24.010    -3.38    3.98
  34045.416    23.862    -0.39    4.21
  34421.657    23.523    -0.90    4.27
  34797.898    24.144     1.65    4.10
  35174.140    25.529     3.68    3.70
  35550.384    26.247     1.91    2.88
  35926.628    26.605     0.95    2.30
  36302.874    26.426    -0.47    2.24
  36679.121    26.526     0.27    2.02
  37055.368    26.298    -0.61    2.28
  37431.617    25.929    -0.98    2.44
  37807.867    25.826    -0.27    2.98
  38184.119    25.442    -1.02    3.04
  38560.371    25.350    -0.25    2.86
  38936.624    25.663     0.83    2.18
  39312.879    25.683     0.05    1.57
  39689.134    25.503    -0.48    1.63
  40065.391    25.576     0.19    1.80
  40441.649    25.632     0.15    1.75
  40817.908    25.659     0.07    1.66
  41194.168    25.042    -1.64    1.74
  41570.429    24.921    -0.32    1.77
  41946.548    25.221     0.80    2.10
  42322.586    25.767     1.45    2.14
  42698.625    26.211     1.18    1.75
  43074.666    26.357     0.39    1.72
  43450.707    26.546     0.50    1.63
  43826.750    26.307    -0.63    1.96
  44202.793    26.091    -0.57    1.80
  44578.838    26.199     0.29    2.13
  44954.884    26.172    -0.07    2.02
  45330.931    26.409     0.63    1.62
  45706.979    26.857     1.19    1.95
  46083.029    26.683    -0.46    2.05
  46459.079    26.848     0.44    2.10
  46835.131    27.350     1.33    2.24
  47211.184    27.526     0.47    2.22
  47587.238    28.316     2.10    2.13
  47963.293    29.053     1.96    2.23
  48339.349    29.862     2.15    2.21
  48715.407    30.659     2.12    1.63
  49091.465    31.368     1.89    1.95
  49467.525    31.657     0.77    1.79
  49843.586    31.661     0.01    1.49
  50219.648    31.888     0.60    1.63
  50595.711    31.956     0.18    1.80
  50971.776    32.334     1.01    1.54
  51347.841    32.523     0.50    1.49
  51723.908    32.743     0.58    1.60
  52099.976    32.734    -0.02    1.71
  52476.045    32.932     0.53    1.68
  52852.115    33.145     0.57    1.56
  53228.187    33.273     0.34    1.55
  53604.259    33.273     0.00    1.53
  53980.333    33.350     0.20    1.52
  54356.408    33.737     1.03    1.89
  54732.484    34.862     2.99    3.78
  55108.561    39.826    13.20    8.97
  55484.640    45.523    15.15   11.43
  55860.720    53.263    20.58   12.18
  56236.801    62.102    23.50    6.92
  56612.883    65.196     8.23    5.27
  56988.966    69.421    11.24    7.36
  57365.050    75.048    14.96   10.83
  57741.136    84.956    26.34   12.43
  58117.223    94.187    24.55   11.01
  58493.311   102.526    22.17    9.02
  58869.400   109.307    18.03    6.39
  59245.491   113.118    10.13    4.96
  59621.583   115.503     6.34    3.68
  59997.675   115.895     1.04    4.30
  60373.770   113.053    -7.56    7.04
  60749.865   110.740    -6.15    7.72
  61125.961   110.657    -0.22    7.80
  61502.059   112.442     4.75    8.36
  61878.158   115.523     8.19    7.16
  62254.258   117.821     6.11    5.18
  62630.360   116.632    -3.16    5.22
  63006.462   114.119    -6.68    6.21
  63382.566   109.580   -12.07    6.81
  63758.671   104.354   -13.90    7.14
  64134.777    96.711   -20.32    8.37
  64510.885    89.076   -20.30    9.02
  64886.994    81.737   -19.51    9.05
  65263.104    74.382   -19.56    7.48
  65639.215    67.956   -17.08    7.54
  66015.327    60.026   -21.08   10.38
  66391.441    52.553   -19.87    9.22
  66767.556    46.144   -17.04    8.47
  67143.672    40.875   -14.01    6.26
  67519.789    39.426    -3.85    5.08
  67895.908    38.350    -2.86    3.30
  68272.028    38.496     0.39    2.86
  68648.149    38.578     0.22    2.53
  69024.271    37.523    -2.80    3.09
  69400.395    36.368    -3.07    2.80
  69776.520    37.119     1.99    3.12
  70152.646    38.489     3.64    2.61
  70528.773    39.016     1.40    2.25
  70904.902    38.868    -0.39    2.41
  71281.032    37.882    -2.62    3.71
  71657.163    37.093    -2.10    3.68
  72033.295    36.709    -1.02    3.61
  72409.429    36.606    -0.27    3.40
  72785.564    36.974     0.98    3.01
  73161.700    37.557     1.55    3.60
  73537.837    38.882     3.52    3.57
  73913.976    39.982     2.92    3.53
  74290.116    41.119     3.02    3.15
  74666.257    42.174     2.81    2.69
  75042.400    42.578     1.07    2.50
  75418.544    42.605     0.07    2.68
  75794.689    43.253     1.72    2.33
  76170.835    43.368     0.31    1.84
  76546.983    42.983    -1.02    1.74
  76923.132    41.207    -4.72    3.12
  77299.282    40.553    -1.74    2.97
  77675.434    40.632     0.21    3.41
  78051.586    40.683     0.14    3.35
  78427.740    41.196     1.36    3.33
  78803.896    41.421     0.60    3.07
  79180.052    41.770     0.93    3.19
  79556.210    41.785     0.04    3.65
  79932.370    41.687    -0.26    4.01
  80308.530    42.119     1.15    3.58
  80684.692    43.221     2.93    3.05
  81060.855    44.546     3.52    2.36
  81437.020    45.010     1.23    2.34
  81813.185    45.280     0.72    2.39
  82189.353    45.421     0.37    2.54
  82565.521    45.211    -0.56    2.86
  82941.691    45.270     0.16    2.62
  83317.862    45.332     0.16    2.56
  83694.034    45.503     0.46    2.54
  84070.208    45.388    -0.31    3.05
  84446.382    44.842    -1.45    3.72
  84822.559    44.316    -1.40    4.23
  85198.736    43.939    -1.00    4.25
  85574.915    43.794    -0.39    4.32
  85951.095    43.657    -0.36    4.25
  86327.277    42.687    -2.58    4.17
  86703.460    42.760     0.19    4.05
  87079.644    42.580    -0.48    3.57
  87455.830    41.475    -2.94    3.47
  87832.016    41.842     0.97    2.98
  88208.205    42.226     1.02    2.66
  88584.394    42.821     1.58    2.78
  88960.585    43.079     0.69    2.93
  89336.777    42.713    -0.97    2.94
  89712.971    41.991    -1.92    2.73
  90089.166    41.991     0.00    3.03
  90465.362    41.523    -1.24    3.25
  90841.560    40.991    -1.42    3.92
  91217.759    41.247     0.68    4.64
  91593.959    41.734     1.30    4.55
  91970.160    41.794     0.16    4.77
  92346.363    42.196     1.07    4.15
  92722.568    42.686     1.30    2.97
  93098.773    42.469    -0.57    2.64
  93474.981    42.226    -0.65    2.71
  93851.189    41.975    -0.67    2.82
  94227.399    41.862    -0.30    2.67
  94603.610    42.895     2.74    2.97
  94979.822    43.743     2.25    2.65
  95356.036    43.503    -0.64    2.77
  95732.251    43.993     1.30    3.01
  96108.468    43.632    -0.96    2.84
  96484.686    43.947     0.84    2.73
  96860.905    44.794     2.25    2.62
  97237.126    45.816     2.72    2.50
  97613.348    46.503     1.83    2.20
  97989.572    46.757     0.67    2.10
  98365.796    46.909     0.41    1.65
  98742.023    46.632    -0.74    1.64
  99118.250    46.474    -0.42    1.88
  99494.479    46.713     0.64    1.95
  99870.710    46.199    -1.36    2.50
 100246.941    45.174    -2.72    2.88
 100623.175    45.939     2.03    3.03
 100999.409    46.682     1.97    3.00
 101375.645    47.937     3.34    2.53
 101751.882    49.042     2.94    2.28
 102128.121    50.437     3.71    2.96
 102504.361    51.526     2.89    3.78
 102880.603    53.862     6.21    4.15
 103256.846    55.737     4.98    4.93
 103633.090    62.237    17.28   10.35
 104009.336    69.478    19.25   12.15
 104385.583    77.357    20.94   10.29
 104761.832    81.172    10.14    6.52
 105138.081    77.082   -10.87   10.72
 105514.333    71.763   -14.14   11.53
 105890.586    66.767   -13.28   10.21
 106266.840    60.523   -16.59    8.57
 106643.095    57.520    -7.98    6.11
 107019.353    56.132    -3.69    4.75
 107395.611    54.532    -4.25    3.44
 107771.871    54.520    -0.03    3.18
 108148.132    54.282    -0.63    2.97
 108524.395    54.474     0.51    3.30
 108900.659    54.737     0.70    4.20
 109276.925    55.105     0.98    5.00
 109653.192    55.196     0.24    4.90
 110029.460    55.079    -0.31    4.40
 110405.730    55.965     2.35    3.88
 110782.001    57.273     3.48    3.42
 111158.274    57.715     1.18    3.74
 111534.548    58.478     2.03    4.11
 111910.824    59.273     2.11    4.02
 112287.101    60.048     2.06    4.14
 112663.379    59.578    -1.25    5.10
 113039.659    60.382     2.14    4.86
 113415.941    60.895     1.36    5.14
 113792.224    61.760     2.30    4.31
 114168.508    63.172     3.75    4.11
 114544.794    66.482     8.80    7.19
 114921.081    69.478     7.96    9.05
 115297.370    71.211     4.61    9.10
 115673.660    73.415     5.86    9.94
 116049.951    76.247     7.53   12.68
 116426.244    80.503    11.31   13.69
 116802.539    87.770    19.31   13.23
 117178.565    93.760    15.93   11.85
 117554.579    98.520    12.66    7.56
 117930.593    97.658    -2.29    9.86
 118306.609    90.785   -18.28   14.42
 118682.627    82.350   -22.43   13.67
 119058.646    78.307   -10.75   10.63
 119434.667    77.632    -1.80    9.99
 119810.689    77.794     0.43    7.62
 120186.712    80.683     7.68    8.23
 120562.737    84.270     9.54   10.36
 120938.764    88.760    11.94   10.94
 121314.792    92.965    11.18   12.48
 121690.821   100.478    19.98   13.74
 122066.852   109.713    24.56   10.29
 122442.884   117.579    20.92    6.14
 122818.918   120.789     8.54    5.65
 123194.954   122.743     5.19    5.51
 123570.991   121.172    -4.18    6.76
 123947.029   115.361   -15.45   10.26
 124323.069   109.368   -15.94   12.36
 124699.110    98.811   -28.08   14.92
 125075.153    87.819   -29.23   14.04
 125451.197    78.289   -25.34   12.44
 125827.243    70.658   -20.29    7.42
 126203.291    66.382   -11.37    5.42
 126579.339    64.016    -6.29    4.71
 126955.390    63.469    -1.45    4.88
 127331.442    63.603     0.36    4.50
 127707.495    64.132     1.41    4.08
