#  175.631 -11.111  11.074 ;Mean Elev.(m), Avg Gradient(m/km), RMS Gradient(m/km) - SRTM1     
#  167.003 -11.831  11.666 ;Mean Elev.(m), Avg Gradient(m/km), RMS Gradient(m/km) - ASTER GDEM
#  175.853  -9.659  16.905 ;Mean Elev.(m), Avg Gradient(m/km), RMS Gradient(m/km) - GMTED2010 
  8  14.154777  -4.950609   210.933   214.980  7 52485.87947735  3.998
  9  14.154811  -4.950314   172.316   172.138  7 52520.87944370 32.048
 10  14.151961  -4.958539   220.135   219.061  5 52555.87949324  0.737
 11  14.151486  -4.947233   177.457   177.108  4 52590.87948578 42.689
 12  14.160316  -4.945668   183.754   183.885  8 52625.87941026 41.933
 13  14.156011  -4.954366   178.253   177.531  5 52660.87944925 39.037
 14  14.158494  -4.951027   172.915   173.079  5 52695.87942899 44.923
 15  14.160135  -4.945935   170.744   170.735  8 52730.87945830 51.481
 17  14.156785  -4.943336   178.763   174.624  5 52800.87946531 47.361
 18  14.157900  -4.945080   179.014   176.886  7 52835.87953205 45.400
 19  14.159329  -4.950457   185.304   188.711  6 52870.87957190 37.466
 22  14.154533  -4.949741   180.958   181.374  7 52975.87954971 41.607
 23  14.154124  -4.962166   180.559   180.559  2 53010.87955072 30.442
 24  14.154144  -4.950712   215.408   219.660  8 53045.87951698  6.045
 25  14.152065  -4.961832   171.229   171.233  4 53080.87954883 44.965
 26  14.153401  -4.961915   170.192   170.391  3 53115.87951929 43.010
 27  14.152900  -4.961150   169.281   169.177  3 53150.87956737 44.951
 28  14.162559  -4.946157   180.046   180.757  6 53185.87955798 41.559
 29  14.156048  -4.949680   168.834   168.729  7 53220.87958344 28.192
 31  14.149483  -4.954774   221.335   221.379  7 53290.87957126  0.717
 32  14.159790  -4.951691   178.261   178.127  4 53325.87954622 16.610
 33  14.160559  -4.954106   178.832   178.832  2 53360.87950417 14.053
 36  14.155799  -4.945984   177.404   176.837  6 53465.87954726 42.503
 37  14.149954  -4.955079   172.368   171.476  8 53500.87960481 44.299
 40  14.156038  -4.953500   179.601   183.862  5 53605.87955066 41.898
 41  14.153723  -4.951710   197.363   200.202  7 53640.87955094 16.173
 42  14.150157  -4.949426   180.191   178.868  6 53675.87957084 43.014
 43  14.158332  -4.945596   186.569   186.314  6 53710.87950107 43.639
 44  14.158075  -4.944029   179.915   178.463  6 53745.87941146 41.873
 45  14.158148  -4.942009   176.972   175.448  6 53780.87944316 43.776
 46  14.155215  -4.937956   183.896   183.896  2 53815.87941272 25.980
 47  14.154182  -4.960244   171.743   171.864  3 53850.87947585 46.685
 48  14.162043  -4.943208   170.825   170.487  8 53885.87948810 45.834
 49  14.147851  -4.956744   169.601   168.815  9 53920.87955555 43.459
 50  14.148019  -4.955524   167.428   167.398  8 53955.87955337 43.702
 51  14.158742  -4.948664   201.612   203.609  7 53990.87947304 10.103
 52  14.156384  -4.947388   175.393   175.275  7 54025.87953909 23.748
 53  14.160360  -4.944857   179.433   179.553  8 54060.87953230 32.259
 54  14.154766  -4.949499   180.426   180.424  8 54095.87950530 27.877
 55  14.158327  -4.955568   175.833   176.046  3 54130.87945129 48.139
 57  14.154828  -4.944998   170.257   170.459  5 54200.87945601 47.035
 58  14.156614  -4.947929   215.641   218.645  7 54235.87949276  4.188
 59  14.156198  -4.949308   180.670   181.161  6 54270.87951348 43.444
 60  14.156229  -4.949059   178.323   177.817  6 54305.87951582 41.729
 61  14.155381  -4.944728   178.511   174.076  5 54340.87949853 43.878
 62  14.156924  -4.952930   194.443   188.815  5 54375.87944954 25.124
 63  14.155098  -4.949100   179.778   179.788  7 54410.87944414 33.215
 64  14.155435  -4.944153   183.459   184.080  5 54445.87941490 45.156
 65  14.156704  -4.948311   179.407   179.615  8 54480.87943570 44.803
 66  14.157219  -4.948677   201.580   202.891  7 54515.87942817 14.970
 67  14.154995  -4.948732   171.422   171.241  8 54550.87944858 11.657
 68  14.155368  -4.945149   172.573   172.723  5 54585.87942506 35.225
 69  14.155295  -4.948882   170.844   170.923  8 54620.87944352 21.546
 70  14.152476  -4.942011   194.309   190.053  3 54655.87945482  6.798
 71  14.154578  -4.946764   177.569   173.309  5 54690.87943921 41.791
 72  14.157959  -4.953465   172.963   173.147  5 54725.87940388 10.709
 73  14.154664  -4.949354   174.915   175.111  8 54760.87941521 23.405
 74  14.155374  -4.948610   186.221   186.203  7 54795.87939731 41.664
 75  14.154631  -4.946165   184.325   183.115  6 54830.87941623 45.448
 76  14.157834  -4.953900   177.573   176.671  3 54865.87939190 42.143
 77  14.153521  -4.948891   179.465   177.793  6 54900.87941425 38.465
 78  14.156315  -4.949288   171.747   171.480  6 54935.87938361 40.547
 80  14.155117  -4.957809   171.184   171.586  4 55005.87943444 47.115
 81  14.155448  -4.944625   172.938   172.884  5 55040.87942473 40.428
 82  14.154481  -4.946998   209.071   206.615  5 55075.87940630  3.427
 83  14.157176  -4.954003   210.209   212.992  3 55110.87935559  3.158
 84  14.154283  -4.950585   177.337   177.293  7 55145.87935830 24.497
 85  14.156404  -4.948282   180.727   180.877  8 55180.87933388 40.852
 86  14.155285  -4.949863   177.542   176.973  8 55215.87935339 13.203
 87  14.158781  -4.953504   172.836   173.435  4 55250.87932934 41.655
 88  14.154312  -4.950468   176.003   176.073  8 55285.87934666 42.948
 90  14.154937  -4.950559   171.601   171.445  8 55355.87932124 13.257
 91  14.155709  -4.951998   186.435   186.619  5 55390.87932116 30.196
 92  14.156556  -4.950796   181.070   183.649  7 55425.87933789 45.088
 93  14.156134  -4.947757   180.375   180.679  6 55460.87930632 36.664
