-243369.429    46.850     0.00    6.71
-242993.240    47.717     2.31    5.63
-242617.051    48.042     0.86    4.98
-242240.864    47.431    -1.62    5.29
-241864.676    45.225    -5.86    3.85
-241488.489    44.142    -2.88    2.83
-241112.303    46.197     5.46    6.01
-240736.117    49.654     9.19    7.84
-240359.931    51.270     4.29    7.93
-239983.747    54.627     8.93    7.40
-239607.562    56.526     5.05    8.45
-239231.378    55.439    -2.89    8.88
-238855.195    53.781    -4.41    9.80
-238479.012    50.296    -9.26    9.30
-238102.830    45.931   -11.60    5.20
-237726.648    44.321    -4.28    2.79
-237350.466    44.089    -0.62    3.07
-236974.285    43.167    -2.45    2.57
-236598.105    43.419     0.67    3.15
-236221.925    44.526     2.94    5.06
-235845.745    47.475     7.84    6.85
-235469.566    50.864     9.01    6.21
-235093.388    51.682     2.18    5.72
-234717.209    50.439    -3.30    6.44
-234341.032    47.925    -6.68    5.60
-233964.855    46.826    -2.92    5.75
-233588.678    46.308    -1.38    5.50
-233212.502    46.817     1.35    5.12
-232836.326    49.352     6.74    6.67
-232460.151    51.682     6.19    6.88
-232083.976    56.783    13.56    8.66
-231707.802    59.010     5.92    8.25
-231331.628    60.984     5.25    7.36
-230955.454    62.439     3.87    6.94
-230579.281    60.680    -4.68    6.96
-230203.109    57.419    -8.67    6.73
-229826.937    55.680    -4.62    7.21
-229450.765    54.717    -2.56    7.85
-229074.594    51.848    -7.63    6.91
-228698.423    52.385     1.43    7.71
-228322.253    52.034    -0.93    8.93
-227946.083    51.250    -2.08    9.19
-227569.914    50.061    -3.16    9.96
-227193.745    46.864    -8.50   10.39
-226817.577    42.578   -11.39    8.79
-226441.409    39.449    -8.32    6.97
-226065.241    40.250     2.13    8.34
-225689.074    44.905    12.38    9.92
-225312.907    48.642     9.93    9.24
-224936.741    52.885    11.28    8.36
-224560.575    54.250     3.63    8.58
-224184.409    55.860     4.28    8.52
-223808.244    59.864    10.65    7.25
-223432.080    60.424     1.49    7.35
-223055.916    58.065    -6.27    7.46
-222679.752    54.860    -8.52   10.72
-222303.589    47.270   -20.18   11.66
-221927.426    40.142   -18.95    7.65
-221551.263    37.169    -7.90    3.09
-221175.101    39.358     5.82    5.75
-220798.940    43.114     9.99    7.57
-220422.778    48.747    14.98    9.13
-220046.618    50.578     4.87    8.01
-219670.457    51.007     1.14    7.89
-219294.297    51.013     0.02    8.25
-218918.137    52.193     3.14   10.04
-218541.978    55.193     7.98   10.82
-218165.819    58.086     7.69    9.68
-217789.661    60.552     6.56    9.56
-217413.503    59.736    -2.17    9.61
-217037.345    56.536    -8.51   10.25
-216661.188    54.034    -6.65   11.63
-216285.031    50.954    -8.19    9.63
-215908.875    52.603     4.38   10.21
-215532.719    54.405     4.79   10.74
-215156.563    56.725     6.17    9.17
-214780.408    55.654    -2.85    9.15
-214404.253    51.836   -10.15    8.11
-214028.099    48.167    -9.75    7.68
-213651.945    43.449   -12.54    5.66
-213275.791    40.979    -6.57    4.38
-212899.638    40.300    -1.81    4.91
-212523.485    40.193    -0.28    6.33
-212147.332    38.492    -4.52    5.79
-211771.180    37.439    -2.80    4.82
-211395.028    35.706    -4.61    3.45
-211018.876    34.484    -3.25    3.07
-210642.725    34.697     0.57    3.89
-210266.575    34.331    -0.97    4.58
-209890.424    33.253    -2.87    5.09
-209514.274    32.731    -1.39    5.04
-209138.125    30.892    -4.89    4.50
-208761.975    30.419    -1.26    3.49
-208385.826    30.424     0.01    3.61
-208009.678    30.253    -0.45    3.53
-207633.530    29.457    -2.11    2.96
-207257.382    28.885    -1.52    2.35
-206881.234    29.168     0.75    3.89
-206505.087    31.169     5.32    5.60
-206128.940    33.898     7.26    5.51
-205752.794    38.192    11.41    6.03
-205376.648    39.781     4.22    5.46
-205000.502    40.567     2.09    6.11
-204624.356    42.379     4.82    6.08
-204248.211    42.919     1.44    6.68
-203872.066    43.250     0.88    5.84
-203495.922    45.308     5.47    5.89
-203119.778    44.783    -1.40    6.90
-202743.634    45.492     1.88    7.16
-202367.491    45.331    -0.43    6.44
-201991.348    45.492     0.43    5.96
-201615.205    46.808     3.50    5.72
-201239.062    46.273    -1.42    6.01
-200862.920    46.142    -0.35    5.30
-200486.779    46.347     0.55    6.07
-200110.637    45.747    -1.59    6.90
-199734.496    44.169    -4.19    6.89
-199358.355    40.424    -9.96    6.03
-198982.215    37.336    -8.21    3.79
-198606.074    36.347    -2.63    3.44
-198229.935    35.116    -3.27    3.56
-197853.795    35.083    -0.09    3.20
-197477.656    36.736     4.40    5.16
-197101.517    36.925     0.50    5.89
-196725.378    37.439     1.37    6.32
-196349.240    36.988    -1.20    6.67
-195973.102    35.142    -4.91    5.50
-195596.964    35.501     0.95    6.16
-195220.826    35.475    -0.07    6.21
-194844.689    37.352     4.99    6.83
-194468.553    40.439     8.21    7.29
-194092.416    41.984     4.11    7.45
-193716.280    41.457    -1.40    7.44
-193340.144    39.642    -4.83    7.63
-192964.008    37.655    -5.28    6.68
-192587.873    38.336     1.81    6.16
-192211.738    39.615     3.40    5.72
-191835.603    39.526    -0.24    5.69
-191459.468    36.485    -8.08    5.35
-191083.334    36.642     0.42    5.85
-190707.200    36.589    -0.14    5.99
-190331.066    36.547    -0.11    5.96
-189954.933    34.808    -4.62    4.93
-189578.800    32.412    -6.37    4.49
-189202.667    30.116    -6.10    4.46
-188826.534    28.834    -3.41    3.20
-188450.402    28.747    -0.23    3.47
-188074.270    29.331     1.55    5.68
-187698.138    28.578    -2.00    5.14
-187322.006    28.142    -1.16    4.26
-186945.875    29.114     2.58    5.74
-186569.744    32.547     9.13    8.51
-186193.613    34.308     4.68    8.70
-185817.483    36.142     4.87    8.08
-185441.353    35.466    -1.80    7.44
-185065.223    36.860     3.71    6.50
-184689.093    39.347     6.61    6.38
-184312.963    40.962     4.29    6.78
-183936.834    41.614     1.73    7.88
-183560.705    38.193    -9.10    9.08
-183184.577    34.142   -10.77    7.78
-182808.448    31.931    -5.88    6.33
-182432.320    32.115     0.49    6.97
-182056.192    33.526     3.75    7.31
-181680.064    34.871     3.58    7.30
-181303.936    36.905     5.41    7.19
-180927.809    38.442     4.09    6.86
-180551.682    40.999     6.80    8.22
-180175.555    39.196    -4.79    8.29
-179799.429    37.628    -4.17    8.27
-179423.302    38.871     3.31    8.54
-179047.176    38.736    -0.36    7.47
-178671.050    42.031     8.76    6.89
-178294.925    45.867    10.20    9.00
-177918.799    46.526     1.75    8.60
-177542.674    46.952     1.13    8.21
-177166.549    43.988    -7.88    8.20
-176790.424    42.221    -4.70    6.57
-176414.299    43.484     3.36    7.23
-176038.175    44.520     2.76    6.55
-175662.051    46.321     4.79    6.08
-175285.927    43.836    -6.61    7.64
-174909.803    40.773    -8.14    8.46
-174533.680    35.988   -12.72    8.60
-174157.556    32.436    -9.44    7.70
-173781.433    29.911    -6.71    6.99
-173405.310    27.655    -6.00    4.44
-173029.173    29.682     5.39    5.13
-172653.008    30.061     1.01    5.39
-172276.843    31.364     3.46    5.66
-171900.678    32.273     2.42    5.68
-171524.514    32.678     1.08    6.45
-171148.350    32.493    -0.49    7.52
-170772.186    30.808    -4.48    7.76
-170396.022    29.063    -4.64    8.01
-170019.858    26.962    -5.58    7.56
-169643.695    23.952    -8.00    6.13
-169267.532    22.731    -3.25    5.40
-168891.369    21.844    -2.36    5.39
-168515.206    23.007     3.09    7.10
-168139.043    23.250     0.65    7.77
-167762.881    25.142     5.03    7.94
-167386.718    26.065     2.45    7.81
-167010.556    25.526    -1.43    7.68
-166634.394    26.913     3.69    6.88
-166258.232    25.520    -3.70    7.06
-165882.071    23.975    -4.11    6.70
-165505.909    21.826    -5.71    6.07
-165129.748    21.992     0.44    5.98
-164753.587    21.277    -1.90    5.77
-164377.426    20.589    -1.83    5.91
-164001.265    19.431    -3.08    5.78
-163625.104    17.629    -4.79    5.69
-163248.943    15.385    -5.97    4.76
-162872.783    14.042    -3.57    3.13
-162496.623    13.010    -2.74    2.81
-162120.463    13.358     0.92    3.61
-161744.303    11.763    -4.24    2.86
-161368.143    10.753    -2.69    2.64
-160991.983    10.834     0.22    2.97
-160615.824    10.783    -0.14    3.38
-160239.665    10.713    -0.19    3.38
-159863.505    11.247     1.42    3.45
-159487.346    10.547    -1.86    3.74
-159111.187    10.003    -1.45    3.90
-158735.029     9.167    -2.22    3.75
-158358.870     8.682    -1.29    3.65
-157982.711     7.219    -3.89    5.93
-157606.553     5.168    -5.45    7.29
-157230.395     1.967    -8.51    7.78
-156854.237    -0.129    -5.57    6.66
-156478.079    -1.708    -4.20    5.55
-156101.921    -2.807    -2.92    4.93
-155725.763    -2.858    -0.14    5.00
-155349.605    -3.588    -1.94    4.17
-154973.448    -4.507    -2.44    3.51
-154597.291    -4.885    -1.01    3.57
-154221.133    -4.038     2.25    5.52
-153844.976    -2.453     4.21    6.87
-153468.819    -1.063     3.69    6.65
-153092.662    -0.332     1.94    5.98
-152716.505     0.574     2.41    5.70
-152340.349     2.372     4.78    4.90
-151964.192     2.065    -0.82    4.58
-151588.036     0.300    -4.69    5.13
-151211.879    -1.803    -5.59    4.25
-150835.723    -2.371    -1.51    3.52
-150459.567    -3.025    -1.74    2.66
-150083.411    -2.628     1.06    3.10
-149707.255    -1.269     3.61    3.97
-149331.099    -0.487     2.08    4.64
-148954.943     1.331     4.83    4.51
-148578.787     3.304     5.25    3.62
-148202.631     4.304     2.66    3.30
-147826.476     5.439     3.02    2.25
-147450.320     6.031     1.57    1.51
-147074.165     5.898    -0.35    1.70
-146698.010     6.449     1.47    1.84
-146321.855     7.034     1.55    1.98
-145945.699     7.326     0.78    1.96
-145569.544     7.010    -0.84    2.22
-145193.389     5.654    -3.60    2.49
-144817.235     4.520    -3.02    1.83
-144441.080     4.065    -1.21    1.83
-144064.925     3.781    -0.76    1.33
-143688.770     3.937     0.41    1.20
-143312.616     3.988     0.14    1.23
-142936.461     4.017     0.08    1.26
-142560.307     4.563     1.45    1.57
-142184.152     5.628     2.83    1.92
-141807.998     6.601     2.59    2.18
-141431.844     7.826     3.26    1.88
-141055.689     8.439     1.63    1.51
-140679.535     8.885     1.19    1.45
-140303.381     9.193     0.82    1.50
-139927.227     8.196    -2.65    3.08
-139551.073     6.321    -4.98    3.95
-139174.919     4.090    -5.93    4.17
-138798.765     0.911    -8.45    4.48
-138422.611    -1.318    -5.92    4.53
-138046.457    -0.089     3.27    5.73
-137670.303     1.871     5.21    6.59
-137294.150     5.034     8.41    5.64
-136917.996     8.547     9.34    2.19
-136541.842     9.485     2.49    1.68
-136165.689    10.142     1.74    1.56
-135789.535    10.706     1.50    1.73
-135413.382    10.697    -0.02    1.75
-135037.228    10.065    -1.68    1.87
-134661.074     9.197    -2.31    1.98
-134284.921     7.911    -3.42    2.25
-133908.768     6.984    -2.46    1.81
-133532.614     7.034     0.13    1.76
-133156.461     7.871     2.23    2.06
-132780.307     9.552     4.47    2.11
-132404.154    10.654     2.93    1.99
-132028.001    11.753     2.92    1.63
-131651.847    12.731     2.60    1.70
-131275.694    13.326     1.58    1.84
-130899.541    13.979     1.74    1.76
-130523.387    14.277     0.79    1.70
-130147.234    14.370     0.25    1.70
-129771.081    14.372     0.01    1.56
-129394.927    13.817    -1.48    1.80
-129018.774    13.385    -1.15    1.85
-128642.621    12.731    -1.74    1.60
-128266.468    12.697    -0.09    1.27
-127890.314    12.589    -0.29    1.25
-127514.161    12.321    -0.71    1.21
-127138.008    12.247    -0.20    1.35
-126761.855    12.447     0.53    1.45
-126385.701    12.826     1.01    1.69
-126009.548    13.267     1.17    1.57
-125633.395    13.558     0.78    1.56
-125257.241    14.603     2.78    1.89
-124881.088    15.457     2.27    1.97
-124504.935    15.952     1.32    1.82
-124128.781    16.844     2.37    1.65
-123752.628    16.558    -0.76    2.51
-123376.474    15.783    -2.06    3.15
-123000.321    15.392    -1.04    3.61
-122624.168    15.277    -0.31    3.93
-122248.014    15.892     1.63    3.73
-121871.861    16.984     2.90    3.47
-121495.707    17.721     1.96    4.16
-121119.554    18.925     3.20    5.13
-120743.400    19.167     0.64    5.80
-120367.246    20.466     3.45    6.33
-119991.093    20.919     1.21    6.30
-119614.939    19.510    -3.75    5.98
-119238.785    19.197    -0.83    5.67
-118862.631    18.244    -2.53    5.30
-118486.478    19.937     4.50    6.44
-118110.324    22.975     8.08    7.49
-117734.170    26.142     8.42    6.67
-117358.016    26.871     1.94    5.95
-116981.862    25.628    -3.31    5.57
-116605.708    23.367    -6.01    4.41
-116229.554    22.331    -2.75    3.51
-115853.399    24.194     4.95    4.46
-115477.245    24.905     1.89    4.88
-115101.091    26.405     3.99    5.30
-114724.936    26.979     1.53    5.23
-114348.782    27.142     0.43    4.93
-113972.628    28.510     3.64    5.09
-113596.473    29.669     3.08    5.14
-113220.318    30.763     2.91    5.12
-112844.164    31.114     0.93    5.57
-112468.009    30.089    -2.72    6.25
-112091.854    29.193    -2.38    6.47
-111715.699    28.110    -2.88    6.24
-111339.544    26.439    -4.44    5.77
-110963.389    23.439    -7.98    5.71
-110587.234    21.196    -5.96    4.18
-110211.079    21.013    -0.48    4.57
-109834.924    20.682    -0.88    5.49
-109458.768    21.424     1.97    7.34
-109082.613    21.270    -0.41    8.01
-108706.457    18.731    -6.75    7.47
-108330.302    15.628    -8.25    4.93
-107954.146    14.321    -3.47    3.28
-107577.990    15.221     2.39    3.99
-107201.834    16.419     3.19    4.87
-106825.678    15.925    -1.31    4.15
-106449.522    16.142     0.57    3.12
-106073.366    16.034    -0.29    3.39
-105697.210    18.321     6.08    5.58
-105321.053    19.596     3.39    6.53
-104944.897    18.167    -3.80    6.83
-104568.740    16.668    -3.98    6.17
-104192.584    15.114    -4.13    4.21
-103816.427    13.296    -4.83    3.84
-103440.270    13.115    -0.48    3.91
-103064.113    12.879    -0.63    4.02
-102687.956    12.063    -2.17    3.72
-102311.799    11.629    -1.15    3.60
-101935.641    11.007    -1.65    3.61
-101559.484     9.931    -2.86    3.71
-101183.326     8.967    -2.56    2.27
-100807.168     9.399     1.15    2.17
-100431.010     9.898     1.33    2.29
-100054.852    10.196     0.79    1.91
 -99678.694    10.331     0.36    1.94
 -99302.536    10.655     0.86    1.63
 -98926.378    10.227    -1.14    1.96
 -98550.219     9.392    -2.22    2.35
 -98174.061     7.826    -4.16    3.76
 -97797.921     5.844    -5.27    4.70
 -97421.791     3.193    -7.05    5.11
 -97045.661     1.773    -3.77    4.77
 -96669.531     0.642    -3.01    4.60
 -96293.401     0.412    -0.61    4.09
 -95917.270     0.552     0.37    4.28
 -95541.139     1.753     3.19    4.09
 -95165.009     4.300     6.77    4.10
 -94788.878     6.192     5.03    3.46
 -94412.746     7.930     4.62    1.88
 -94036.615     8.885     2.54    1.48
 -93660.484     9.223     0.90    1.72
 -93284.352     9.574     0.93    1.76
 -92908.220    10.115     1.44    1.94
 -92532.089    10.336     0.59    2.11
 -92155.956    11.589     3.33    2.29
 -91779.824    12.552     2.56    1.80
 -91403.692    13.223     1.78    1.91
 -91027.559    13.834     1.63    1.73
 -90651.427    14.167     0.89    1.61
 -90275.294    14.578     1.09    1.52
 -89899.161    14.721     0.38    1.33
 -89523.027    14.860     0.37    1.30
 -89146.894    15.304     1.18    1.12
 -88770.760    15.277    -0.07    1.00
 -88394.627    15.169    -0.29    1.14
 -88018.493    15.079    -0.24    1.37
 -87642.359    14.424    -1.74    1.36
 -87266.224    13.905    -1.38    1.15
 -86890.090    14.003     0.26    1.38
 -86513.955    14.277     0.73    1.53
 -86137.820    14.558     0.75    1.44
 -85761.685    14.800     0.64    1.42
 -85385.550    14.860     0.16    1.82
 -85009.415    14.790    -0.18    1.84
 -84633.279    15.089     0.79    1.63
 -84257.143    14.826    -0.70    1.76
 -83881.007    16.194     3.64    4.13
 -83504.871    18.628     6.47    6.38
 -83128.734    20.192     4.16    7.89
 -82752.598    21.439     3.32    8.09
 -82376.461    23.871     6.47    7.81
 -82000.324    24.574     1.87    6.65
 -81624.187    23.308    -3.37    6.92
 -81248.049    21.911    -3.72    7.40
 -80871.912    20.424    -3.95    7.09
 -80495.774    21.336     2.43    8.18
 -80119.636    24.063     7.25    9.10
 -79743.497    27.447     9.00    8.67
 -79367.359    29.952     6.66    7.79
 -78991.220    30.321     0.98    7.09
 -78615.081    29.277    -2.78    8.24
 -78238.942    26.221    -8.13    8.14
 -77862.803    23.721    -6.65    6.58
 -77486.663    24.292     1.52    7.28
 -77110.523    24.763     1.25    8.88
 -76734.383    25.692     2.47    9.34
 -76358.243    23.039    -7.05    9.70
 -75982.102    19.169   -10.29    7.28
 -75605.962    20.115     2.51    6.68
 -75229.821    23.385     8.69   10.02
 -74853.679    28.694    14.12   12.42
 -74477.538    34.090    14.35    9.81
 -74101.396    33.725    -0.97   10.35
 -73725.254    31.867    -4.94   10.92
 -73349.112    30.089    -4.73    9.15
 -72972.969    28.223    -4.96    8.25
 -72596.827    24.826    -9.03    8.71
 -72220.684    21.039   -10.07    8.31
 -71844.541    16.826   -11.20    6.07
 -71468.397    15.197    -4.33    3.13
 -71092.253    16.193     2.65    3.35
 -70716.109    16.364     0.45    2.70
 -70339.965    16.417     0.14    2.43
 -69963.821    16.372    -0.12    2.12
 -69587.676    16.656     0.75    1.76
 -69211.531    17.034     1.00    1.59
 -68835.386    17.628     1.58    2.09
 -68459.240    18.036     1.09    2.65
 -68083.094    19.501     3.89    4.08
 -67706.948    21.642     5.69    6.30
 -67330.802    25.288     9.69    7.54
 -66954.655    27.090     4.79    8.17
 -66578.508    29.668     6.85    7.91
 -66202.361    31.709     5.43    7.84
 -65826.214    32.036     0.87    8.30
 -65450.066    33.526     3.96    8.22
 -65073.918    35.169     4.37    9.12
 -64697.770    33.911    -3.35   10.37
 -64321.621    28.919   -13.27   10.82
 -63945.472    26.536    -6.34    9.61
 -63569.323    25.783    -2.00    7.60
 -63193.174    28.017     5.94    8.51
 -62817.024    29.655     4.36    8.56
 -62440.874    29.817     0.43    8.10
 -62064.724    27.844    -5.25    6.45
 -61688.573    26.654    -3.16    4.91
 -61312.422    28.331     4.46    5.93
 -60936.271    30.834     6.65    6.60
 -60560.119    33.449     6.95    5.82
 -60183.967    35.065     4.29    5.95
 -59807.815    36.736     4.44    6.64
 -59431.663    37.552     2.17    7.58
 -59055.510    36.757    -2.11    7.47
 -58679.357    35.475    -3.41    6.92
 -58303.204    34.168    -3.47    5.95
 -57927.050    33.169    -2.66    6.16
 -57550.896    32.358    -2.16    5.85
 -57174.742    32.405     0.12    6.40
 -56798.587    33.267     2.29    6.58
 -56422.432    36.783     9.35    7.83
 -56046.277    40.424     9.68    8.02
 -55670.121    44.725    11.43    7.20
 -55293.966    47.090     6.29    6.43
 -54917.809    47.277     0.50    7.22
 -54541.653    48.090     2.16    6.44
 -54165.496    49.484     3.70    6.87
 -53789.339    51.931     6.51    6.30
 -53413.181    51.169    -2.03    7.56
 -53037.023    50.372    -2.12    7.52
 -52660.865    48.642    -4.60    7.34
 -52284.706    44.836   -10.12    7.66
 -51908.547    43.115    -4.58    8.61
 -51532.388    43.331     0.57    9.00
 -51156.229    43.520     0.50    8.64
 -50780.069    43.925     1.08    8.51
 -50403.908    43.856    -0.18    8.45
 -50027.748    43.424    -1.15    8.61
 -49651.587    44.449     2.73    7.82
 -49275.425    44.385    -0.17    7.99
 -48899.264    42.757    -4.33    7.74
 -48523.102    42.419    -0.90    7.47
 -48146.939    41.273    -3.05    7.92
 -47770.777    37.680    -9.55    7.98
 -47394.613    34.501    -8.45    7.92
 -47018.450    31.169    -8.86    6.93
 -46642.286    30.615    -1.47    6.45
 -46266.122    33.449     7.53    7.59
 -45889.957    37.925    11.90    6.28
 -45513.792    38.424     1.32    5.98
 -45137.627    36.088    -6.21    7.02
 -44761.461    33.061    -8.05    6.26
 -44385.295    30.925    -5.68    5.27
 -44009.129    29.281    -4.37    5.35
 -43632.962    27.424    -4.94    5.79
 -43256.795    25.592    -4.87    5.26
 -42880.627    24.007    -4.21    5.61
 -42504.459    22.617    -3.69    5.29
 -42128.291    22.773     0.42    5.95
 -41752.122    21.424    -3.59    6.20
 -41375.953    20.898    -1.40    5.88
 -40999.784    19.552    -3.58    5.24
 -40623.614    17.697    -4.93    4.18
 -40247.444    16.520    -3.13    2.51
 -39871.273    16.747     0.60    1.79
 -39495.102    16.942     0.52    1.73
 -39118.930    16.885    -0.15    1.90
 -38742.759    16.757    -0.34    1.83
 -38366.586    16.614    -0.38    1.75
 -37990.414    16.412    -0.54    1.37
 -37614.241    16.196    -0.57    1.79
 -37238.067    16.036    -0.42    1.98
 -36861.893    15.967    -0.19    2.70
 -36485.719    15.385    -1.55    4.08
 -36109.544    16.013     1.67    3.65
 -35733.369    15.326    -1.83    4.10
 -35357.194    11.694    -9.65    6.80
 -34981.018     9.169    -6.71    7.47
 -34604.841     8.042    -3.00    7.19
 -34228.665     6.721    -3.51    7.35
 -33852.487     7.475     2.01    7.27
 -33476.310     5.520    -5.20    7.81
 -33100.132     7.713     5.83    9.02
 -32723.953    10.911     8.50    8.30
 -32347.774    14.013     8.25    6.30
 -31971.595    15.965     5.19    2.54
 -31595.415    15.385    -1.54    2.62
 -31219.235    15.061    -0.86    2.34
 -30843.054    14.547    -1.37    1.52
 -30466.873    14.372    -0.46    1.37
 -30090.692    14.250    -0.33    1.79
 -29714.510    13.219    -2.74    2.58
 -29338.328    12.957    -0.69    2.51
 -28962.145    12.706    -0.67    2.39
 -28585.961    12.358    -0.92    1.93
 -28209.778    12.483     0.33    2.00
 -27833.594    12.247    -0.63    1.57
 -27457.409    12.281     0.09    1.68
 -27081.224    12.088    -0.51    1.84
 -26705.038    11.250    -2.23    1.45
 -26328.853    10.763    -1.29    1.46
 -25952.666    10.244    -1.38    1.37
 -25576.479    10.289     0.12    1.46
 -25200.292    10.116    -0.46    1.44
 -24824.104     9.905    -0.56    1.22
 -24447.916     9.892    -0.03    1.20
 -24071.727     9.706    -0.49    1.07
 -23695.538     9.601    -0.28    1.10
 -23319.348     9.747     0.39    1.03
 -22943.158     9.615    -0.35    1.08
 -22567.056     9.270    -0.92    1.15
 -22190.953     9.088    -0.48    1.33
 -21814.850     8.783    -0.81    1.29
 -21438.747     8.817     0.09    1.47
 -21062.643     8.669    -0.39    1.48
 -20686.538     8.844     0.47    1.47
 -20310.433     8.871     0.07    1.41
 -19934.328     8.817    -0.14    1.36
 -19558.222     8.628    -0.50    1.50
 -19182.115     8.342    -0.76    1.61
 -18806.008     8.142    -0.53    1.38
 -18429.901     7.879    -0.70    1.50
 -18053.793     7.439    -1.17    1.37
 -17677.684     7.090    -0.93    0.97
 -17301.576     7.168     0.21    0.94
 -16925.466     7.194     0.07    1.11
 -16549.356     7.385     0.51    1.21
 -16173.246     7.372    -0.03    1.29
 -15797.135     7.419     0.12    1.23
 -15421.024     7.347    -0.19    1.28
 -15044.912     7.347     0.00    1.32
 -14668.799     7.548     0.53    1.70
 -14292.686     8.142     1.58    1.60
 -13916.573     8.520     1.01    1.40
 -13540.459     8.628     0.29    1.45
 -13164.345     8.331    -0.79    1.61
 -12788.230     7.919    -1.09    1.81
 -12412.114     7.036    -2.35    1.97
 -12035.998     6.501    -1.42    1.80
 -11659.882     5.817    -1.82    1.86
 -11283.765     5.036    -2.08    1.67
 -10907.647     4.475    -1.49    1.66
 -10531.529     3.962    -1.36    1.65
 -10155.410     3.493    -1.25    1.72
  -9779.291     3.629     0.36    1.37
  -9403.172     3.781     0.40    1.29
  -9027.051     3.773    -0.02    1.44
  -8650.931     5.010     3.29    3.35
  -8274.809     6.985     5.25    4.40
  -7898.688     6.706    -0.74    5.14
  -7522.565     6.352    -0.94    5.89
  -7146.442     4.725    -4.33    5.31
  -6770.319     2.034    -7.16    3.38
  -6394.195     2.058     0.07    3.40
  -6018.070     1.905    -0.41    3.63
  -5641.945     1.221    -1.82    3.47
  -5265.820     0.790    -1.14    4.04
  -4889.694    -0.089    -2.34    3.17
  -4513.567     0.834     2.45    4.82
  -4137.440     3.449     6.95    6.49
  -3761.312     6.277     7.52    6.38
  -3385.184     6.242    -0.09    6.43
  -3009.055     5.736    -1.34    6.66
  -2632.925     4.601    -3.02    6.31
  -2256.795     3.304    -3.45    5.68
  -1880.664     0.778    -6.72    3.45
  -1504.533    -0.551    -3.53    1.24
  -1128.402    -0.858    -0.82    0.00
   -752.269    -0.747     0.30    0.40
   -376.136    -0.576     0.45    0.60
     -0.003    -0.469     0.28    0.69
    376.131    -0.569    -0.26    0.61
    752.266    -0.730    -0.43    0.41
   1128.401     0.358     2.89    3.95
   1504.537     4.879    12.02    8.84
   1880.673     9.475    12.22    9.65
   2256.810    11.717     5.96    8.57
   2632.947    14.655     7.81    6.41
   3009.085    13.731    -2.46    6.45
   3385.224    12.783    -2.52    6.47
   3761.363    11.753    -2.74    6.47
   4137.503    12.142     1.03    6.22
   4513.644    11.308    -2.22    4.95
   4889.785    11.431     0.33    4.67
   5265.926    11.017    -1.10    4.20
   5642.069    10.308    -1.88    3.20
   6018.211    10.367     0.16    2.73
   6394.355    11.223     2.28    2.81
   6770.499    11.061    -0.43    2.76
   7146.643    10.457    -1.60    2.64
   7522.789     9.984    -1.26    3.06
   7898.935     9.300    -1.82    2.97
   8275.081     8.864    -1.16    2.67
   8651.228     9.424     1.49    2.91
   9027.376    10.753     3.53    2.64
   9403.524    11.867     2.96    2.09
   9779.673    12.747     2.34    1.72
  10155.822    12.781     0.09    1.78
  10531.973    12.142    -1.70    2.03
  10908.123    12.197     0.15    1.98
  11284.275    12.879     1.81    2.47
  11660.427    14.654     4.72    3.44
  12036.579    15.817     3.09    3.29
  12412.733    16.317     1.33    2.77
  12788.886    15.962    -0.94    3.09
  13165.041    16.115     0.41    2.97
  13541.196    16.250     0.36    2.23
  13917.352    16.372     0.33    1.95
  14293.508    15.988    -1.02    2.66
  14669.665    15.308    -1.81    2.36
  15045.823    15.808     1.33    2.58
  15421.981    16.975     3.10    2.10
  15798.140    17.326     0.93    2.05
  16174.300    17.090    -0.63    1.64
  16550.460    16.642    -1.19    1.48
  16926.621    16.277    -0.97    1.32
  17302.783    16.431     0.41    1.49
  17678.945    16.385    -0.12    1.96
  18055.108    15.962    -1.12    2.04
  18431.271    14.864    -2.92    2.70
  18807.435    14.116    -1.99    2.80
  19183.600    15.116     2.66    3.72
  19559.766    17.142     5.38    4.07
  19935.932    19.061     5.10    2.85
  20312.099    20.501     3.83    1.60
  20688.266    21.352     2.26    1.60
  21064.434    21.781     1.14    1.38
  21440.603    22.277     1.32    1.27
  21816.773    22.574     0.79    1.26
  22192.943    22.628     0.14    1.26
  22569.114    22.629     0.00    1.23
  22945.285    22.860     0.62    1.30
  23321.457    22.931     0.19    1.56
  23697.630    23.116     0.49    1.51
  24073.804    23.225     0.29    1.48
  24449.978    22.937    -0.77    1.66
  24826.153    22.277    -1.75    1.81
  25202.328    21.680    -1.59    1.65
  25578.505    21.300    -1.01    1.57
  25954.682    20.721    -1.54    1.27
  26330.859    20.385    -0.89    1.23
  26707.038    20.296    -0.24    1.48
  27083.217    20.501     0.55    1.46
  27459.396    20.669     0.45    1.66
  27835.577    21.061     1.04    1.74
  28211.758    21.034    -0.07    1.74
  28587.940    20.763    -0.72    1.69
  28964.122    20.277    -1.29    1.77
  29340.305    19.553    -1.92    1.71
  29716.489    19.039    -1.37    1.71
  30092.674    18.654    -1.02    1.62
  30468.859    18.336    -0.85    1.75
  30845.045    18.398     0.16    1.68
  31221.232    18.358    -0.11    1.65
  31597.419    18.352    -0.02    1.97
  31973.608    18.852     1.33    1.94
  32349.797    19.321     1.25    2.14
  32725.986    20.196     2.32    1.76
  33102.176    20.642     1.19    1.72
  33478.368    20.842     0.53    1.60
  33854.559    20.781    -0.16    1.51
  34230.752    20.773    -0.02    1.51
  34606.945    20.925     0.40    1.44
  34983.139    21.223     0.79    1.66
  35359.334    21.871     1.72    1.73
  35735.529    22.419     1.46    1.63
  36111.725    22.501     0.22    1.55
  36487.922    22.578     0.20    1.45
  36864.120    22.520    -0.15    1.50
  37240.318    23.065     1.45    1.66
  37616.517    23.747     1.81    1.64
  37992.717    23.654    -0.25    1.67
  38368.918    23.457    -0.52    1.58
  38745.119    23.065    -1.04    2.06
  39121.321    22.419    -1.72    2.06
  39497.524    21.721    -1.86    1.87
  39873.727    21.629    -0.24    1.94
  40249.932    21.142    -1.29    2.24
  40626.137    20.911    -0.61    2.19
  41002.343    20.984     0.19    2.42
  41378.549    21.281     0.79    2.75
  41754.757    20.952    -0.87    2.93
  42130.965    20.864    -0.24    3.85
  42507.174    19.800    -2.83    4.25
  42883.383    19.392    -1.08    4.50
  43259.594    19.817     1.13    4.20
  43635.805    21.039     3.25    4.04
  44012.017    21.326     0.76    4.18
  44388.229    21.142    -0.49    3.83
  44764.443    20.142    -2.66    3.98
  45140.657    18.892    -3.32    4.12
  45516.872    17.721    -3.11    4.16
  45893.088    17.277    -1.18    3.84
  46269.305    16.304    -2.59    4.15
  46645.522    15.142    -3.09    6.67
  47021.740    13.680    -3.88    8.15
  47397.959    13.680     0.00    9.03
  47774.179    12.799    -2.34    9.14
  48150.399    16.844    10.75    7.58
  48526.621    19.412     6.82    4.60
  48902.843    17.331    -5.53    7.09
  49279.065    17.442     0.29    7.48
  49655.289    18.574     3.01    7.57
  50031.514    21.194     6.96    5.36
  50407.739    22.352     3.08    2.81
  50783.965    22.603     0.67    3.09
  51160.192    21.304    -3.45    6.09
  51536.419    21.142    -0.43    5.11
  51912.648    21.747     1.61    3.40
  52288.827    20.975    -2.05    3.85
  52664.899    19.709    -3.37    6.14
  53040.972    16.642    -8.16    8.91
  53417.045    12.731   -10.40   10.33
  53793.119    12.244    -1.30   10.38
  54169.195    12.142    -0.27   10.25
  54545.271     9.039    -8.25   10.25
  54921.347     6.169    -7.63    9.67
  55297.425     2.503    -9.75    7.95
  55673.504    -0.063    -6.82    5.52
  56049.583    -0.595    -1.41    5.36
  56425.663    -1.576    -2.61    2.86
  56801.744    -2.227    -1.73    1.13
  57177.826    -2.346    -0.32    1.12
  57553.908    -2.442    -0.26    1.08
  57929.992    -2.499    -0.15    1.09
  58306.076    -2.628    -0.34    1.33
  58682.161    -2.497     0.35    1.29
  59058.247    -2.399     0.26    1.24
  59434.334    -2.237     0.43    1.34
  59810.421    -2.183     0.14    1.16
  60186.510    -1.858     0.86    2.03
  60562.599     0.336     5.83    5.96
  60938.689     4.392    10.78    8.66
  61314.780     8.273    10.32    9.52
  61690.872    11.817     9.42    8.63
  62066.965    14.321     6.66    7.78
  62443.058    14.089    -0.62    8.08
  62819.152    15.168     2.87    7.78
  63195.248    16.547     3.67    7.92
  63571.344    18.578     5.40    6.28
  63947.441    20.034     3.87    4.59
  64323.538    20.167     0.36    4.64
  64699.637    19.642    -1.40    5.17
  65075.737    20.230     1.56    3.59
  65451.837    19.007    -3.25    4.01
  65827.938    17.790    -3.23    4.94
  66204.040    16.169    -4.31    4.77
  66580.143    15.682    -1.29    4.48
  66956.247    15.913     0.61    4.82
  67332.352    15.680    -0.62    4.98
  67708.457    15.680     0.00    5.08
  68084.564    15.250    -1.14    5.33
  68460.671    15.142    -0.29    5.01
  68836.779    15.194     0.14    5.21
  69212.889    15.270     0.20    5.23
  69588.999    15.088    -0.48    4.99
  69965.109    15.296     0.55    4.45
  70341.221    16.058     2.03    4.00
  70717.334    17.090     2.74    3.23
  71093.447    18.372     3.41    2.70
  71469.562    19.673     3.46    2.09
  71845.677    19.039    -1.69    3.19
  72221.793    17.790    -3.32    3.43
  72597.910    16.655    -3.02    3.27
  72974.028    15.412    -3.31    2.42
  73350.147    15.142    -0.72    1.37
  73726.267    15.300     0.42    1.41
  74102.388    15.039    -0.69    1.57
  74478.509    15.277     0.63    1.48
  74854.632    15.039    -0.63    1.55
  75230.755    14.270    -2.05    1.87
  75606.880    13.757    -1.36    1.89
  75983.005    12.736    -2.71    1.83
  76359.131    12.013    -1.92    1.76
  76735.258    11.628    -1.02    1.80
  77111.386    11.721     0.25    1.46
  77487.515    11.790     0.19    1.51
  77863.645    11.954     0.44    1.49
  78239.776    13.039     2.88    1.67
  78615.907    13.826     2.09    1.79
  78992.040    14.253     1.13    1.56
  79368.173    15.270     2.70    1.92
  79744.308    15.947     1.80    1.72
  80120.443    16.193     0.65    1.49
  80496.580    16.013    -0.48    1.44
  80872.717    15.844    -0.45    1.53
  81248.855    15.694    -0.40    1.52
  81624.994    15.270    -1.13    2.98
  82001.134    15.092    -0.47    3.46
  82377.275    15.412     0.85    2.99
  82753.417    14.757    -1.74    3.34
  83129.560    14.984     0.60    3.77
  83505.704    15.466     1.28    4.01
  83881.848    16.439     2.59    4.38
  84257.994    17.485     2.78    3.37
  84634.141    18.296     2.16    3.10
  85010.288    19.267     2.58    2.19
  85386.437    19.447     0.48    2.23
  85762.587    20.013     1.51    2.33
  86138.737    20.419     1.08    2.35
  86514.888    20.431     0.03    1.94
  86891.041    20.116    -0.84    2.21
  87267.194    19.668    -1.19    2.25
  87643.349    19.036    -1.68    2.56
  88019.504    19.270     0.62    2.52
  88395.660    19.642     0.99    1.75
  88771.817    19.250    -1.04    1.59
  89147.975    19.142    -0.29    1.87
  89524.135    18.747    -1.05    2.65
  89900.295    18.331    -1.11    3.14
  90276.456    16.871    -3.88    3.56
  90652.618    16.169    -1.87    3.36
  91028.781    16.270     0.27    2.99
  91404.945    17.242     2.58    2.99
  91781.110    18.574     3.54    2.12
  92157.276    19.217     1.71    1.99
  92533.443    19.536     0.85    1.53
  92909.611    19.457    -0.21    1.96
  93285.780    19.194    -0.70    2.16
  93661.950    19.424     0.61    2.19
  94038.121    19.536     0.30    2.41
  94414.293    19.308    -0.61    1.95
  94790.466    19.885     1.53    1.79
  95166.640    20.364     1.27    1.99
  95542.815    20.475     0.30    1.96
  95918.991    20.706     0.61    1.65
  96295.168    21.003     0.79    1.87
  96671.346    21.196     0.51    1.82
  97047.524    21.419     0.59    1.78
  97423.704    21.405    -0.04    2.04
  97799.885    21.808     1.07    2.37
  98176.067    21.790    -0.05    2.54
  98552.250    21.475    -0.84    2.49
  98928.434    20.783    -1.84    2.63
  99304.619    20.352    -1.14    2.16
  99680.805    20.331    -0.06    1.98
 100056.992    19.962    -0.98    2.37
 100433.181    19.852    -0.29    2.44
 100809.370    19.669    -0.49    2.84
 101185.560    20.063     1.05    2.71
 101561.751    21.031     2.57    2.57
 101937.943    21.642     1.62    2.55
 102314.136    20.372    -3.37    3.17
 102690.331    19.235    -3.02    3.68
 103066.526    18.547    -1.83    4.00
 103442.722    19.034     1.29    3.91
 103818.919    20.250     3.23    3.67
 104195.118    21.552     3.46    3.36
 104571.317    22.304     2.00    2.51
 104947.518    22.142    -0.43    2.55
 105323.719    21.911    -0.61    2.82
 105699.922    21.757    -0.41    2.58
 106076.125    21.817     0.16    2.59
 106452.330    22.398     1.54    2.82
 106828.536    22.773     1.00    2.16
 107204.742    23.642     2.31    2.48
 107580.950    24.061     1.11    3.59
 107957.159    24.952     2.37    3.99
 108333.369    25.358     1.08    3.75
 108709.580    25.885     1.40    2.63
 109085.792    25.767    -0.32    2.31
 109462.005    25.552    -0.57    2.12
 109838.219    25.834     0.75    2.37
 110214.434    26.058     0.60    2.29
 110590.651    26.449     1.04    2.36
 110966.868    26.520     0.19    2.62
 111343.086    26.937     1.11    2.75
 111719.306    26.510    -1.13    3.79
 112095.526    25.879    -1.68    4.34
 112471.748    24.871    -2.68    5.27
 112847.971    24.911     0.10    5.17
 113224.194    25.757     2.25    4.37
 113600.419    26.781     2.72    3.13
 113976.645    27.574     2.11    1.94
 114352.872    27.763     0.50    1.86
 114729.100    27.736    -0.07    1.61
 115105.330    27.412    -0.86    1.77
 115481.560    26.495    -2.44    1.72
 115857.791    26.092    -1.07    1.57
 116234.024    26.116     0.06    1.68
 116610.257    25.892    -0.60    1.95
 116986.492    25.629    -0.70    2.37
 117362.728    24.817    -2.16    3.60
 117738.964    23.168    -4.38    4.70
 118115.202    22.300    -2.31    4.85
 118491.441    21.988    -0.83    4.68
 118867.682    22.709     1.92    4.23
 119243.923    23.747     2.76    3.51
 119620.165    23.942     0.52    3.64
 119996.409    24.975     2.75    3.31
 120372.653    24.721    -0.68    3.77
 120748.899    25.277     1.48    3.66
 121125.146    24.655    -1.65    3.59
 121501.394    25.304     1.72    3.78
 121877.643    24.836    -1.24    4.41
 122253.893    25.013     0.47    4.43
 122630.144    25.792     2.07    4.10
 123006.397    25.364    -1.14    4.35
 123382.650    25.552     0.50    4.41
 123758.905    24.747    -2.14    4.21
 124135.161    24.296    -1.20    3.96
 124511.418    23.589    -1.88    3.24
 124887.676    23.167    -1.12    3.24
 125263.935    23.975     2.15    3.86
 125640.195    24.952     2.60    3.53
 126016.456    25.603     1.73    2.99
 126392.719    25.970     0.98    2.24
 126768.983    25.654    -0.84    2.10
 127145.248    25.988     0.89    2.38
 127521.368    26.308     0.85    2.34
 127897.407    26.142    -0.44    2.43
 128273.447    25.947    -0.52    2.08
 128649.488    25.747    -0.53    2.21
 129025.530    25.817     0.19    2.29
 129401.573    25.655    -0.43    2.47
 129777.618    26.065     1.09    2.28
 130153.663    26.457     1.04    2.22
 130529.710    26.405    -0.14    2.20
 130905.758    27.493     2.89    1.95
 131281.807    27.467    -0.07    1.86
 131657.857    27.352    -0.30    1.82
 132033.908    27.304    -0.13    1.91
 132409.961    26.925    -1.01    1.90
 132786.014    26.599    -0.87    1.90
 133162.069    26.013    -1.56    1.99
 133538.125    26.244     0.61    2.33
 133914.182    26.742     1.32    2.70
 134290.241    27.439     1.85    2.59
 134666.300    27.979     1.44    2.27
 135042.361    28.010     0.08    2.43
 135418.423    27.492    -1.38    2.93
 135794.486    27.898     1.08    3.17
 136170.550    27.300    -1.59    3.55
 136546.616    27.063    -0.63    3.23
 136922.682    27.193     0.35    2.96
 137298.750    27.979     2.09    2.72
 137674.819    28.992     2.69    2.64
 138050.889    29.247     0.68    2.32
 138426.960    29.419     0.46    2.05
 138803.033    28.385    -2.75    2.56
 139179.107    28.336    -0.13    2.64
 139555.182    28.629     0.78    2.86
 139931.258    29.193     1.50    3.02
 140307.335    29.827     1.69    2.90
 140683.413    29.654    -0.46    2.82
 141059.493    29.115    -1.44    2.98
 141435.574    28.836    -0.74    2.69
 141811.656    29.706     2.31    3.14
 142187.740    30.615     2.42    2.58
 142563.824    31.193     1.54    2.39
 142939.910    31.457     0.70    2.46
 143315.997    31.142    -0.84    2.56
 143692.085    31.466     0.86    2.14
 144068.174    31.217    -0.66    2.27
 144444.265    30.885    -0.88    2.33
 144820.357    30.725    -0.43    2.35
 145196.450    30.439    -0.76    2.33
 145572.544    30.412    -0.07    2.06
 145948.640    31.007     1.58    2.25
 146324.736    31.475     1.25    2.55
 146700.834    31.836     0.96    3.20
 147076.933    31.680    -0.41    3.97
 147453.034    32.142     1.23    3.67
 147829.135    32.223     0.22    3.62
 148205.238    32.808     1.56    2.37
 148581.342    32.405    -1.07    3.78
 148957.448    30.273    -5.67    6.09
 149333.554    26.697    -9.51    7.67
 149709.662    22.834   -10.27    6.81
 150085.771    21.385    -3.85    5.38
 150461.882    20.449    -2.49    4.88
 150837.993    19.167    -3.41    4.90
 151214.106    18.942    -0.60    5.22
 151590.220    20.709     4.70    6.31
 151966.335    23.304     6.90    6.65
 152342.452    25.709     6.40    5.51
 152718.570    27.169     3.88    3.52
 153094.689    26.475    -1.84    3.33
 153470.809    25.692    -2.08    4.28
 153846.931    24.937    -2.01    6.53
 154223.053    22.790    -5.71    8.45
 154599.178    20.879    -5.08    9.62
 154975.303    18.957    -5.11   10.36
 155351.430    15.706    -8.65    9.66
 155727.557    12.844    -7.61    8.18
 156103.687    11.757    -2.89    8.01
 156479.817    11.975     0.58   10.61
 156855.949    18.347    16.94   17.57
 157232.082    22.937    12.20   18.63
 157608.216    24.798     4.95   17.68
 157984.352    30.817    16.00   16.35
 158360.488    34.304     9.27   13.24
 158736.627    33.196    -2.95   15.32
 159112.766    26.457   -17.91   18.36
 159488.907    18.031   -22.40   15.20
 159865.049    13.680   -11.57    9.24
 160241.192    12.142    -4.09    7.36
 160617.336    13.331     3.16    8.78
 160993.482    16.142     7.47   11.07
 161369.629    19.808     9.75   12.06
 161745.778    23.372     9.48   10.88
 162121.927    26.412     8.08    8.40
 162498.078    26.116    -0.79    7.85
 162874.231    26.439     0.86    7.58
 163250.384    26.747     0.82    7.18
 163626.539    28.852     5.60    6.20
 164002.695    31.204     6.25    4.63
 164378.853    31.039    -0.44    4.08
 164755.012    30.721    -0.85    4.84
 165131.172    30.919     0.53    5.15
 165507.333    32.244     3.52    5.67
 165883.496    34.364     5.64    4.11
 166259.660    36.090     4.59    3.55
 166635.826    36.300     0.56    3.80
 167011.992    36.574     0.73    4.26
 167388.160    36.642     0.18    4.77
 167764.330    35.296    -3.58    4.98
 168140.501    34.270    -2.73    5.56
 168516.673    32.364    -5.07    5.95
 168892.846    30.773    -4.23    6.11
 169269.021    29.385    -3.69    4.34
 169645.197    29.601     0.57    4.53
 170021.374    28.925    -1.80    4.22
 170397.553    29.318     1.04    3.58
 170773.733    29.039    -0.74    3.57
 171149.914    28.321    -1.91    3.29
 171526.097    28.531     0.56    3.26
 171902.281    28.270    -0.69    3.00
 172278.466    28.531     0.69    3.02
 172654.653    29.063     1.41    3.77
 173030.841    31.039     5.25    6.24
 173407.030    31.694     1.74    6.54
 173783.221    32.405     1.89    6.09
 174159.413    32.578     0.46    5.55
 174535.606    30.992    -4.22    3.89
 174911.801    29.142    -4.92    2.56
 175287.997    28.911    -0.61    3.14
 175664.195    30.879     5.23    7.51
 176040.394    33.034     5.73    9.31
 176416.594    38.034    13.29   10.14
 176792.796    41.197     8.41    9.32
 177168.998    43.115     5.10    9.14
 177545.203    45.592     6.58    7.85
 177921.408    46.781     3.16    7.14
 178297.616    46.142    -1.70    7.66
 178673.824    45.277    -2.30    8.52
 179050.034    45.601     0.86    8.00
 179426.245    46.089     1.30    8.29
 179802.458    45.510    -1.54    8.21
 180178.671    44.223    -3.42    8.26
 180554.887    42.871    -3.59    7.94
 180931.104    39.842    -8.05    7.29
 181307.322    36.919    -7.77    5.39
 181683.541    36.567    -0.94    5.43
 182059.762    36.379    -0.50    5.70
 182435.984    38.253     4.98    7.63
 182812.208    38.925     1.79    8.47
 183188.433    41.114     5.82    9.50
 183564.659    43.116     5.32    9.25
 183940.887    45.860     7.29    8.83
 184317.116    47.628     4.70    7.95
 184693.347    47.692     0.17    6.83
 185069.579    49.372     4.47    5.43
 185445.812    48.379    -2.64    5.92
 185822.047    46.871    -4.01    6.86
 186198.283    46.270    -1.60    8.27
 186574.521    46.475     0.55    9.58
 186950.760    45.697    -2.07   10.54
 187327.000    48.372     7.11    8.04
 187703.242    49.531     3.08    4.61
 188079.485    49.834     0.81    3.66
 188455.730    49.347    -1.29    4.26
 188831.976    48.778    -1.51    5.00
 189208.224    47.142    -4.35    6.53
 189584.473    45.142    -5.32    7.61
 189960.723    43.898    -3.30    7.66
 190336.975    43.731    -0.44    8.06
 190713.228    42.586    -3.04    8.05
 191089.483    43.219     1.68    8.75
 191465.739    44.424     3.20    8.80
 191841.996    46.603     5.79    5.58
 192218.255    47.088     1.29    5.42
 192594.515    46.326    -2.02    5.32
 192970.777    45.219    -2.94    5.69
 193347.041    45.058    -0.43    6.47
 193723.305    45.116     0.15    6.36
 194099.571    45.058    -0.15    5.80
 194475.839    45.852     2.11    5.12
 194852.108    47.039     3.15    3.88
 195228.378    47.860     2.18    3.25
 195604.650    47.300    -1.49    4.97
 195980.924    47.168    -0.35    5.20
 196357.198    45.682    -3.95    5.73
 196733.475    43.885    -4.78    5.50
 197109.752    43.412    -1.26    6.11
 197486.031    44.654     3.30    7.36
 197862.312    45.834     3.13    8.11
 198238.594    50.063    11.24    8.74
 198614.878    53.747     9.79    9.74
 198991.163    58.424    12.43   11.28
 199367.449    63.347    13.08   10.92
 199743.737    66.031     7.13   11.24
 200120.026    70.088    10.78    8.56
 200496.317    73.007     7.76    7.01
 200872.610    74.493     3.95    5.37
 201248.903    73.169    -3.52    5.93
 201625.199    69.735    -9.12    5.71
 202001.495    61.244   -22.57   11.31
 202377.794    52.757   -22.55   11.24
 202753.821    47.364   -14.34    8.85
 203129.835    43.501   -10.27    3.76
 203505.851    43.115    -1.03    3.07
 203881.868    43.526     1.09    2.77
 204257.886    42.931    -1.58    2.91
 204633.906    41.860    -2.85    3.27
 205009.927    41.574    -0.76    2.89
 205385.950    42.193     1.65    3.34
 205761.975    41.892    -0.80    3.20
 206138.001    42.975     2.88    3.88
 206514.028    43.088     0.30    3.70
 206890.057    44.574     3.95    4.71
 207266.087    48.223     9.70    7.82
 207642.119    55.304    18.83   10.83
 208018.152    62.827    20.01    9.62
 208394.187    68.617    15.40    9.20
 208770.224    73.116    11.97    8.69
 209146.261    76.088     7.90    7.33
 209522.301    77.808     4.58    6.93
 209898.342    77.168    -1.70    6.09
 210274.384    76.671    -1.32    8.33
 210650.428    78.822     5.72   11.19
