#  280.987   0.177   1.529 ;Mean Elev.(m), Avg Gradient(m/km), RMS Gradient(m/km) - SRTM1     
#  264.128   0.343   2.199 ;Mean Elev.(m), Avg Gradient(m/km), RMS Gradient(m/km) - ASTER GDEM
#  281.027  -0.019   0.299 ;Mean Elev.(m), Avg Gradient(m/km), RMS Gradient(m/km) - GMTED2010 
  8  16.159884  -2.332710   282.234   282.230  9 52478.37088042 52.178
  9  16.172508  -2.337351   282.323   282.315 12 52513.37082427 44.459
 10  16.162914  -2.330828   283.334   283.252 11 52548.37086600 35.252
 11  16.171002  -2.321182   284.771   284.760 19 52583.37086239 52.607
 12  16.161417  -2.333753   286.216   286.211  8 52618.37084009 53.118
 13  16.172204  -2.340436   285.503   285.479 12 52653.37081689 31.792
 14  16.169655  -2.318295   283.316   283.327 18 52688.37081232 42.667
 15  16.168193  -2.318805   282.304   282.347 18 52723.37085877 37.020
 16  16.157781  -2.312877   282.640   282.641 15 52758.37087854 52.607
 17  16.170978  -2.318959   283.117   283.119 19 52793.37083219 50.937
 18  16.171319  -2.326627   282.362   282.321 16 52828.37090137 22.754
 19  16.171691  -2.333200   282.707   282.685 13 52863.37094760 17.310
 20  16.165250  -2.324515   283.668   283.651 13 52898.37097562 51.776
 21  16.162543  -2.332065   284.387   284.360  9 52933.37092249 51.273
 22  16.168913  -2.318757   285.402   285.390 19 52968.37092918 51.046
 23  16.158604  -2.331522   284.927   284.916  9 53003.37095409 38.413
 24  16.161036  -2.333855   283.402   283.406  8 53038.37090367 52.537
 25  16.164057  -2.327350   282.244   282.222 11 53073.37093019 52.146
 26  16.160916  -2.335674   281.871   281.860  8 53108.37090412 51.439
 27  16.167036  -2.318730   282.534   282.529 16 53143.37093773 47.461
 28  16.170153  -2.319616   282.115   282.115 19 53178.37095793 51.443
 29  16.164574  -2.325571   281.697   281.673 11 53213.37098014 31.595
 30  16.169038  -2.318317   282.588   282.618 19 53248.37094766 30.474
 31  16.160794  -2.333453   283.188   283.199  8 53283.37094289 50.979
 32  16.171058  -2.324082   284.541   284.534 18 53318.37093810 53.028
 33  16.171453  -2.328194   284.724   284.709 15 53353.37090521 27.399
 34  16.167594  -2.316580   283.730   283.730 17 53388.37090039 51.557
 35  16.171573  -2.333171   281.935   281.992 14 53423.37090356 18.440
 36  16.171246  -2.326605   281.923   281.904 16 53458.37090735 52.705
 37  16.157997  -2.331368   282.171   282.170 10 53493.37099358 51.990
 38  16.171525  -2.328350   282.281   282.242 16 53528.37097061 19.983
 39  16.159082  -2.331439   282.183   282.173  9 53563.37100171 20.998
 40  16.171137  -2.323232   281.795   281.743 18 53598.37094025 22.528
 41  16.160337  -2.334843   282.913   282.818  8 53633.37093854 19.016
 42  16.160147  -2.332984   283.649   283.650  9 53668.37096039 47.764
 43  16.171377  -2.328470   284.986   284.986 15 53703.37090177 52.077
 44  16.171355  -2.331224   283.363   283.368 15 53738.37081173 23.558
 45  16.171722  -2.330056   282.062   282.074 15 53773.37082588 16.332
 46  16.170912  -2.324351   281.897   281.875 18 53808.37081111 19.804
 48  16.170879  -2.322099   282.151   282.151 19 53878.37088019 50.171
 49  16.158864  -2.332036   282.541   282.538 10 53913.37093566 53.234
 51  16.168257  -2.316278   282.743   282.739 18 53983.37088693 50.551
 52  16.169935  -2.318940   283.023   283.117 19 54018.37091765 24.762
 53  16.172554  -2.340292   284.225   284.235 12 54053.37091497 29.217
 54  16.169981  -2.319179   285.793   285.801 19 54088.37090246 48.342
 55  16.168920  -2.318397   283.985   284.078 18 54123.37082453 42.572
 56  16.168005  -2.318064   282.546   282.582 18 54158.37086605 24.323
 57  16.168691  -2.318641   282.324   282.305 18 54193.37082570 52.274
 58  16.168654  -2.318056   282.583   282.579 19 54228.37087731 51.832
 59  16.169103  -2.319358   282.545   282.521 18 54263.37089649 17.306
 60  16.169624  -2.318594   282.487   282.479 18 54298.37090140 48.876
 61  16.169988  -2.319870   282.649   282.702 19 54333.37089119 22.123
 63  16.169157  -2.318922   284.829   284.828 18 54403.37083471 52.813
 65  16.170551  -2.319740   285.243   285.237 19 54473.37082065 51.774
 66  16.168930  -2.318723   283.400   283.400 19 54508.37080259 52.338
 67  16.169721  -2.319897   282.304   282.348 19 54543.37083490 24.532
 68  16.168924  -2.318744   282.443   282.459 18 54578.37080409 29.970
 69  16.169933  -2.318731   282.526   282.545 19 54613.37082526 24.914
 70  16.168478  -2.317646   282.815   282.819 18 54648.37083233 46.711
 71  16.169077  -2.318363   282.426   282.416 19 54683.37083210 45.672
 72  16.169469  -2.319376   283.148   283.151 19 54718.37077941 26.647
 73  16.168881  -2.316586   283.840   283.868 18 54753.37080539 39.073
 74  16.168095  -2.319025   284.694   284.840 18 54788.37077094 28.957
 75  16.169444  -2.318723   285.173   285.225 19 54823.37080004 43.606
 76  16.169336  -2.319206   283.230   283.342 19 54858.37076622 45.211
 77  16.168033  -2.315697   282.994   282.985 18 54893.37080227 24.359
 78  16.167513  -2.317034   282.355   282.329 18 54928.37076349 51.015
 80  16.165137  -2.323676   282.896   282.845 12 54998.37082387 28.039
 81  16.168230  -2.318301   282.921   282.918 18 55033.37081139 51.297
 82  16.169462  -2.319825   282.316   282.298 19 55068.37079991 21.435
 83  16.167075  -2.318709   283.452   283.442 17 55103.37073884 51.677
 84  16.168900  -2.318912   284.222   284.327 19 55138.37074728 28.657
 85  16.168986  -2.318137   285.667   285.656 18 55173.37070729 52.321
 86  16.168801  -2.318619   284.251   284.427 19 55208.37074178 28.665
 87  16.167836  -2.317863   283.112   283.134 18 55243.37071244 26.927
 88  16.168628  -2.317870   282.757   282.717 19 55278.37073498 25.441
 89  16.168898  -2.318566   283.379   283.370 18 55313.37069767 52.493
 90  16.169363  -2.319230   283.170   283.170 19 55348.37070610 52.232
 91  16.168368  -2.317984   283.026   283.016 18 55383.37069638 45.919
 92  16.169737  -2.317914   282.718   282.724 19 55418.37072431 20.915
 93  16.169546  -2.319594   282.889   282.880 19 55453.37070513 46.029
 94  16.170194  -2.319846   283.625   283.743 19 55488.37062642 35.235
