#  282.057  -2.788   9.178 ;Mean Elev.(m), Avg Gradient(m/km), RMS Gradient(m/km) - SRTM1     
#  272.603  -3.582   9.267 ;Mean Elev.(m), Avg Gradient(m/km), RMS Gradient(m/km) - ASTER GDEM
#  281.848  -2.911   9.140 ;Mean Elev.(m), Avg Gradient(m/km), RMS Gradient(m/km) - GMTED2010 
  7  16.369555  -2.005097   285.004   284.967  3 52444.87208907 21.798
  8  16.374332  -2.001245   284.955   284.936  3 52479.87208239 50.846
  9  16.383670  -1.994557   285.357   285.375  6 52514.87203099 51.639
 10  16.375344  -2.001074   286.371   286.371  2 52549.87207539 50.148
 11  16.384107  -1.992813   287.323   287.328  6 52584.87205864 50.914
 12  16.376252  -2.000296   288.288   288.316  3 52619.87203684 51.623
 13  16.383766  -1.990313   287.755   287.719  7 52654.87202658 50.993
 14  16.377626  -1.995184   285.403   285.332  3 52689.87201972 29.757
 15  16.378430  -1.992871   285.041   285.041  4 52724.87206415 50.581
 16  16.368652  -2.004833   285.174   285.201  3 52759.87208062 50.703
 17  16.381850  -1.991231   285.694   285.714  7 52794.87203900 49.521
 18  16.383728  -1.991963   285.685   285.678  8 52829.87210567 51.637
 19  16.385231  -1.990351   285.876   285.872  8 52864.87215020 52.001
 20  16.376806  -1.997299   286.289   286.294  4 52899.87217810 51.567
 21  16.376574  -2.000741   286.861   286.863  3 52934.87212046 36.363
 22  16.378167  -1.996111   287.609   287.603  4 52969.87213838 42.035
 23  16.373316  -2.002691   287.105   287.105  2 53004.87215464 40.264
 24  16.376304  -2.001625   285.953   285.953  2 53039.87210489 51.176
 25  16.376177  -2.001381   284.792   284.792  2 53074.87213606 51.197
 26  16.373648  -2.001818   284.557   284.557  2 53109.87210592 52.021
 27  16.376916  -2.000308   285.062   285.062  2 53144.87214799 35.069
 28  16.381113  -1.994545   284.684   284.696  6 53179.87216222 51.329
 29  16.377057  -1.999713   284.443   284.405  3 53214.87218312 52.037
 30  16.377423  -1.993350   285.261   285.257  4 53249.87215419 30.064
 31  16.374604  -2.001850   285.815   285.803  3 53284.87214951 51.821
 32  16.384440  -1.993117   287.112   287.165  6 53319.87213667 51.989
 33  16.383095  -1.991713   287.275   287.318  8 53354.87210478 34.134
 34  16.377492  -1.996417   286.121   286.114  4 53389.87210998 51.108
 35  16.382789  -1.991208   284.628   284.618  7 53424.87210880 50.463
 36  16.383287  -1.990982   284.636   284.607  7 53459.87211381 45.739
 37  16.372261  -2.003127   284.770   284.770  2 53494.87219724 51.884
 38  16.383386  -1.991859   285.291   285.262  8 53529.87217413 51.275
 39  16.373178  -2.002142   285.131   285.119  3 53564.87220296 51.263
 40  16.380923  -1.995818   284.954   284.941  6 53599.87214586 49.656
 41  16.375629  -2.000867   285.848   285.848  2 53634.87214177 52.556
 42  16.374113  -2.000724   286.226   286.226  2 53669.87216312 46.309
 43  16.383909  -1.992589   287.312   287.304  7 53704.87210104 33.001
 44  16.382868  -1.994262   286.254   286.270  6 53739.87201143 49.915
 45  16.383335  -1.991763   284.681   284.589  8 53774.87203185 27.021
 46  16.380512  -1.991820   284.295   284.295  6 53809.87201475 18.313
 47  16.376454  -1.998313   284.757   284.765  4 53844.87205665 51.598
 48  16.382172  -1.995190   284.770   284.805  6 53879.87208532 50.009
 49  16.372590  -2.002382   285.000   285.000  2 53914.87214101 51.910
 50  16.370946  -2.003859   284.702   284.702  2 53949.87215074 39.709
 51  16.378025  -1.995555   285.420   285.425  3 53984.87208953 50.350
 52  16.379071  -1.992493   286.182   286.178  4 54019.87212662 51.696
 53  16.386414  -1.990619   287.122   287.111  7 54054.87211738 50.809
 54  16.379213  -1.991589   288.010   288.006  4 54089.87210592 49.650
 55  16.379118  -1.991595   286.373   286.334  4 54124.87203267 30.296
 57  16.378782  -1.992409   284.691   284.685  4 54194.87203413 39.703
 58  16.378531  -1.995125   285.170   285.154  3 54229.87208488 49.382
 59  16.379126  -1.995458   285.554   285.549  5 54264.87210310 52.740
 60  16.380411  -1.996856   285.152   285.170  6 54299.87210646 49.651
 61  16.379381  -1.994901   285.614   285.533  5 54334.87209634 51.589
 63  16.377989  -1.993178   287.464   287.450  4 54404.87204072 50.532
 64  16.379258  -1.995562   287.972   287.972  5 54439.87199763 50.159
 65  16.379942  -1.992663   287.458   287.431  6 54474.87202765 50.748
 66  16.379505  -1.994811   285.884   285.892  5 54509.87201137 51.269
 67  16.379425  -1.995396   284.957   284.951  5 54544.87204135 51.749
 68  16.378650  -1.989714   284.817   284.926  5 54579.87201039 36.088
 69  16.379167  -1.992241   285.200   285.164  4 54614.87203219 49.488
 70  16.377388  -1.996146   285.267   285.224  3 54649.87204229 50.961
 71  16.378357  -1.994748   284.759   284.715  3 54684.87203770 31.823
 72  16.380395  -1.996382   286.117   286.052  6 54719.87198666 33.843
 73  16.378454  -1.995153   286.641   286.613  5 54754.87201150 50.756
 74  16.378209  -1.995323   287.248   287.268  3 54789.87197963 51.516
 75  16.379258  -1.994878   287.528   287.560  5 54824.87200736 51.932
 76  16.380409  -1.996244   285.789   285.753  6 54859.87197318 38.776
 77  16.377499  -1.995647   285.617   285.582  3 54894.87200834 51.455
 78  16.377667  -1.996175   284.776   284.772  3 54929.87197178 52.127
 79  16.378147  -1.996212   285.408   285.400  5 54964.87200918 48.353
 80  16.376882  -2.000014   285.787   285.768  3 54999.87202855 49.558
 81  16.379437  -1.994445   285.422   285.427  5 55034.87201502 50.027
 82  16.378670  -1.995188   285.180   285.145  3 55069.87200523 35.233
 83  16.377749  -1.995963   286.132   286.145  3 55104.87194624 51.597
 84  16.378799  -1.994982   286.855   286.896  3 55139.87195231 29.825
 85  16.380527  -1.995671   287.743   287.752  6 55174.87191270 43.336
 87  16.377951  -1.993046   285.733   285.707  4 55244.87191985 51.212
 88  16.377949  -1.994947   285.542   285.518  3 55279.87194152 51.678
 89  16.378034  -1.995904   285.865   285.796  5 55314.87190718 27.136
 90  16.378942  -1.995888   285.782   285.778  5 55349.87191321 50.857
 91  16.377401  -1.993665   285.670   285.676  4 55384.87190636 50.040
 92  16.379399  -1.994841   285.091   285.115  5 55419.87193181 20.893
 93  16.378769  -1.994649   285.609   285.598  3 55454.87190953 48.330
 94  16.379709  -1.994096   286.345   286.309  5 55489.87182815 50.822
