#  321.051  -1.365   2.529 ;Mean Elev.(m), Avg Gradient(m/km), RMS Gradient(m/km) - SRTM1     
#  308.569  -1.580   3.999 ;Mean Elev.(m), Avg Gradient(m/km), RMS Gradient(m/km) - ASTER GDEM
#  321.080  -1.360   2.365 ;Mean Elev.(m), Avg Gradient(m/km), RMS Gradient(m/km) - GMTED2010 
  7   319.112 52456.36410890 50.34  19.188064   1.619701 42.036
  7   319.152 52456.36410955 51.93  19.187334   1.616401 42.036
  7   319.130 52456.36411019 52.14  19.186614   1.613091 42.036
  7   319.063 52456.36411084 52.05  19.185884   1.609791 42.036
  7   319.026 52456.36411148 51.38  19.185154   1.606481 42.036
  7   319.053 52456.36411212 51.80  19.184434   1.603171 42.036
  7   319.017 52456.36411277 51.29  19.183704   1.599871 42.036
  7   318.920 52456.36411341 52.77  19.182974   1.596561 42.036
  7   318.918 52456.36411406 51.61  19.182254   1.593261 42.036
  7   318.974 52456.36411470 51.44  19.181520   1.589948 18.990
  7   318.938 52456.36411535 48.93  19.180800   1.586648 18.990
  7   318.940 52456.36411599 50.20  19.180070   1.583338 18.990
  7   318.913 52456.36411664 45.92  19.179340   1.580038 18.990
 10   319.590 52561.36411048 52.75  19.190280   1.620122 43.917
 10   319.570 52561.36411112 53.24  19.189550   1.616812 43.917
 10   319.556 52561.36411176 51.48  19.188820   1.613512 43.917
 10   319.537 52561.36411241 53.83  19.188100   1.610202 43.917
 10   319.520 52561.36411305 53.77  19.187370   1.606902 43.917
 10   319.499 52561.36411370 53.84  19.186640   1.603592 43.917
 10   319.487 52561.36411434 52.27  19.185910   1.600292 43.917
 10   319.467 52561.36411499 53.81  19.185182   1.596979 22.273
 12   321.274 52631.36406075 49.95  19.191618   1.622836 39.845
 12   321.274 52631.36406139 49.81  19.190898   1.619526 39.845
 12   321.277 52631.36406204 48.92  19.190168   1.616216 39.845
 12   321.276 52631.36406268 50.50  19.189438   1.612916 39.845
 12   321.276 52631.36406333 52.17  19.188708   1.609606 39.845
 12   321.275 52631.36406397 51.32  19.187988   1.606306 39.845
 12   321.271 52631.36406462 47.02  19.187258   1.602996 39.845
 12   321.271 52631.36406526 48.51  19.186528   1.599696 39.845
 12   321.257 52631.36406591 48.17  19.185809   1.596383 25.729
 15   319.333 52736.36409183 41.75  19.195554   1.630756 22.529
 15   319.406 52736.36409248 48.33  19.194834   1.627446 22.529
 15   319.394 52736.36409312 48.82  19.194104   1.624146 22.529
 15   319.423 52736.36409377 51.51  19.193374   1.620836 22.529
 15   319.381 52736.36409441 50.39  19.192654   1.617536 22.529
 15   319.429 52736.36409505 50.34  19.191922   1.614224 19.893
 15   319.373 52736.36409570 49.44  19.191202   1.610924 19.893
 15   319.353 52736.36409634 49.71  19.190472   1.607614 19.893
 15   319.337 52736.36409699 49.06  19.189742   1.604314 19.893
 15   319.381 52736.36409763 52.79  19.189022   1.601004 19.893
 15   319.361 52736.36409828 51.92  19.188292   1.597694 19.893
 17   319.200 52806.36411750 51.71  19.188375   1.620012 49.886
 17   319.141 52806.36411815 51.94  19.187655   1.616712 49.886
 17   319.135 52806.36411879 53.21  19.186925   1.613402 49.886
 17   319.063 52806.36411943 51.50  19.186195   1.610102 49.886
 17   319.027 52806.36412008 52.30  19.185465   1.606792 49.886
 17   319.064 52806.36412072 53.65  19.184745   1.603492 49.886
 17   318.914 52806.36412137 53.27  19.184015   1.600182 49.886
 17   318.854 52806.36412201 53.72  19.183285   1.596872 49.886
 17   318.847 52806.36412266 52.24  19.182565   1.593572 49.886
 17   318.828 52806.36412330 50.10  19.181835   1.590262 49.886
 17   318.862 52806.36412395 51.95  19.181105   1.586962 49.886
 17   318.885 52806.36412459 49.57  19.180384   1.583650 16.317
 17   318.865 52806.36412524 49.71  19.179654   1.580350 16.317
 18   319.345 52841.36417642 48.77  19.191649   1.623777 51.487
 18   319.386 52841.36417707 52.19  19.190929   1.620467 51.487
 18   319.392 52841.36417771 52.50  19.190199   1.617167 51.487
 18   319.348 52841.36417836 51.25  19.189469   1.613857 51.487
 18   319.335 52841.36417900 51.58  19.188749   1.610557 51.487
 18   319.328 52841.36417965 53.30  19.188019   1.607247 51.487
 18   319.223 52841.36418029 54.02  19.187289   1.603947 51.487
 18   319.218 52841.36418094 53.10  19.186569   1.600637 51.487
 18   319.163 52841.36418158 52.95  19.185839   1.597337 51.487
 19   319.277 52876.36421600 48.10  19.189352   1.620018 46.210
 19   319.247 52876.36421664 48.99  19.188622   1.616718 46.210
 19   319.232 52876.36421729 48.62  19.187892   1.613408 46.210
 19   319.214 52876.36421793 50.81  19.187172   1.610108 46.210
 19   319.171 52876.36421858 50.55  19.186442   1.606798 46.210
 19   319.124 52876.36421922 46.95  19.185712   1.603498 46.210
 19   319.114 52876.36421987 47.98  19.184992   1.600188 46.210
 19   319.075 52876.36422051 50.44  19.184262   1.596878 46.210
 19   319.063 52876.36422116 50.27  19.183532   1.593578 46.210
 19   319.066 52876.36422180 48.32  19.182812   1.590268 46.210
 19   319.092 52876.36422244 49.79  19.182082   1.586968 46.210
 19   319.060 52876.36422309 48.29  19.181352   1.583658 46.210
 19   319.021 52876.36422373 46.42  19.180632   1.580358 46.210
 20   320.363 52911.36417603 50.48  19.200538   1.634864 23.548
 20   320.363 52911.36417668 49.49  19.199808   1.631554 23.548
 20   320.343 52911.36417732 50.65  19.199088   1.628254 23.548
 20   320.355 52911.36417797 51.43  19.198358   1.624940 24.099
 20   320.356 52911.36417861 50.18  19.197628   1.621640 24.099
 20   320.207 52911.36417926 53.29  19.196908   1.618330 24.099
 23   320.135 53016.36416845 51.69  19.188486   1.618126 49.140
 23   320.181 53016.36416910 54.04  19.187756   1.614816 49.140
 23   320.157 53016.36416974 52.97  19.187036   1.611506 49.140
 23   320.088 53016.36417039 53.19  19.186306   1.608206 49.140
 23   320.086 53016.36417103 53.05  19.185576   1.604896 49.140
 23   320.069 53016.36417168 52.96  19.184856   1.601596 49.140
 23   320.024 53016.36417232 52.85  19.184126   1.598286 49.140
 23   319.976 53016.36417297 51.84  19.183396   1.594986 49.140
 23   319.994 53016.36417361 52.72  19.182676   1.591676 49.140
 23   319.946 53016.36417426 50.76  19.181946   1.588366 49.140
 23   319.905 53016.36417490 49.64  19.181216   1.585066 49.140
 23   319.876 53016.36417555 51.21  19.180496   1.581756 49.140
 24   319.694 53051.36414436 50.80  19.193885   1.626141 51.335
 24   319.653 53051.36414500 52.10  19.193165   1.622831 51.335
 24   319.536 53051.36414565 53.46  19.192435   1.619521 51.335
 24   319.505 53051.36414629 52.31  19.191705   1.616221 51.335
 24   319.467 53051.36414694 52.68  19.190975   1.612911 51.335
 24   319.428 53051.36414758 51.74  19.190255   1.609611 51.335
 24   319.411 53051.36414823 51.66  19.189525   1.606301 51.335
 24   319.384 53051.36414887 51.91  19.188795   1.603001 51.335
 24   319.378 53051.36414952 54.31  19.188075   1.599691 51.335
 25   318.163 53086.36418671 28.56  19.177102   1.597501 13.136
 25   318.198 53086.36418736 27.63  19.176382   1.594191 13.136
 25   318.531 53086.36418800 25.14  19.175652   1.590891 13.136
 25   318.528 53086.36418865 24.58  19.174922   1.587581 13.136
 25   318.561 53086.36418929 26.02  19.174202   1.584281 13.136
 25   318.672 53086.36418993 25.54  19.173472   1.580967  3.360
 25   318.815 53086.36419058 23.42  19.172742   1.577667  3.360
 26   319.242 53121.36415192 27.85  19.188599   1.619553 31.184
 26   319.155 53121.36415257 16.93  19.187869   1.616253 31.184
 26   319.038 53121.36415321 19.47  19.187139   1.612943 31.184
 26   318.913 53121.36415386 22.86  19.186419   1.609643 31.184
 26   319.070 53121.36415450 26.89  19.185689   1.606333 31.184
 26   319.100 53121.36415515 31.42  19.184959   1.603033 31.184
 26   319.010 53121.36415579 34.85  19.184239   1.599723 31.184
 26   319.041 53121.36415643 35.62  19.183509   1.596413 31.184
 26   319.044 53121.36415708 33.74  19.182779   1.593113 31.184
 26   319.032 53121.36415772 28.97  19.182059   1.589803 31.184
 26   318.981 53121.36415837 30.17  19.181329   1.586503 31.184
 26   318.972 53121.36415901 29.80  19.180599   1.583193 31.184
 26   318.975 53121.36415966 30.45  19.179869   1.579893 31.184
 28   318.629 53191.36419594 50.85  19.198051   1.632452 38.801
 28   318.610 53191.36419658 50.55  19.197331   1.629142 38.801
 28   318.603 53191.36419723 48.84  19.196601   1.625842 38.801
 28   318.628 53191.36419787 49.71  19.195871   1.622532 38.801
 28   318.636 53191.36419852 51.32  19.195151   1.619232 38.801
 28   318.633 53191.36419916 50.65  19.194421   1.615922 38.801
 29   318.035 53226.36420086 26.66  19.195637   1.630475 14.810
 29   318.024 53226.36420150 26.64  19.194907   1.627175 14.810
 29   317.886 53226.36420215 21.21  19.194187   1.623865 14.810
 29   317.763 53226.36420279 17.57  19.193457   1.620565 14.810
 29   317.696 53226.36420343 15.02  19.192727   1.617255 14.810
 29   317.683 53226.36420408 14.42  19.192007   1.613945 14.810
 29   317.524 53226.36420472 13.95  19.191277   1.610645 14.810
 29   317.777 53226.36420537 14.06  19.190547   1.607335 14.810
 29   317.799 53226.36420601 15.79  19.189827   1.604035 14.810
 29   317.990 53226.36420666 16.27  19.189097   1.600725 14.810
 29   317.982 53226.36420730 16.74  19.188367   1.597425 14.810
 30   318.600 53261.36417704 49.01  19.186455   1.619336 46.213
 30   318.602 53261.36417768 49.84  19.185725   1.616036 46.213
 30   318.577 53261.36417832 52.91  19.185005   1.612726 46.213
 30   318.459 53261.36417897 53.36  19.184275   1.609426 46.213
 30   318.405 53261.36417961 53.14  19.183545   1.606116 46.213
 30   318.315 53261.36418026 51.19  19.182825   1.602816 46.213
 30   318.356 53261.36418090 53.15  19.182095   1.599506 46.213
 30   318.367 53261.36418155 52.11  19.181365   1.596206 46.213
 30   318.340 53261.36418219 51.58  19.180645   1.592896 46.213
 30   318.372 53261.36418284 50.88  19.179915   1.589586 46.213
 30   318.343 53261.36418348 51.92  19.179195   1.586286 46.213
 30   318.369 53261.36418413 52.89  19.178465   1.582976 46.213
 30   318.317 53261.36418477 51.02  19.177735   1.579676 46.213
 31   318.805 53296.36421467 51.59  19.176394   1.596913 40.454
 31   318.794 53296.36421532 53.25  19.175674   1.593613 40.454
 31   318.779 53296.36421596 53.30  19.174944   1.590303 40.454
 31   318.761 53296.36421660 51.95  19.174214   1.587003 40.454
 31   318.749 53296.36421725 50.10  19.173486   1.583691 16.222
 31   318.737 53296.36421789 53.23  19.172766   1.580391 16.222
 31   318.722 53296.36421854 52.75  19.172036   1.577081 16.222
 32   320.240 53331.36418153 46.11  19.191602   1.624121 43.585
 32   320.241 53331.36418217 50.75  19.190872   1.620821 43.585
 32   320.217 53331.36418282 50.51  19.190142   1.617511 43.585
 32   320.194 53331.36418346 50.53  19.189422   1.614211 43.585
 32   320.150 53331.36418411 51.40  19.188692   1.610901 43.585
 32   320.127 53331.36418475 50.82  19.187962   1.607601 43.585
 32   320.109 53331.36418540 50.21  19.187242   1.604291 43.585
 32   320.121 53331.36418604 51.53  19.186512   1.600991 43.585
 32   320.114 53331.36418669 52.18  19.185782   1.597681 43.585
 34   318.882 53401.36415594 51.25  19.190032   1.621048 42.006
 34   319.009 53401.36415659 51.93  19.189302   1.617738 42.006
 34   318.992 53401.36415723 49.40  19.188582   1.614438 42.006
 34   318.977 53401.36415788 50.44  19.187852   1.611128 42.006
 34   318.946 53401.36415852 51.31  19.187122   1.607828 42.006
 34   318.912 53401.36415917 49.43  19.186402   1.604518 42.006
 34   318.918 53401.36415981 53.82  19.185672   1.601218 42.006
 34   318.889 53401.36416046 53.68  19.184942   1.597908 42.006
 35   318.347 53436.36414431 37.85  19.193369   1.626706 44.013
 35   318.262 53436.36414495 45.25  19.192649   1.623396 44.013
 35   318.346 53436.36414559 50.46  19.191919   1.620096 44.013
 35   318.381 53436.36414624 49.73  19.191189   1.616786 44.013
 35   318.361 53436.36414688 48.56  19.190469   1.613486 44.013
 35   318.333 53436.36414753 49.26  19.189739   1.610176 44.013
 35   318.297 53436.36414817 46.79  19.189009   1.606876 44.013
 35   318.267 53436.36414882 48.23  19.188289   1.603566 44.013
 35   318.248 53436.36414946 51.59  19.187559   1.600266 44.013
 35   318.214 53436.36415011 50.20  19.186829   1.596956 44.013
 36   319.319 53471.36419547 41.95  19.187116   1.619725 40.525
 36   319.302 53471.36419611 45.05  19.186396   1.616425 40.525
 36   319.288 53471.36419676 42.93  19.185666   1.613115 40.525
 36   319.200 53471.36419740 46.80  19.184936   1.609815 40.525
 36   319.184 53471.36419805 47.44  19.184216   1.606505 40.525
 36   319.156 53471.36419869 47.09  19.183486   1.603205 40.525
 36   319.143 53471.36419933 46.81  19.182756   1.599895 40.525
 36   319.114 53471.36419998 45.85  19.182026   1.596585 40.525
 36   319.107 53471.36420062 50.30  19.181306   1.593285 40.525
 36   319.081 53471.36420127 51.06  19.180576   1.589975 40.525
 36   319.062 53471.36420191 51.36  19.179856   1.586675 40.525
 36   319.049 53471.36420256 49.37  19.179128   1.583362 11.209
 36   319.023 53471.36420320 51.59  19.178398   1.580062 11.209
 37   319.012 53506.36422941 50.71  19.186734   1.618298 50.065
 37   318.975 53506.36423005 52.45  19.186004   1.614988 50.065
 37   318.921 53506.36423069 54.91  19.185284   1.611688 50.065
 37   318.869 53506.36423134 54.70  19.184554   1.608378 50.065
 37   318.810 53506.36423198 53.62  19.183824   1.605078 50.065
 37   318.719 53506.36423263 52.09  19.183104   1.601768 50.065
 37   318.743 53506.36423327 51.99  19.182374   1.598458 50.065
 37   318.706 53506.36423392 54.03  19.181644   1.595158 50.065
 37   318.690 53506.36423456 53.06  19.180924   1.591848 50.065
 37   318.674 53506.36423521 52.01  19.180194   1.588548 50.065
 37   318.667 53506.36423585 52.65  19.179464   1.585238 50.065
 37   318.709 53506.36423650 52.46  19.178744   1.581938 50.065
 37   318.610 53506.36423714 49.28  19.178011   1.578624 11.445
 38   318.875 53541.36423384 23.38  19.187151   1.619290 20.300
 38   317.985 53541.36423448 17.56  19.186431   1.615990 20.300
 38   318.438 53541.36423513 16.75  19.185701   1.612680 20.300
 38   318.469 53541.36423577 17.53  19.184971   1.609380 20.300
 38   318.617 53541.36423642 21.45  19.184251   1.606070 20.300
 38   318.594 53541.36423706 25.08  19.183521   1.602770 20.300
 38   318.566 53541.36423770 28.66  19.182791   1.599460 20.300
 38   318.580 53541.36423835 29.10  19.182071   1.596150 20.300
 38   318.619 53541.36423899 28.79  19.181341   1.592850 20.300
 38   318.679 53541.36423964 29.45  19.180611   1.589540 20.300
 38   318.515 53541.36424028 31.93  19.179891   1.586240 20.300
 38   318.628 53541.36424093 38.93  19.179158   1.582928 11.925
 38   318.660 53541.36424157 41.15  19.178438   1.579628 11.925
 39   318.012 53576.36422396 31.03  19.187672   1.619952 17.156
 39   317.802 53576.36422460 13.77  19.186942   1.616642 17.156
 39   317.705 53576.36422525 14.81  19.186222   1.613342 17.156
 39   317.720 53576.36422589 15.60  19.185492   1.610032 17.156
 39   317.835 53576.36422654 15.90  19.184762   1.606732 17.156
 39   317.728 53576.36422718 18.39  19.184042   1.603422 17.156
 39   317.676 53576.36422783 20.07  19.183312   1.600122 17.156
 39   317.722 53576.36422847 18.07  19.182592   1.596812 17.156
 39   317.529 53576.36422911 19.20  19.181862   1.593502 17.156
 39   317.536 53576.36422976 21.03  19.181132   1.590202 17.156
 39   317.616 53576.36423040 24.77  19.180412   1.586892 17.156
 39   317.813 53576.36423105 29.72  19.179682   1.583592 17.156
 39   317.850 53576.36423169 30.39  19.178952   1.580279  9.777
 40   319.355 53611.36417535 29.71  19.187787   1.619991 19.600
 40   318.908 53611.36417599 20.69  19.187057   1.616681 19.600
 40   318.714 53611.36417664 20.89  19.186337   1.613381 19.600
 40   318.613 53611.36417728 18.18  19.185607   1.610071 19.600
 40   318.743 53611.36417793 16.51  19.184877   1.606771 19.600
 40   318.719 53611.36417857 15.95  19.184157   1.603461 19.600
 40   318.738 53611.36417922 15.63  19.183427   1.600161 19.600
 40   318.608 53611.36417986 17.84  19.182707   1.596851 19.600
 40   318.708 53611.36418051 16.76  19.181977   1.593541 19.600
 40   318.919 53611.36418115 17.92  19.181247   1.590241 19.600
 40   319.076 53611.36418180 20.66  19.180527   1.586931 19.600
 40   319.140 53611.36418244 17.97  19.179797   1.583631 19.600
 40   319.079 53611.36418308 23.14  19.179070   1.580317 11.707
 41   319.114 53646.36417884 51.51  19.191896   1.623604 44.223
 41   319.126 53646.36417948 50.88  19.191166   1.620304 44.223
 41   319.088 53646.36418013 49.74  19.190436   1.616994 44.223
 41   319.068 53646.36418077 50.80  19.189716   1.613694 44.223
 41   319.024 53646.36418141 51.17  19.188986   1.610384 44.223
 41   318.993 53646.36418206 50.83  19.188256   1.607084 44.223
 41   319.002 53646.36418270 50.62  19.187536   1.603774 44.223
 41   318.975 53646.36418335 54.03  19.186806   1.600474 44.223
 41   318.846 53646.36418399 52.56  19.186076   1.597164 44.223
 42   319.868 53681.36419663 49.16  19.184039   1.617626 47.390
 42   319.843 53681.36419728 49.35  19.183319   1.614326 47.390
 42   319.857 53681.36419792 49.48  19.182589   1.611016 47.390
 42   319.813 53681.36419857 51.48  19.181859   1.607716 47.390
 42   319.793 53681.36419921 52.37  19.181139   1.604406 47.390
 42   319.759 53681.36419986 52.26  19.180409   1.601096 47.390
 42   319.726 53681.36420050 51.24  19.179679   1.597796 47.390
 42   319.709 53681.36420115 52.09  19.178959   1.594486 47.390
 42   319.691 53681.36420179 53.71  19.178229   1.591186 47.390
 42   319.691 53681.36420244 53.50  19.177499   1.587876 47.390
 42   319.681 53681.36420308 50.72  19.176779   1.584576 47.390
 42   319.674 53681.36420373 51.70  19.176047   1.581263 15.813
 42   319.663 53681.36420437 50.56  19.175327   1.577963 15.813
 43   320.300 53716.36412189 39.31  19.195261   1.628377 35.106
 43   320.128 53716.36412254 32.74  19.194531   1.625067 35.106
 43   319.905 53716.36412318 29.25  19.193811   1.621757 35.106
 43   320.057 53716.36412383 29.26  19.193081   1.618457 35.106
 43   320.100 53716.36412447 29.64  19.192351   1.615147 35.106
 43   320.075 53716.36412512 36.16  19.191631   1.611847 35.106
 43   320.132 53716.36412576 39.81  19.190901   1.608537 35.106
 43   320.141 53716.36412640 43.36  19.190171   1.605237 35.106
 43   320.177 53716.36412705 46.76  19.189451   1.601927 35.106
 43   320.125 53716.36412769 50.68  19.188721   1.598627 35.106
 44   319.025 53751.36403916 50.75  19.199021   1.632493 49.842
 44   319.043 53751.36403981 49.72  19.198291   1.629183 49.842
 44   319.032 53751.36404045 51.93  19.197561   1.625883 49.842
 44   319.005 53751.36404110 52.82  19.196841   1.622573 49.842
 44   318.963 53751.36404174 52.14  19.196111   1.619273 49.842
 44   318.974 53751.36404239 53.13  19.195381   1.615963 49.842
 45   318.595 53786.36406932 45.30  19.197075   1.633197 46.007
 45   318.486 53786.36406996 46.26  19.196345   1.629887 46.007
 45   318.448 53786.36407060 50.80  19.195615   1.626587 46.007
 45   318.404 53786.36407125 50.40  19.194895   1.623277 46.007
 45   318.539 53786.36407189 50.15  19.194165   1.619977 46.007
 45   318.529 53786.36407254 50.19  19.193435   1.616667 46.007
 45   318.504 53786.36407318 49.00  19.192715   1.613367 46.007
 45   318.450 53786.36407383 48.82  19.191985   1.610057 46.007
 45   318.315 53786.36407576 51.85  19.189805   1.600137 46.007
 46   318.706 53821.36402623 34.82  19.195298   1.629425 28.966
 46   318.658 53821.36402687 30.72  19.194568   1.626115 28.966
 46   318.523 53821.36402752 28.31  19.193848   1.622815 28.966
 46   318.330 53821.36402816 23.24  19.193118   1.619505 28.966
 46   318.271 53821.36402881 21.19  19.192398   1.616195 28.966
 46   318.040 53821.36402945 21.86  19.191668   1.612895 28.966
 46   318.101 53821.36403009 22.09  19.190938   1.609585 28.966
 46   318.300 53821.36403074 22.80  19.190218   1.606285 28.966
 46   318.583 53821.36403138 24.31  19.189488   1.602975 28.966
 46   318.576 53821.36403203 27.83  19.188758   1.599675 28.966
 47   319.005 53856.36411715 30.58  19.185542   1.616977 20.633
 47   318.977 53856.36411780 22.57  19.184812   1.613667 20.633
 47   318.762 53856.36411844 18.08  19.184092   1.610367 20.633
 47   318.701 53856.36411909 17.92  19.183362   1.607057 20.633
 47   318.717 53856.36411973 18.28  19.182632   1.603757 20.633
 47   318.611 53856.36412038 18.59  19.181912   1.600447 20.633
 47   318.530 53856.36412102 20.46  19.181182   1.597137 20.633
 47   318.781 53856.36412167 20.72  19.180452   1.593837 20.633
 47   318.996 53856.36412231 23.22  19.179732   1.590527 20.633
 47   319.086 53856.36412296 25.91  19.179002   1.587227 20.633
 47   319.062 53856.36412360 26.07  19.178272   1.583917 20.633
 47   319.090 53856.36412425 32.76  19.177552   1.580617 20.633
 48   319.936 53891.36412514 48.79  19.198959   1.634612 48.227
 48   319.807 53891.36412579 51.89  19.198229   1.631312 48.227
 48   319.905 53891.36412643 50.27  19.197499   1.628002 48.227
 48   319.784 53891.36412708 52.40  19.196779   1.624692 48.227
 48   319.718 53891.36412772 50.66  19.196049   1.621392 48.227
 48   319.835 53891.36412836 51.41  19.195319   1.618082 48.227
 48   319.735 53891.36412901 52.52  19.194599   1.614782 48.227
 49   317.900 53926.36419556 50.54  19.174415   1.594770 38.082
 49   317.895 53926.36419621 49.83  19.173695   1.591460 38.082
 49   317.856 53926.36419685 50.30  19.172965   1.588160 38.082
 49   317.812 53926.36419749 52.24  19.172235   1.584850 38.082
 49   317.805 53926.36419814 51.36  19.171515   1.581550 38.082
 49   317.717 53926.36419878 52.64  19.170780   1.578237 14.105
 49   317.763 53926.36419943 49.83  19.170060   1.574937 14.105
 50   318.596 53961.36417832 50.51  19.181758   1.612842 43.205
 50   318.470 53961.36417897 50.92  19.181038   1.609542 43.205
 50   318.473 53961.36417961 52.74  19.180308   1.606232 43.205
 50   318.435 53961.36418026 53.02  19.179578   1.602932 43.205
 50   318.286 53961.36418090 50.10  19.178858   1.599622 43.205
 50   318.264 53961.36418155 50.96  19.178128   1.596322 43.205
 50   318.286 53961.36418219 52.37  19.177398   1.593012 43.205
 50   318.235 53961.36418283 52.29  19.176678   1.589702 43.205
 50   318.219 53961.36418348 52.73  19.175948   1.586402 43.205
 50   318.257 53961.36418412 52.01  19.175218   1.583092 43.205
 50   318.300 53961.36418477 52.06  19.174498   1.579792 43.205
 50   318.254 53961.36418541 49.68  19.173767   1.576479 10.173
 51   318.648 53996.36411534 46.80  19.195035   1.628170 45.547
 51   318.634 53996.36411599 49.21  19.194305   1.624870 45.547
 51   318.612 53996.36411663 48.37  19.193585   1.621560 45.547
 51   318.625 53996.36411728 49.30  19.192855   1.618250 45.547
 51   318.613 53996.36411792 51.46  19.192125   1.614950 45.547
 51   318.589 53996.36411857 52.31  19.191395   1.611640 45.547
 51   318.473 53996.36411921 48.89  19.190675   1.608340 45.547
 51   318.469 53996.36411986 50.26  19.189945   1.605030 45.547
 51   318.457 53996.36412050 49.14  19.189215   1.601730 45.547
 51   318.399 53996.36412115 44.74  19.188485   1.598420 45.547
 52   319.070 54031.36416907 45.85  19.194792   1.629328 48.423
 52   319.150 54031.36416972 49.56  19.194062   1.626018 48.423
 52   319.182 54031.36417036 53.01  19.193332   1.622708 48.423
 52   319.046 54031.36417101 51.08  19.192602   1.619408 48.423
 52   319.036 54031.36417165 52.12  19.191882   1.616098 48.423
 52   319.075 54031.36417229 52.08  19.191152   1.612798 48.423
 52   319.066 54031.36417294 52.40  19.190422   1.609488 48.423
 52   319.038 54031.36417358 50.10  19.189702   1.606188 48.423
 52   319.054 54031.36417423 51.76  19.188972   1.602878 48.423
 52   319.061 54031.36417487 51.52  19.188242   1.599578 48.423
 53   320.808 54066.36416333 51.64  19.194421   1.628126 45.967
 53   320.776 54066.36416397 50.34  19.193691   1.624816 45.967
 53   320.768 54066.36416462 52.63  19.192961   1.621516 45.967
 53   320.763 54066.36416526 50.24  19.192241   1.618206 45.967
 53   320.750 54066.36416591 49.94  19.191511   1.614906 45.967
 53   320.743 54066.36416655 51.18  19.190781   1.611596 45.967
 53   320.732 54066.36416720 51.21  19.190061   1.608296 45.967
 53   320.725 54066.36416784 52.47  19.189331   1.604986 45.967
 53   320.719 54066.36416849 51.21  19.188601   1.601686 45.967
 53   320.708 54066.36416913 52.01  19.187881   1.598376 45.967
 54   321.250 54101.36412662 52.67  19.190076   1.620752 43.448
 54   321.213 54101.36412726 51.86  19.189356   1.617442 43.448
 54   321.180 54101.36412791 49.97  19.188626   1.614142 43.448
 54   321.164 54101.36412855 51.59  19.187896   1.610832 43.448
 54   321.149 54101.36412919 50.42  19.187176   1.607532 43.448
 54   321.133 54101.36412984 51.71  19.186446   1.604222 43.448
 54   321.128 54101.36413048 50.28  19.185716   1.600922 43.448
 54   321.114 54101.36413113 50.57  19.184996   1.597612 43.448
 55   319.940 54136.36409157 33.60  19.190262   1.620080 37.069
 55   319.675 54136.36409221 30.21  19.189532   1.616780 37.069
 55   319.518 54136.36409286 25.12  19.188802   1.613470 37.069
 55   319.681 54136.36409350 25.95  19.188082   1.610170 37.069
 55   319.737 54136.36409415 27.99  19.187352   1.606860 37.069
 55   319.762 54136.36409479 33.40  19.186622   1.603560 37.069
 55   319.778 54136.36409544 41.04  19.185902   1.600250 37.069
 55   319.777 54136.36409608 44.50  19.185172   1.596940 37.069
 57   318.892 54206.36409636 37.91  19.189478   1.620898 25.637
 57   318.790 54206.36409700 33.61  19.188758   1.617598 25.637
 57   318.677 54206.36409765 26.78  19.188028   1.614288 25.637
 57   318.674 54206.36409829 22.14  19.187298   1.610988 25.637
 57   318.940 54206.36409894 23.22  19.186568   1.607678 25.637
 57   318.930 54206.36409958 28.19  19.185848   1.604368 25.637
 57   318.922 54206.36410023 32.87  19.185118   1.601068 25.637
 57   318.954 54206.36410087 28.20  19.184388   1.597758 25.637
 57   319.184 54206.36410152 23.24  19.183668   1.594458 25.637
 57   319.037 54206.36410216 23.21  19.182938   1.591148 25.637
 57   318.892 54206.36410281 24.10  19.182208   1.587848 25.637
 57   318.904 54206.36410345 25.85  19.181489   1.584535  8.123
 57   318.797 54206.36410409 26.49  19.180759   1.581235  8.123
 58   319.699 54241.36412883 45.35  19.191498   1.622348 40.592
 58   319.609 54241.36412947 44.75  19.190768   1.619048 40.592
 58   319.692 54241.36413012 46.48  19.190048   1.615738 40.592
 58   319.670 54241.36413076 47.79  19.189318   1.612428 40.592
 58   319.614 54241.36413141 48.67  19.188588   1.609128 40.592
 58   319.630 54241.36413205 48.02  19.187868   1.605818 40.592
 58   319.585 54241.36413269 47.72  19.187138   1.602518 40.592
 58   319.622 54241.36413334 49.44  19.186408   1.599208 40.592
 59   319.484 54276.36414393 37.32  19.191513   1.623797 34.548
 59   319.365 54276.36414458 34.14  19.190783   1.620497 34.548
 59   319.371 54276.36414522 33.93  19.190053   1.617187 34.548
 59   319.527 54276.36414587 38.21  19.189333   1.613887 34.548
 59   319.542 54276.36414651 42.32  19.188603   1.610577 34.548
 59   319.580 54276.36414716 45.50  19.187873   1.607277 34.548
 59   319.558 54276.36414780 46.56  19.187153   1.603967 34.548
 59   319.531 54276.36414845 47.03  19.186423   1.600657 34.548
 59   319.469 54276.36414909 44.98  19.185693   1.597357 34.548
 61   319.215 54346.36411834 36.11  19.192312   1.625102 26.476
 61   319.155 54346.36411899 30.16  19.191592   1.621792 26.476
 61   319.045 54346.36411963 25.99  19.190862   1.618492 26.476
 61   318.919 54346.36412027 25.02  19.190132   1.615182 26.476
 61   318.765 54346.36412092 21.51  19.189412   1.611882 26.476
 61   319.115 54346.36412156 17.34  19.188682   1.608572 26.476
 61   319.135 54346.36412221 21.77  19.187952   1.605272 26.476
 61   319.155 54346.36412285 23.81  19.187232   1.601962 26.476
 61   319.105 54346.36412350 21.73  19.186502   1.598652 26.476
 62   319.606 54381.36408197 49.94  19.191484   1.622795 45.684
 62   319.624 54381.36408261 52.67  19.190754   1.619485 45.684
 62   319.598 54381.36408326 51.28  19.190034   1.616185 45.684
 62   319.563 54381.36408390 49.41  19.189304   1.612875 45.684
 62   319.578 54381.36408455 49.44  19.188574   1.609575 45.684
 62   319.581 54381.36408519 49.51  19.187854   1.606265 45.684
 62   319.577 54381.36408584 47.76  19.187124   1.602955 45.684
 62   319.522 54381.36408648 46.22  19.186394   1.599655 45.684
 62   319.479 54381.36408712 43.53  19.185674   1.596345 45.684
 63   320.487 54416.36406860 51.77  19.190104   1.620023 49.976
 63   320.471 54416.36406925 53.01  19.189384   1.616723 49.976
 63   320.452 54416.36406989 50.45  19.188654   1.613413 49.976
 63   320.428 54416.36407054 51.35  19.187924   1.610113 49.976
 63   320.417 54416.36407118 51.37  19.187204   1.606803 49.976
 63   320.395 54416.36407182 52.07  19.186474   1.603493 49.976
 63   320.384 54416.36407247 53.48  19.185744   1.600193 49.976
 63   320.352 54416.36407311 52.65  19.185024   1.596883 49.976
 64   320.850 54451.36405093 52.86  19.190628   1.621224 45.962
 64   320.846 54451.36405158 51.18  19.189908   1.617924 45.962
 64   320.842 54451.36405222 50.87  19.189178   1.614614 45.962
 64   320.833 54451.36405286 50.44  19.188448   1.611314 45.962
 64   320.825 54451.36405351 50.11  19.187728   1.608004 45.962
 64   320.821 54451.36405415 50.87  19.186998   1.604704 45.962
 64   320.817 54451.36405480 50.94  19.186268   1.601394 45.962
 64   320.811 54451.36405544 52.27  19.185538   1.598084 45.962
 65   320.070 54486.36406392 45.15  19.193164   1.625318 35.562
 65   320.015 54486.36406457 45.45  19.192434   1.622018 35.562
 65   319.772 54486.36406521 36.45  19.191704   1.618708 35.562
 65   319.618 54486.36406586 29.96  19.190984   1.615408 35.562
 65   319.549 54486.36406650 26.89  19.190254   1.612098 35.562
 65   319.625 54486.36406715 26.02  19.189524   1.608798 35.562
 65   319.894 54486.36406779 30.16  19.188804   1.605488 35.562
 65   319.944 54486.36406844 38.96  19.188074   1.602188 35.562
 65   320.003 54486.36406908 40.52  19.187344   1.598878 35.562
 66   319.384 54521.36406360 29.52  19.192691   1.624682  9.729
 66   319.279 54521.36406425 25.02  19.191964   1.621369 16.504
 66   319.161 54521.36406489 22.46  19.191234   1.618069 16.504
 66   319.057 54521.36406553 21.36  19.190504   1.614759 16.504
 66   318.780 54521.36406618 21.10  19.189774   1.611459 16.504
 66   318.621 54521.36406682 22.47  19.189054   1.608149 16.504
 66   318.471 54521.36406747 22.64  19.188324   1.604839 16.504
 66   318.851 54521.36406811 21.96  19.187594   1.601539 16.504
 66   318.988 54521.36406876 23.63  19.186874   1.598229 16.504
 67   319.465 54556.36407479 52.15  19.190706   1.622324 44.363
 67   319.423 54556.36407544 53.57  19.189976   1.619014 44.363
 67   319.501 54556.36407608 52.76  19.189256   1.615714 44.363
 67   319.531 54556.36407673 50.87  19.188526   1.612404 44.363
 67   319.511 54556.36407737 53.22  19.187796   1.609104 44.363
 67   319.478 54556.36407802 51.30  19.187076   1.605794 44.363
 67   319.465 54556.36407866 51.86  19.186346   1.602484 44.363
 67   319.417 54556.36407931 50.24  19.185616   1.599184 44.363
 67   319.389 54556.36407995 49.62  19.184896   1.595874 44.363
 69   319.017 54626.36407636 53.16  19.190341   1.621229 40.839
 69   319.120 54626.36407700 52.46  19.189611   1.617919 40.839
 69   319.100 54626.36407765 50.61  19.188881   1.614619 40.839
 69   319.046 54626.36407829 51.60  19.188161   1.611309 40.839
 69   318.979 54626.36407894 50.69  19.187431   1.608009 40.839
 69   318.915 54626.36407958 52.96  19.186701   1.604699 40.839
 69   318.863 54626.36408023 50.68  19.185981   1.601389 40.839
 69   318.936 54626.36408087 50.09  19.185251   1.598089 40.839
 70   318.328 54661.36408435 52.70  19.188243   1.619848 45.689
 70   318.330 54661.36408500 51.82  19.187513   1.616538 45.689
 70   318.341 54661.36408564 49.47  19.186793   1.613238 45.689
 70   318.354 54661.36408629 50.33  19.186063   1.609928 45.689
 70   318.331 54661.36408693 51.20  19.185333   1.606628 45.689
 70   318.269 54661.36408758 50.27  19.184613   1.603318 45.689
 70   318.220 54661.36408822 51.11  19.183883   1.600008 45.689
 70   318.203 54661.36408887 51.65  19.183153   1.596708 45.689
 70   318.201 54661.36408951 52.13  19.182433   1.593398 45.689
 70   318.197 54661.36409015 50.98  19.181703   1.590098 45.689
 70   318.217 54661.36409080 51.14  19.180973   1.586788 45.689
 70   318.215 54661.36409144 49.95  19.180253   1.583488 45.689
 70   318.111 54661.36409209 49.39  19.179518   1.580174  8.374
 71   318.989 54696.36405993 49.02  19.192593   1.624972 47.798
 71   319.063 54696.36406058 54.25  19.191873   1.621662 47.798
 71   319.069 54696.36406122 52.68  19.191143   1.618362 47.798
 71   319.029 54696.36406187 53.22  19.190413   1.615052 47.798
 71   319.017 54696.36406251 51.35  19.189693   1.611752 47.798
 71   319.027 54696.36406316 52.53  19.188963   1.608442 47.798
 71   318.975 54696.36406380 51.48  19.188233   1.605142 47.798
 71   318.948 54696.36406445 52.41  19.187513   1.601832 47.798
 71   318.917 54696.36406509 52.72  19.186783   1.598532 47.798
 72   318.921 54731.36403986 31.59  19.191027   1.622241 20.360
 72   318.884 54731.36404051 28.15  19.190297   1.618931 20.360
 72   318.637 54731.36404115 26.02  19.189567   1.615631 20.360
 72   318.403 54731.36404179 19.23  19.188837   1.612321 20.360
 72   318.481 54731.36404244 16.07  19.188117   1.609021 20.360
 72   318.784 54731.36404308 13.35  19.187387   1.605711 20.360
 72   318.661 54731.36404373 14.54  19.186657   1.602401 20.360
 72   318.779 54731.36404437 13.52  19.185937   1.599101 20.360
 73   319.880 54766.36403984 49.24  19.191183   1.623008 43.727
 73   319.851 54766.36404048 49.39  19.190453   1.619698 43.727
 73   319.784 54766.36404113 51.43  19.189733   1.616398 43.727
 73   319.785 54766.36404177 51.18  19.189003   1.613088 43.727
 73   319.762 54766.36404241 50.62  19.188273   1.609788 43.727
 73   319.721 54766.36404306 51.21  19.187553   1.606478 43.727
 73   319.725 54766.36404370 51.24  19.186823   1.603168 43.727
 73   319.712 54766.36404435 52.24  19.186093   1.599868 43.727
 73   319.673 54766.36404499 53.42  19.185373   1.596558 43.727
 74   320.910 54801.36403433 50.21  19.189064   1.618448 42.695
 74   320.839 54801.36403498 49.97  19.188334   1.615148 42.695
 74   320.811 54801.36403562 47.94  19.187614   1.611838 42.695
 74   320.814 54801.36403627 49.54  19.186884   1.608528 42.695
 74   320.807 54801.36403691 50.15  19.186154   1.605228 42.695
 74   320.782 54801.36403756 51.01  19.185424   1.601918 42.695
 74   320.749 54801.36403820 50.68  19.184704   1.598618 42.695
 74   320.724 54801.36403885 49.45  19.183974   1.595308 42.695
 74   320.717 54801.36403949 47.85  19.183244   1.592008 42.695
 74   320.716 54801.36404014 48.72  19.182516   1.588694 19.121
 74   320.709 54801.36404078 48.64  19.181796   1.585394 19.121
 74   320.688 54801.36404143 47.74  19.181066   1.582084 19.121
 75   319.681 54836.36403195 51.18  19.190388   1.620317 48.231
 75   319.680 54836.36403260 53.17  19.189668   1.617017 48.231
 75   319.652 54836.36403324 52.97  19.188938   1.613707 48.231
 75   319.617 54836.36403389 50.14  19.188208   1.610407 48.231
 75   319.619 54836.36403453 50.54  19.187488   1.607097 48.231
 75   319.603 54836.36403518 50.97  19.186758   1.603787 48.231
 75   319.577 54836.36403582 52.69  19.186028   1.600487 48.231
 75   319.477 54836.36403647 53.88  19.185308   1.597177 48.231
 76   319.606 54871.36403243 32.31  19.190548   1.620900 20.755
 76   319.504 54871.36403307 28.76  19.189828   1.617590 20.755
 76   319.175 54871.36403372 25.68  19.189098   1.614290 20.755
 76   319.302 54871.36403436 20.82  19.188368   1.610980 20.755
 76   319.339 54871.36403501 20.52  19.187638   1.607670 20.755
 76   319.498 54871.36403565 22.44  19.186918   1.604370 20.755
 76   319.343 54871.36403630 25.68  19.186188   1.601060 20.755
 76   319.342 54871.36403694 27.24  19.185458   1.597760 20.755
 77   319.205 54906.36404073 21.82  19.187805   1.617884 10.094
 77   319.013 54906.36404137 15.87  19.187075   1.614574 10.094
 77   318.923 54906.36404202 12.86  19.186345   1.611274 10.094
 77   318.890 54906.36404266 13.33  19.185625   1.607964 10.094
 77   318.981 54906.36404331 12.32  19.184895   1.604654 10.094
 77   318.892 54906.36404395 13.01  19.184175   1.601354 10.094
 77   318.731 54906.36404460 13.37  19.183445   1.598044 10.094
 77   318.756 54906.36404524 14.15  19.182715   1.594744 10.094
 77   318.779 54906.36404589 15.30  19.181995   1.591434 10.094
 77   318.986 54906.36404653 17.46  19.181265   1.588124 10.094
 77   319.065 54906.36404718 26.85  19.180536   1.584829  6.544
 77   319.105 54906.36404782 22.90  19.179816   1.581519  6.544
 78   319.442 54941.36402383 47.48  19.190077   1.621496 40.988
 78   319.449 54941.36402448 52.12  19.189347   1.618196 40.988
 78   319.446 54941.36402512 51.54  19.188627   1.614886 40.988
 78   319.376 54941.36402577 51.29  19.187897   1.611586 40.988
 78   319.371 54941.36402641 49.26  19.187167   1.608276 40.988
 78   319.337 54941.36402706 51.86  19.186437   1.604966 40.988
 78   319.313 54941.36402770 51.07  19.185717   1.601666 40.988
 78   319.319 54941.36402835 51.52  19.184987   1.598356 40.988
 79   319.882 54976.36405306 51.02  19.189426   1.620211 47.323
 79   319.863 54976.36405370 52.88  19.188696   1.616901 47.323
 79   319.858 54976.36405435 53.11  19.187966   1.613601 47.323
 79   319.837 54976.36405499 50.56  19.187246   1.610291 47.323
 79   319.806 54976.36405564 51.83  19.186516   1.606991 47.323
 79   319.780 54976.36405628 51.85  19.185786   1.603681 47.323
 79   319.761 54976.36405693 51.17  19.185066   1.600371 47.323
 79   319.750 54976.36405757 50.99  19.184336   1.597071 47.323
 79   319.728 54976.36405822 52.51  19.183606   1.593761 47.323
 79   319.713 54976.36405886 52.00  19.182886   1.590461 47.323
 79   319.701 54976.36405951 50.29  19.182151   1.587149 14.397
 79   319.696 54976.36406015 52.06  19.181431   1.583849 14.397
 79   319.668 54976.36406080 48.10  19.180701   1.580539 14.397
 80   318.845 55011.36406271 41.73  19.189812   1.621131 40.997
 80   318.839 55011.36406335 40.25  19.189092   1.617831 40.997
 80   318.858 55011.36406400 43.19  19.188362   1.614521 40.997
 80   318.825 55011.36406464 44.98  19.187632   1.611221 40.997
 80   318.780 55011.36406529 46.12  19.186912   1.607911 40.997
 80   318.784 55011.36406593 47.70  19.186182   1.604601 40.997
 80   318.742 55011.36406657 49.14  19.185452   1.601301 40.997
 80   318.705 55011.36406722 48.76  19.184732   1.597991 40.997
 80   318.686 55011.36406786 49.21  19.184002   1.594691 40.997
 80   318.686 55011.36406851 47.42  19.183272   1.591381 40.997
 80   318.698 55011.36406915 48.41  19.182552   1.588081 40.997
 80   318.658 55011.36406980 45.37  19.181819   1.584768 10.653
 80   318.662 55011.36407044 48.58  19.181099   1.581468 10.653
 81   318.381 55046.36405325 31.62  19.191680   1.623566 15.930
 81   318.315 55046.36405389 26.99  19.190950   1.620256 15.930
 81   318.213 55046.36405453 23.86  19.190230   1.616956 15.930
 81   317.873 55046.36405518 21.94  19.189500   1.613646 15.930
 81   317.417 55046.36405582 25.66  19.188770   1.610346 15.930
 81   317.570 55046.36405647 27.95  19.188050   1.607036 15.930
 81   318.144 55046.36405711 27.88  19.187320   1.603726 15.930
 81   318.097 55046.36405776 30.08  19.186590   1.600426 15.930
 81   318.067 55046.36405840 29.18  19.185870   1.597116 15.930
 82   318.611 55081.36402706 31.65  19.190989   1.621523 23.776
 82   318.468 55081.36402771 28.81  19.190259   1.618223 23.776
 82   318.296 55081.36402835 23.63  19.189529   1.614913 23.776
 82   318.117 55081.36402900 18.34  19.188809   1.611613 23.776
 82   318.062 55081.36402964 16.46  19.188079   1.608303 23.776
 82   318.377 55081.36403029 15.31  19.187349   1.605003 23.776
 82   318.335 55081.36403093 15.18  19.186629   1.601693 23.776
 82   318.508 55081.36403158 16.37  19.185899   1.598393 23.776
 83   319.461 55116.36398577 47.01  19.191920   1.624349 40.927
 83   319.467 55116.36398641 47.84  19.191200   1.621049 40.927
 83   319.432 55116.36398706 47.20  19.190470   1.617739 40.927
 83   319.408 55116.36398770 47.06  19.189740   1.614439 40.927
 83   319.407 55116.36398835 47.86  19.189020   1.611129 40.927
 83   319.387 55116.36398899 46.57  19.188290   1.607829 40.927
 83   319.358 55116.36398964 46.18  19.187560   1.604519 40.927
 83   319.330 55116.36399028 42.87  19.186830   1.601209 40.927
 83   319.153 55116.36399093 35.69  19.186110   1.597909 40.927
 84   320.059 55151.36398537 51.86  19.188859   1.617848 49.843
 84   320.048 55151.36398601 52.03  19.188129   1.614538 49.843
 84   320.043 55151.36398666 51.90  19.187399   1.611238 49.843
 84   320.014 55151.36398730 51.36  19.186679   1.607928 49.843
 84   320.004 55151.36398795 53.28  19.185949   1.604628 49.843
 84   319.982 55151.36398859 53.65  19.185219   1.601318 49.843
 84   319.952 55151.36398924 52.87  19.184499   1.598008 49.843
 84   319.926 55151.36398988 53.49  19.183769   1.594708 49.843
 84   319.911 55151.36399053 50.05  19.183039   1.591398 49.843
 84   319.904 55151.36399117 51.21  19.182319   1.588098 49.843
 84   319.880 55151.36399182 48.19  19.181586   1.584794 14.413
 84   319.874 55151.36399246 50.09  19.180866   1.581484 14.413
 85   320.537 55186.36397209 49.16  19.189711   1.619829 42.002
 85   320.526 55186.36397273 49.52  19.188981   1.616529 42.002
 85   320.523 55186.36397338 48.75  19.188261   1.613219 42.002
 85   320.507 55186.36397402 47.61  19.187531   1.609919 42.002
 85   320.498 55186.36397467 48.51  19.186801   1.606609 42.002
 85   320.491 55186.36397531 49.35  19.186071   1.603299 42.002
 85   320.478 55186.36397595 51.61  19.185351   1.599999 42.002
 85   320.466 55186.36397660 51.55  19.184621   1.596689 42.002
 86   320.185 55221.36398360 48.92  19.189456   1.619825 44.751
 86   320.172 55221.36398424 53.12  19.188726   1.616515 44.751
 86   320.161 55221.36398489 50.40  19.187996   1.613215 44.751
 86   320.141 55221.36398553 51.10  19.187276   1.609905 44.751
 86   320.128 55221.36398618 50.93  19.186546   1.606595 44.751
 86   320.111 55221.36398682 51.92  19.185816   1.603295 44.751
 86   320.089 55221.36398747 52.60  19.185096   1.599985 44.751
 86   320.077 55221.36398811 51.84  19.184366   1.596685 44.751
 86   320.057 55221.36398876 51.88  19.183636   1.593375 44.751
 86   320.042 55221.36398940 49.93  19.182916   1.590075 44.751
 86   320.028 55221.36399005 49.04  19.182184   1.586763 14.044
 86   320.014 55221.36399069 50.18  19.181464   1.583463 14.044
 86   319.999 55221.36399134 47.42  19.180734   1.580153 14.044
 87   319.755 55256.36396737 47.28  19.192331   1.624865 41.405
 87   319.643 55256.36396801 51.41  19.191601   1.621555 41.405
 87   319.692 55256.36396866 53.52  19.190871   1.618255 41.405
 87   319.704 55256.36396930 51.46  19.190151   1.614945 41.405
 87   319.647 55256.36396995 49.40  19.189421   1.611645 41.405
 87   319.587 55256.36397059 50.65  19.188691   1.608335 41.405
 87   319.530 55256.36397124 52.43  19.187961   1.605025 41.405
 87   319.493 55256.36397188 52.19  19.187241   1.601725 41.405
 87   319.560 55256.36397253 52.67  19.186511   1.598415 41.405
 88   320.258 55291.36397148 48.53  19.189610   1.619525 46.019
 88   320.241 55291.36397213 51.49  19.188880   1.616215 46.019
 88   320.200 55291.36397277 51.50  19.188160   1.612915 46.019
 88   320.166 55291.36397342 50.53  19.187430   1.609605 46.019
 88   320.125 55291.36397406 52.06  19.186700   1.606305 46.019
 88   320.086 55291.36397471 51.22  19.185980   1.602995 46.019
 88   320.055 55291.36397535 52.74  19.185250   1.599685 46.019
 88   320.022 55291.36397599 52.97  19.184530   1.596385 46.019
 89   320.263 55326.36395332 34.28  19.187922   1.617925 21.942
 89   319.889 55326.36395396 24.37  19.187192   1.614615 21.942
 89   319.740 55326.36395460 21.63  19.186462   1.611315 21.942
 89   319.799 55326.36395525 21.83  19.185742   1.608005 21.942
 89   319.730 55326.36395589 23.63  19.185012   1.604705 21.942
 89   319.770 55326.36395654 24.00  19.184282   1.601395 21.942
 89   319.931 55326.36395718 25.86  19.183562   1.598085 21.942
 89   320.055 55326.36395783 29.41  19.182832   1.594785 21.942
 89   320.128 55326.36395847 36.82  19.182102   1.591475 21.942
 89   320.154 55326.36395912 42.44  19.181382   1.588175 21.942
 89   320.122 55326.36395976 43.77  19.180648   1.584863 15.304
 89   320.023 55326.36396041 46.64  19.179928   1.581563 15.304
 90   319.645 55361.36395025 53.21  19.189456   1.618619 48.258
 90   319.636 55361.36395090 52.40  19.188726   1.615309 48.258
 90   319.636 55361.36395154 52.67  19.187996   1.612009 48.258
 90   319.571 55361.36395219 50.53  19.187276   1.608699 48.258
 90   319.615 55361.36395283 50.84  19.186546   1.605399 48.258
 90   319.599 55361.36395348 52.38  19.185816   1.602089 48.258
 90   319.523 55361.36395412 50.57  19.185096   1.598779 48.258
 91   319.328 55396.36395586 49.38  19.190346   1.621193 46.101
 91   319.317 55396.36395650 51.63  19.189616   1.617883 46.101
 91   319.214 55396.36395715 51.81  19.188886   1.614583 46.101
 91   319.208 55396.36395779 49.98  19.188166   1.611273 46.101
 91   319.230 55396.36395843 49.69  19.187436   1.607963 46.101
 91   319.202 55396.36395908 51.02  19.186706   1.604663 46.101
 91   319.192 55396.36395972 51.97  19.185976   1.601353 46.101
 91   319.149 55396.36396037 53.92  19.185256   1.598053 46.101
 92   319.317 55431.36396314 23.99  19.193773   1.627822  7.070
 92   319.331 55431.36396378 22.72  19.193053   1.624512  7.070
 92   319.138 55431.36396442 20.74  19.192323   1.621212  7.070
 92   318.912 55431.36396507 17.70  19.191593   1.617902  7.070
 92   318.945 55431.36396571 13.39  19.190873   1.614602  7.070
 92   318.984 55431.36396636 11.83  19.190143   1.611292  7.070
 92   318.959 55431.36396700 11.61  19.189413   1.607992  7.070
 92   319.077 55431.36396765 12.02  19.188693   1.604682  7.070
 92   318.974 55431.36396829 11.81  19.187963   1.601372  7.070
 92   318.963 55431.36396894 11.80  19.187233   1.598072  7.070
 93   319.524 55466.36392457 50.58  19.192837   1.624972 47.853
 93   319.509 55466.36392522 51.38  19.192117   1.621662 47.853
 93   319.482 55466.36392586 52.11  19.191387   1.618362 47.853
 93   319.452 55466.36392651 52.43  19.190657   1.615052 47.853
 93   319.439 55466.36392715 51.50  19.189937   1.611752 47.853
 93   319.414 55466.36392780 51.68  19.189207   1.608442 47.853
 93   319.388 55466.36392844 52.01  19.188477   1.605142 47.853
 93   319.366 55466.36392909 51.16  19.187757   1.601832 47.853
 93   319.352 55466.36392973 54.16  19.187027   1.598532 47.853
