-252192.669    25.734     0.00    4.28
-251816.478    25.171    -1.50    4.89
-251440.288    26.151     2.60    6.07
-251064.099    28.183     5.40    6.79
-250687.911    30.218     5.41    6.19
-250311.725    31.009     2.10    5.57
-249935.539    33.157     5.71    4.17
-249559.354    33.085    -0.19    4.12
-249183.170    32.747    -0.90    4.21
-248806.987    31.955    -2.11    4.04
-248430.806    31.568    -1.03    4.74
-248054.625    30.144    -3.78    5.43
-247678.445    28.928    -3.23    5.36
-247302.266    27.495    -3.81    4.95
-246926.088    26.519    -2.60    4.31
-246549.911    27.542     2.72    4.26
-246173.736    28.747     3.20    4.81
-245797.561    29.787     2.76    4.53
-245421.387    30.009     0.59    4.19
-245045.214    29.631    -1.01    4.03
-244669.042    28.664    -2.57    4.04
-244292.871    28.626    -0.10    3.82
-243916.701    28.955     0.87    3.57
-243540.532    29.243     0.77    2.67
-243164.364    29.059    -0.49    2.21
-242788.197    27.796    -3.36    1.98
-242412.031    27.063    -1.95    1.74
-242035.866    26.801    -0.70    1.71
-241659.702    26.480    -0.85    2.01
-241283.539    26.955     1.26    2.31
-240907.377    26.766    -0.50    2.37
-240531.216    27.179     1.10    2.22
-240155.055    27.952     2.06    1.97
-239778.896    28.106     0.41    1.67
-239402.738    28.729     1.66    1.74
-239026.581    29.322     1.58    2.13
-238650.424    29.982     1.75    2.53
-238274.269    30.512     1.41    2.36
-237898.114    30.132    -1.01    2.16
-237521.961    29.063    -2.84    2.51
-237145.808    28.670    -1.04    2.18
-236769.656    28.506    -0.44    2.35
-236393.506    28.747     0.64    2.15
-236017.356    29.333     1.56    2.06
-235641.207    29.201    -0.35    1.74
-235265.059    29.491     0.77    1.63
-234888.912    29.512     0.06    1.36
-234512.766    28.955    -1.48    1.67
-234136.621    28.171    -2.08    1.64
-233760.477    27.766    -1.08    1.72
-233384.334    27.516    -0.66    1.57
-233008.192    27.558     0.11    1.39
-232632.050    27.157    -1.07    1.60
-232255.910    27.006    -0.40    1.47
-231879.770    27.429     1.12    1.54
-231503.632    27.824     1.05    1.44
-231127.494    28.157     0.89    1.23
-230751.358    28.085    -0.19    1.41
-230375.222    27.766    -0.85    1.40
-229999.087    27.465    -0.80    1.65
-229622.953    27.117    -0.92    1.51
-229246.820    27.029    -0.23    1.61
-228870.688    26.901    -0.34    1.84
-228494.556    26.158    -1.98    2.01
-228118.426    24.901    -3.34    2.01
-227742.297    24.090    -2.16    1.91
-227366.168    23.414    -1.80    1.84
-226990.041    23.333    -0.22    1.88
-226613.914    23.290    -0.12    1.84
-226237.788    22.951    -0.90    1.63
-225861.663    22.644    -0.81    1.45
-225485.539    22.955     0.83    1.51
-225109.416    23.003     0.13    1.45
-224733.294    22.901    -0.27    1.56
-224357.173    22.593    -0.82    1.49
-223981.052    23.468     2.33    2.67
-223604.933    24.952     3.94    3.87
-223228.814    26.984     5.40    4.51
-222852.696    29.029     5.44    4.26
-222476.579    30.644     4.29    4.11
-222100.463    31.276     1.68    3.40
-221724.348    29.117    -5.74    5.59
-221348.234    24.766   -11.57    8.17
-220972.120    20.252   -12.00    9.04
-220596.008    13.928   -16.82    5.69
-220219.896    10.956    -7.90    2.52
-219843.785     9.798    -3.08    1.45
-219467.676     9.285    -1.36    1.23
-219091.567     9.059    -0.60    1.08
-218715.458     9.111     0.14    1.09
-218339.351     9.209     0.26    1.00
-217963.245     9.132    -0.20    1.06
-217587.139     9.009    -0.33    0.99
-217211.034     9.055     0.12    1.01
-216834.931     9.279     0.60    1.26
-216458.828     9.269    -0.03    1.26
-216082.725    10.848     4.20    4.64
-215706.624    14.057     8.53    7.56
-215330.524    17.414     8.92    9.10
-214954.424    19.269     4.93    9.73
-214578.325    21.151     5.00   10.08
-214202.227    23.875     7.24   10.61
-213826.130    24.873     2.65   10.49
-213450.034    25.978     2.94    9.95
-213073.939    25.243    -1.95    9.28
-212697.844    22.658    -6.87    9.49
-212321.751    21.875    -2.08    8.63
-211945.658    20.773    -2.93    8.64
-211569.566    21.644     2.32    8.38
-211193.475    25.262     9.62    7.60
-210817.384    28.532     8.70    6.36
-210441.295    30.577     5.44    4.18
-210065.206    30.522    -0.14    4.29
-209689.118    31.631     2.95    3.31
-209313.031    31.724     0.25    2.55
-208936.945    31.901     0.47    2.31
-208560.859    31.773    -0.34    2.03
-208184.775    32.540     2.04    2.09
-207808.691    33.106     1.51    1.82
-207432.608    33.762     1.74    2.11
-207056.526    34.348     1.56    2.14
-206680.445    32.568    -4.73    6.19
-206304.364    32.453    -0.30    6.99
-205928.284    31.063    -3.70    8.72
-205552.206    29.029    -5.41    9.72
-205176.127    24.926   -10.91   10.79
-204800.050    20.333   -12.21   10.03
-204423.974    18.491    -4.90    8.80
-204047.898    15.982    -6.67    8.49
-203671.823    13.874    -5.61    7.16
-203295.749    13.009    -2.30    6.03
-202919.676    12.101    -2.41    5.23
-202543.603    11.337    -2.03    4.31
-202167.532    10.451    -2.36    1.45
-201791.461     9.984    -1.24    1.13
-201415.391     9.619    -0.97    1.10
-201039.321     9.375    -0.65    1.06
-200663.253     9.111    -0.70    0.96
-200287.185     9.183     0.19    1.17
-199911.118     9.690     1.35    1.82
-199535.052     9.873     0.49    1.90
-199158.986     9.927     0.14    1.85
-198782.922     9.773    -0.41    1.92
-198406.858     9.072    -1.86    1.22
-198030.795     9.362     0.77    3.06
-197654.732    11.611     5.98    7.33
-197278.671    13.225     4.29    9.14
-196902.610    14.117     2.37    9.78
-196526.550    15.712     4.24   10.36
-196150.491    14.157    -4.13    8.48
-195774.432    14.491     0.89    7.50
-195398.374    15.117     1.67    7.18
-195022.317    13.798    -3.51    5.66
-194646.261    14.111     0.83    5.93
-194270.206    16.638     6.72    7.88
-193894.151    19.739     8.25    9.44
-193518.097    23.726    10.60    8.41
-193142.044    27.217     9.28    6.46
-192765.937    28.318     2.93    7.16
-192389.744    29.690     3.65    7.20
-192013.552    31.929     5.95    5.50
-191637.360    32.003     0.20    5.37
-191261.169    32.234     0.61    4.43
-190884.979    32.872     1.70    3.44
-190508.790    32.198    -1.79    2.21
-190132.601    31.495    -1.87    2.83
-189756.413    30.495    -2.66    3.35
-189380.226    30.126    -0.98    3.27
-189004.040    29.495    -1.68    2.64
-188627.854    28.875    -1.65    3.64
-188251.669    28.217    -1.75    3.79
-187875.485    28.773     1.48    3.64
-187499.301    29.117     0.92    3.53
-187123.118    30.260     3.04    2.64
-186746.936    30.585     0.86    2.30
-186370.755    29.512    -2.85    3.14
-185994.574    29.090    -1.12    3.80
-185618.395    27.818    -3.38    4.07
-185242.215    27.453    -0.97    3.55
-184866.037    27.773     0.85    3.12
-184489.859    28.151     1.01    3.51
-184113.682    28.559     1.08    3.63
-183737.506    29.441     2.35    2.04
-183361.330    29.484     0.11    1.93
-182985.155    29.516     0.09    1.93
-182608.981    29.225    -0.77    2.60
-182232.807    29.260     0.09    2.73
-181856.635    28.798    -1.23    2.94
-181480.463    27.743    -2.81    2.59
-181104.291    27.506    -0.63    2.44
-180728.120    27.542     0.10    2.07
-180351.950    27.747     0.55    1.80
-179975.781    27.595    -0.40    1.89
-179599.612    26.793    -2.13    3.04
-179223.445    26.090    -1.87    3.06
-178847.277    25.739    -0.93    3.16
-178471.111    25.822     0.22    3.50
-178094.945    26.587     2.03    3.31
-177718.780    27.351     2.03    3.01
-177342.615    27.611     0.69    2.44
-176966.451    27.512    -0.26    2.19
-176590.288    27.414    -0.26    2.53
-176214.126    27.875     1.23    1.92
-175837.964    27.585    -0.77    3.64
-175461.803    22.401   -13.78    8.77
-175085.642    17.414   -13.26    9.71
-174709.482    12.036   -14.30    7.39
-174333.323     8.953    -8.19    1.86
-173957.165     8.451    -1.34    2.11
-173581.007     7.901    -1.46    2.13
-173204.850     8.982     2.87    5.12
-172828.694    14.577    14.87   10.25
-172452.538    20.009    14.44   10.11
-172076.383    25.739    15.23    6.96
-171700.228    27.706     5.23    4.21
-171324.074    28.388     1.81    4.12
-170947.921    29.217     2.20    2.91
-170571.769    28.658    -1.49    3.54
-170195.617    27.183    -3.92    4.73
-169819.465    25.585    -4.25    5.38
-169443.315    26.080     1.32    6.22
-169067.165    27.306     3.26    5.85
-168691.016    29.080     4.72    5.15
-168314.867    29.984     2.40    2.97
-167938.719    28.848    -3.02    3.36
-167562.572    28.664    -0.49    2.76
-167186.425    28.620    -0.12    2.34
-166810.279    28.978     0.95    2.21
-166434.133    29.333     0.95    1.97
-166057.988    28.901    -1.15    3.15
-165681.844    28.171    -1.94    3.43
-165305.701    27.845    -0.87    3.48
-164929.558    27.611    -0.62    4.19
-164553.415    28.157     1.45    3.54
-164177.274    29.090     2.48    1.79
-163801.133    28.773    -0.84    2.05
-163424.992    28.414    -0.95    1.97
-163048.852    28.414     0.00    2.15
-162672.713    28.522     0.29    2.34
-162296.574    28.824     0.80    2.25
-161920.436    27.982    -2.24    3.39
-161544.299    27.874    -0.29    3.52
-161168.162    27.414    -1.22    3.48
-160792.026    27.057    -0.95    3.44
-160415.890    27.029    -0.07    2.81
-160039.755    26.670    -0.95    2.66
-159663.621    26.290    -1.01    2.63
-159287.487    27.111     2.18    2.41
-158911.354    28.068     2.54    2.35
-158535.222    28.611     1.45    1.87
-158159.090    28.798     0.50    2.39
-157782.958    28.144    -1.74    3.62
-157406.827    27.690    -1.21    3.76
-157030.697    27.006    -1.82    3.79
-156654.568    26.875    -0.35    3.48
-156278.439    26.550    -0.87    2.83
-155902.310    26.414    -0.36    2.96
-155526.182    26.190    -0.59    3.15
-155150.055    25.522    -1.78    2.91
-154773.928    25.171    -0.93    2.70
-154397.802    24.623    -1.46    2.49
-154021.677    24.516    -0.28    3.75
-153645.552    24.439    -0.20    6.02
-153269.427    22.901    -4.09    6.98
-152893.304    22.670    -0.61    7.23
-152517.180    24.234     4.16    6.49
-152141.058    24.984     1.99    5.40
-151764.936    26.132     3.05    4.06
-151388.814    26.164     0.09    4.18
-151012.693    24.611    -4.13    4.30
-150636.573    23.953    -1.75    3.56
-150260.453    23.526    -1.14    3.14
-149884.334    23.956     1.14    2.06
-149508.215    24.126     0.45    2.13
-149132.097    24.260     0.36    1.93
-148755.979    23.790    -1.25    1.79
-148379.862    23.577    -0.57    1.84
-148003.745    23.171    -1.08    1.90
-147627.629    23.217     0.12    1.99
-147251.514    23.276     0.16    2.06
-146875.399    23.009    -0.71    1.87
-146499.285    23.251     0.64    2.13
-146123.171    23.453     0.54    2.16
-145747.058    22.796    -1.75    2.58
-145370.945    21.796    -2.66    3.23
-144994.833    19.927    -4.97    4.61
-144618.721    18.875    -2.80    3.58
-144242.610    18.790    -0.23    3.55
-143866.500    18.670    -0.32    2.34
-143490.390    18.234    -1.16    2.12
-143114.280    18.526     0.78    1.98
-142738.171    18.362    -0.43    2.08
-142362.063    18.758     1.05    1.99
-141985.955    18.982     0.60    2.50
-141609.847    20.387     3.74    3.28
-141233.740    22.506     5.63    4.00
-140857.634    23.388     2.34    3.73
-140481.528    23.401     0.03    3.24
-140105.423    22.721    -1.81    2.79
-139729.318    21.516    -3.20    2.34
-139353.214    20.585    -2.48    2.24
-138977.110    19.982    -1.60    2.01
-138601.007    19.401    -1.55    1.75
-138224.904    19.798     1.06    2.11
-137848.801    20.484     1.82    2.51
-137472.700    19.875    -1.62    2.55
-137096.598    19.345    -1.41    2.95
-136720.498    18.190    -3.07    2.62
-136344.397    18.260     0.18    2.77
-135968.298    18.463     0.54    2.95
-135592.198    19.441     2.60    2.71
-135216.099    19.717     0.73    1.84
-134840.001    20.009     0.78    2.05
-134463.903    20.055     0.12    1.74
-134087.806    20.522     1.24    1.59
-133711.709    20.516    -0.02    1.60
-133335.613    20.439    -0.20    1.57
-132959.517    20.559     0.32    1.42
-132583.422    19.955    -1.61    1.35
-132207.327    19.593    -0.96    1.44
-131831.232    19.638     0.12    1.72
-131455.138    19.540    -0.26    1.88
-131079.045    19.387    -0.41    2.01
-130702.952    20.252     2.30    1.69
-130326.859    20.009    -0.65    1.58
-129950.767    20.055     0.12    1.61
-129574.676    19.682    -0.99    1.88
-129198.584    19.491    -0.51    2.10
-128822.494    19.721     0.61    2.08
-128446.404    19.623    -0.26    1.94
-128070.314    20.234     1.62    2.23
-127694.225    20.631     1.05    2.45
-127318.136    21.183     1.47    2.34
-126942.047    21.638     1.21    1.95
-126565.959    21.953     0.84    1.66
-126189.872    22.306     0.94    1.66
-125813.785    21.824    -1.28    1.98
-125437.698    20.801    -2.72    2.39
-125061.612    19.758    -2.77    2.24
-124685.527    18.468    -3.43    2.05
-124309.441    17.712    -2.01    1.96
-123933.357    18.117     1.08    1.93
-123557.272    18.739     1.65    1.91
-123181.188    20.068     3.53    2.16
-122805.105    21.101     2.75    2.33
-122429.022    21.824     1.92    2.36
-122052.939    22.577     2.00    1.45
-121676.857    22.542    -0.09    1.31
-121300.776    22.217    -0.86    1.45
-120924.694    21.927    -0.77    1.67
-120548.613    21.506    -1.12    1.48
-120172.533    21.311    -0.52    1.35
-119796.453    21.484     0.46    1.40
-119420.373    21.927     1.18    1.62
-119044.294    22.285     0.95    1.57
-118668.215    22.272    -0.04    1.63
-118292.137    22.644     0.99    1.55
-117916.059    22.793     0.39    1.63
-117539.919    23.279     1.29    1.64
-117163.757    24.495     3.23    1.99
-116787.595    25.123     1.67    1.96
-116411.434    25.003    -0.32    2.16
-116035.274    24.501    -1.34    2.23
-115659.113    24.198    -0.80    2.43
-115282.953    24.439     0.64    2.59
-114906.794    24.348    -0.24    2.70
-114530.634    24.491     0.38    2.94
-114154.476    24.712     0.59    2.97
-113778.317    24.234    -1.27    3.48
-113402.159    23.095    -3.03    3.42
-113026.002    22.495    -1.59    3.27
-112649.845    21.522    -2.59    3.63
-112273.688    21.844     0.85    3.66
-111897.531    21.952     0.29    3.97
-111521.375    21.747    -0.55    3.77
-111145.220    22.540     2.11    2.96
-110769.065    22.144    -1.05    3.12
-110392.910    21.734    -1.09    2.86
-110016.755    22.217     1.28    2.69
-109640.601    21.676    -1.44    2.76
-109264.447    21.928     0.67    2.72
-108888.294    22.190     0.70    2.87
-108512.141    22.690     1.33    2.94
-108135.989    24.006     3.50    2.04
-107759.836    24.522     1.37    1.91
-107383.684    24.876     0.94    1.91
-107007.533    24.822    -0.14    1.94
-106631.382    24.739    -0.22    2.14
-106255.231    24.577    -0.43    2.07
-105879.081    24.101    -1.26    2.07
-105502.931    24.055    -0.12    2.42
-105126.781    23.568    -1.30    2.51
-104750.632    23.401    -0.44    2.44
-104374.483    22.982    -1.11    2.55
-103998.334    22.333    -1.72    3.15
-103622.186    22.604     0.72    2.56
-103246.038    22.301    -0.80    2.27
-102869.890    21.901    -1.06    2.20
-102493.743    21.611    -0.77    2.78
-102117.596    21.111    -1.33    3.21
-101741.450    20.901    -0.56    3.68
-101365.304    20.306    -1.58    3.91
-100989.158    20.151    -0.41    4.12
-100613.012    20.055    -0.26    4.21
-100236.867    19.206    -2.26    3.93
 -99860.722    19.090    -0.31    3.65
 -99484.578    19.550     1.22    3.55
 -99108.434    18.631    -2.44    2.88
 -98732.290    18.132    -1.33    2.78
 -98356.146    18.818     1.82    3.24
 -97980.003    18.055    -2.03    2.53
 -97603.860    17.401    -1.74    2.30
 -97227.718    16.456    -2.51    2.03
 -96851.576    15.901    -1.48    1.62
 -96475.434    15.696    -0.55    1.47
 -96099.292    15.427    -0.71    1.52
 -95723.151    15.658     0.61    1.40
 -95347.010    15.619    -0.10    1.36
 -94970.870    15.604    -0.04    1.54
 -94594.729    15.516    -0.23    1.66
 -94218.589    15.751     0.62    1.63
 -93842.450    16.272     1.39    1.72
 -93466.310    16.874     1.60    1.89
 -93090.171    17.306     1.15    1.79
 -92714.032    17.468     0.43    1.95
 -92337.894    18.144     1.80    2.02
 -91961.756    18.012    -0.35    1.91
 -91585.618    18.101     0.24    2.02
 -91209.480    18.619     1.38    2.26
 -90833.343    18.793     0.46    2.02
 -90457.206    19.183     1.04    2.13
 -90081.069    18.901    -0.75    2.70
 -89704.933    18.927     0.07    2.59
 -89328.797    18.468    -1.22    2.89
 -88952.661    18.696     0.60    2.31
 -88576.526    18.818     0.32    2.30
 -88200.390    18.875     0.15    2.32
 -87824.255    18.952     0.20    2.25
 -87448.121    18.932    -0.05    2.42
 -87071.986    18.495    -1.16    2.28
 -86695.852    18.036    -1.22    1.93
 -86319.718    17.495    -1.44    2.02
 -85943.585    17.243    -0.67    2.23
 -85567.452    16.685    -1.48    2.04
 -85191.318    16.644    -0.11    2.22
 -84815.186    16.696     0.14    2.28
 -84439.053    16.480    -0.57    2.14
 -84062.921    16.348    -0.35    2.05
 -83686.789    15.773    -1.53    1.82
 -83310.657    15.337    -1.16    1.54
 -82934.526    15.306    -0.08    1.59
 -82558.395    15.491     0.49    1.58
 -82182.264    15.712     0.59    1.56
 -81806.133    15.796     0.22    2.06
 -81430.003    16.769     2.59    2.28
 -81053.872    17.901     3.01    2.38
 -80677.743    18.850     2.52    2.76
 -80301.613    20.243     3.70    2.04
 -79925.483    20.651     1.08    1.89
 -79549.354    21.132     1.28    1.81
 -79173.225    21.234     0.27    1.64
 -78797.097    21.644     1.09    1.63
 -78420.968    21.848     0.54    1.69
 -78044.840    22.063     0.57    1.42
 -77668.712    22.401     0.90    1.39
 -77292.584    22.721     0.85    1.34
 -76916.457    22.721     0.00    1.57
 -76540.329    22.845     0.33    1.58
 -76164.202    22.690    -0.41    1.65
 -75788.076    22.279    -1.09    1.75
 -75411.949    21.847    -1.15    1.45
 -75035.823    21.279    -1.51    1.64
 -74659.696    20.460    -2.18    2.00
 -74283.571    19.593    -2.30    1.84
 -73907.445    18.824    -2.05    1.61
 -73531.319    18.873     0.13    1.59
 -73155.194    19.388     1.37    1.73
 -72779.069    19.484     0.26    1.68
 -72402.944    19.769     0.76    1.47
 -72026.820    20.080     0.83    1.80
 -71650.695    20.375     0.78    2.02
 -71274.571    20.306    -0.18    2.07
 -70898.447    20.611     0.81    1.89
 -70522.323    20.626     0.04    1.91
 -70146.199    20.712     0.23    2.23
 -69770.076    20.953     0.64    2.23
 -69393.953    21.225     0.72    2.20
 -69017.830    21.171    -0.14    2.00
 -68641.707    21.495     0.86    1.59
 -68265.584    21.345    -0.40    1.52
 -67889.462    20.824    -1.39    1.40
 -67513.340    20.676    -0.39    1.31
 -67137.218    19.929    -1.99    1.58
 -66761.096    19.001    -2.47    1.75
 -66384.974    17.664    -3.55    2.33
 -66008.853    15.822    -4.90    2.87
 -65632.732    13.664    -5.74    2.71
 -65256.610    12.664    -2.66    1.84
 -64880.489    12.234    -1.14    1.74
 -64504.369    12.279     0.12    1.77
 -64128.248    12.375     0.25    1.80
 -63752.128    12.187    -0.50    1.89
 -63376.008    12.337     0.40    1.60
 -62999.887    12.106    -0.61    1.58
 -62623.768    12.414     0.82    1.76
 -62247.648    13.252     2.23    1.60
 -61871.528    13.604     0.93    1.81
 -61495.409    14.006     1.07    1.66
 -61119.290    14.465     1.22    1.77
 -60743.171    14.631     0.44    1.77
 -60367.052    14.927     0.79    1.72
 -59990.933    15.190     0.70    1.86
 -59614.814    15.559     0.98    2.10
 -59238.696    15.739     0.48    2.10
 -58862.578    15.696    -0.11    2.12
 -58486.459    16.164     1.25    2.20
 -58110.342    15.706    -1.22    2.66
 -57734.224    16.225     1.38    3.16
 -57358.106    16.373     0.39    3.16
 -56981.988    16.388     0.04    3.25
 -56605.871    17.029     1.70    2.63
 -56229.754    17.158     0.34    2.50
 -55853.637    17.766     1.62    2.12
 -55477.520    17.685    -0.22    1.69
 -55101.403    17.333    -0.93    1.86
 -54725.286    17.696     0.96    2.00
 -54349.169    17.604    -0.25    2.16
 -53973.053    18.260     1.74    2.01
 -53596.937    19.055     2.11    2.07
 -53220.821    19.311     0.68    1.98
 -52844.704    19.252    -0.16    2.11
 -52468.589    18.851    -1.07    2.33
 -52092.473    18.006    -2.25    2.82
 -51716.357    17.401    -1.61    2.73
 -51340.241    17.198    -0.54    2.74
 -50964.126    17.151    -0.13    2.47
 -50588.011    17.360     0.56    2.16
 -50211.895    17.824     1.23    2.12
 -49835.780    18.120     0.79    1.70
 -49459.665    18.769     1.73    1.92
 -49083.550    19.059     0.77    1.97
 -48707.436    18.790    -0.72    1.92
 -48331.321    18.747    -0.11    2.28
 -47955.206    18.955     0.55    2.08
 -47579.092    19.106     0.40    1.92
 -47202.977    19.164     0.15    2.08
 -46826.863    19.362     0.53    2.30
 -46450.749    18.928    -1.16    2.47
 -46074.635    19.059     0.35    2.39
 -45698.521    18.978    -0.22    2.16
 -45322.407    18.734    -0.65    2.01
 -44946.293    19.225     1.31    2.00
 -44570.179    19.441     0.57    2.04
 -44194.066    19.063    -1.01    2.28
 -43817.952    18.522    -1.44    2.48
 -43441.839    18.101    -1.12    2.25
 -43065.725    18.101     0.00    2.64
 -42689.611    18.348     0.66    2.91
 -42313.491    17.901    -1.19    2.79
 -41937.370    17.209    -1.84    2.93
 -41561.249    17.111    -0.26    2.84
 -41185.129    17.032    -0.21    2.34
 -40809.008    17.225     0.51    2.47
 -40432.888    17.542     0.84    2.17
 -40056.768    17.234    -0.82    1.97
 -39680.647    17.401     0.44    2.02
 -39304.527    16.476    -2.46    2.43
 -38928.407    16.758     0.75    2.79
 -38552.287    17.387     1.67    2.93
 -38176.167    17.306    -0.22    3.51
 -37800.047    17.712     1.08    2.66
 -37423.927    16.468    -3.31    3.11
 -37047.807    15.095    -3.65    2.88
 -36671.687    14.003    -2.90    2.59
 -36295.568    13.978    -0.07    2.61
 -35919.448    14.585     1.61    2.68
 -35543.328    15.559     2.59    2.17
 -35167.209    16.285     1.93    1.90
 -34791.089    17.106     2.18    2.44
 -34414.970    17.955     2.26    2.34
 -34038.850    18.439     1.29    2.38
 -33662.731    19.123     1.82    2.40
 -33286.612    19.117    -0.02    2.91
 -32910.492    19.375     0.68    3.05
 -32534.373    20.213     2.23    2.89
 -32158.254    20.157    -0.15    2.44
 -31782.135    19.453    -1.87    2.68
 -31406.015    19.712     0.69    2.66
 -31029.896    19.658    -0.14    2.75
 -30653.777    19.762     0.28    2.74
 -30277.658    19.690    -0.19    2.41
 -29901.539    19.032    -1.75    2.44
 -29525.420    19.009    -0.06    2.57
 -29149.301    19.337     0.87    2.58
 -28773.182    19.568     0.61    2.41
 -28397.063    19.465    -0.27    2.69
 -28020.944    18.955    -1.36    2.50
 -27644.825    18.644    -0.83    2.75
 -27268.706    18.117    -1.40    2.91
 -26892.587    17.874    -0.65    2.59
 -26516.468    17.495    -1.01    2.28
 -26140.349    17.234    -0.69    1.93
 -25764.230    16.747    -1.30    2.51
 -25388.111    16.183    -1.50    2.64
 -25011.992    16.095    -0.23    3.19
 -24635.873    15.721    -0.99    3.63
 -24259.754    15.456    -0.70    3.41
 -23883.635    15.506     0.13    3.02
 -23507.516    15.824     0.84    3.09
 -23131.397    15.874     0.13    2.80
 -22755.278    15.717    -0.42    3.12
 -22379.159    15.480    -0.63    3.58
 -22003.040    15.651     0.45    3.71
 -21626.921    16.333     1.81    4.11
 -21250.802    17.132     2.12    3.32
 -20874.683    17.285     0.41    3.28
 -20498.564    17.512     0.60    3.23
 -20122.445    17.495    -0.04    2.52
 -19746.326    17.873     1.00    3.17
 -19370.207    17.269    -1.61    3.27
 -18994.088    16.696    -1.52    3.43
 -18617.969    16.179    -1.37    3.45
 -18241.849    15.951    -0.61    4.79
 -17865.730    14.982    -2.58    7.08
 -17489.611    13.631    -3.59    7.82
 -17113.492    10.375    -8.66    8.96
 -16737.372     6.901    -9.24    8.57
 -16361.253     3.955    -7.83    7.15
 -15985.134     1.631    -6.18    3.60
 -15609.014     0.568    -2.83    2.27
 -15232.895     0.012    -1.48    0.32
 -14856.775     0.126     0.30    0.58
 -14480.656     0.164     0.10    0.64
 -14104.536     0.262     0.26    0.83
 -13728.416     0.279     0.05    0.95
 -13352.297     0.706     1.14    1.95
 -12976.177     1.559     2.27    3.16
 -12600.057     2.850     3.43    3.95
 -12223.937     3.928     2.87    4.34
 -11847.817     4.276     0.93    4.74
 -11471.697     4.491     0.57    4.87
 -11095.577     4.822     0.88    5.49
 -10719.457     4.306    -1.37    5.26
 -10343.337     4.157    -0.40    5.32
  -9967.217     4.217     0.16    5.12
  -9591.096     4.568     0.93    4.80
  -9214.976     3.875    -1.84    4.06
  -8838.855     4.929     2.80    3.70
  -8462.735     4.059    -2.31    3.40
  -8086.614     3.516    -1.44    2.98
  -7710.494     3.386    -0.35    2.73
  -7334.373     2.928    -1.22    3.08
  -6958.252     2.532    -1.05    3.21
  -6582.131     2.063    -1.25    3.18
  -6206.010     1.362    -1.86    3.34
  -5829.889     1.068    -0.78    2.98
  -5453.768     0.414    -1.74    1.75
  -5077.647     0.183    -0.61    1.36
  -4701.525    -0.176    -0.95    0.35
  -4325.404    -0.180    -0.01    0.36
  -3949.282     0.006     0.50    1.48
  -3573.161     0.164     0.42    1.67
  -3197.039     0.345     0.48    1.68
  -2820.917     0.577     0.61    2.10
  -2444.795     0.631     0.14    2.10
  -2068.673     0.638     0.02    2.04
  -1692.551     0.465    -0.46    2.01
  -1316.429     0.182    -0.75    1.61
   -940.307     0.059    -0.33    0.82
   -564.184    -0.099    -0.42    0.52
   -188.062    -0.044     0.15    0.41
    188.061    -0.099    -0.15    0.00
    564.184     0.387     1.29    1.91
    940.307     1.003     1.64    2.93
   1316.430     2.260     3.34    4.10
   1692.553     3.980     4.57    4.99
   2068.676     5.243     3.36    4.93
   2444.799     6.055     2.16    4.63
   2820.923     5.875    -0.48    3.91
   3197.046     5.234    -1.70    3.63
   3573.170     4.522    -1.89    3.29
   3949.294     3.441    -2.87    2.38
   4325.418     4.144     1.87    3.05
   4701.542     4.928     2.08    3.12
   5077.666     5.507     1.54    3.50
   5453.791     6.850     3.57    3.63
   5829.915     8.465     4.29    3.07
   6206.040     9.706     3.30    2.73
   6582.165    10.491     2.08    2.06
   6958.290    10.928     1.16    1.69
   7334.415    10.217    -1.89    1.99
   7710.540     8.638    -4.20    2.49
   8086.665     7.132    -4.00    2.47
   8462.791     5.685    -3.85    1.47
   8838.916     5.690     0.02    2.69
   9215.042     6.626     2.49    3.86
   9591.168     7.101     1.26    4.04
   9967.294     6.953    -0.39    3.91
  10343.421     6.441    -1.36    3.28
  10719.547     5.117    -3.52    1.38
  11095.674     5.279     0.43    1.36
  11471.800     5.818     1.43    1.54
  11847.927     6.901     2.88    2.13
  12224.054     8.157     3.34    1.93
  12600.182     8.631     1.26    1.88
  12976.309     9.516     2.35    1.80
  13352.437     9.532     0.04    1.88
  13728.564     9.824     0.77    1.90
  14104.692    10.036     0.56    1.78
  14480.820     9.696    -0.90    1.52
  14856.949     9.845     0.40    1.45
  15233.077     9.480    -0.97    1.48
  15609.206     9.568     0.23    1.58
  15985.334     9.460    -0.29    1.40
  16361.463     9.439    -0.05    1.45
  16737.593     9.360    -0.21    1.24
  17113.722     9.206    -0.41    1.24
  17489.852     8.928    -0.74    1.09
  17865.981     9.068     0.37    1.44
  18242.111     9.427     0.96    1.89
  18618.241     9.291    -0.36    2.10
  18994.372     9.279    -0.03    1.95
  19370.502     9.132    -0.39    1.87
  19746.633     9.138     0.02    1.98
  20122.764     9.480     0.91    1.84
  20498.895     9.874     1.05    1.85
  20875.026    10.551     1.80    1.86
  21251.158    11.279     1.94    1.66
  21627.290    11.685     1.08    1.53
  22003.422    11.847     0.43    1.56
  22379.554    12.387     1.44    1.77
  22755.686    12.465     0.21    1.62
  23131.819    11.773    -1.84    1.88
  23507.951    11.672    -0.27    2.00
  23884.084    11.225    -1.19    2.01
  24260.218    11.401     0.47    1.90
  24636.351    11.453     0.14    1.78
  25012.485    11.401    -0.14    1.65
  25388.619    11.982     1.54    1.88
  25764.753    12.348     0.97    1.59
  26140.887    12.453     0.28    1.55
  26517.022    12.516     0.17    1.46
  26893.156    12.414    -0.27    1.17
  27269.292    12.476     0.16    1.24
  27645.427    12.032    -1.18    1.65
  28021.562    11.550    -1.28    1.90
  28397.698    10.468    -2.87    1.68
  28773.834     9.873    -1.58    1.58
  29149.970     9.644    -0.61    1.50
  29526.107     9.234    -1.09    1.63
  29902.243     8.901    -0.89    1.70
  30278.380     8.138    -2.03    1.53
  30654.517     7.685    -1.20    1.42
  31030.655     7.123    -1.49    1.48
  31406.793     6.901    -0.59    1.43
  31782.931     6.532    -0.98    1.26
  32159.069     6.542     0.03    1.33
  32535.184     6.796     0.67    1.41
  32911.271     6.626    -0.45    1.38
  33287.359     6.595    -0.08    1.31
  33663.447     6.726     0.35    1.22
  34039.535     6.465    -0.69    1.17
  34415.624     6.373    -0.24    1.16
  34791.712     6.414     0.11    1.24
  35167.801     6.712     0.79    1.47
  35543.891     6.901     0.50    1.31
  35919.980     6.822    -0.21    1.42
  36296.070     7.144     0.86    1.64
  36672.160     7.080    -0.17    1.37
  37048.251     7.190     0.29    1.43
  37424.341     7.198     0.02    1.66
  37800.432     7.055    -0.38    1.68
  38176.524     6.516    -1.43    1.62
  38552.615     6.190    -0.87    1.59
  38928.707     6.540     0.93    1.90
  39304.799     8.029     3.96    2.76
  39680.891     9.568     4.09    3.00
  40056.984    11.106     4.09    2.20
  40433.077    11.132     0.07    2.17
  40809.170    10.701    -1.15    2.59
  41185.264     8.387    -6.15    3.90
  41561.358     4.387   -10.64    6.42
  41937.452     1.164    -8.57    7.16
  42313.546    -2.783   -10.50    6.18
  42689.641    -5.266    -6.60    4.88
  43065.736    -6.561    -3.44    4.20
  43441.831    -7.638    -2.86    3.22
  43817.927    -8.586    -2.52    1.43
  44194.023    -9.099    -1.37    0.00
  44570.119    -9.099     0.00    0.00
  44946.216    -9.099     0.00    0.00
  45322.313    -9.099     0.00    0.00
  45698.410    -9.099     0.00    0.00
  46074.507    -9.099     0.00    0.00
  46450.605    -9.099     0.00    0.00
  46826.703    -9.099     0.00    0.00
  47202.802    -9.099     0.00    0.00
  47578.901    -9.099     0.00    0.00
  47955.000    -9.099     0.00    0.00
  48331.099    -9.099     0.00    0.00
  48707.199    -9.099     0.00    0.00
  49083.299    -9.099     0.00    0.00
  49459.399    -9.099     0.00    0.00
  49835.500    -9.099     0.00    0.00
  50211.601    -9.099     0.00    0.00
  50587.703    -9.099     0.00    0.00
  50963.804    -9.099     0.00    0.00
  51339.906    -9.099     0.00    0.00
  51716.009    -9.099     0.00    0.00
  52092.112    -9.099     0.00    0.00
  52468.215    -9.099     0.00    0.00
  52844.318    -9.099     0.00    0.00
  53220.422    -9.099     0.00    0.00
  53596.526    -9.099     0.00    0.00
  53972.631    -9.099     0.00    0.00
  54348.736    -9.099     0.00    0.00
  54724.841    -9.099     0.00    0.00
  55100.946    -9.099     0.00    0.00
  55477.052    -9.099     0.00    0.00
  55853.159    -9.099     0.00    0.00
  56229.265    -9.099     0.00    0.00
  56605.372    -8.810     0.77    1.78
  56981.480    -7.369     3.83    5.66
  57357.588    -2.971    11.69   10.62
  57733.696    -0.514     6.53   11.30
  58109.804     2.651     8.41   12.20
  58485.913     0.506    -5.70   11.14
  58862.022    -3.315   -10.16    6.91
  59238.132    -4.829    -4.02    5.40
  59614.242    -6.288    -3.88    4.13
  59990.352    -7.071    -2.08    3.82
  60366.463    -8.150    -2.87    2.73
  60742.574    -9.048    -2.39    0.32
  61118.686    -6.532     6.69    7.22
  61494.797    -0.971    14.78   11.57
  61870.910     3.484    11.85   12.69
  62247.022     5.453     5.24   11.97
  62623.135     7.157     4.53   11.74
  62999.249     8.080     2.45   10.64
  63375.363     9.095     2.70    9.79
  63751.477     9.611     1.37    7.39
  64127.592     5.850   -10.00    8.00
  64503.707    -0.516   -16.92    8.89
  64879.822    -4.586   -10.82    7.04
  65255.938    -8.234    -9.70    3.01
  65632.054    -9.099    -2.30    0.00
  66008.171    -9.099     0.00    0.00
  66384.288    -9.099     0.00    0.00
  66760.405    -9.099     0.00    0.00
  67136.523    -9.024     0.20    0.47
  67512.641    -7.910     2.96    3.34
  67888.760    -4.874     8.07    6.18
  68264.879    -2.573     6.12    7.13
  68640.999    -1.520     2.80    6.94
  69017.118    -0.288     3.28    6.58
  69393.239     0.051     0.90    5.74
  69769.360    -0.488    -1.43    5.27
  70145.481    -0.153     0.89    5.15
  70521.602    -0.757    -1.61    4.94
  70897.724    -1.738    -2.61    4.02
  71273.847     0.696     6.47    6.40
  71649.970     4.644    10.50    7.31
  72026.093     6.987     6.23    5.74
  72402.217     7.333     0.92    4.90
  72778.341     7.766     1.15    3.51
  73154.466     7.769     0.01    2.90
  73530.591     7.301    -1.25    1.74
  73906.716     6.874    -1.14    1.24
  74282.842     6.611    -0.70    1.14
  74658.969     6.769     0.42    1.32
  75035.096     7.401     1.68    1.41
  75411.223     7.712     0.83    1.35
  75787.351     7.576    -0.36    1.49
  76163.479     6.322    -3.33    2.71
  76539.607     5.068    -3.34    2.67
  76915.736     4.117    -2.53    2.32
  77291.866     3.672    -1.18    1.54
  77667.996     4.414     1.97    1.71
  78044.126     5.183     2.05    1.56
  78420.257     5.636     1.21    1.40
  78796.389     6.522     2.36    1.93
  79172.521     7.333     2.16    2.15
  79548.653     8.706     3.65    2.20
  79924.786     9.927     3.24    2.19
  80300.919    10.955     2.73    2.20
  80677.053    11.260     0.81    3.13
  81053.187    10.769    -1.30    3.91
  81429.321     9.952    -2.17    3.95
  81805.457     8.468    -3.94    3.44
  82181.592     8.242    -0.60    1.98
  82557.728     7.952    -0.77    1.45
  82933.865     8.095     0.38    1.39
  83310.002     8.766     1.78    3.14
  83686.139    12.063     8.77    6.77
  84062.277    14.468     6.40    8.33
  84438.416    14.644     0.47    8.60
  84814.555    14.187    -1.22    7.91
  85190.694    13.619    -1.51    6.50
  85566.834    13.664     0.12    6.11
  85942.975    13.623    -0.11    6.16
  86319.116    12.234    -3.69    6.14
  86695.257    10.559    -4.45    4.85
  87071.399     9.243    -3.50    2.67
  87447.542    10.506     3.36    4.03
  87823.685    12.747     5.96    5.64
  88199.828    15.333     6.88    6.16
  88575.972    18.234     7.71    5.83
  88952.117    21.126     7.69    5.83
  89328.262    21.984     2.28    6.71
  89704.407    23.198     3.23    7.27
  90080.553    23.306     0.29    8.29
  90456.700    24.604     3.45    8.39
  90832.847    28.387    10.06    8.13
  91208.994    30.729     6.23    7.60
  91585.142    28.651    -5.53   10.32
  91961.291    27.164    -3.95   10.99
  92337.440    24.063    -8.24   10.36
  92713.590    20.798    -8.68    8.93
  93089.740    19.453    -3.58    7.41
  93465.891    16.927    -6.72    5.40
  93842.042    16.198    -1.94    4.05
  94218.193    15.747    -1.20    2.86
  94594.346    15.651    -0.26    1.95
  94970.499    16.337     1.82    2.40
  95346.652    16.568     0.61    2.26
  95722.806    17.026     1.22    2.06
  96098.960    17.717     1.84    2.47
  96475.115    17.604    -0.30    2.01
  96851.271    17.679     0.20    1.96
  97227.427    18.036     0.95    1.67
  97603.583    17.956    -0.21    1.43
  97979.741    17.980     0.06    1.34
  98355.898    18.029     0.13    1.44
  98732.056    18.441     1.10    1.37
  99108.215    18.106    -0.89    1.40
  99484.375    17.721    -1.02    1.32
  99860.535    17.491    -0.61    1.46
 100236.695    17.009    -1.28    1.35
 100612.856    16.850    -0.42    1.50
 100989.018    16.279    -1.52    1.55
 101365.180    15.585    -1.85    2.33
 101741.343    13.793    -4.76    4.65
 102117.506    11.995    -4.78    5.03
 102493.670    11.029    -2.57    5.25
 102869.834    10.032    -2.65    5.00
 103245.999    10.290     0.68    4.88
 103622.165    10.927     1.69    4.57
 103998.331    12.345     3.77    4.64
 104374.497    12.269    -0.20    4.61
 104750.665    12.798     1.41    4.59
 105126.833    13.766     2.57    5.43
 105503.001    14.664     2.39    5.17
 105879.170    16.285     4.31    4.38
 106255.340    16.234    -0.14    3.76
 106631.510    15.658    -1.53    3.24
 107007.681    15.901     0.65    2.40
 107383.852    16.225     0.86    2.30
 107759.923    16.333     0.29    2.34
 108135.974    16.874     1.44    2.64
 108512.024    17.158     0.76    2.38
 108888.076    16.644    -1.37    3.02
 109264.128    15.875    -2.05    3.58
 109640.181    14.040    -4.88    4.27
 110016.234    13.029    -2.69    4.82
 110392.288    12.040    -2.63    5.23
 110768.342    13.190     3.06    5.14
 111144.397    13.337     0.39    5.54
 111520.453    13.658     0.85    5.24
 111896.509    12.375    -3.41    5.73
 112272.566    11.465    -2.42    5.68
 112648.624    11.401    -0.17    4.88
 113024.682    10.901    -1.33    4.00
 113400.741    11.026     0.33    3.31
 113776.800    10.375    -1.73    1.81
 114152.860    10.456     0.22    2.10
 114528.921    10.739     0.75    2.29
 114904.982    12.290     4.12    4.16
 115281.044    13.875     4.21    5.74
 115657.106    15.226     3.59    5.73
 116033.169    16.151     2.46    6.11
 116409.233    14.826    -3.52    6.63
 116785.297    11.901    -7.78    5.93
 117161.362    12.217     0.84    5.87
 117537.428    12.743     1.40    6.33
 117913.494    13.414     1.78    6.44
 118289.561    12.006    -3.74    7.95
 118665.629     9.901    -5.60    7.52
 119041.697     8.157    -4.64    6.15
 119417.766     8.215     0.15    5.48
 119793.835     8.670     1.21    4.04
 120169.905     9.542     2.32    3.69
 120545.976    10.151     1.62    2.95
 120922.047    10.441     0.77    3.44
 121298.119    10.734     0.78    3.24
 121674.192     9.743    -2.64    3.39
 122050.266     8.670    -2.85    2.43
 122426.340     8.009    -1.76    1.81
 122802.414     7.952    -0.15    1.56
 123178.490     7.850    -0.27    1.54
 123554.566     7.611    -0.63    1.61
 123930.642     6.685    -2.46    2.19
 124306.720     5.285    -3.72    2.39
 124682.798     4.085    -3.19    2.06
 125058.876     3.068    -2.71    1.70
 125434.956     2.611    -1.21    1.84
 125811.036     2.568    -0.12    2.32
 126187.116     2.465    -0.27    2.43
 126563.198     1.670    -2.11    2.32
 126939.280     0.870    -2.13    1.69
 127315.362     0.658    -0.56    1.19
 127691.446     0.550    -0.29    1.34
 128067.530     0.928     1.01    1.34
 128443.615     1.080     0.41    1.48
 128819.700     1.198     0.31    1.39
 129195.786     1.260     0.16    1.42
 129571.873     0.978    -0.75    1.33
 129947.961     0.901    -0.20    1.19
 130324.049     1.009     0.29    1.02
 130700.138     0.747    -0.70    1.06
 131076.227     0.611    -0.36    0.98
 131452.318     0.762     0.40    1.27
 131828.408     0.901     0.37    1.22
 132204.500     1.068     0.44    1.50
 132580.593     0.928    -0.37    1.28
 132956.686     1.055     0.34    1.29
 133332.779     1.088     0.09    1.38
 133708.874     1.664     1.53    1.82
 134084.969     2.953     3.43    2.77
 134461.065     4.623     4.44    3.18
 134837.162     6.465     4.90    3.22
 135213.259     8.306     4.90    2.54
 135589.357     9.055     1.99    2.40
 135965.456     9.585     1.41    2.46
 136341.555    10.453     2.31    2.13
 136717.656    10.928     1.26    1.66
 137093.756    11.439     1.36    1.90
 137469.858    11.439     0.00    2.19
 137845.960    11.956     1.37    2.53
 138222.064    12.982     2.73    2.58
 138598.167    13.360     1.01    2.67
 138974.272    13.766     1.08    2.43
 139350.377    13.414    -0.93    3.35
 139726.483    13.358    -0.15    3.69
 140102.590    13.976     1.64    4.07
 140478.698    15.217     3.30    5.12
 140854.806    17.262     5.44    5.34
 141230.915    18.491     3.27    4.59
 141607.025    19.638     3.05    3.13
 141983.135    18.243    -3.71    2.22
 142359.246    17.138    -2.94    1.84
 142735.358    16.388    -1.99    1.89
 143111.471    15.550    -2.23    1.83
 143487.584    14.953    -1.58    1.72
 143863.699    14.526    -1.14    1.69
 144239.814    13.844    -1.81    1.33
 144615.929    13.712    -0.35    1.41
 144992.046    13.198    -1.37    1.60
 145368.163    12.712    -1.29    1.93
 145744.281    11.766    -2.52    2.26
 146120.400    10.818    -2.52    2.53
 146496.519     9.619    -3.19    2.43
 146872.640     9.111    -1.35    2.38
 147248.761     8.604    -1.35    2.01
 147624.882     8.234    -0.98    1.53
 148001.005     7.796    -1.17    1.33
 148377.128     7.696    -0.27    1.36
 148753.253     7.712     0.04    1.41
 149129.377     7.542    -0.45    1.42
 149505.503     7.651     0.29    1.27
 149881.630     7.822     0.45    1.19
 150257.757     7.848     0.07    1.49
 150633.885     7.776    -0.19    1.52
 151010.014     7.824     0.13    1.48
 151386.143     7.685    -0.37    1.62
 151762.274     6.734    -2.53    1.93
 152138.405     6.495    -0.63    2.07
 152514.537     6.262    -0.62    1.99
 152890.670     6.243    -0.05    1.73
 153266.803     5.901    -0.91    1.97
 153642.938     5.550    -0.93    2.04
 154019.073     5.542    -0.02    1.78
 154395.209     5.465    -0.20    1.83
 154771.345     6.055     1.57    1.76
 155147.483     6.955     2.39    2.13
 155523.621     7.747     2.11    1.95
 155899.760     9.009     3.36    1.45
 156275.900     9.712     1.87    1.33
 156652.041     9.685    -0.07    1.34
 157028.183     9.989     0.81    1.22
 157404.325     9.670    -0.85    1.31
 157780.468     9.568    -0.27    1.47
 158156.612     9.734     0.44    1.48
 158532.757     9.980     0.65    1.81
 158908.903     9.873    -0.28    1.80
 159285.049     9.506    -0.98    1.69
 159661.197     9.311    -0.52    2.09
 160037.345     8.955    -0.95    1.97
 160413.494     9.059     0.28    1.92
 160789.644     8.717    -0.91    1.89
 161165.794     8.080    -1.69    2.62
 161541.946     7.198    -2.35    3.39
 161918.098     5.414    -4.74    3.37
 162294.251     6.138     1.92    4.47
 162670.405     7.360     3.25    4.74
 163046.560     9.414     5.46    4.21
 163422.716    11.468     5.46    2.48
 163798.872    10.260    -3.21    4.25
 164175.029     9.388    -2.32    4.99
 164551.188     8.044    -3.57    5.23
 164927.347     6.875    -3.11    5.32
 165303.506     7.495     1.65    6.56
 165679.667    10.345     7.58    8.07
 166055.829    13.717     8.96    8.29
 166431.991    16.928     8.54    8.05
 166808.154    19.348     6.43    5.80
 167184.319    19.085    -0.70    5.65
 167560.484    19.576     1.30    5.27
 167936.649    19.262    -0.83    4.86
 168312.816    19.276     0.04    6.44
 168688.984    19.209    -0.18    6.72
 169065.152    19.401     0.51    7.99
 169441.321    16.090    -8.80    6.34
 169817.492    13.306    -7.40    5.77
 170193.663    11.766    -4.10    4.84
 170569.835    12.414     1.72    5.58
 170946.007    15.360     7.83    7.68
 171322.181    19.776    11.74    7.55
 171698.355    25.927    16.35    6.74
 172074.531    27.306     3.67    6.58
 172450.707    27.006    -0.80    5.66
 172826.884    27.055     0.13    4.93
 173203.062    24.664    -6.36    4.44
 173579.241    22.206    -6.53    4.25
 173955.421    18.644    -9.47    5.06
 174331.602    15.595    -8.11    5.41
 174707.784    13.952    -4.37    5.41
 175083.966    12.311    -4.36    5.06
 175460.149    10.672    -4.36    3.65
 175836.334     9.847    -2.19    3.25
 176212.519    10.252     1.08    3.69
 176588.705     9.953    -0.79    3.70
 176964.892     9.796    -0.42    4.31
 177341.080    10.734     2.50    4.29
 177717.269    12.696     5.21    5.02
 178093.458    13.388     1.84    4.42
 178469.649    13.414     0.07    4.98
 178845.840    13.036    -1.01    5.63
 179222.033    14.375     3.56    6.73
 179598.226    16.234     4.94    7.17
 179974.420    18.679     6.50    6.26
 180350.616    17.414    -3.36    6.18
 180726.812    15.123    -6.09    4.88
 181103.009    11.465    -9.72    6.72
 181479.207     9.132    -6.20    6.78
 181855.406     6.245    -7.67    8.83
 182231.605     5.243    -2.66    8.52
 182607.770     5.685     1.17    7.81
 182983.785     6.982     3.45    7.19
 183359.801     8.132     3.06    5.64
 183735.818     8.306     0.46    3.65
 184111.835     8.696     1.04    3.19
 184487.854     9.209     1.36    2.74
 184863.874     9.522     0.83    1.98
 185239.894     9.874     0.93    2.20
 185615.916    10.234     0.96    2.61
 185991.938    10.798     1.50    2.82
 186367.961    11.090     0.78    3.11
 186743.986    11.480     1.04    2.82
 187120.011    12.441     2.56    3.93
 187496.037    13.577     3.02    5.06
 187872.064    14.468     2.37    5.35
 188248.092    14.026    -1.18    5.25
 188624.121    13.568    -1.22    4.03
 189000.151    13.080    -1.30    3.19
 189376.182    13.623     1.44    2.49
 189752.214    15.542     5.10    4.70
 190128.247    19.739    11.16    7.82
 190504.281    23.850    10.93    9.22
 190880.315    27.164     8.81    7.89
 191256.351    27.848     1.82    7.12
 191632.388    24.117    -9.92    8.45
 192008.426    21.824    -6.10    8.66
 192384.464    19.001    -7.51    7.81
 192760.504    16.790    -5.88    5.26
 193136.544    15.874    -2.44    3.72
 193512.586    15.036    -2.23    1.72
 193888.628    14.550    -1.29    2.14
 194264.672    13.955    -1.58    2.05
 194640.716    13.729    -0.60    2.16
 195016.762    13.651    -0.21    2.02
 195392.808    13.644    -0.02    3.48
 195768.856    13.279    -0.97    4.37
 196144.904    12.747    -1.42    4.90
 196520.954    12.762     0.04    5.46
 196897.004    12.717    -0.12    6.25
 197273.055    13.532     2.17    6.02
 197649.108    14.465     2.48    5.80
 198025.161    13.144    -3.51    5.80
 198401.215    12.138    -2.68    5.74
 198777.271    11.644    -1.31    5.58
 199153.327    10.790    -2.27    5.41
 199529.384     8.480    -6.14    5.39
 199905.443     6.171    -6.14    4.35
 200281.502     5.928    -0.65    5.10
 200657.562     8.631     7.19    8.33
 201033.624    11.734     8.25   11.05
 201409.686    15.625    10.35   11.56
