#  379.219  -3.531   8.890 ;Mean Elev.(m), Avg Gradient(m/km), RMS Gradient(m/km) - SRTM1     
#  381.407  -3.492   9.035 ;Mean Elev.(m), Avg Gradient(m/km), RMS Gradient(m/km) - ASTER GDEM
#  379.147  -3.499   9.114 ;Mean Elev.(m), Avg Gradient(m/km), RMS Gradient(m/km) - GMTED2010 
  7  24.707224   0.616185   376.247   375.975  4 52444.34835534 20.522
  8  24.711461   0.610699   372.067   371.735  5 52479.34834962 42.456
  9  24.721228   0.601700   368.981   368.989  4 52514.34829734 21.489
 10  24.712765   0.610151   372.457   372.473  4 52549.34834069 49.627
 11  24.720136   0.602706   373.646   373.627  4 52584.34832963 49.762
 12  24.712935   0.609223   374.532   374.537  4 52619.34830646 48.739
 13  24.722078   0.602248   374.459   374.182  4 52654.34829124 50.295
 14  24.715872   0.607002   372.943   372.781  5 52689.34828617 49.012
 15  24.716142   0.606624   373.538   373.531  4 52724.34833120 50.953
 16  24.705866   0.615246   374.157   374.113  4 52759.34834903 50.522
 17  24.718982   0.603115   372.517   372.211  5 52794.34830557 48.733
 18  24.720350   0.601162   373.123   373.092  3 52829.34837312 41.039
 19  24.722315   0.601714   372.434   372.348  4 52864.34841757 49.421
 20  24.714399   0.608580   372.840   372.813  4 52899.34844568 28.663
 21  24.713513   0.609527   372.721   372.762  5 52934.34838952 48.584
 22  24.715858   0.607101   373.230   373.161  5 52969.34840453 42.837
 23  24.710193   0.612088   373.758   373.680  5 53004.34842278 44.808
 24  24.712824   0.610426   374.131   373.956  5 53039.34837218 49.933
 25  24.713270   0.609536   372.746   372.746  4 53074.34840294 44.830
 26  24.710481   0.610769   373.399   373.061  3 53109.34837228 47.452
 27  24.714228   0.608366   372.406   372.338  5 53144.34841347 40.748
 28  24.717910   0.603857   371.031   370.991  5 53179.34843001 17.585
 29  24.713962   0.608421   370.263   370.210  5 53214.34845085 25.569
 30  24.715663   0.606088   371.506   371.232  4 53249.34842080 45.343
 31  24.711902   0.610771   372.422   372.623  5 53284.34841524 40.476
 32  24.720389   0.602072   373.393   373.373  4 53319.34840679 48.887
 33  24.720333   0.602729   374.298   374.307  4 53354.34837385 50.428
 34  24.714737   0.606763   372.712   372.703  4 53389.34837601 40.846
 35  24.720581   0.602299   372.186   372.183  4 53424.34837552 21.963
 36  24.720312   0.602156   374.495   374.442  4 53459.34838045 48.249
 37  24.709464   0.612297   372.900   372.538  3 53494.34846380 44.844
 38  24.720857   0.603007   372.396   372.429  4 53529.34844106 51.330
 39  24.710443   0.611973   371.447   371.435  5 53564.34847049 50.018
 40  24.718172   0.604014   371.615   371.451  5 53599.34841320 48.065
 41  24.712676   0.610576   371.889   371.827  4 53634.34840844 26.007
 42  24.711344   0.610572   372.152   372.096  4 53669.34843033 29.867
 43  24.720578   0.601971   373.522   373.456  4 53704.34837049 46.071
 44  24.720163   0.602218   372.442   372.418  5 53739.34827988 38.541
 45  24.720532   0.601623   372.359   371.985  3 53774.34829870 43.596
 46  24.718421   0.603777   373.209   373.338  5 53809.34828236 39.026
 48  24.718456   0.601647   373.666   373.667  4 53879.34835318 46.259
 49  24.710125   0.611966   371.511   371.533  4 53914.34840679 49.430
 50  24.708515   0.614241   371.149   370.966  5 53949.34841772 50.336
 51  24.715533   0.607560   371.751   371.805  5 53984.34835782 50.249
 52  24.716942   0.604590   371.379   371.356  4 54019.34839238 24.133
 53  24.723771   0.600546   374.420   374.384  4 54054.34838410 50.991
 54  24.717163   0.605312   375.611   375.614  4 54089.34837386 46.650
 55  24.717118   0.605066   374.355   374.295  5 54124.34829761 50.369
 56  24.715213   0.606839   373.825   373.825  5 54159.34833937 34.221
 57  24.716307   0.605272   373.808   373.559  4 54194.34830034 45.847
 58  24.716107   0.606255   374.464   374.375  4 54229.34835102 50.746
 59  24.716498   0.605264   373.521   373.422  4 54264.34836965 27.961
 60  24.717413   0.605293   371.977   371.787  5 54299.34837348 49.326
 61  24.716453   0.602928   372.163   372.179  3 54334.34836411 47.760
 63  24.716046   0.606171   373.736   373.645  5 54404.34830766 50.814
 64  24.715954   0.605813   374.415   374.132  4 54439.34826481 49.815
 65  24.717826   0.605467   374.101   373.885  5 54474.34829424 50.395
 66  24.716552   0.605476   373.597   373.592  4 54509.34827772 50.591
 67  24.716847   0.605560   373.565   373.351  5 54544.34830838 48.901
 68  24.717003   0.605785   373.611   373.741  4 54579.34827632 36.922
 69  24.717014   0.604574   372.834   372.446  4 54614.34829859 42.350
 70  24.715056   0.606586   371.584   371.485  5 54649.34830804 24.961
 71  24.716302   0.606773   371.841   371.817  5 54684.34830451 39.133
 72  24.717420   0.604342   372.428   372.026  5 54719.34825249 48.129
 73  24.716003   0.607038   373.010   372.907  5 54754.34827877 50.105
 74  24.715580   0.606682   375.040   375.072  4 54789.34824596 50.847
 75  24.716721   0.605645   373.913   373.732  5 54824.34827393 48.841
 76  24.717333   0.604533   374.349   374.117  4 54859.34823939 49.005
 77  24.714939   0.607533   373.653   373.607  5 54894.34827580 48.830
 78  24.715108   0.607489   373.255   373.182  5 54929.34823786 50.425
 79  24.715561   0.606016   374.222   374.104  5 54964.34827533 50.452
 80  24.714065   0.609216   372.593   372.425  5 54999.34829567 40.122
 81  24.716541   0.606047   371.648   371.662  4 55034.34828271 50.367
 82  24.716480   0.605676   372.040   371.838  5 55069.34827216 48.002
 83  24.714682   0.605526   373.294   373.299  4 55104.34821303 46.992
 85  24.717154   0.605360   374.716   374.702  5 55174.34818009 49.465
 86  24.715891   0.605114   374.202   374.220  5 55209.34821535 44.798
 87  24.715577   0.606836   373.733   373.766  5 55244.34818647 48.158
 88  24.715817   0.607352   374.825   374.765  5 55279.34820822 50.300
 89  24.715996   0.606935   374.921   374.975  5 55314.34817241 39.181
 90  24.716490   0.606139   373.533   373.255  5 55349.34817979 47.938
 91  24.715383   0.606846   372.946   373.032  5 55384.34817196 50.129
 92  24.716843   0.605163   372.021   371.883  4 55419.34819824 39.774
 93  24.716527   0.605611   373.080   373.232  5 55454.34817694 43.948
 94  24.717209   0.605150   373.642   373.723  5 55489.34809695 46.103
