# NaN NaN NaN ;Mean Elev.(m), Avg Gradient(m/km), RMS Gradient(m/km) - SRTM1     
# NaN NaN NaN ;Mean Elev.(m), Avg Gradient(m/km), RMS Gradient(m/km) - ASTER GDEM
#  304.091  -0.506   2.243 ;Mean Elev.(m), Avg Gradient(m/km), RMS Gradient(m/km) - GMTED2010 
  7   302.456 52457.86644186 39.14  18.124558  -0.132527 28.074
  7   302.302 52457.86644250 42.59  18.123828  -0.129217 28.074
  7   302.046 52457.86644315 43.82  18.123108  -0.125917 28.074
  8   301.850 52492.86641904 54.27  18.130633  -0.123628 15.510
  8   301.819 52492.86641969 51.63  18.129903  -0.120328 15.510
  8   301.919 52492.86642033 50.36  18.129179  -0.117020 45.366
 10   303.088 52562.86644063 47.79  18.127370  -0.129609 14.218
 10   303.812 52562.86644127 51.34  18.126650  -0.126309 14.218
 10   302.914 52562.86644192 50.46  18.125920  -0.123001 37.240
 13   303.391 52667.86642126 50.42  18.123637  -0.136518 27.302
 13   303.423 52667.86642190 51.23  18.122917  -0.133208 27.302
 13   303.490 52667.86642255 52.30  18.122187  -0.129898 27.302
 14   301.868 52702.86639865 47.88  18.129878  -0.127114 23.382
 14   301.777 52702.86639930 55.22  18.129158  -0.123804 23.382
 14   301.861 52702.86639994 50.82  18.128428  -0.120504 23.382
 16   302.880 52772.86639946 48.06  18.127443  -0.130213 16.996
 16   302.898 52772.86640010 52.24  18.126723  -0.126903 16.996
 16   302.868 52772.86640074 50.21  18.125993  -0.123603 16.996
 17   302.030 52807.86646001 30.65  18.123232  -0.137495  9.690
 17   302.070 52807.86646065 36.42  18.122512  -0.134195  9.690
 17   302.049 52807.86646129 34.71  18.121782  -0.130885  9.690
 17   302.090 52807.86646194 45.32  18.121052  -0.127575  9.690
 18   302.507 52842.86651888 53.52  18.124606  -0.133015 16.464
 18   302.572 52842.86651952 51.96  18.123876  -0.129715 16.464
 18   302.592 52842.86652017 49.69  18.123156  -0.126405 16.464
 19   302.134 52877.86655689 54.30  18.123434  -0.134468 18.839
 19   302.278 52877.86655754 50.95  18.122704  -0.131168 18.839
 19   302.190 52877.86655818 53.19  18.121984  -0.127868 18.839
 20   302.771 52912.86651688  7.03  18.129604  -0.124114  6.977
 20   302.629 52912.86651752  6.88  18.128874  -0.120804  6.977
 21   303.191 52947.86647368 49.45  18.128739  -0.127930 29.932
 21   303.240 52947.86647432 54.00  18.128009  -0.124620 29.932
 21   303.138 52947.86647497 51.65  18.127279  -0.121310 29.932
 23   303.929 53017.86650094 50.23  18.124814  -0.133263 30.899
 23   303.889 53017.86650159 52.89  18.124094  -0.129953 30.899
 23   303.876 53017.86650223 54.45  18.123364  -0.126643 30.899
 24   302.748 53052.86648314 51.68  18.127221  -0.128543 17.826
 24   302.742 53052.86648378 52.15  18.126491  -0.125243 17.826
 25   301.883 53087.86651719 52.85  18.118910  -0.143184 26.536
 25   301.773 53087.86651784 54.70  18.118190  -0.139874 26.536
 25   301.891 53087.86651848 53.35  18.117460  -0.136574 26.536
 25   301.877 53087.86651913 52.58  18.116740  -0.133264 26.536
 26   302.336 53122.86648933 22.50  18.124260  -0.132509  6.356
 26   302.102 53122.86648997 22.46  18.123540  -0.129199  6.356
 26   302.049 53122.86649062 22.67  18.122810  -0.125899  6.356
 27   301.856 53157.86654528 49.01  18.119777  -0.140827 24.565
 27   301.970 53157.86654592 49.83  18.119047  -0.137517 24.565
 27   301.633 53157.86654657 49.97  18.118327  -0.134207 24.565
 27   301.735 53157.86654721 49.74  18.117597  -0.130907 24.565
 28   301.686 53192.86654127 53.49  18.127514  -0.126317 13.487
 28   301.630 53192.86654191 54.15  18.126794  -0.123007 13.487
 30   301.785 53262.86650989 52.43  18.122891  -0.137342 30.354
 30   301.829 53262.86651053 52.30  18.122161  -0.134042 30.354
 30   301.945 53262.86651118 50.53  18.121441  -0.130732 30.354
 31   302.368 53297.86654782 52.10  18.117574  -0.142645 34.993
 31   302.430 53297.86654846 49.24  18.116844  -0.139345 34.993
 31   302.503 53297.86654911 53.87  18.116114  -0.136035 34.993
 31   302.544 53297.86654975 52.70  18.115394  -0.132725 34.993
 33   303.597 53367.86646512 49.24  18.126992  -0.130619 24.110
 33   303.654 53367.86646576 51.38  18.126262  -0.127309 24.110
 33   303.654 53367.86646641 49.38  18.125532  -0.124009 24.110
 34   302.201 53402.86649397 47.81  18.124991  -0.133168 11.304
 34   302.189 53402.86649461 50.43  18.124261  -0.129868 11.304
 34   301.900 53402.86649526 48.45  18.123531  -0.126558 11.304
 35   301.135 53437.86648286 48.34  18.125854  -0.131669 14.537
 35   300.981 53437.86648350 53.41  18.125124  -0.128369 14.537
 35   301.045 53437.86648415 47.37  18.124394  -0.125059 14.537
 36   302.148 53472.86653668 49.06  18.122304  -0.138993 23.813
 36   302.110 53472.86653732 51.60  18.121584  -0.135683 23.813
 36   302.099 53472.86653797 53.98  18.120854  -0.132383 23.813
 36   302.130 53472.86653861 50.62  18.120124  -0.129073 23.813
 37   301.985 53507.86656420 48.01  18.123490  -0.136691 26.781
 37   301.950 53507.86656485 55.03  18.122760  -0.133391 26.781
 37   302.090 53507.86656549 53.49  18.122040  -0.130081 26.781
 38   302.069 53542.86657377 52.53  18.121654  -0.136299 25.664
 38   302.245 53542.86657442 52.53  18.120934  -0.132989 25.664
 38   302.243 53542.86657506 54.83  18.120204  -0.129689 25.664
 39   302.424 53577.86655825 28.90  18.123662  -0.135616 17.662
 39   302.371 53577.86655889 15.37  18.122932  -0.132306 17.662
 39   300.648 53577.86655954 18.19  18.122212  -0.129006 17.662
 40   302.509 53612.86651079 52.65  18.122848  -0.136541 17.030
 40   302.321 53612.86651143 53.64  18.122128  -0.133241 17.030
 40   302.364 53612.86651207 52.43  18.121398  -0.129931 17.030
 41   302.762 53647.86651729 53.13  18.125856  -0.130152 44.088
 41   302.715 53647.86651794 54.05  18.125126  -0.126842 44.088
 42   303.340 53682.86653071 53.97  18.120709  -0.139254 31.425
 42   303.383 53682.86653135 50.59  18.119979  -0.135954 31.425
 42   303.339 53682.86653200 53.34  18.119259  -0.132644 31.425
 42   303.339 53682.86653264 52.75  18.118529  -0.129334 31.425
 43   303.728 53717.86645950 49.35  18.127509  -0.129938 25.115
 43   303.797 53717.86646015 51.13  18.126779  -0.126628 25.115
 43   303.837 53717.86646079 50.68  18.126059  -0.123328 25.115
 44   302.208 53752.86638074 51.93  18.129844  -0.125520 16.599
 44   302.320 53752.86638139 53.12  18.129114  -0.122210 16.599
 44   302.378 53752.86638203 49.87  18.128394  -0.118910 16.599
 45   301.604 53787.86641023 49.45  18.128106  -0.128919 15.331
 45   301.785 53787.86641087 56.60  18.127376  -0.125619 15.331
 45   301.637 53787.86641152 53.77  18.126656  -0.122309 15.331
 46   301.932 53822.86636491 49.81  18.127678  -0.129519 12.122
 46   301.892 53822.86636555 55.40  18.126948  -0.126219 12.122
 46   301.897 53822.86636620 52.06  18.126218  -0.122909 12.122
 47   302.044 53857.86645557 49.85  18.122035  -0.138227 29.300
 47   302.017 53857.86645622 55.20  18.121315  -0.134917 29.300
 47   302.001 53857.86645686 54.28  18.120585  -0.131617 29.300
 47   301.988 53857.86645751 52.09  18.119865  -0.128307 29.300
 48   302.593 53892.86647147 52.58  18.127938  -0.128726 17.243
 48   302.629 53892.86647211 53.18  18.127208  -0.125416 17.243
 48   302.627 53892.86647276 51.81  18.126488  -0.122116 17.243
 49   301.022 53927.86652846 51.00  18.116281  -0.141814 28.864
 49   300.999 53927.86652910 49.83  18.115551  -0.138514 28.864
 49   300.985 53927.86652975 51.84  18.114831  -0.135204 28.864
 50   301.405 53962.86651146 53.09  18.119554  -0.139872 30.355
 50   301.438 53962.86651211 52.68  18.118824  -0.136572 30.355
 50   301.437 53962.86651275 53.39  18.118104  -0.133262 30.355
 51   301.720 53997.86646005 51.44  18.126701  -0.129658 19.510
 51   301.784 53997.86646069 54.03  18.125971  -0.126348 19.510
 52   302.689 54032.86650982 49.68  18.126633  -0.129458 22.113
 52   302.696 54032.86651047 50.59  18.125903  -0.126158 22.113
 54   304.496 54102.86646174 50.16  18.124618  -0.133141 34.986
 54   304.505 54102.86646239 52.19  18.123898  -0.129831 34.986
 54   304.514 54102.86646303 49.86  18.123168  -0.126531 34.986
 55   302.670 54137.86643176 49.70  18.124783  -0.134434 22.458
 55   302.530 54137.86643240 55.29  18.124053  -0.131124 22.458
 55   302.580 54137.86643305 50.84  18.123323  -0.127824 22.458
 56   302.133 54172.86643948 52.71  18.124327  -0.133711 21.301
 56   302.174 54172.86644013 50.92  18.123607  -0.130411 21.301
 56   302.165 54172.86644077 48.63  18.122877  -0.127101 21.301
 57   301.897 54207.86643684 51.20  18.124072  -0.135424 21.196
 57   301.880 54207.86643749 53.83  18.123342  -0.132114 21.196
 57   301.874 54207.86643813 53.10  18.122622  -0.128814 21.196
 58   302.782 54242.86646997 52.25  18.124948  -0.132392 18.874
 58   302.777 54242.86647062 50.00  18.124218  -0.129082 18.874
 58   302.802 54242.86647126 51.38  18.123498  -0.125782 18.874
 59   302.755 54277.86648314 49.88  18.125287  -0.134727 21.387
 59   302.779 54277.86648379 51.45  18.124557  -0.131417 21.387
 59   302.814 54277.86648443 51.94  18.123827  -0.128117 21.387
 60   302.033 54312.86648378 52.31  18.125903  -0.131410 18.439
 60   302.079 54312.86648442 53.12  18.125173  -0.128100 18.439
 60   302.159 54312.86648506 50.30  18.124443  -0.124800 18.439
 61   302.602 54347.86645543 52.80  18.125168  -0.131464 19.950
 61   302.661 54347.86645608 51.05  18.124438  -0.128154 19.950
 62   303.481 54382.86642128 52.84  18.125221  -0.130976 23.048
 62   303.293 54382.86642193 51.57  18.124491  -0.127666 23.048
 63   303.954 54417.86640450 51.83  18.124493  -0.131980 30.857
 63   303.927 54417.86640514 53.05  18.123763  -0.128670 30.857
 64   304.349 54452.86639046 50.30  18.125390  -0.134172 28.552
 64   304.492 54452.86639111 50.83  18.124670  -0.130862 28.552
 64   304.397 54452.86639175 50.80  18.123940  -0.127562 28.552
 65   303.752 54487.86640244 48.98  18.126183  -0.131740 29.508
 65   303.659 54487.86640308 50.46  18.125453  -0.128430 29.508
 65   303.728 54487.86640372 50.90  18.124723  -0.125130 29.508
 66   302.526 54522.86640419 53.71  18.125887  -0.130393 13.200
 66   302.549 54522.86640484 50.37  18.125157  -0.127083 13.200
 67   302.643 54557.86641236 49.88  18.124603  -0.132005  9.325
 67   302.569 54557.86641301 49.09  18.123883  -0.128695  9.325
 68   302.548 54592.86639995 48.59  18.124745  -0.135350 17.021
 68   302.557 54592.86640059 55.24  18.124025  -0.132040 17.021
 68   302.459 54592.86640124 52.60  18.123295  -0.128740 17.021
 69   302.357 54627.86641501 50.81  18.124846  -0.134821 15.740
 69   302.356 54627.86641566 52.11  18.124126  -0.131511 15.740
 69   302.346 54627.86641630 52.77  18.123396  -0.128211 15.740
 70   301.235 54662.86642186 49.13  18.123651  -0.137038 16.404
 70   301.288 54662.86642250 54.19  18.122921  -0.133738 16.404
 70   301.233 54662.86642315 52.15  18.122201  -0.130428 16.404
 70   301.226 54662.86642379 50.29  18.121471  -0.127128 16.404
 71   302.140 54697.86639736 50.31  18.125945  -0.131336 16.105
 71   302.140 54697.86639801 53.48  18.125225  -0.128026 16.105
 71   302.223 54697.86639865 49.29  18.124495  -0.124726 16.105
 72   302.341 54732.86638008 52.78  18.124499  -0.132231 16.207
 72   302.269 54732.86638073 52.11  18.123779  -0.128931 16.207
 73   303.107 54767.86637622 27.94  18.125504  -0.132012  4.127
 73   302.757 54767.86637687 28.18  18.124784  -0.128702  4.127
 73   302.857 54767.86637751 30.58  18.124054  -0.125402  4.127
 74   304.012 54802.86637295 52.93  18.124039  -0.134158 21.062
 74   304.072 54802.86637360 51.41  18.123309  -0.130848 21.062
 74   304.007 54802.86637424 51.79  18.122589  -0.127548 21.062
 75   303.440 54837.86636943 49.21  18.125220  -0.133179 20.354
 75   303.482 54837.86637007 50.27  18.124500  -0.129869 20.354
 75   303.512 54837.86637072 50.63  18.123770  -0.126569 20.354
 76   302.665 54872.86637280 51.93  18.124322  -0.132161 18.515
 76   302.722 54872.86637345 51.79  18.123602  -0.128861 18.515
 77   302.196 54907.86637580 51.75  18.123752  -0.134927 21.297
 77   302.199 54907.86637644 51.27  18.123022  -0.131627 21.297
 77   302.304 54907.86637709 53.66  18.122302  -0.128317 21.297
 78   302.232 54942.86636517 51.40  18.124024  -0.135070 15.221
 78   302.172 54942.86636582 52.50  18.123304  -0.131760 15.221
 78   302.202 54942.86636646 50.61  18.122574  -0.128460 15.221
 79   302.812 54977.86639282 49.94  18.124265  -0.135976 19.793
 79   302.844 54977.86639347 51.87  18.123545  -0.132666 19.793
 79   302.881 54977.86639411 51.21  18.122815  -0.129366 19.793
 80   302.035 55012.86639976 51.22  18.124415  -0.133198 20.168
 80   302.014 55012.86640040 52.94  18.123695  -0.129888 20.168
 80   302.009 55012.86640104 50.70  18.122965  -0.126588 20.168
 81   301.545 55047.86639236 50.55  18.125458  -0.133180 17.634
 81   301.554 55047.86639301 52.39  18.124738  -0.129870 17.634
 81   301.708 55047.86639365 49.47  18.124008  -0.126570 17.634
 82   302.324 55082.86636343 52.63  18.124956  -0.132444 17.459
 82   302.336 55082.86636407 51.93  18.124226  -0.129134 17.459
 82   302.374 55082.86636472 49.83  18.123496  -0.125834 17.459
 83   302.544 55117.86632459 51.32  18.125375  -0.130263 15.275
 83   302.532 55117.86632523 51.94  18.124645  -0.126963 15.275
 84   303.475 55152.86632067 49.91  18.124515  -0.134841 25.264
 84   303.543 55152.86632131 51.45  18.123785  -0.131541 25.264
 84   303.586 55152.86632195 50.61  18.123065  -0.128231 25.264
 85   303.910 55187.86631159 48.82  18.124464  -0.135048 22.268
 85   303.996 55187.86631224 50.91  18.123744  -0.131738 22.268
 85   303.943 55187.86631288 51.16  18.123014  -0.128438 22.268
 86   303.343 55222.86632017 50.24  18.124503  -0.133469 18.364
 86   303.361 55222.86632082 50.72  18.123783  -0.130159 18.364
 86   303.327 55222.86632146 49.59  18.123053  -0.126859 18.364
 87   302.721 55257.86630731 48.80  18.125935  -0.133576 13.932
 87   302.748 55257.86630795 53.40  18.125215  -0.130266 13.932
 87   302.795 55257.86630860 48.11  18.124485  -0.126966 13.932
 88   303.128 55292.86630759 50.69  18.124803  -0.134209 21.112
 88   303.091 55292.86630823 53.52  18.124073  -0.130909 21.112
 88   303.061 55292.86630888 51.10  18.123353  -0.127599 21.112
 89   303.323 55327.86629116 50.02  18.123567  -0.137383 22.622
 89   303.444 55327.86629180 50.95  18.122837  -0.134083 22.622
 89   303.394 55327.86629244 51.55  18.122117  -0.130773 22.622
 89   303.334 55327.86629309 50.93  18.121387  -0.127473 22.622
 90   302.816 55362.86628707 51.46  18.124855  -0.133278 17.897
 90   302.920 55362.86628771 52.00  18.124135  -0.129968 17.897
 90   302.841 55362.86628836 50.12  18.123405  -0.126668 17.897
 91   303.003 55397.86629515 19.39  18.124727  -0.134148 11.386
 91   302.997 55397.86629580 17.13  18.124007  -0.130838 11.386
 91   302.652 55397.86629644 17.18  18.123277  -0.127538 11.386
 92   302.182 55432.86630351 54.71  18.125841  -0.129350 15.642
 92   302.376 55432.86630416 51.55  18.125111  -0.126050 15.642
 93   302.704 55467.86626101 51.34  18.125810  -0.131346 13.723
 93   302.721 55467.86626166 51.31  18.125080  -0.128036 13.723
 93   302.674 55467.86626230 44.67  18.124350  -0.124736 13.723
