# NaN NaN NaN ;Mean Elev.(m), Avg Gradient(m/km), RMS Gradient(m/km) - SRTM1     
# NaN NaN NaN ;Mean Elev.(m), Avg Gradient(m/km), RMS Gradient(m/km) - ASTER GDEM
#  304.468  -0.435   2.563 ;Mean Elev.(m), Avg Gradient(m/km), RMS Gradient(m/km) - GMTED2010 
  7  18.088941  -0.095636   302.064   302.219 11 52475.36645178 17.216
  8  18.101545  -0.081259   302.024   302.027 11 52510.36640604 12.199
  9  18.099483  -0.084376   303.067   303.077 10 52545.36641812 49.869
 10  18.093190  -0.091951   303.657   303.675 10 52580.36644937 40.974
 11  18.090255  -0.095152   304.368   304.353 10 52615.36641869 51.482
 12  18.101628  -0.081859   304.551   304.615 11 52650.36639406 34.872
 13  18.101673  -0.081105   302.924   302.950 11 52685.36638018 48.673
 14  18.093422  -0.091067   302.216   302.221 10 52720.36643390 51.283
 15  18.079680  -0.105480   302.334   302.347 10 52755.36646062 47.436
 16  18.096064  -0.087674   302.888   302.885 11 52790.36640522 44.734
 17  18.098816  -0.084813   302.457   302.474 10 52825.36647440 51.993
 18  18.101530  -0.080881   302.573   302.535 11 52860.36651945 18.116
 19  18.092436  -0.091665   303.007   303.014 10 52895.36655239 17.126
 20  18.091406  -0.093456   303.409   303.413 10 52930.36650168 51.832
 21  18.099916  -0.084003   303.796   303.818 11 52965.36649190 37.969
 22  18.086373  -0.099199   303.897   303.882 10 53000.36652866 51.680
 23  18.091663  -0.093458   303.073   303.066 10 53035.36647677 50.114
 24  18.095648  -0.088808   302.118   302.115 10 53070.36649533 50.902
 25  18.091487  -0.091901   301.827   301.827 10 53105.36647776 49.293
 26  18.097535  -0.086150   302.536   302.528 11 53140.36650071 51.374
 27  18.095382  -0.088632   301.535   301.527 11 53175.36653480 35.864
 28  18.092714  -0.092205   300.981   301.069 10 53210.36655376 42.436
 29  18.097551  -0.086549   302.171   302.194 10 53245.36652034 50.466
 30  18.092979  -0.092549   302.099   302.119 10 53280.36650450 50.396
 31  18.095809  -0.088213   303.319   303.319 10 53315.36652039 52.194
 32  18.100303  -0.083675   303.762   303.771 11 53350.36648514 26.315
 33  18.095339  -0.088984   303.435   303.422 11 53385.36646650 52.204
 34  18.105899  -0.077929   301.761   301.825 10 53420.36646891 34.641
 35  18.099745  -0.084621   301.748   301.770 11 53455.36647587 25.553
 36  18.086086  -0.097601   301.965   301.817 10 53490.36656359 22.636
 37  18.100634  -0.082880   302.454   302.474 11 53525.36654482 52.155
 38  18.086577  -0.097994   302.071   302.092 10 53560.36657608 49.750
 39  18.103615  -0.078581   301.796   301.824 11 53595.36651009 21.311
 40  18.088908  -0.094686   302.084   302.099 10 53630.36650702 50.917
 41  18.090337  -0.094777   302.698   302.700 10 53665.36653062 51.578
 42  18.099098  -0.084164   303.906   303.890 11 53700.36648234 51.470
 43  18.102322  -0.081078   302.990   302.985 11 53735.36640370 23.933
 44  18.103429  -0.080272   302.007   302.047 11 53770.36639234 28.294
 45  18.101047  -0.082783   302.014   302.041 11 53805.36638602 51.569
 47  18.098454  -0.084873   302.035   302.021 11 53875.36645323 51.466
 48  18.088272  -0.097222   301.907   301.916 10 53910.36650267 33.161
 49  18.084258  -0.099617   301.450   301.456 10 53945.36652354 45.964
 50  18.093498  -0.090858   301.674   301.686 11 53980.36646876 20.759
 51  18.098525  -0.084908   302.577   302.565 10 54015.36648584 51.031
 52  18.105306  -0.078817   303.225   303.207 11 54050.36648702 25.086
 53  18.096954  -0.086377   304.621   304.632 10 54085.36648071 46.282
 54  18.096489  -0.086946   303.771   303.759 10 54120.36640742 52.306
 55  18.094757  -0.089687   302.504   302.515 10 54155.36643919 50.302
 56  18.096426  -0.087348   302.305   302.328 11 54190.36640454 51.341
 57  18.094758  -0.090237   302.589   302.611 10 54225.36644958 50.682
 58  18.096703  -0.087222   302.539   302.514 11 54260.36646954 16.131
 59  18.097116  -0.087058   302.312   302.355 10 54295.36647383 45.744
 60  18.098817  -0.084920   302.629   302.627 11 54330.36646571 44.569
 61  18.096577  -0.087160   302.981   302.984 11 54365.36641072 49.185
 62  18.098208  -0.085569   303.662   303.681 11 54400.36640766 29.894
 63  18.096715  -0.087248   304.339   304.323 10 54435.36636539 49.872
 64  18.099469  -0.083912   304.506   304.505 11 54470.36639102 51.695
 65  18.096995  -0.086409   303.348   303.355 10 54505.36637901 51.022
 66  18.098390  -0.085450   302.239   302.253 11 54540.36640610 24.383
 67  18.097559  -0.085961   302.450   302.437 11 54575.36637953 49.333
 68  18.096863  -0.087118   302.135   302.120 10 54610.36639861 48.987
 69  18.095494  -0.089254   302.340   302.343 10 54645.36640679 42.595
 70  18.095483  -0.089472   301.570   301.577 10 54680.36640779 42.510
 71  18.098334  -0.085600   302.575   302.522 11 54715.36635751 17.037
 72  18.095274  -0.089212   302.746   302.764 10 54750.36637907 51.233
 73  18.097018  -0.087075   303.705   303.719 10 54785.36634695 51.887
 74  18.097093  -0.087045   304.182   304.250 10 54820.36637110 29.023
 75  18.097646  -0.086234   302.731   302.735 10 54855.36634326 49.117
 76  18.094291  -0.089135   302.711   302.700 10 54890.36637624 21.526
 77  18.094543  -0.089774   302.048   302.030 10 54925.36634242 33.587
 78  18.094700  -0.090217   302.816   302.821 10 54960.36637370 51.912
 79  18.093151  -0.090528   303.014   303.087 10 54995.36639601 28.088
 80  18.095760  -0.088590   302.288   302.300 10 55030.36638519 50.363
 81  18.097603  -0.086468   302.024   302.008 11 55065.36637505 34.914
 82  18.094386  -0.090625   302.445   302.467 10 55100.36631929 50.939
 83  18.096130  -0.088080   303.177   303.181 11 55135.36632115 50.982
 84  18.097763  -0.085668   304.038   304.034 10 55170.36628358 52.263
 85  18.096136  -0.087521   303.865   303.857 10 55205.36631420 51.439
 86  18.095310  -0.088770   303.144   303.127 10 55240.36629098 51.975
 87  18.095883  -0.087927   302.955   302.966 10 55275.36630788 43.252
 88  18.097345  -0.086579   303.574   303.603 10 55310.36627357 47.636
 89  18.097839  -0.085981   303.456   303.459 10 55345.36627651 52.088
 90  18.096566  -0.087591   302.872   302.883 11 55380.36627023 50.549
 91  18.096895  -0.087423   302.507   302.512 11 55415.36629602 16.558
 92  18.097810  -0.086564   301.933   301.962 11 55450.36628173 42.094
 93  18.097934  -0.086456   302.294   302.290 10 55485.36620683 51.756
