-320275.034    88.600     0.00    4.99
-319898.910    86.788    -4.82    5.18
-319522.787    84.324    -6.55    6.28
-319146.666    83.054    -3.38    4.88
-318770.547    82.314    -1.97    3.94
-318394.431    80.128    -5.81    6.20
-318018.316    78.949    -3.14    6.55
-317642.203    77.806    -3.04    6.66
-317266.093    75.816    -5.29    6.62
-316889.984    74.750    -2.83    7.12
-316513.878    74.447    -0.80    6.84
-316137.773    74.179    -0.71    6.67
-315761.670    74.757     1.53    5.83
-315385.570    75.237     1.28    4.80
-315009.471    74.868    -0.98    3.44
-314633.375    71.718    -8.38    6.27
-314257.280    68.595    -8.31    6.47
-313881.187    66.600    -5.30    6.45
-313505.097    65.897    -1.87    7.07
-313129.008    67.351     3.87   10.47
-312752.922    74.243    18.33   14.12
-312376.837    79.054    12.79   15.31
-312000.755    80.769     4.56   13.83
-311624.674    82.154     3.68   11.37
-311248.595    82.057    -0.26    8.88
-310872.519    81.132    -2.46    7.28
-310496.444    79.919    -3.22    5.64
-310120.371    79.278    -1.70    5.12
-309744.301    77.641    -4.35    5.05
-309368.232    72.946   -12.49    7.89
-308992.165    71.263    -4.47    7.95
-308616.100    72.684     3.78   10.13
-308240.038    79.450    17.99   11.86
-307863.977    86.243    18.06    7.19
-307487.918    86.900     1.75    6.59
-307111.861    84.692    -5.87    7.17
-306735.806    82.222    -6.57    6.61
-306359.753    82.108    -0.30    5.25
-305983.702    84.216     5.61    4.32
-305607.653    84.579     0.96    4.75
-305231.606    83.410    -3.11    6.94
-304855.561    81.056    -6.26    9.59
-304479.518    75.125   -15.77    9.35
-304103.477    74.947    -0.47    9.30
-303727.438    77.865     7.76    9.88
-303351.400    82.000    11.00    8.94
-302975.365    84.103     5.59    5.21
-302599.332    82.263    -4.89    5.37
-302223.300    79.639    -6.98    4.64
-301847.271    76.821    -7.50    4.42
-301471.243    74.135    -7.14    3.45
-301095.218    73.400    -1.96    2.46
-300719.194    73.615     0.57    2.18
-300343.172    73.686     0.19    2.03
-299967.152    73.162    -1.39    1.88
-299591.135    71.811    -3.59    2.09
-299215.119    70.263    -4.12    2.65
-298839.105    68.359    -5.06    2.75
-298463.093    66.622    -4.62    2.55
-298087.083    65.100    -4.05    2.73
-297711.074    63.538    -4.15    2.73
-297335.068    62.553    -2.62    1.91
-296959.064    61.649    -2.40    1.84
-296583.061    61.333    -0.84    1.98
-296207.061    60.769    -1.50    2.01
-295831.062    60.417    -0.94    2.09
-295455.066    59.667    -1.99    2.25
-295079.071    58.528    -3.03    2.75
-294703.078    56.846    -4.47    3.43
-294327.087    54.923    -5.11    3.79
-293951.098    53.882    -2.77    3.36
-293575.111    52.919    -2.56    4.32
-293199.126    53.622     1.87    5.88
-292823.142    54.243     1.65    7.14
-292447.161    54.684     1.17    8.10
-292071.181    54.472    -0.56    8.97
-291695.204    53.846    -1.67    8.99
-291319.228    52.821    -2.73    8.44
-290943.254    50.842    -5.26    7.19
-290567.282    49.108    -4.61    4.56
-290191.312    48.632    -1.27    3.10
-289815.344    49.000     0.98    2.36
-289439.378    49.139     0.37    1.94
-289063.413    48.564    -1.53    1.65
-288687.451    48.278    -0.76    1.50
-288311.490    48.711     1.15    1.56
-287935.532    49.000     0.77    2.03
-287559.575    49.438     1.16    1.85
-287183.620    49.243    -0.52    1.96
-286807.667    49.211    -0.09    1.83
-286431.716    48.784    -1.14    2.03
-286055.766    48.487    -0.79    3.27
-285679.819    48.405    -0.22    3.51
-285303.873    48.513     0.29    3.32
-284927.929    48.923     1.09    3.05
-284551.988    49.974     2.80    3.09
-284175.887    52.486     6.68    4.50
-283799.576    55.718     8.59    5.22
-283423.266    58.026     6.13    4.95
-283046.958    59.972     5.17    3.92
-282670.652    57.865    -5.60    5.60
-282294.347    53.135   -12.57    6.18
-281918.045    50.135    -7.97    5.16
-281541.745    47.795    -6.22    2.21
-281165.446    47.531    -0.70    1.85
-280789.149    47.974     1.18    1.48
-280412.854    47.590    -1.02    1.65
-280036.561    47.139    -1.20    1.62
-279660.270    46.821    -0.85    1.48
-279283.980    46.568    -0.67    1.44
-278907.693    46.897     0.88    1.43
-278531.407    47.421     1.39    1.57
-278155.123    47.684     0.70    1.71
-277778.841    48.000     0.84    1.51
-277402.561    47.769    -0.61    1.56
-277026.282    47.103    -1.77    1.67
-276650.006    46.722    -1.01    1.56
-276273.731    46.865     0.38    2.34
-275897.458    46.838    -0.07    3.02
-275521.187    47.054     0.57    3.27
-275144.918    46.324    -1.94    3.52
-274768.650    45.765    -1.49    3.79
-274392.385    45.000    -2.03    4.45
-274016.121    46.513     4.02    5.40
-273639.859    48.833     6.17    6.21
-273263.599    51.051     5.89    5.59
-272887.341    51.892     2.23    5.47
-272511.084    51.921     0.08    5.45
-272134.830    50.184    -4.62    6.22
-271758.577    50.205     0.06    5.60
-271382.326    49.405    -2.13    5.06
-271006.076    49.316    -0.24    4.15
-270629.829    49.425     0.29    4.14
-270253.583    49.194    -0.61    5.16
-269877.340    47.921    -3.38    6.00
-269501.098    45.946    -5.25    6.19
-269124.857    43.973    -5.24    5.59
-268748.619    42.459    -4.02    4.36
-268372.382    41.514    -2.51    2.37
-267996.147    40.949    -1.50    1.62
-267619.914    40.725    -0.59    1.47
-267243.683    40.135    -1.57    1.42
-266867.454    39.744    -1.04    1.60
-266491.226    39.054    -1.83    1.51
-266115.000    38.816    -0.63    1.83
-265738.776    38.256    -1.49    2.38
-265362.554    37.821    -1.16    2.64
-264986.333    37.306    -1.37    3.14
-264610.114    37.447     0.38    3.51
-264233.897    36.897    -1.46    4.01
-263857.682    36.111    -2.09    4.20
-263481.469    35.359    -2.00    4.26
-263105.257    33.789    -4.17    5.05
-262729.047    31.541    -5.98    5.82
-262352.839    29.514    -5.39    5.80
-261976.633    29.108    -1.08    6.01
-261600.428    29.974     2.30    6.66
-261224.225    29.925    -0.13    6.93
-260848.024    31.081     3.07    5.27
-260471.825    31.825     1.98    3.73
-260095.628    31.711    -0.30    3.07
-259719.432    32.026     0.84    2.93
-259343.238    30.703    -3.52    3.20
-258967.046    29.575    -3.00    3.66
-258590.855    27.056    -6.70    3.38
-258214.666    24.568    -6.61    3.44
-257838.479    22.447    -5.64    3.70
-257462.294    21.556    -2.37    3.63
-257086.110    21.487    -0.18    3.82
-256709.929    21.333    -0.41    4.24
-256333.749    20.417    -2.44    4.23
-255957.570    18.919    -3.98    3.74
-255581.394    17.676    -3.31    3.20
-255205.219    17.184    -1.31    2.69
-254829.046    15.975    -3.21    2.93
-254452.875    15.027    -2.52    2.79
-254076.705    14.590    -1.16    2.83
-253700.537    13.105    -3.95    2.92
-253324.371    12.132    -2.59    2.86
-252948.206    11.324    -2.15    3.06
-252572.044    10.975    -0.93    3.29
-252195.883    11.237     0.70    3.98
-251819.724    11.056    -0.48    4.08
-251443.566    10.730    -0.87    4.34
-251067.410    10.611    -0.32    4.22
-250691.256    11.154     1.44    4.13
-250315.104    12.308     3.07    3.55
-249938.953    14.353     5.44    2.96
-249562.804    16.162     4.81    2.66
-249186.657    17.054     2.37    2.62
-248810.511    18.297     3.31    3.17
-248434.367    20.256     5.21    5.10
-248058.225    21.027     2.05    6.40
-247682.085    22.308     3.40    6.68
-247305.946    22.821     1.36    6.84
-246929.809    23.000     0.48    6.05
-246553.674    22.865    -0.36    5.43
-246177.540    22.625    -0.64    5.41
-245801.408    22.026    -1.59    4.90
-245425.278    21.278    -1.99    4.56
-245049.149    21.703     1.13    3.78
-244673.022    24.306     6.92    4.79
-244296.897    25.486     3.14    4.77
-243920.774    26.026     1.43    4.19
-243544.652    26.515     1.30    4.60
-243168.532    26.132    -1.02    5.47
-242792.413    26.342     0.56    5.95
-242416.297    26.861     1.38    5.89
-242040.181    25.256    -4.27    6.64
-241664.068    23.784    -3.92    6.36
-241287.956    22.308    -3.92    5.35
-240911.846    20.436    -4.98    4.30
-240535.738    18.769    -4.43    3.88
-240159.631    16.541    -5.93    4.15
-239783.526    14.526    -5.36    4.25
-239407.423    11.949    -6.85    4.11
-239031.321     9.583    -6.29    3.89
-238655.221     8.108    -3.92    3.26
-238279.122     6.811    -3.45    2.64
-237903.026     6.865     0.14    2.98
-237526.931     6.579    -0.76    2.84
-237150.837     6.771     0.51    3.03
-236774.745     6.425    -0.92    3.05
-236398.655     6.421    -0.01    3.24
-236022.567     6.730     0.82    3.98
-235646.480     6.026    -1.87    4.00
-235270.395     5.658    -0.98    4.27
-234894.311     5.763     0.28    4.19
-234518.229     5.816     0.14    4.24
-234142.149     6.205     1.04    4.44
-233766.070     5.811    -1.05    4.34
-233389.993     4.868    -2.51    3.56
-233013.918     4.450    -1.11    2.62
-232637.844     4.257    -0.51    1.70
-232261.772     4.162    -0.25    1.28
-231885.702     3.378    -2.08    1.75
-231509.633     3.054    -0.86    2.13
-231133.566     3.216     0.43    2.29
-230757.500     4.750     4.08    3.48
-230381.436     7.675     7.78    4.65
-230005.374    10.342     7.09    4.58
-229629.313    13.865     9.37    4.61
-229253.254    17.256     9.02    4.41
-228877.197    18.921     4.43    4.22
-228501.141    19.538     1.64    4.51
-228125.087    19.135    -1.07    4.94
-227749.034    18.846    -0.77    3.95
-227372.983    20.056     3.22    4.53
-226996.933    21.105     2.79    4.58
-226620.886    22.692     4.22    5.04
-226244.840    25.562     7.63    6.94
-225868.795    28.077     6.69   10.04
-225492.752    29.703     4.32   11.24
-225116.711    30.889     3.15   11.19
-224740.671    31.973     2.88   10.18
-224364.633    34.361     6.35   10.14
-223988.596    39.895    14.72    9.21
-223612.561    42.897     7.99    7.92
-223236.528    42.432    -1.24   10.20
-222860.496    39.256    -8.45   10.69
-222484.466    36.744    -6.68   10.14
-222108.437    35.795    -2.52    8.53
-221732.410    39.108     8.81    8.76
-221356.384    40.410     3.46    9.28
-220980.361    42.459     5.45    8.43
-220604.338    46.053     9.56    7.74
-220228.318    49.053     7.98    7.02
-219852.298    51.281     5.93    6.03
-219476.281    52.000     1.91    6.16
-219100.265    52.895     2.38    6.72
-218724.250    53.730     2.22    7.08
-218348.238    51.946    -4.74    8.37
-217972.226    51.139    -2.15    9.46
-217596.217    50.868    -0.72    9.74
-217220.208    51.632     2.03    9.97
-216844.202    55.378     9.96    9.36
-216468.197    58.256     7.65   10.97
-216092.193    60.513     6.00    9.92
-215716.191    61.128     1.64    8.57
-215340.191    64.216     8.21    6.50
-214964.192    64.231     0.04    6.44
-214588.195    62.054    -5.79    8.72
-214212.199    57.368   -12.46   12.02
-213836.205    52.622   -12.62   12.57
-213460.213    50.879    -4.64   12.02
-213084.221    47.103   -10.04   13.21
-212708.232    43.947    -8.39   11.65
-212332.244    41.889    -5.47    9.47
-211956.258    38.308    -9.53    8.94
-211580.273    38.278    -0.08    9.04
-211204.289    33.462   -12.81    9.21
-210828.308    29.282   -11.12    7.43
-210452.327    25.946    -8.87    6.92
-210076.349    24.763    -3.15    7.70
-209700.371    22.897    -4.96    8.17
-209324.396    19.800    -8.24    7.83
-208948.185    16.838    -7.87    5.52
-208571.908    16.538    -0.80    6.01
-208195.632    18.974     6.47    8.69
-207819.358    21.514     6.75   10.43
-207443.086    24.351     7.54    9.53
-207066.815    22.306    -5.44    9.16
-206690.546    18.462   -10.22    7.16
-206314.278    15.950    -6.68    5.37
-205938.012    13.694    -5.99    3.70
-205561.747    11.821    -4.98    3.41
-205185.484    11.139    -1.81    5.14
-204809.222     8.947    -5.82    4.96
-204432.962     6.385    -6.81    5.32
-204056.703     4.421    -5.22    4.44
-203680.446     2.737    -4.48    2.94
-203304.190     1.703    -2.75    2.26
-202927.936     1.225    -1.27    1.14
-202551.684     0.972    -0.67    1.66
-202175.432     0.300    -1.79    1.90
-201799.183    -0.553    -2.27    2.18
-201422.935    -1.861    -3.48    2.11
-201046.688    -2.568    -1.88    1.86
-200670.443    -2.917    -0.93    1.20
-200294.199    -2.231     1.82    1.94
-199917.957    -1.175     2.81    2.22
-199541.716    -0.378     2.12    2.02
-199165.477     0.725     2.93    1.60
-198789.239     1.308     1.55    1.20
-198413.003     1.395     0.23    1.13
-198036.768     1.447     0.14    1.35
-197660.535     1.154    -0.78    1.25
-197284.303     1.053    -0.27    1.23
-196908.072     1.722     1.78    3.02
-196531.843     3.333     4.28    4.88
-196155.616     5.611     6.05    6.38
-195779.390     8.500     7.68    7.48
-195403.166    10.026     4.06    7.87
-195026.943    11.486     3.88    8.21
-194650.721     9.216    -6.03    7.39
-194274.501     5.946    -8.69    6.84
-193898.282     4.211    -4.61    6.11
-193522.065     2.744    -3.90    4.99
-193145.849     2.054    -1.83    4.04
-192769.635     2.925     2.32    5.25
-192393.422     3.692     2.04    5.61
-192017.211     4.368     1.80    6.11
-191641.001     6.595     5.92    7.08
-191264.793     9.132     6.74    8.00
-190888.586    11.667     6.74    7.58
-190512.380    14.278     6.94    6.46
-190136.176    13.385    -2.37    7.50
-189759.974    10.111    -8.70    8.55
-189383.772     6.921    -8.48    8.46
-189007.573     3.333    -9.54    5.27
-188631.374     1.688    -4.37    1.93
-188255.177     1.541    -0.39    1.74
-187878.982     1.711     0.45    1.99
-187502.788     1.541    -0.45    1.50
-187126.595     2.231     1.83    2.26
-186750.404     2.405     0.46    2.33
-186374.214     2.538     0.35    2.54
-185998.026     2.564     0.07    2.44
-185621.839     2.256    -0.82    1.63
-185245.654     2.108    -0.39    1.22
-184869.470     2.282     0.46    1.62
-184493.287     2.231    -0.14    1.69
-184117.106     2.667     1.16    2.00
-183740.926     3.974     3.47    3.18
-183364.748     5.270     3.45    3.51
-182988.571     6.243     2.59    3.28
-182612.395     7.795     4.12    3.81
-182236.221    10.156     6.28    5.35
-181860.048    14.026    10.29    7.42
-181483.877    17.692     9.75    8.78
-181107.707    20.917     8.57    9.60
-180731.539    24.051     8.33   10.03
-180355.372    26.054     5.32    9.04
-179979.206    28.692     7.01    8.14
-179603.042    30.789     5.58    6.57
-179226.879    32.789     5.32    3.74
-178850.717    32.784    -0.02    3.52
-178474.557    30.846    -5.15    4.30
-178098.398    28.205    -7.02    5.32
-177722.241    24.889    -8.82    6.88
-177346.085    20.000   -13.00    9.10
-176969.930    14.676   -14.15    8.56
-176593.777    10.649   -10.71    8.12
-176217.625     7.946    -7.19    6.13
-175841.475     8.941     2.65    6.33
-175465.326    11.821     7.65    8.39
-175089.178    14.205     6.34    9.24
-174713.032    16.611     6.40    9.49
-174336.887    19.692     8.19   10.26
-173960.743    20.500     2.15    9.57
-173584.601    21.868     3.64    7.66
-173208.460    22.447     1.54    6.71
-172832.321    22.154    -0.78    5.95
-172456.183    22.081    -0.19    7.77
-172080.046    24.289     5.87    8.59
-171703.911    23.282    -2.68    7.65
-171327.777    22.444    -2.23    5.82
-170951.644    23.184     1.97    6.14
-170575.513    25.000     4.83    9.55
-170199.383    29.027    10.71   13.55
-169823.254    30.757     4.60   12.21
-169447.127    30.278    -1.27    9.33
-169071.001    32.385     5.60    8.49
-168694.877    32.925     1.44    8.61
-168318.754    31.806    -2.98    8.00
-167942.632    32.590     2.08    9.27
-167566.511    34.658     5.50   10.42
-167190.392    33.615    -2.77    9.23
-166814.275    33.526    -0.24    7.03
-166438.158    34.256     1.94    5.33
-166062.043    38.722    11.87   12.00
-165685.929    44.000    14.03   14.00
-165309.817    47.308     8.79   14.89
-164933.706    51.600    11.41   16.04
-164557.596    57.308    15.18   16.11
-164181.487    57.816     1.35   15.24
-163805.380    57.378    -1.16   12.95
-163429.274    51.351   -16.03   14.93
-163053.170    45.417   -15.78   13.33
-162677.067    38.821   -17.54   10.77
-162300.965    32.325   -17.27   11.72
-161924.864    27.973   -11.57    9.54
-161548.765    28.923     2.53   11.41
-161172.667    33.184    11.33   16.14
-160796.571    39.763    17.49   17.64
-160420.475    43.730    10.55   15.48
-160044.381    39.400   -11.51   16.12
-159668.289    31.649   -20.61   11.48
-159292.197    26.541   -13.58    5.18
-158916.107    30.378    10.20    9.84
-158540.019    33.722     8.89   10.12
-158163.931    33.718    -0.01   11.11
-157787.845    33.179    -1.43   11.49
-157411.760    30.429    -7.31   10.46
-157035.677    29.270    -3.08    9.71
-156659.594    32.811     9.41   11.47
-156283.513    34.421     4.28   11.61
-155907.434    34.575     0.41   12.29
-155531.355    33.351    -3.25   11.99
-155155.278    31.053    -6.11   11.85
-154779.202    27.500    -9.45   11.79
-154403.128    25.282    -5.90    9.56
-154027.055    22.757    -6.71    7.19
-153650.983    22.625    -0.35    8.24
-153274.912    23.368     1.98   10.39
-152898.843    26.833     9.21   12.07
-152522.775    30.649    10.15   10.49
-152146.708    31.750     2.93    7.75
-151770.642    31.462    -0.77    6.14
-151394.578    30.000    -3.89    5.27
-151018.515    29.200    -2.13    3.23
-150642.453    30.553     3.60    5.13
-150266.392    32.730     5.79    7.53
-149890.333    35.000     6.04    8.92
-149514.275    36.282     3.41   11.66
-149138.218    38.243     5.22   13.00
-148762.163    40.077     4.88   13.84
-148386.109    39.474    -1.60   13.71
-148010.056    41.425     5.19   13.38
-147634.004    44.000     6.85   12.85
-147257.954    45.775     4.72   13.10
-146881.905    47.923     5.71   11.52
-146505.857    51.444     9.36   11.45
-146129.810    55.189     9.96   10.01
-145753.764    54.270    -2.44    9.90
-145377.720    52.216    -5.46    8.49
-145001.677    50.974    -3.30    6.11
-144625.636    47.600    -8.97    6.33
-144249.595    47.615     0.04    8.40
-143873.556    49.658     5.43    9.83
-143497.518    54.583    13.10   10.96
-143121.481    58.821    11.27    9.54
-142745.445    59.205     1.02   11.04
-142369.411    56.342    -7.61   12.23
-141993.378    50.757   -14.85   11.71
-141617.346    48.026    -7.26    9.72
-141241.316    48.784     2.02    8.25
-140865.286    51.128     6.23    8.60
-140489.258    53.525     6.37    9.07
-140113.231    54.343     2.18    8.14
-139737.205    52.730    -4.29    8.14
-139361.181    50.162    -6.83    9.06
-138985.157    47.919    -5.97    8.35
-138609.135    48.946     2.73    8.36
-138233.114    50.111     3.10    7.79
-137857.095    49.950    -0.43    8.53
-137481.076    49.462    -1.30    8.91
-137105.059    48.189    -3.38    9.34
-136729.043    46.282    -5.07    8.10
-136353.028    45.421    -2.29    7.16
-135977.014    44.333    -2.89    6.07
-135601.002    45.730     3.71    6.55
-135224.990    46.436     1.88    5.27
-134848.980    45.694    -1.97    4.55
-134472.972    47.154     3.88    4.60
-134096.934    48.949     4.77    5.93
-133720.683    50.156     3.21    6.15
-133344.434    51.838     4.47    6.08
-132968.186    51.000    -2.23    6.70
-132591.939    50.000    -2.66    7.58
-132215.694    48.158    -4.90    6.68
-131839.449    46.405    -4.66    4.69
-131463.206    47.615     3.22    6.06
-131086.964    50.821     8.52    7.90
-130710.723    54.500     9.78    9.44
-130334.483    56.895     6.36    9.54
-129958.245    56.949     0.14    9.43
-129582.007    55.385    -4.16    9.39
-129205.771    53.514    -4.97    7.49
-128829.536    54.051     1.43    6.46
-128453.302    54.297     0.65    6.27
-128077.069    55.579     3.41    5.84
-127700.838    58.105     6.71    5.11
-127324.607    57.438    -1.77    6.43
-126948.378    56.256    -3.14    8.46
-126572.150    54.342    -5.09    9.63
-126195.923    53.111    -3.27    9.35
-125819.697    54.846     4.61    9.09
-125443.473    57.028     5.80    8.69
-125067.249    56.205    -2.19    8.80
-124691.027    54.579    -4.32    9.16
-124314.806    51.730    -7.57    6.52
-123938.586    52.205     1.26    5.70
-123562.367    53.513     3.48    6.59
-123186.149    57.077     9.47    7.15
-122809.933    57.833     2.01    7.26
-122433.717    58.842     2.68    6.88
-122057.503    59.676     2.22    7.47
-121681.290    61.405     4.60    9.48
-121305.078    63.514     5.60    8.39
-120928.867    64.394     2.34    8.27
-120552.657    64.026    -0.98    8.92
-120176.449    62.842    -3.15    8.08
-119800.241    63.889     2.78    7.55
-119424.035    65.000     2.95    6.96
-119047.830    64.028    -2.58    6.75
-118671.626    64.947     2.44    6.31
-118295.423    67.205     6.00    4.83
-117919.221    68.108     2.40    4.28
-117543.020    67.605    -1.34    3.82
-117166.820    66.897    -1.88    5.07
-116790.622    66.150    -1.99    5.65
-116414.425    65.865    -0.76    4.76
-116038.228    66.487     1.65    4.92
-115662.033    67.316     2.20    4.16
-115285.839    67.243    -0.19    3.70
-114909.646    65.432    -4.81    4.02
-114533.454    64.556    -2.33    3.49
-114157.264    65.474     2.44    4.09
-113781.074    65.925     1.20    4.42
-113404.886    68.528     6.92    5.27
-113028.698    72.949    11.75    9.46
-112652.512    78.054    13.57   10.67
-112276.327    83.324    14.01    9.06
-111900.142    84.684     3.61    8.08
-111523.959    82.842    -4.90    8.47
-111147.777    78.432   -11.72    9.64
-110771.597    74.108   -11.50    8.63
-110395.417    71.275    -7.53    7.94
-110019.238    71.583     0.82    8.85
-109643.061    72.125     1.44   10.29
-109266.884    72.684     1.49   12.62
-108890.709    75.083     6.38   12.34
-108514.534    73.919    -3.10   11.44
-108138.361    71.861    -5.47    8.87
-107762.189    70.641    -3.24    8.23
-107386.018    69.000    -4.36    8.14
-107009.848    68.757    -0.65    7.83
-106633.679    67.275    -3.94    7.56
-106257.511    67.256    -0.05    6.23
-105881.344    68.447     3.17    6.73
-105505.178    71.811     8.94    7.85
-105129.013    76.872    13.45   10.18
-104752.850    77.410     1.43   11.21
-104376.687    78.417     2.68    9.63
-104000.526    74.949    -9.22   10.32
-103624.365    69.806   -13.67    5.78
-103248.206    70.256     1.20    5.37
-102872.047    72.359     5.59    5.99
-102495.890    74.000     4.36    6.29
-102119.734    74.270     0.72    8.43
-101743.579    76.811     6.75   11.37
-101367.425    77.108     0.79   11.33
-100991.271    78.538     3.80   10.18
-100615.119    77.541    -2.65    8.29
-100238.968    75.667    -4.98    6.05
 -99862.818    75.513    -0.41    4.88
 -99486.669    76.103     1.57    5.91
 -99110.522    76.378     0.73    6.12
 -98734.375    77.684     3.47    6.49
 -98358.229    76.921    -2.03    4.92
 -97982.084    78.389     3.90    6.55
 -97605.940    78.703     0.83    8.21
 -97229.797    79.351     1.72    9.52
 -96853.656    79.789     1.16    9.65
 -96477.515    81.615     4.85   10.22
 -96101.375    82.688     2.85    7.84
 -95725.237    81.816    -2.32    8.00
 -95349.099    81.763    -0.14    8.70
 -94972.962    81.730    -0.09    9.46
 -94596.827    82.821     2.90    9.08
 -94220.692    86.595    10.03    8.14
 -93844.559    86.846     0.67    8.34
 -93468.426    78.564   -22.02   13.75
 -93092.295    73.763   -12.76   13.54
 -92716.164    72.658    -2.94   13.10
 -92340.035    76.462    10.11   12.92
 -91963.906    82.605    16.33   11.24
 -91587.779    86.611    10.65    9.06
 -91211.652    83.757    -7.59   11.77
 -90835.527    81.081    -7.11   15.84
 -90459.402    77.730    -8.91   17.10
 -90083.278    72.541   -13.80   18.59
 -89707.156    69.719    -7.50   17.47
 -89331.034    69.282    -1.16   17.12
 -88954.914    68.231    -2.80   15.62
 -88578.794    73.500    14.01   14.78
 -88202.676    76.923     9.10   13.93
 -87826.558    75.757    -3.10   13.22
 -87450.442    79.158     9.04   13.59
 -87074.326    84.395    13.92   13.48
 -86698.211    85.000     1.61   14.17
 -86322.098    83.108    -5.03   15.28
 -85945.985    82.447    -1.76   14.94
 -85569.873    82.325    -0.33   12.92
 -85193.763    85.857     9.39   11.55
 -84817.653    90.568    12.52    9.97
 -84441.544    92.405     4.89    9.34
 -84065.436    90.892    -4.02   10.97
 -83689.330    85.649   -13.94   11.83
 -83313.224    81.250   -11.70    9.27
 -82937.119    80.325    -2.46    7.62
 -82561.015    82.821     6.64    8.37
 -82184.912    84.541     4.57    7.46
 -81808.810    83.205    -3.55    7.11
 -81432.709    82.421    -2.08    8.00
 -81056.609    81.868    -1.47    7.20
 -80680.510    80.703    -3.10    7.02
 -80304.411    80.231    -1.25    8.30
 -79928.314    78.111    -5.64    9.10
 -79552.218    74.921    -8.48   10.53
 -79176.122    74.513    -1.09   14.26
 -78800.028    75.118     1.61   16.14
 -78423.935    78.564     9.16   16.67
 -78047.842    78.189    -1.00   15.98
 -77671.750    76.243    -5.17   14.79
 -77295.660    77.541     3.45   13.29
 -76919.570    81.778    11.27   12.73
 -76543.481    84.026     5.98   11.25
 -76167.394    85.293     3.37    8.50
 -75791.307    83.622    -4.44   11.03
 -75415.221    81.462    -5.74   11.22
 -75039.136    83.154     4.50    9.87
 -74663.052    83.692     1.43   11.20
 -74286.968    81.579    -5.62   14.38
 -73910.886    81.077    -1.33   14.85
 -73534.805    80.324    -2.00   15.11
 -73158.724    77.324    -7.98   15.52
 -72782.645    74.649    -7.11   17.07
 -72406.566    72.529    -5.64   18.02
 -72030.489    67.897   -12.32   17.57
 -71654.412    64.026   -10.30   16.34
 -71278.336    61.600    -6.45   14.97
 -70902.261    58.216    -9.00   15.37
 -70526.187    64.056    15.53   18.61
 -70150.114    69.658    14.90   17.56
 -69774.042    69.275    -1.02   17.76
 -69397.971    65.514   -10.00   16.31
 -69021.900    63.184    -6.19   14.54
 -68645.831    62.158    -2.73   13.67
 -68269.762    62.342     0.49   14.53
 -67893.694    64.216     4.98   14.95
 -67517.628    59.750   -11.88   14.37
 -67141.562    56.730    -8.03   12.97
 -66765.497    54.919    -4.82   13.10
 -66389.433    58.405     9.27   15.61
 -66013.369    56.257    -5.71   12.15
 -65637.307    52.667    -9.55   12.26
 -65261.246    50.821    -4.91   11.27
 -64885.185    50.944     0.33    9.35
 -64509.125    57.974    18.69   16.54
 -64133.066    68.278    27.40   17.62
 -63757.009    72.027     9.97   14.52
 -63380.951    71.410    -1.64   12.90
 -63004.895    62.297   -24.23   16.25
 -62628.840    50.789   -30.60   14.69
 -62252.786    44.421   -16.93    9.81
 -61876.732    48.375    10.51   12.59
 -61500.679    58.568    27.10   18.19
 -61124.627    66.550    21.23   16.43
 -60748.576    72.538    15.92    9.94
 -60372.526    69.838    -7.18   11.99
 -59996.477    62.865   -18.54   11.85
 -59620.429    55.459   -19.69    9.85
 -59244.381    50.842   -12.28    9.66
 -58868.256    49.128    -4.56    8.73
 -58492.041    51.417     6.08    9.48
 -58115.827    55.300    10.32   10.47
 -57739.614    62.132    18.16    9.34
 -57363.402    64.028     5.04    8.51
 -56987.191    59.053   -13.22   13.18
 -56610.981    55.795    -8.66   16.03
 -56234.771    50.711   -13.51   12.88
 -55858.562    49.000    -4.55   12.74
 -55482.354    48.795    -0.55   10.44
 -55106.147    45.351    -9.15    8.85
 -54729.941    42.625    -7.25    6.69
 -54353.736    40.590    -5.41    4.37
 -53977.531    39.057    -4.07    2.42
 -53601.328    40.459     3.73    2.40
 -53225.125    41.676     3.23    3.27
 -52848.923    42.919     3.30    4.19
 -52472.722    43.447     1.40    4.98
 -52096.521    44.000     1.47    4.67
 -51720.322    43.073    -2.46    3.36
 -51344.123    42.282    -2.10    3.38
 -50967.925    41.838    -1.18    4.23
 -50591.728    40.676    -3.09    5.00
 -50215.532    37.684    -7.95    7.16
 -49839.336    38.538     2.27    6.95
 -49463.142    37.139    -3.72    8.02
 -49086.948    39.744     6.92    7.07
 -48710.755    40.444     1.86    8.60
 -48334.562    37.923    -6.70   10.55
 -47958.371    34.692    -8.59   10.23
 -47582.181    32.219    -6.58    8.81
 -47205.991    28.405   -10.14    9.03
 -46829.802    28.000    -1.08    8.65
 -46453.614    30.027     5.39    9.59
 -46077.426    33.500     9.23   10.06
 -45701.240    37.486    10.60    7.40
 -45325.054    37.667     0.48    6.75
 -44948.869    36.154    -4.02    7.68
 -44572.685    35.053    -2.93    7.44
 -44196.501    35.000    -0.14    8.48
 -43820.319    31.538    -9.20   10.16
 -43444.137    26.641   -13.02   11.84
 -43067.956    21.135   -14.64   10.59
 -42691.776    17.769    -8.95    8.01
 -42315.596    15.730    -5.42    6.70
 -41939.417    15.919     0.50    7.42
 -41563.240    18.154     5.94   10.06
 -41187.062    21.156     7.98   10.05
 -40810.886    24.821     9.74    9.44
 -40434.711    28.421     9.57    6.55
 -40058.536    29.667     3.31    4.21
 -39682.362    27.256    -6.41    4.63
 -39306.189    26.703    -1.47    4.60
 -38930.016    26.923     0.59    4.69
 -38553.844    25.342    -4.20    4.71
 -38177.673    25.243    -0.26    5.07
 -37801.503    24.842    -1.07    4.99
 -37425.334    26.564     4.58    7.27
 -37049.165    28.231     4.43    7.13
 -36672.997    29.722     3.96    6.18
 -36296.830    30.342     1.65    6.38
 -35920.664    29.568    -2.06    6.71
 -35544.498    28.676    -2.37    8.27
 -35168.333    26.676    -5.32    8.75
 -34792.169    25.333    -3.57    7.14
 -34416.006    23.718    -4.29    5.03
 -34039.843    24.615     2.39    4.59
 -33663.681    24.972     0.95    4.08
 -33287.520    24.667    -0.81    4.03
 -32911.359    25.583     2.44    4.77
 -32535.200    26.053     1.25    4.47
 -32159.041    26.051    -0.00    4.58
 -31782.883    25.079    -2.58    4.59
 -31406.725    22.270    -7.47    7.00
 -31030.568    19.282    -7.94    8.11
 -30654.412    18.775    -1.35    7.36
 -30278.257    18.081    -1.84    7.35
 -29902.103    19.184     2.93    6.80
 -29525.949    21.649     6.55    3.85
 -29149.796    22.351     1.87    5.14
 -28773.643    23.784     3.81    4.85
 -28397.492    25.829     5.44    3.43
 -28021.341    26.641     2.16    2.17
 -27645.190    26.550    -0.24    2.50
 -27269.041    26.389    -0.43    2.93
 -26892.892    26.026    -0.97    4.48
 -26516.744    25.763    -0.70    4.96
 -26140.597    25.079    -1.82    4.43
 -25764.450    24.282    -2.12    3.70
 -25388.304    24.263    -0.05    3.00
 -25012.159    24.917     1.74    2.96
 -24636.014    25.132     0.57    2.84
 -24259.871    24.821    -0.83    2.86
 -23883.727    24.057    -2.03    4.20
 -23507.585    23.077    -2.61    4.62
 -23131.443    22.316    -2.02    4.67
 -22755.302    22.784     1.24    3.43
 -22379.162    20.568    -5.89    6.29
 -22003.022    18.703    -4.96    8.50
 -21626.883    15.308    -9.03    9.61
 -21250.745    11.590    -9.88    9.83
 -20874.607    10.054    -4.08    9.45
 -20498.471     8.564    -3.96    8.51
 -20122.334     8.474    -0.24    8.43
 -19746.199     7.447    -2.73    7.71
 -19370.064     9.649     5.85    7.98
 -18993.930    11.846     5.84    8.32
 -18617.796    13.763     5.10    7.90
 -18241.663    15.472     4.54    6.79
 -17865.531    16.158     1.82    5.99
 -17489.400    13.972    -5.81    3.89
 -17113.269    13.564    -1.09    3.65
 -16737.139    12.744    -2.18    1.60
 -16361.009    12.314    -1.14    1.37
 -15984.881    12.622     0.82    1.44
 -15608.753    13.000     1.01    1.84
 -15232.625    13.297     0.79    1.75
 -14856.498    13.700     1.07    1.77
 -14480.372    13.514    -0.50    1.89
 -14104.247    13.711     0.52    1.89
 -13728.122    13.895     0.49    1.98
 -13351.998    13.949     0.14    1.79
 -12975.874    14.027     0.21    2.11
 -12599.751    13.692    -0.89    1.84
 -12223.629    13.684    -0.02    2.24
 -11847.507    14.028     0.91    2.90
 -11471.386    13.865    -0.43    4.06
 -11095.266    13.139    -1.93    6.57
 -10719.146    12.053    -2.89    7.84
 -10343.027    12.949     2.38    7.71
  -9966.909    14.688     4.62    8.00
  -9590.791    16.605     5.10    6.86
  -9214.674    16.919     0.83    6.87
  -8838.558    16.000    -2.44    7.63
  -8462.442    12.026   -10.57    8.64
  -8086.327     8.514    -9.34    9.18
  -7710.212     4.436   -10.84    7.86
  -7334.098     1.359    -8.18    2.10
  -6957.985     2.105     1.98    2.67
  -6581.872     1.784    -0.85    2.99
  -6205.760     1.263    -1.38    2.63
  -5829.649     0.846    -1.11    2.16
  -5453.538    -0.028    -2.32    0.70
  -5077.428    -0.081    -0.14    0.36
  -4701.318     0.000     0.22    0.00
  -4325.209     0.000     0.00    0.00
  -3949.101     0.026     0.07    0.16
  -3572.993    -0.029    -0.15    0.30
  -3196.886    -0.050    -0.06    0.32
  -2820.779    -0.079    -0.08    0.36
  -2444.673    -0.056     0.06    0.23
  -2068.568     0.000     0.15    0.00
  -1692.463     0.000     0.00    0.00
  -1316.359     0.000     0.00    0.00
   -940.255     0.000     0.00    0.00
   -564.152     0.000     0.00    0.00
   -188.050     0.000     0.00    0.00
    188.052     0.000     0.00    0.00
    564.153     0.000     0.00    0.00
    940.253     0.000     0.00    0.00
   1316.353     0.000     0.00    0.00
   1692.453    -0.081    -0.22    0.28
   2068.552    -0.108    -0.07    0.31
   2444.650     0.162     0.72    0.69
   2820.748     0.583     1.12    1.63
   3196.845     0.872     0.77    1.69
   3572.941     1.263     1.04    1.72
   3949.037     1.297     0.09    1.82
   4325.132     1.103    -0.52    1.37
   4701.227     1.368     0.71    1.40
   5077.321     1.667     0.79    3.26
   5453.415     2.324     1.75    4.02
   5829.508     2.026    -0.79    3.97
   6205.601     1.528    -1.32    3.12
   6581.692     1.237    -0.77    1.79
   6957.784     1.333     0.26    1.77
   7333.875     1.344     0.03    2.01
   7709.965     1.538     0.52    3.68
   8086.055     2.649     2.95    4.82
   8462.144     4.083     3.81    5.62
   8838.232     5.486     3.73    5.49
   9214.320     5.833     0.92    5.81
   9590.408     5.447    -1.03    5.74
   9966.495     4.872    -1.53    5.48
  10342.581     4.351    -1.38    5.10
  10718.667     5.872     4.04    7.05
  11094.752     8.487     6.95    8.54
  11470.837    12.795    11.45    8.89
  11846.921    14.919     5.65    6.98
  12223.005    13.846    -2.85    7.16
  12599.088    10.973    -7.64    7.37
  12975.171     9.486    -3.95    6.78
  13351.253    11.270     4.74    6.64
  13727.334    12.750     3.93    6.46
  14103.415    11.077    -4.45    6.57
  14479.496     9.711    -3.63    5.85
  14855.576     8.500    -3.22    5.10
  15231.655     8.103    -1.06    5.24
  15607.734     7.528    -1.53    5.25
  15983.812     6.000    -4.06    3.99
  16359.981     6.308     0.82    4.22
  16736.172     8.324     5.36    5.96
  17112.363    10.737     6.41    6.62
  17488.553    12.590     4.93    6.77
  17864.743    12.667     0.20    6.13
  18240.932    13.757     2.90    5.58
  18617.120    14.974     3.24    5.52
  18993.308    17.000     5.38    5.01
  19369.496    18.583     4.21    3.77
  19745.683    19.622     2.76    3.08
  20121.869    21.083     3.89    2.49
  20498.055    21.974     2.37    2.61
  20874.241    22.205     0.61    2.75
  21250.426    22.056    -0.40    2.01
  21626.610    21.462    -1.58    2.19
  22002.794    20.278    -3.15    2.54
  22378.978    20.026    -0.67    2.38
  22755.161    20.513     1.29    2.50
  23131.343    21.263     1.99    2.64
  23507.525    22.105     2.24    2.49
  23883.707    22.947     2.24    1.97
  24259.888    23.350     1.07    2.07
  24636.068    23.500     0.40    1.83
  25012.248    23.450    -0.13    1.77
  25388.428    23.316    -0.36    1.69
  25764.607    23.000    -0.84    1.77
  26140.786    23.108     0.29    1.84
  26516.964    23.611     1.34    1.86
  26893.142    24.316     1.87    1.77
  27269.319    24.525     0.56    1.85
  27645.496    24.649     0.33    1.99
  28021.672    24.925     0.73    1.93
  28397.848    25.128     0.54    2.08
  28774.023    26.053     2.46    1.51
  29150.198    26.263     0.56    1.50
  29526.372    26.231    -0.09    1.53
  29902.546    26.263     0.09    1.78
  30278.720    26.083    -0.48    1.98
  30654.893    26.077    -0.02    2.07
  31031.066    25.611    -1.24    1.98
  31407.238    25.800     0.50    1.98
  31783.409    25.436    -0.97    2.07
  32159.581    25.088    -0.92    2.01
  32535.751    24.622    -1.24    1.89
  32911.922    24.486    -0.36    2.16
  33288.092    24.378    -0.29    2.18
  33664.261    24.179    -0.53    2.82
  34040.430    24.081    -0.26    2.59
  34416.599    24.282     0.53    2.65
  34792.767    24.974     1.84    2.43
  35168.934    25.053     0.21    2.42
  35545.102    24.757    -0.79    2.80
  35921.269    24.421    -0.89    2.75
  36297.435    24.615     0.52    2.55
  36673.601    24.639     0.06    2.58
  37049.766    25.205     1.51    1.82
  37425.932    25.111    -0.25    1.65
  37802.096    25.053    -0.16    1.69
  38178.260    25.615     1.50    1.48
  38554.424    25.625     0.03    1.62
  38930.588    26.079     1.21    1.60
  39306.751    26.553     1.26    1.33
  39682.913    27.270     1.91    1.57
  40059.075    27.590     0.85    1.53
  40435.237    27.946     0.95    1.70
  40811.399    28.179     0.62    1.71
  41187.559    28.436     0.68    1.80
  41563.720    28.342    -0.25    2.21
  41939.880    28.351     0.02    2.04
  42316.040    28.615     0.70    2.53
  42692.199    28.184    -1.15    2.28
  43068.358    28.361     0.47    2.06
  43444.516    28.162    -0.53    1.86
  43820.675    27.838    -0.86    1.55
  44196.832    28.459     1.65    1.98
  44572.990    28.919     1.22    1.93
  44949.146    28.844    -0.20    1.99
  45325.303    28.769    -0.20    1.93
  45701.459    28.051    -1.91    1.85
  46077.615    27.778    -0.73    1.66
  46453.770    27.667    -0.30    1.38
  46829.925    27.432    -0.62    1.39
  47206.080    28.051     1.65    1.52
  47582.234    28.342     0.77    1.51
  47958.388    28.513     0.45    1.41
  48334.541    28.405    -0.29    1.40
  48710.694    28.205    -0.53    1.32
  49086.847    27.825    -1.01    1.39
  49462.999    27.806    -0.05    1.49
  49839.151    27.946     0.37    1.49
  50215.303    27.838    -0.29    1.54
  50591.454    27.919     0.22    1.42
  50967.605    27.865    -0.14    1.55
  51343.755    27.314    -1.46    1.69
  51719.905    27.150    -0.44    1.59
  52096.055    26.744    -1.08    1.52
  52472.205    26.811     0.18    1.37
  52848.354    26.795    -0.04    1.56
  53224.502    26.622    -0.46    1.52
  53600.651    26.632     0.03    1.28
  53976.798    26.553    -0.21    1.22
  54352.946    26.641     0.23    1.22
  54729.093    26.889     0.66    1.28
  55105.240    26.421    -1.24    1.69
  55481.387    26.513     0.24    1.65
  55857.533    26.371    -0.38    1.83
  56233.679    26.308    -0.17    1.99
  56609.824    26.351     0.12    1.77
  56985.970    26.486     0.36    1.69
  57362.115    26.378    -0.29    1.74
  57738.259    26.611     0.62    2.00
  58114.403    26.641     0.08    1.91
  58490.547    26.625    -0.04    2.13
  58866.691    26.973     0.93    2.02
  59242.834    26.615    -0.95    2.59
  59618.977    26.526    -0.24    2.84
  59995.119    26.205    -0.85    2.71
  60371.261    25.622    -1.55    3.14
  60747.403    25.333    -0.77    3.32
  61123.545    25.000    -0.89    3.35
  61499.686    24.405    -1.58    3.27
  61875.827    24.378    -0.07    2.78
  62251.968    23.771    -1.61    2.38
  62628.108    24.000     0.61    2.63
  63004.248    25.282     3.41    2.85
  63380.388    26.171     2.36    2.93
  63756.527    27.838     4.43    2.27
  64132.666    28.432     1.58    1.63
  64508.805    28.368    -0.17    1.73
  64884.943    28.400     0.08    1.69
  65261.081    28.135    -0.70    1.36
  65637.219    28.079    -0.15    1.51
  66013.357    28.184     0.28    1.63
  66389.494    28.447     0.70    1.98
  66765.631    28.703     0.68    2.33
  67141.768    28.975     0.72    2.20
  67517.904    29.289     0.84    2.01
  67894.040    29.676     1.03    1.25
  68270.176    30.000     0.86    1.18
  68646.311    30.371     0.99    1.24
  69022.447    30.513     0.38    1.34
  69398.581    30.513     0.00    1.41
  69774.716    30.171    -0.91    1.56
  70150.850    29.946    -0.60    1.58
  70526.985    29.919    -0.07    1.64
  70903.118    30.111     0.51    1.53
  71279.252    29.974    -0.36    1.42
  71655.385    29.811    -0.43    1.41
  72031.518    28.385    -3.79    2.52
  72407.651    26.789    -4.24    2.59
  72783.783    25.385    -3.74    2.36
  73159.915    25.757     0.99    2.94
  73536.047    27.775     5.37    3.98
  73912.179    30.308     6.73    3.72
  74288.310    32.500     5.83    2.47
  74664.441    33.730     3.27    2.10
  75040.572    34.054     0.86    1.93
  75416.703    33.946    -0.29    1.63
  75792.833    33.769    -0.47    1.74
  76168.963    33.686    -0.22    1.66
  76545.093    32.923    -2.03    1.97
  76921.223    32.868    -0.15    2.09
  77297.352    32.361    -1.35    1.62
  77673.481    31.974    -1.03    1.48
  78049.610    31.921    -0.14    1.28
  78425.739    32.000     0.21    1.12
  78801.867    32.342     0.91    1.19
  79177.995    33.077     1.95    1.44
  79554.123    33.892     2.17    1.20
  79930.251    34.128     0.63    1.10
  80306.378    34.050    -0.21    1.55
  80682.505    33.943    -0.28    1.64
  81058.632    33.649    -0.78    1.64
  81434.759    33.297    -0.93    1.68
  81810.885    33.108    -0.50    1.37
  82187.012    32.243    -2.30    1.38
  82563.138    32.333     0.24    1.60
  82939.263    32.925     1.57    1.95
  83315.389    33.410     1.29    2.00
  83691.514    33.703     0.78    2.04
  84067.639    33.526    -0.47    2.27
  84443.764    32.684    -2.24    2.16
  84819.889    32.718     0.09    2.26
  85196.014    33.459     1.97    2.34
  85572.138    34.077     1.64    2.02
  85948.262    34.278     0.53    1.56
  86324.386    34.205    -0.19    1.54
  86700.509    34.154    -0.14    1.33
  87076.633    34.344     0.50    1.23
  87452.756    34.568     0.60    1.24
  87828.879    34.973     1.08    1.30
  88205.002    35.351     1.01    1.53
  88581.125    35.649     0.79    1.48
  88957.247    35.861     0.56    1.38
  89333.369    35.692    -0.45    1.52
  89709.491    35.128    -1.50    1.92
  90085.613    35.054    -0.20    2.37
  90461.735    34.658    -1.05    2.53
  90837.856    33.744    -2.43    2.99
  91213.983    33.000    -1.98    2.61
  91590.142    33.135     0.36    2.38
  91966.301    33.846     1.89    2.56
  92342.460    35.162     3.50    1.85
  92718.618    35.947     2.09    1.72
  93094.777    36.459     1.36    1.66
  93470.935    36.906     1.19    1.51
  93847.093    38.051     3.04    1.23
  94223.251    38.711     1.75    1.23
  94599.409    38.833     0.33    1.30
  94975.566    39.385     1.47    1.33
  95351.724    39.556     0.45    1.36
  95727.881    39.359    -0.52    1.48
  96104.038    39.342    -0.04    2.04
  96480.195    39.162    -0.48    1.77
  96856.352    38.947    -0.57    1.77
  97232.508    38.821    -0.34    1.64
  97608.664    39.000     0.48    1.62
  97984.821    38.889    -0.30    1.35
  98360.977    39.436     1.45    1.47
  98737.133    39.895     1.22    1.48
  99113.289    39.946     0.14    1.49
  99489.444    40.378     1.15    1.44
  99865.600    40.257    -0.32    1.38
 100241.755    40.487     0.61    1.57
 100617.910    40.475    -0.03    1.43
 100994.065    40.778     0.80    1.51
 101370.220    41.000     0.59    1.52
 101746.375    40.972    -0.07    1.40
 102122.530    41.026     0.14    1.28
 102498.684    40.872    -0.41    1.20
 102874.838    41.053     0.48    1.11
 103250.993    41.237     0.49    1.34
 103627.147    41.447     0.56    1.35
 104003.301    41.550     0.27    1.38
 104379.455    41.432    -0.31    1.37
 104755.608    41.350    -0.22    1.48
 105131.762    41.053    -0.79    1.45
 105507.915    40.811    -0.64    1.52
 105884.069    40.459    -0.93    1.68
 106260.222    39.889    -1.52    1.83
 106636.375    39.897     0.02    1.71
 107012.528    40.250     0.94    1.68
 107388.681    40.676     1.13    1.70
 107764.834    40.500    -0.47    1.88
 108140.986    40.158    -0.91    2.01
 108517.139    39.921    -0.63    1.82
 108893.291    39.553    -0.98    1.77
 109269.444    39.667     0.30    1.72
 109645.596    39.649    -0.05    1.48
 110021.748    39.083    -1.50    1.46
 110397.900    38.744    -0.90    1.43
 110774.052    38.278    -1.24    1.45
 111150.204    38.000    -0.74    1.41
 111526.355    38.256     0.68    1.82
 111902.507    38.714     1.22    1.74
 112278.658    38.946     0.62    1.54
 112654.810    39.378     1.15    1.48
 113030.961    38.919    -1.22    1.62
 113407.112    38.410    -1.35    1.80
 113783.264    38.135    -0.73    1.83
 114159.415    38.000    -0.36    1.99
 114535.566    38.256     0.68    1.86
 114911.717    38.763     1.35    1.82
 115287.868    39.297     1.42    1.93
 115664.018    39.308     0.03    1.67
 116040.169    39.395     0.23    1.75
 116416.320    39.222    -0.46    1.99
 116792.470    38.316    -2.41    1.93
 117168.621    38.139    -0.47    1.84
 117544.771    37.895    -0.65    1.77
 117920.921    38.026     0.35    1.66
 118297.072    38.188     0.43    1.69
 118673.222    37.676    -1.36    1.76
 119049.372    37.108    -1.51    1.93
 119425.522    36.514    -1.58    1.45
 119801.672    36.256    -0.68    1.77
 120177.822    35.973    -0.75    1.83
 120553.972    36.154     0.48    1.77
 120930.122    35.744    -1.09    1.73
 121306.272    35.051    -1.84    1.88
 121682.421    34.541    -1.36    1.89
 122058.571    33.744    -2.12    1.74
 122434.721    33.053    -1.84    1.92
 122810.870    32.556    -1.32    1.90
 123187.020    32.000    -1.48    1.49
 123563.169    31.556    -1.18    1.42
 123939.319    31.216    -0.90    1.46
 124315.468    30.872    -0.92    1.54
 124691.618    30.375    -1.32    1.31
 125067.767    30.436     0.16    1.33
 125443.916    30.474     0.10    1.41
 125820.066    30.833     0.96    1.80
 126196.215    31.410     1.53    1.76
 126572.364    31.919     1.35    1.79
 126948.513    33.282     3.62    2.78
 127324.662    34.447     3.10    2.97
 127700.812    35.795     3.58    3.15
 128076.961    36.838     2.77    2.47
 128453.110    37.211     0.99    2.22
 128829.259    37.700     1.30    2.26
 129205.408    38.333     1.68    2.24
 129581.557    39.054     1.92    2.15
 129957.706    39.811     2.01    1.78
 130333.855    40.622     2.16    1.62
 130710.004    41.378     2.01    1.60
 131086.153    41.971     1.58    1.15
 131462.302    42.050     0.21    1.36
 131838.451    42.237     0.50    1.44
 132214.600    42.432     0.52    1.66
 132590.749    42.590     0.42    1.73
 132966.898    42.632     0.11    1.76
 133343.047    42.206    -1.13    1.74
 133719.196    42.000    -0.55    1.87
