-232804.848   329.664     0.00    4.65
-232428.445   329.585    -0.21    4.95
-232052.046   329.096    -1.30    4.89
-231675.650   326.595    -6.65    6.93
-231299.258   322.417   -11.10    9.18
-230922.870   317.455   -13.19    8.61
-230546.485   313.703    -9.97    5.76
-230170.104   312.634    -2.84    5.33
-229793.726   312.891     0.68    6.03
-229417.352   314.039     3.05    7.57
-229040.981   317.634     9.55    9.48
-228664.614   320.506     7.63   10.36
-228288.250   323.737     8.58    9.23
-227911.890   326.499     7.34    7.81
-227535.534   328.506     5.33    6.07
-227159.181   329.417     2.42    5.53
-226782.831   330.200     2.08    6.18
-226406.485   329.068    -3.01    7.78
-226030.143   325.741    -8.84    9.78
-225653.804   320.583   -13.71   10.61
-225277.469   317.331    -8.64    8.90
-224901.137   314.499    -7.53    7.47
-224524.809   315.331     2.21    8.39
-224148.484   316.564     3.28    8.91
-223772.163   315.910    -1.74    7.28
-223395.845   317.947     5.41    8.64
-223019.531   321.147     8.50   11.31
-222643.220   328.634    19.90   23.32
-222266.913   332.429    10.09   27.15
-221890.609   328.814    -9.61   21.25
-221514.309   319.526   -24.68   18.52
-221138.012   311.422   -21.54   12.19
-220761.719   305.796   -14.95    9.97
-220385.429   300.823   -13.22    6.30
-220009.143   299.282    -4.09    6.09
-219632.860   297.088    -5.83    3.76
-219256.581   297.275     0.50    5.50
-218880.305   296.686    -1.57    4.59
-218504.033   296.336    -0.93    3.59
-218127.765   296.305    -0.08    4.48
-217751.499   297.064     2.02    5.46
-217375.238   297.674     1.62    6.14
-216998.979   296.372    -3.46    5.50
-216622.725   295.526    -2.25    4.09
-216246.473   293.865    -4.41    2.97
-215870.226   292.937    -2.47    3.06
-215493.981   291.831    -2.94    3.31
-215117.740   290.931    -2.39    2.98
-214741.503   291.272     0.91    5.07
-214365.269   293.282     5.34    7.25
-213989.039   295.282     5.32    8.78
-213612.812   295.904     1.65    8.84
-213236.588   295.290    -1.63    6.90
-212860.368   294.686    -1.61    5.73
-212484.152   295.686     2.66    6.17
-212107.939   296.508     2.19    6.03
-211731.729   297.823     3.49    5.41
-211355.523   297.897     0.20    5.54
-210979.320   296.437    -3.88    4.79
-210603.121   299.172     7.27    7.22
-210226.925   302.499     8.84    8.02
-209850.733   307.122    12.29    7.84
-209474.544   307.937     2.17    7.34
-209098.359   304.916    -8.03    7.75
-208722.177   305.228     0.83    9.46
-208345.998   308.972     9.95   11.31
-207969.823   315.700    17.89   10.59
-207593.651   319.688    10.60    9.38
-207217.483   323.390     9.84   10.02
-206841.318   324.342     2.53   10.64
-206465.157   327.352     8.00   10.56
-206088.999   332.122    12.68   15.85
-205712.845   338.119    15.95   24.91
-205336.694   345.093    18.54   24.89
-204960.546   345.607     1.37   24.15
-204584.402   346.647     2.77   22.60
-204208.261   344.072    -6.85   13.51
-203832.124   342.769    -3.47   10.31
-203455.990   344.016     3.31    9.20
-203079.859   341.305    -7.21    9.66
-202703.732   341.993     1.83   10.27
-202327.608   341.742    -0.67    8.48
-201951.488   337.622   -10.95    9.25
-201575.371   333.621   -10.64    9.44
-201199.258   330.390    -8.59    6.94
-200823.148   327.634    -7.33    6.03
-200447.041   325.147    -6.61    8.05
-200070.938   321.122   -10.70   10.19
-199694.838   315.455   -15.07    8.31
-199318.742   313.925    -4.07    6.98
-198942.649   313.796    -0.34    6.05
-198566.559   317.417     9.63    8.24
-198190.473   326.120    23.14   12.13
-197814.390   331.997    15.63   11.86
-197438.311   337.634    14.99   11.96
-197062.235   342.016    11.65   13.25
-196686.162   340.726    -3.43   13.24
-196310.093   340.865     0.37   14.34
-195934.027   349.877    23.96   23.11
-195557.965   362.197    32.76   27.78
-195181.906   372.726    28.00   27.46
-194805.850   370.869    -4.94   31.13
-194429.797   360.580   -27.36   36.87
-194053.749   339.981   -54.78   33.46
-193677.703   321.096   -50.22   16.78
-193301.661   313.122   -21.21    7.75
-192925.622   314.508     3.69    7.98
-192549.586   321.093    17.51   11.23
-192173.554   327.985    18.33   11.36
-191797.526   332.228    11.28   10.11
-191421.500   331.797    -1.15   10.78
-191045.478   329.769    -5.39   11.67
-190669.460   328.481    -3.43   10.39
-190293.444   326.174    -6.14    9.12
-189917.432   325.198    -2.59    8.92
-189541.424   322.877    -6.17    6.35
-189165.419   321.196    -4.47    5.25
-188789.417   322.516     3.51    5.97
-188413.418   324.425     5.08    6.83
-188037.423   328.526    10.91    9.89
-187661.431   332.786    11.33    9.98
-187285.443   338.019    13.92   12.71
-186909.458   343.557    14.73   14.00
-186533.476   346.290     7.27   14.02
-186157.497   347.275     2.62   13.47
-185781.522   351.309    10.73   14.54
-185405.551   352.634     3.52   14.34
-185029.582   355.814     8.46   15.53
-184653.617   358.688     7.64   15.93
-184277.655   361.173     6.61   14.28
-183901.697   364.331     8.40   14.88
-183525.742   364.814     1.28   16.37
-183149.790   368.688    10.30   20.69
-182773.841   368.806     0.31   24.48
-182397.896   368.609    -0.52   26.31
-182021.954   371.036     6.46   26.14
-181646.016   371.093     0.15   26.41
-181270.081   374.120     8.05   29.54
-180894.149   379.788    15.08   29.67
-180518.220   382.763     7.91   30.09
-180142.295   383.661     2.39   27.74
-179766.373   382.557    -2.94   27.58
-179390.454   385.174     6.96   30.66
-179014.539   397.715    33.36   36.99
-178638.627   399.660     5.17   39.15
-178262.718   402.489     7.53   38.99
-177886.813   408.122    14.98   40.54
-177510.911   414.989    18.27   46.13
-177135.012   423.397    22.37   51.42
-176759.116   434.796    30.33   48.26
-176383.224   427.172   -20.28   46.48
-176007.335   418.506   -23.05   37.63
-175631.450   408.814   -25.79   22.70
-175255.567   399.958   -23.56   23.51
-174879.688   388.661   -30.06   26.66
-174503.812   383.532   -13.65   27.54
-174127.940   377.481   -16.10   31.11
-173752.071   376.536    -2.51   32.03
-173376.205   380.609    10.84   37.77
-173000.342   380.726     0.31   38.07
-172624.483   382.147     3.78   35.66
-172248.627   388.250    16.24   37.07
-171872.774   397.121    23.60   35.02
-171496.924   411.711    38.82   36.16
-171121.078   429.516    47.37   34.07
-170745.235   448.547    50.64   33.69
-170369.395   469.445    55.60   33.10
-169993.558   473.806    11.60   27.38
-169617.725   478.378    12.17   22.38
-169241.895   476.481    -5.05   18.94
-168866.069   471.634   -12.90   13.56
-168490.245   471.093    -1.44    9.98
-168114.425   474.542     9.18   11.73
-167738.608   477.506     7.89   13.80
-167362.794   479.953     6.51   14.83
-166986.984   481.583     4.34   14.50
-166611.176   480.700    -2.35   13.98
-166235.372   484.008     8.80    9.97
-165859.572   483.814    -0.52    6.74
-165483.774   483.506    -0.82    7.97
-165107.980   482.122    -3.68    8.78
-164732.189   479.752    -6.30   12.19
-164356.401   479.422    -0.88   12.78
-163980.617   474.904   -12.02   11.23
-163604.835   470.822   -10.86   10.77
-163229.057   466.891   -10.46   11.48
-162853.282   461.953   -13.14   10.70
-162477.511   458.012   -10.49    8.14
-162101.742   458.796     2.09   11.53
-161725.977   458.884     0.23   11.49
-161350.215   458.455    -1.14   11.37
-160974.457   455.634    -7.51    7.19
-160598.372   454.822    -2.16    8.93
-160221.973   454.963     0.37   10.30
-159845.577   457.147     5.80   11.68
-159469.185   461.224    10.83   15.80
-159092.796   467.429    16.49   17.08
-158716.410   475.942    22.62   20.53
-158340.027   482.674    17.89   21.75
-157963.648   486.197     9.36   18.55
-157587.272   481.674   -12.02   18.01
-157210.899   474.347   -19.47   16.25
-156834.529   467.404   -18.45   13.07
-156458.162   461.731   -15.07   11.87
-156081.799   458.012    -9.88    8.71
-155705.439   456.580    -3.81    6.88
-155329.082   456.715     0.36    6.31
-154952.728   456.224    -1.30    7.54
-154576.377   454.842    -3.67    8.81
-154200.030   450.865   -10.57   10.28
-153823.686   447.674    -8.48   11.47
-153447.345   445.796    -4.99   12.82
-153071.007   441.122   -12.42   13.74
-152694.673   435.752   -14.27   12.83
-152318.341   432.634    -8.29    9.27
-151942.013   430.042    -6.89    8.58
-151565.688   430.173     0.35    8.82
-151189.366   428.066    -5.60    9.71
-150813.048   424.224   -10.21   12.16
-150436.732   415.972   -21.93   15.12
-150060.420   410.647   -14.15   13.70
-149684.111   402.580   -21.44   11.54
-149307.805   398.039   -12.07    9.78
-148931.502   394.526    -9.34    8.68
-148555.203   391.595    -7.79    7.23
-148178.906   392.204     1.62    9.46
-147802.613   390.572    -4.34   10.08
-147426.323   393.042     6.56   10.70
-147050.036   398.499    14.50   13.35
-146673.752   397.250    -3.32   14.38
-146297.472   394.252    -7.97   15.92
-145921.194   390.463   -10.07   16.02
-145544.920   382.042   -22.38    8.93
-145168.649   377.737   -11.44   11.08
-144792.381   373.066   -12.41   11.27
-144416.116   369.455    -9.60   10.20
-144039.855   366.322    -8.33    9.79
-143663.596   367.175     2.27   12.19
-143287.341   368.228     2.80   14.21
-142911.089   369.039     2.16   14.23
-142534.840   368.336    -1.87   13.69
-142158.594   367.526    -2.16   12.24
-141782.351   367.433    -0.25   10.70
-141406.112   366.922    -1.36   11.37
-141029.875   365.752    -3.11   11.75
-140653.642   365.066    -1.82   12.24
-140277.412   362.609    -6.53   11.74
-139901.185   360.147    -6.54   10.88
-139524.961   360.752     1.61   10.79
-139148.740   362.858     5.60   13.76
-138772.522   365.865     7.99   18.38
-138396.308   372.904    18.71   22.24
-138020.096   382.542    25.62   26.14
-137643.888   387.547    13.30   25.15
-137267.683   386.090    -3.87   20.60
-136891.481   383.201    -7.68   18.41
-136515.282   373.012   -27.09   13.02
-136139.086   370.228    -7.40   12.03
-135762.894   371.553     3.52   14.17
-135386.704   372.453     2.39   15.07
-135010.518   372.572     0.32   15.21
-134634.334   374.621     5.45   15.53
-134258.154   373.201    -3.77   13.90
-133881.977   378.275    13.49   15.06
-133505.803   381.147     7.63   14.58
-133129.632   379.711    -3.82   14.21
-132753.464   376.674    -8.08   16.89
-132377.299   371.506   -13.74   14.08
-132001.138   370.508    -2.65   13.41
-131624.979   377.226    17.86   22.11
-131248.824   384.072    18.20   22.78
-130872.671   385.947     4.98   19.94
-130496.522   393.019    18.80   17.62
-130120.376   393.985     2.57   17.12
-129744.233   388.445   -14.73   18.38
-129368.093   385.039    -9.05   17.79
-128991.956   382.397    -7.02   15.32
-128615.822   382.096    -0.80   15.80
-128239.691   386.072    10.57   17.58
-127863.563   388.700     6.99   18.10
-127487.439   391.198     6.64   16.97
-127111.317   389.916    -3.41   17.94
-126735.199   385.019   -13.02   21.44
-126359.083   375.445   -25.46   24.10
-125982.971   366.224   -24.52   25.38
-125606.862   355.175   -29.38   21.11
-125230.755   350.121   -13.44   18.98
-124854.652   350.327     0.55   20.11
-124478.552   345.461   -12.94   11.78
-124102.455   343.019    -6.49   11.58
-123726.361   341.039    -5.26   10.08
-123350.270   339.580    -3.88    9.90
-122974.182   338.904    -1.80    9.01
-122598.097   340.369     3.90    9.90
-122222.016   343.634     8.68   13.51
-121845.937   347.659    10.70   15.43
-121469.861   351.526    10.28   16.70
-121093.789   358.247    17.87   17.42
-120717.719   360.884     7.01   15.46
-120341.653   358.814    -5.50   14.40
-119965.589   354.858   -10.52   15.00
-119589.529   348.583   -16.69   15.69
-119213.471   340.786   -20.73    7.65
-118837.417   338.358    -6.46    5.58
-118461.365   341.634     8.71    8.49
-118085.317   345.947    11.47   12.49
-117709.272   351.763    15.46   15.87
-117333.230   359.700    21.11   18.30
-116957.190   362.363     7.08   19.96
-116581.154   363.796     3.81   18.93
-116205.121   362.258    -4.09   15.20
-115829.091   366.737    11.91   14.39
-115453.064   371.659    13.09   16.32
-115077.039   378.877    19.19   21.54
-114701.018   383.455    12.18   22.48
-114325.000   389.674    16.54   28.67
-113948.985   400.660    29.22   34.27
-113572.973   409.634    23.87   33.83
-113196.964   414.301    12.41   29.78
-112820.958   414.201    -0.27   25.46
-112444.955   402.580   -30.91   21.84
-112068.955   392.093   -27.89   11.01
-111692.958   394.519     6.45   12.43
-111316.964   398.737    11.22   12.03
-110940.972   407.634    23.66   15.11
-110564.984   419.036    30.33   19.44
-110188.999   429.580    28.04   18.75
-109813.017   438.619    24.04   14.57
-109437.038   445.305    17.78   14.01
-109061.062   453.997    23.12   20.03
-108685.089   464.093    26.85   22.73
-108309.119   478.250    37.65   21.67
-107933.152   490.700    33.12   20.68
-107557.187   493.016     6.16   18.47
-107181.226   495.769     7.32   22.08
-106805.268   492.997    -7.37   23.71
-106429.313   485.796   -19.16   19.39
-106053.361   478.634   -19.05   19.55
-105677.411   468.553   -26.82   21.59
-105301.465   456.261   -32.69   23.72
-104925.522   445.147   -29.56   25.27
-104549.581   431.942   -35.13   25.54
-104173.644   425.201   -17.93   20.46
-103797.709   422.390    -7.48   16.24
-103421.778   418.703    -9.81   16.06
-103045.849   416.489    -5.89   16.12
-102669.924   410.897   -14.88   17.25
-102294.001   407.093   -10.12   20.15
-101918.081   405.173    -5.11   18.93
-101542.165   402.121    -8.12   18.15
-101166.251   396.463   -15.05   19.26
-100790.340   385.174   -30.03   16.62
-100414.432   374.772   -27.67   17.66
-100038.527   367.201   -20.14   15.06
 -99662.626   364.796    -6.40   14.71
 -99286.726   365.877     2.88   14.38
 -98910.830   376.261    27.63   17.35
 -98534.937   386.173    26.37   19.80
 -98159.047   391.404    13.92   19.49
 -97783.160   390.758    -1.72   18.53
 -97407.275   387.147    -9.61   18.86
 -97031.394   385.036    -5.62   21.51
 -96655.516   389.200    11.08   20.72
 -96279.640   382.922   -16.70   20.35
 -95903.767   378.769   -11.05   19.86
 -95527.898   375.910    -7.61   16.26
 -95152.031   366.805   -24.23   16.68
 -94776.167   368.763     5.21   19.38
 -94400.306   374.147    14.33   22.45
 -94024.448   376.897     7.32   23.80
 -93648.593   383.621    17.89   22.54
 -93272.741   387.715    10.89   20.19
 -92896.892   392.066    11.58   20.33
 -92521.045   392.869     2.14   21.42
 -92145.202   397.301    11.79   22.20
 -91769.361   402.224    13.10   24.00
 -91393.524   405.147     7.78   25.58
 -91017.689   402.989    -5.74   26.66
 -90641.857   397.481   -14.66   28.90
 -90266.028   387.674   -26.09   29.58
 -89890.202   369.019   -49.64   23.44
 -89514.379   355.931   -34.83   24.90
 -89138.559   343.674   -32.62   24.92
 -88762.742   333.595   -26.82   15.81
 -88386.927   330.947    -7.04   15.85
 -88011.116   320.390   -28.09   24.98
 -87635.307   309.993   -27.67   31.47
 -87259.501   303.532   -17.19   29.40
 -86883.698   301.201    -6.20   27.93
 -86507.898   308.120    18.41   30.81
 -86132.101   325.619    46.57   32.79
 -85756.307   328.224     6.93   36.60
 -85380.004   319.275   -23.78   38.08
 -85003.633   308.314   -29.12   38.54
 -84627.264   302.198   -16.25   32.73
 -84250.899   297.231   -13.20   33.12
 -83874.537   297.228    -0.01   32.26
 -83498.177   280.224   -45.18   44.48
 -83121.820   247.752   -86.28   48.39
 -82745.467   210.647   -98.59   37.90
 -82369.116   190.358   -53.91   17.55
 -81992.768   184.822   -14.71   11.77
 -81616.422   182.174    -7.04   14.20
 -81240.080   180.747    -3.79   15.01
 -80863.740   175.993   -12.63   13.24
 -80487.404   174.877    -2.97   13.58
 -80111.070   173.904    -2.59   14.05
 -79734.739   166.742   -19.03   16.79
 -79358.411   163.726    -8.01   15.32
 -78982.086   158.250   -14.55   13.76
 -78605.764   155.397    -7.58   12.33
 -78229.444   154.814    -1.55   14.21
 -77853.128   151.779    -8.07   12.28
 -77476.814   151.647    -0.35   11.22
 -77100.503   152.660     2.69   11.03
 -76724.195   152.609    -0.14   10.08
 -76347.890   151.686    -2.45   10.30
 -75971.587   150.910    -2.06   10.58
 -75595.288   156.222    14.12   14.83
 -75218.991   165.823    25.51   18.19
 -74842.697   172.772    18.47   16.56
 -74466.406   179.096    16.81   12.11
 -74090.118   180.119     2.72   14.70
 -73713.833   183.201     8.19   14.89
 -73337.550   185.580     6.32   16.13
 -72961.270   186.309     1.94   12.46
 -72584.994   186.198    -0.29   11.52
 -72208.719   191.174    13.22   13.87
 -71832.448   197.096    15.74   15.48
 -71456.180   205.674    22.80   16.10
 -71079.914   207.147     3.92   16.36
 -70703.652   206.481    -1.77   16.58
 -70327.392   203.275    -8.52   18.76
 -69951.135   196.410   -18.25   16.74
 -69574.880   193.336    -8.17   17.66
 -69198.629   194.557     3.25   16.35
 -68822.380   190.039   -12.01   17.06
 -68446.134   188.660    -3.67   18.16
 -68069.891   188.772     0.30   16.76
 -67693.651   186.592    -5.80   21.26
 -67317.413   186.499    -0.25   16.01
 -66941.179   187.499     2.66   18.03
 -66564.947   186.445    -2.80   17.55
 -66188.718   188.963     6.69   18.58
 -65812.492   186.508    -6.52   17.98
 -65436.268   176.447   -26.74   20.68
 -65060.047   169.910   -17.38   20.71
 -64683.830   163.850   -16.11   19.37
 -64307.614   162.916    -2.48   16.98
 -63931.402   167.279    11.60   18.31
 -63555.193   171.410    10.98   15.85
 -63178.986   173.884     6.58   15.71
 -62802.782   176.891     7.99   16.38
 -62426.581   183.228    16.85   18.89
 -62050.382   190.532    19.41   25.86
 -61674.187   186.197   -11.52   31.34
 -61297.994   183.519    -7.12   32.43
 -60921.804   179.445   -10.83   28.99
 -60545.617   169.850   -25.51   19.09
 -60169.432   169.282    -1.51   19.55
 -59793.250   167.715    -4.17   18.48
 -59417.071   162.897   -12.81   18.30
 -59040.895   170.747    20.87   26.38
 -58664.722   170.122    -1.66   26.42
 -58288.551   166.715    -9.06   26.53
 -57912.383   160.968   -15.28   25.35
 -57536.218   155.384   -14.84   17.43
 -57160.055   165.096    25.82   25.38
 -56783.896   173.769    23.06   26.49
 -56407.739   178.763    13.28   27.19
 -56031.585   180.647     5.01   30.90
 -55655.433   177.788    -7.60   28.58
 -55279.285   175.097    -7.15   25.06
 -54903.139   174.294    -2.13   21.95
 -54526.996   176.121     4.86   19.26
 -54150.855   177.445     3.52   12.82
 -53774.717   178.201     2.01   10.59
 -53398.582   179.012     2.16   16.67
 -53022.450   182.508     9.30   27.13
 -52646.321   191.224    23.17   37.35
 -52270.194   200.070    23.52   39.36
 -51894.070   201.200     3.00   33.51
 -51517.949   200.200    -2.66   27.31
 -51141.830   199.455    -1.98   27.04
 -50765.714   207.198    20.59   27.58
 -50389.601   211.526    11.50   24.99
 -50013.491   217.788    16.65   21.41
 -49637.383   223.925    16.32   18.13
 -49261.278   218.542   -14.31   18.51
 -48885.176   216.042    -6.65   19.94
 -48509.076   208.835   -19.16   23.93
 -48132.980   203.301   -14.71   23.98
 -47756.886   206.363     8.14   25.76
 -47380.794   222.897    43.96   30.66
 -47004.705   240.201    46.01   20.17
 -46628.620   249.314    24.23   20.29
 -46252.536   272.279    61.06   38.47
 -45876.456   297.763    67.76   52.29
 -45500.378   335.120    99.34   45.62
 -45124.303   355.968    55.43   33.64
 -44748.230   348.250   -20.52   39.45
 -44372.161   318.763   -78.41   42.72
 -43996.093   295.715   -61.29   30.62
 -43620.029   291.481   -11.26   26.49
 -43243.967   284.715   -17.99   21.20
 -42867.908   283.417    -3.45   22.26
 -42491.852   282.200    -3.24   22.17
 -42115.799   284.178     5.26   25.68
 -41739.748   300.045    42.19   32.97
 -41363.699   308.147    21.55   26.71
 -40987.654   301.823   -16.82   21.50
 -40611.611   288.742   -34.79   16.80
 -40235.571   289.425     1.82   17.85
 -39859.533   293.489    10.81   18.32
 -39483.498   299.297    15.45   16.52
 -39107.466   299.823     1.40   14.98
 -38731.437   294.147   -15.09   17.34
 -38355.410   286.070   -21.48   17.66
 -37979.386   277.198   -23.59   17.51
 -37603.364   270.201   -18.61   17.68
 -37227.345   264.481   -15.21   16.76
 -36851.329   256.688   -20.72   12.27
 -36475.316   256.553    -0.36   11.10
 -36099.305   259.445     7.69   13.28
 -35723.297   267.553    21.57   16.26
 -35347.291   268.404     2.26   20.32
 -34971.288   270.305     5.06   23.14
 -34595.288   272.119     4.83   24.39
 -34219.290   268.568    -9.44   28.90
 -33843.295   264.147   -11.76   31.60
 -33467.303   263.542    -1.61   36.89
 -33091.313   260.942    -6.91   34.46
 -32715.326   255.634   -14.12   27.28
 -32339.342   247.016   -22.92   24.79
 -31963.360   239.173   -20.86   23.56
 -31587.381   228.497   -28.39   16.71
 -31211.405   220.904   -20.20   10.45
 -30835.431   219.697    -3.21   10.61
 -30459.460   215.904   -10.09    9.50
 -30083.491   215.390    -1.37   10.31
 -29707.525   217.309     5.10   14.72
 -29331.562   213.604    -9.85   13.93
 -28955.601   216.532     7.79   16.16
 -28579.643   220.660    10.98   20.39
 -28203.688   220.731     0.19   17.62
 -27827.735   221.993     3.36   16.89
 -27451.785   216.481   -14.66   16.07
 -27075.837   211.384   -13.56   14.63
 -26699.892   206.814   -12.16   14.26
 -26323.950   202.174   -12.34   10.81
 -25948.010   202.595     1.12   13.62
 -25572.073   203.814     3.24   17.79
 -25196.138   204.647     2.22   22.14
 -24820.206   204.931     0.75   24.40
 -24444.277   200.993   -10.47   26.85
 -24068.350   194.805   -16.46   26.29
 -23692.426   194.453    -0.94   26.55
 -23316.505   200.445    15.94   27.08
 -22940.586   200.897     1.20   23.39
 -22564.669   201.455     1.48   22.35
 -22188.756   194.172   -19.37   19.79
 -21812.845   188.175   -15.95   15.25
 -21436.936   188.634     1.22   14.13
 -21061.030   190.897     6.02   13.40
 -20685.127   190.437    -1.23   15.16
 -20309.226   182.352   -21.51   18.92
 -19933.328   173.016   -24.84   20.75
 -19557.432   168.016   -13.30   20.17
 -19181.539   167.147    -2.31   22.79
 -18805.649   174.297    19.02   28.31
 -18429.761   182.147    20.88   28.09
 -18053.875   181.472    -1.80   26.63
 -17677.993   178.993    -6.59   21.68
 -17302.113   170.363   -22.96   18.70
 -16926.235   158.039   -32.79   20.08
 -16550.360   147.258   -28.68   14.87
 -16174.488   145.174    -5.55   17.31
 -15798.618   141.922    -8.65   18.01
 -15422.750   140.619    -3.47   17.90
 -15046.886   147.222    17.57   26.50
 -14671.023   153.174    15.84   29.84
 -14295.164   160.910    20.58   27.42
 -13919.307   166.019    13.59   24.78
 -13543.452   161.595   -11.77   25.21
 -13167.600   147.093   -38.58   21.97
 -12791.751   130.910   -43.06   18.49
 -12415.904   119.922   -29.24   17.17
 -12040.059   112.445   -19.90   16.04
 -11664.218   107.455   -13.28   18.13
 -11288.378    99.542   -21.05   19.99
 -10912.542    91.526   -21.33   18.86
 -10536.583    86.282   -13.95   13.30
 -10160.242    83.786    -6.63   13.83
  -9783.903    82.506    -3.40   12.16
  -9407.568    87.697    13.79   16.07
  -9031.234    86.742    -2.54   17.01
  -8654.904    77.322   -25.03   15.42
  -8278.576    75.489    -4.87   15.68
  -7902.250    75.621     0.35   17.23
  -7525.927    71.595   -10.70   16.67
  -7149.606    73.814     5.90   15.94
  -6773.288    70.252    -9.46   15.24
  -6396.973    63.842   -17.04   15.28
  -6020.660    59.968   -10.29   14.77
  -5644.350    52.363   -20.21   13.27
  -5268.042    47.481   -12.98   12.96
  -4891.736    41.840   -14.99   10.96
  -4515.433    37.647   -11.14    8.71
  -4139.133    35.336    -6.14    8.57
  -3762.835    33.647    -4.49    9.76
  -3386.540    30.506    -8.35   10.20
  -3010.247    25.378   -13.63    7.80
  -2633.957    19.958   -14.40    9.06
  -2257.669    12.747   -19.16   11.63
  -1881.384     7.019   -15.22   10.42
  -1505.101     2.252   -12.67    6.25
  -1128.821    -0.366    -6.96    0.87
   -752.543    -0.391    -0.07    0.51
   -376.268    -0.212     0.48    0.49
      0.005    -0.075     0.36    0.42
    376.275     0.275     0.93    0.95
    752.543     2.314     5.42    4.80
   1128.808     7.122    12.78    9.78
   1505.071    14.763    20.31   12.75
   1881.331    24.677    26.35   12.10
   2257.589    32.390    20.50    9.16
   2633.845    35.174     7.40    6.41
   3010.097    33.700    -3.92    7.10
   3386.348    30.301    -9.03    6.94
   3762.596    28.481    -4.84    5.64
   4138.841    37.272    23.37   20.07
   4515.084    50.045    33.95   28.63
   4891.324    65.542    41.19   31.49
   5267.562    87.742    59.00   29.72
   5643.798   107.095    51.44   24.63
   6020.031   117.147    26.72   18.57
   6396.261   124.342    19.12   11.52
   6772.489   126.865     6.71   10.49
   7148.715   126.175    -1.83   12.09
   7524.938   121.305   -12.94   15.03
   7901.159   117.096   -11.19   17.29
   8277.377   110.397   -17.81   20.40
   8653.593   108.336    -5.48   23.50
   9029.806   112.039     9.84   26.38
   9406.017   111.039    -2.66   25.87
   9782.226   114.532     9.28   21.04
  10158.431   116.147     4.29   20.36
  10534.635   120.224    10.84   22.19
  10910.836   136.865    44.23   35.76
  11287.035   171.609    92.35   63.00
  11663.231   216.688   119.83   77.94
  12039.424   274.019   152.40   69.86
  12415.616   314.686   108.10   55.04
  12791.805   344.092    78.17   37.84
  13167.991   360.532    43.70   24.07
  13544.175   366.363    15.50   15.92
  13920.356   360.805   -14.78   16.00
  14296.536   358.173    -7.00   14.38
  14672.712   363.428    13.97   20.62
  15048.886   363.737     0.82   21.69
  15425.058   363.096    -1.70   20.48
  15801.228   360.174    -7.77   20.66
  16177.395   352.763   -19.70   13.90
  16553.559   348.147   -12.27   18.09
  16929.721   342.686   -14.52   22.45
  17305.881   339.198    -9.27   23.99
  17682.038   335.715    -9.26   21.30
  18058.193   331.121   -12.21   20.59
  18434.346   328.840    -6.07   23.03
  18810.496   323.404   -14.45   19.89
  19186.643   324.336     2.48   21.82
  19562.788   331.174    18.18   19.54
  19938.931   340.012    23.50   20.71
  20315.072   343.742     9.92   18.85
  20691.210   348.931    13.80   15.55
  21067.345   355.710    18.02   17.77
  21443.478   367.404    31.09   22.46
  21819.609   380.429    34.63   23.58
  22195.738   389.536    24.21   19.39
  22571.864   392.968     9.12   14.81
  22947.987   391.481    -3.95   14.76
  23324.108   389.429    -5.45   15.62
  23700.227   387.937    -3.97   19.04
  24076.344   388.174     0.63   22.04
  24452.458   384.363   -10.13   24.88
  24828.569   377.070   -19.39   25.72
  25204.679   368.074   -23.92   24.82
  25580.786   353.008   -40.06   16.26
  25956.890   348.068   -13.13   11.19
  26332.992   347.121    -2.52   11.59
  26709.092   350.093     7.90   11.96
  27085.190   359.472    24.94   13.57
  27461.285   372.633    34.99   18.78
  27837.377   380.763    21.62   18.98
  28213.468   388.763    21.27   16.88
  28589.555   395.842    18.82   13.61
  28965.641   399.993    11.04   14.76
  29341.724   400.342     0.93   15.28
  29717.805   392.937   -19.69   21.90
  30093.884   374.250   -49.69   34.82
  30469.960   355.779   -49.11   37.89
  30846.033   334.066   -57.73   36.18
  31222.105   323.352   -28.49   30.45
  31598.174   327.422    10.82   32.35
  31974.241   346.039    49.50   37.92
  32350.305   362.305    43.25   38.64
  32726.367   383.796    57.15   33.76
  33102.427   396.390    33.49   22.73
  33478.484   403.147    17.97   16.18
  33854.539   402.347    -2.13   15.23
  34230.592   403.397     2.79   12.87
  34606.642   401.272    -5.65   12.30
  34982.690   401.147    -0.33   11.55
  35358.735   398.378    -7.36   11.23
  35734.779   396.553    -4.85   11.90
  36110.820   396.016    -1.43   11.52
  36486.858   394.660    -3.60   11.83
  36862.895   396.226     4.16   11.90
  37238.929   395.742    -1.29    9.49
  37614.960   397.174     3.81    9.16
  37990.989   396.872    -0.80    9.78
  38367.016   398.634     4.68   10.52
  38743.041   397.763    -2.32   10.57
  39119.063   400.358     6.90   12.29
  39495.083   402.390     5.41   12.93
  39871.101   402.661     0.72   13.73
  40247.117   404.786     5.65   13.49
  40623.130   403.583    -3.20   11.47
  40999.141   404.072     1.30   10.46
  41375.149   404.201     0.34   10.24
  41751.155   404.647     1.19   11.20
  42127.159   403.542    -2.94   10.64
  42503.161   405.865     6.18   10.46
  42879.160   406.742     2.33    9.71
  43255.157   409.070     6.19   10.40
  43631.151   412.397     8.85   12.56
  44007.144   413.796     3.72   13.67
  44383.134   417.096     8.78   13.96
  44759.122   415.890    -3.21   12.82
  45135.107   417.070     3.14   11.46
  45511.090   418.173     2.93   12.98
  45887.071   419.228     2.81   13.47
  46263.050   422.066     7.55   13.81
  46639.026   427.147    13.51   14.21
  47015.000   432.993    15.55   14.33
  47390.972   438.747    15.30   14.75
  47766.942   442.499     9.98   15.43
  48142.909   447.455    13.18   14.74
  48518.874   456.726    24.66   14.81
  48894.836   466.095    24.92   15.13
  49270.797   474.877    23.36   16.07
  49646.755   477.522     7.04   13.34
  50022.711   475.884    -4.36   14.40
  50398.664   474.931    -2.54   18.17
  50774.616   472.726    -5.86   18.55
  51150.565   474.147     3.78   17.51
  51526.512   472.891    -3.34   15.97
  51902.456   463.993   -23.67   23.42
  52278.398   452.619   -30.25   26.72
  52654.338   437.174   -41.08   21.43
  53030.276   426.309   -28.90    9.39
  53406.212   427.410     2.93   10.04
  53782.145   427.772     0.96    8.85
  54158.076   429.363     4.23    9.96
  54534.005   430.301     2.49    9.30
  54909.931   428.095    -5.87    9.83
  55285.856   426.963    -3.01   11.39
  55661.778   426.580    -1.02   11.50
  56037.697   426.622     0.11   12.59
  56413.615   426.252    -0.98   12.34
  56789.530   430.796    12.09   13.06
  57165.443   433.769     7.91   11.44
  57541.354   431.547    -5.91   10.13
  57917.263   432.045     1.32   10.90
  58293.169   429.378    -7.09    9.64
  58669.073   430.090     1.89    9.27
  59044.975   436.228    16.33   15.19
  59420.875   443.445    19.20   18.08
  59796.773   441.309    -5.68   21.67
  60172.668   429.797   -30.63   31.25
  60548.561   412.823   -45.16   34.31
  60924.452   383.516   -77.97   38.58
  61300.340   365.147   -48.87   36.48
  61676.227   357.916   -19.24   39.21
  62052.111   368.309    27.65   53.70
  62427.993   384.097    42.00   58.46
  62803.872   404.463    54.18   36.29
  63179.750   402.564    -5.05   38.60
  63555.625   386.174   -43.60   42.58
  63931.499   351.647   -91.86   42.00
  64307.369   322.070   -78.69   49.04
  64683.508   297.096   -66.40   54.89
  65059.818   271.604   -67.74   52.33
  65436.127   229.481  -111.94   51.01
  65812.433   213.363   -42.83   50.73
  66188.737   206.008   -19.55   55.61
  66565.038   221.122    40.16   69.84
  66941.338   232.121    29.23   73.76
  67317.635   238.198    16.15   65.59
  67693.930   227.647   -28.04   60.54
  68070.223   200.722   -71.55   50.36
  68446.514   178.390   -59.35   38.52
  68822.802   159.397   -50.47   25.08
  69199.088   149.865   -25.33   17.43
  69575.373   146.536    -8.85   21.03
  69951.654   138.390   -21.65   17.46
  70327.934   129.499   -23.63   11.91
  70704.212   124.985   -12.00    6.61
  71080.487   125.788     2.13    7.89
  71456.760   129.576    10.07    9.03
  71833.032   137.686    21.55   16.27
  72209.300   145.463    20.67   19.56
  72585.567   149.869    11.71   21.15
  72961.832   141.532   -22.16   32.84
  73338.094   128.042   -35.85   36.76
  73714.354   109.147   -50.22   36.79
  74090.612    95.410   -36.51   34.27
  74466.868    85.993   -25.03   28.41
  74843.122    73.228   -33.93   26.13
  75219.373    59.609   -36.20   22.80
  75595.623    49.972   -25.61   19.01
  75971.870    44.925   -13.41   18.19
  76348.115    36.688   -21.89   19.83
  76724.358    28.093   -22.84   20.02
  77100.599    24.634    -9.19   20.78
  77476.838    21.472    -8.40   17.98
  77853.074    30.147    23.06   19.28
  78229.308    41.647    30.57   18.55
  78605.541    50.858    24.48   20.94
  78981.771    64.607    36.54   24.56
  79357.999    75.327    28.49   26.13
  79734.224    86.989    31.00   26.36
  80110.448   102.095    40.15   24.66
  80486.670   100.858    -3.29   26.31
  80862.889   103.045     5.81   25.77
  81239.106   101.925    -2.98   24.47
  81615.321   110.226    22.06   27.09
  81991.534   127.297    45.38   29.82
  82367.745   143.490    43.04   30.07
  82743.954   159.066    41.40   31.61
  83120.161   169.012    26.44   29.58
  83496.365   175.472    17.17   29.97
  83872.568   179.796    11.49   30.57
  84248.768   183.703    10.39   32.17
  84624.966   194.173    27.83   32.39
  85001.162   209.147    39.80   35.31
  85377.356   222.147    34.56   36.19
  85753.548   252.532    80.77   45.60
  86129.737   287.686    93.45   48.74
  86505.925   322.634    92.90   48.04
  86882.111   354.147    83.77   34.63
  87258.294   360.660    17.31   28.89
  87634.475   348.203   -33.11   34.00
  88010.654   332.174   -42.61   31.78
  88386.831   314.384   -47.29   22.71
  88763.006   305.428   -23.81   16.93
  89139.179   302.968    -6.54   20.49
  89515.350   303.499     1.41   21.01
  89891.519   306.258     7.34   17.99
  90267.686   305.336    -2.45   17.06
  90643.850   292.981   -32.85   25.87
  91020.013   271.989   -55.80   39.93
  91396.173   242.840   -77.49   42.82
  91772.331   214.850   -74.41   33.94
  92148.487   207.763   -18.84   26.44
  92524.641   212.122    11.59   29.04
  92900.794   214.634     6.68   27.51
  93276.944   216.384     4.65   25.08
  93653.091   205.942   -27.76   19.53
  94029.237   203.282    -7.07   15.34
  94405.381   209.769    17.24   20.67
  94781.523   213.958    11.14   21.45
  95157.662   216.866     7.73   23.82
  95533.800   217.763     2.38   23.19
  95909.935   208.410   -24.86   24.88
  96286.069   200.499   -21.03   27.14
  96662.200   191.066   -25.08   25.06
  97038.329   183.897   -19.06   16.60
  97414.457   187.937    10.74   15.44
  97790.582   192.096    11.06   16.39
  98166.705   200.634    22.70   16.58
  98542.826   205.583    13.16   15.27
  98918.945   205.331    -0.67   15.04
  99295.062   207.752     6.44   15.92
  99671.177   209.445     4.50   13.25
 100047.290   213.147     9.84   16.66
 100423.401   224.958    31.40   24.31
 100799.510   238.958    37.22   22.62
 101175.616   250.445    30.54   17.69
 101551.721   250.576     0.35   11.29
 101927.824   250.916     0.91   11.31
 102303.924   262.455    30.68   20.37
 102680.023   273.453    29.24   24.19
 103056.120   290.042    44.11   17.56
 103432.214   298.564    22.66   10.42
 103808.307   303.042    11.91    7.60
 104184.397   301.634    -3.74   10.51
 104560.486   301.742     0.29    9.38
 104936.572   299.016    -7.25   10.26
 105312.657   295.963    -8.12   13.45
 105688.739   289.942   -16.01   20.74
 106064.819   278.553   -30.28   25.89
 106440.898   272.301   -16.62   28.18
 106816.974   268.198   -10.91   28.49
 107193.049   261.769   -17.10   26.09
 107569.121   256.093   -15.09   22.94
 107945.191   249.931   -16.39   19.48
 108321.260   248.019    -5.08   17.18
 108697.326   251.250     8.59   20.15
 109073.390   254.976     9.91   22.55
 109449.452   265.858    28.94   26.58
 109825.513   270.282    11.77   28.93
 110201.571   271.119     2.23   27.02
 110577.627   273.542     6.44   24.24
 110953.682   269.174   -11.62   20.14
 111329.734   269.384     0.56   16.06
 111705.784   269.858     1.26   15.83
 112081.833   270.797     2.50   13.91
 112457.879   274.417     9.63   16.91
 112833.924   272.097    -6.17   13.94
 113209.966   273.301     3.20   15.98
 113586.006   278.425    13.63   20.72
 113962.045   282.526    10.90   21.64
 114338.081   282.526     0.00   22.42
 114714.116   280.410    -5.62   21.29
 115090.148   276.301   -10.93   19.43
 115466.179   273.309    -7.96   18.62
 115842.207   277.822    12.00   22.89
 116218.234   279.647     4.85   24.31
 116594.258   276.877    -7.37   24.85
 116970.281   274.621    -6.00   24.30
 117346.302   268.737   -15.65   20.57
 117722.320   264.437   -11.44   15.10
 118098.337   263.175    -3.36   13.59
 118474.352   265.070     5.04   17.15
 118850.365   264.580    -1.30   16.81
 119226.376   260.772   -10.13   14.22
 119602.385   257.327    -9.16   11.36
 119978.391   257.347     0.05   12.65
 120354.396   255.472    -4.99   10.80
 120730.400   256.039     1.51   10.18
 121106.401   264.331    22.05   21.05
 121482.400   273.275    23.79   23.95
 121858.397   282.850    25.46   24.30
 122234.392   300.172    46.07   22.40
 122610.386   310.686    27.96   21.00
 122986.377   318.884    21.80   18.56
 123362.366   321.309     6.45   15.45
 123738.354   317.147   -11.07   17.49
 124114.339   307.147   -26.60   20.50
 124490.323   296.036   -29.55   13.57
 124866.305   294.557    -3.93   13.45
 125242.285   298.758    11.17   16.91
 125618.262   302.173     9.08   18.47
 125994.238   299.224    -7.84   20.45
 126370.212   290.000   -24.53   20.90
 126746.184   283.526   -17.22   13.84
 127122.154   283.823     0.79   13.74
 127498.123   284.282     1.22   10.64
 127874.089   282.410    -4.98    8.67
 128250.053   287.703    14.08   11.43
 128626.016   292.455    12.64   15.07
 129001.976   301.045    22.85   19.70
 129377.935   314.634    36.15   25.29
 129753.892   330.688    42.70   29.39
 130129.847   340.068    24.95   24.72
 130505.800   348.814    23.26   20.78
 130881.751   354.564    15.29   20.31
 131257.700   364.301    25.90   22.02
 131633.647   380.314    42.59   18.01
 132009.592   390.147    26.16   11.21
 132385.536   397.147    18.62    5.38
 132761.477   397.522     1.00    6.84
 133137.417   390.779   -17.94   11.20
 133513.355   384.647   -16.31   10.77
 133889.290   380.931    -9.89   10.18
 134265.224   384.352     9.10   14.43
 134641.156   391.039    17.79   16.80
 135017.087   390.429    -1.62   17.81
 135393.015   386.865    -9.48   17.70
 135768.941   381.737   -13.64   11.87
 136144.866   380.526    -3.22    8.87
 136520.788   385.404    12.98   12.88
 136896.709   391.252    15.56   16.49
 137272.628   398.397    19.01   17.88
 137648.545   400.850     6.52   18.18
 138024.460   409.823    23.87   21.80
 138400.374   415.499    15.10   21.54
 138776.285   419.942    11.82   19.20
 139152.195   417.272    -7.10   17.54
 139528.102   418.070     2.12   22.24
 139904.375   413.378   -12.47   23.89
 140280.659   408.147   -13.90   20.38
 140656.942   406.096    -5.45   18.71
 141033.222   401.931   -11.07   19.96
 141409.500   395.096   -18.16   21.25
 141785.777   386.489   -22.87   17.32
 142162.052   383.621    -7.62   14.65
 142538.325   386.445     7.50   14.26
 142914.596   392.455    15.97   15.03
 143290.865   395.711     8.65   13.39
 143667.132   396.481     2.04   14.52
 144043.398   394.607    -4.98   12.93
 144419.661   395.417     2.15   13.75
 144795.923   393.742    -4.45   16.80
 145172.183   390.472    -8.69   26.84
 145548.441   388.500    -5.24   30.06
 145924.697   378.047   -27.78   33.25
 146300.952   370.814   -19.22   26.95
 146677.204   374.231     9.08   25.96
 147053.455   384.993    28.60   32.31
 147429.704   399.526    38.62   32.85
 147805.951   411.516    31.87   32.41
 148182.196   416.674    13.71   31.58
 148558.440   414.378    -6.10   30.68
 148934.681   402.417   -31.79   26.93
 149310.921   394.437   -21.21   19.89
 149687.159   390.247   -11.13   10.90
 150063.395   390.731     1.28   13.67
 150439.629   394.016     8.73   17.28
 150815.862   397.661     9.69   19.85
 151192.093   406.363    23.13   24.14
 151568.321   399.445   -18.39   35.24
 151944.548   377.508   -58.30   50.48
 152320.774   352.198   -67.27   50.30
 152696.997   323.557   -76.13   35.18
 153073.219   310.985   -33.42   21.92
 153449.439   311.173     0.50   20.60
 153825.657   306.661   -11.99   13.85
 154201.873   306.352    -0.82   13.09
 154578.087   305.019    -3.54   14.69
 154954.300   302.455    -6.82   14.77
 155330.511   297.842   -12.26   11.64
 155706.720   295.200    -7.02   11.98
 156082.927   293.993    -3.21   11.23
 156459.132   293.981    -0.03   13.57
 156835.336   294.557     1.53   12.35
 157211.538   298.568    10.66   15.47
 157587.738   304.769    16.48   18.21
 157963.936   305.931     3.09   23.09
 158340.132   305.953     0.06   25.18
 158716.327   317.686    31.19   32.50
 159092.520   324.272    17.51   34.89
 159468.711   333.120    23.52   36.40
 159844.901   350.772    46.92   33.27
 160221.088   363.700    34.36   35.49
 160597.274   374.595    28.96   27.41
 160973.458   383.742    24.32   22.66
 161349.640   390.897    19.02   20.52
 161725.821   393.453     6.79   17.86
 162102.000   399.607    16.36   18.91
 162478.177   407.147    20.04   20.43
 162854.352   416.647    25.25   19.14
 163230.525   414.404    -5.96   21.27
 163606.697   406.788   -20.24   27.52
 163982.867   404.731    -5.47   27.28
 164359.035   399.985   -12.62   24.08
 164735.201   407.445    19.83   27.82
 165111.366   423.726    43.28   28.79
 165487.529   435.097    30.23   23.73
 165863.690   439.282    11.13   18.90
 166239.850   431.147   -21.63   22.45
 166616.007   416.989   -37.64   19.94
 166992.163   407.252   -25.88   18.37
 167368.317   399.742   -19.97   19.99
 167744.470   400.747     2.67   20.62
 168120.621   406.437    15.13   21.30
 168496.770   405.786    -1.73   20.55
 168872.917   405.715    -0.19   20.73
 169249.062   407.481     4.69   23.66
 169625.206   411.045     9.48   24.69
 170001.348   418.532    19.90   25.82
 170377.488   426.177    20.32   25.46
 170753.627   423.634    -6.76   25.55
 171129.764   429.147    14.66   22.19
 171505.899   427.499    -4.38   24.47
 171882.032   423.788    -9.86   23.37
 172258.164   426.012     5.91   22.68
 172634.294   428.481     6.56   23.50
 173010.422   430.805     6.18   21.70
 173386.549   429.993    -2.16   20.73
 173762.674   433.661     9.75   22.31
 174138.797   442.489    23.47   23.18
 174514.918   451.805    24.77   24.15
 174891.038   460.564    23.29   21.79
 175267.156   464.363    10.10   20.63
 175643.272   465.342     2.60   20.04
 176019.387   468.769     9.11   19.46
 176395.499   466.968    -4.79   17.79
 176771.611   464.329    -7.02   16.80
 177147.720   460.634    -9.82   16.34
 177523.828   457.358    -8.71   14.72
 177899.934   456.314    -2.78   16.56
 178276.038   458.275     5.22   15.61
 178652.141   457.553    -1.92   14.91
 179028.242   455.557    -5.30   16.10
 179404.341   455.660     0.27   16.28
 179780.439   452.122    -9.41   17.08
 180156.535   454.823     7.18   16.34
 180532.629   458.224     9.04   18.61
 180908.722   464.275    16.09   21.01
 181284.813   468.897    12.29   18.83
 181660.902   468.850    -0.13   18.25
 182036.989   465.634    -8.55   19.98
 182413.075   466.120     1.29   20.20
 182789.160   465.489    -1.68   20.63
 183165.242   462.147    -8.89   18.83
 183541.323   456.522   -14.96   17.51
 183917.402   457.252     1.94   17.82
 184293.480   465.012    20.63   16.85
 184669.556   466.224     3.22   17.43
 185045.630   473.121    18.34   15.55
 185421.702   473.963     2.24   19.19
 185797.773   472.726    -3.29   21.74
 186173.842   467.301   -14.43   21.94
 186549.910   458.796   -22.62   23.22
 186925.976   450.481   -22.11   23.29
 187302.040   452.497     5.36   24.06
 187678.103   453.547     2.79   27.22
 188054.164   460.066    17.33   23.80
 188430.223   463.715     9.70   19.20
 188806.281   465.796     5.53   20.81
 189182.337   465.093    -1.87   20.98
 189558.391   465.619     1.40   21.95
 189934.444   469.497    10.31   21.13
 190310.495   474.647    13.69   20.05
 190686.544   476.904     6.00   19.42
 191062.592   478.019     2.97   16.87
 191438.638   479.358     3.56   14.32
 191814.683   480.455     2.92   13.93
 192190.726   480.066    -1.03   13.81
 192566.767   483.378     8.81   11.58
 192942.807   480.925    -6.52   13.13
 193318.845   476.840   -10.86   15.44
 193694.881   474.609    -5.93   14.84
 194070.916   474.491    -0.31   15.00
 194446.949   476.968     6.59   13.19
 194822.981   481.931    13.20   11.89
 195199.011   484.369     6.48   12.23
 195575.039   483.120    -3.32   11.59
 195951.066   483.314     0.52   10.74
 196327.091   478.516   -12.76   14.78
 196703.114   479.352     2.23   15.62
 197079.136   479.255    -0.26   16.46
 197455.157   476.752    -6.66   15.40
 197831.175   481.096    11.55   13.24
 198207.192   477.096   -10.64   12.67
 198583.208   477.201     0.28   14.07
 198959.222   477.814     1.63   14.08
 199335.234   480.958     8.36   11.67
 199711.245   479.095    -4.96   16.88
 200087.254   472.200   -18.34   19.62
 200463.261   464.085   -21.58   19.71
 200839.267   447.275   -44.70   28.60
 201215.271   434.279   -34.56   30.53
 201591.274   418.769   -41.25   29.76
 201967.275   396.634   -58.87   35.46
 202343.275   387.814   -23.46   32.59
 202719.273   390.831     8.03   32.69
 203095.269   409.858    50.60   43.49
 203471.264   434.877    66.54   34.72
 203847.257   450.583    41.77   25.63
 204223.249   456.352    15.34   18.64
 204599.239   444.891   -30.48   25.97
 204975.227   429.814   -40.10   27.71
 205351.214   414.814   -39.89   24.69
 205727.200   409.093   -15.21   22.29
 206103.184   405.937    -8.40   22.41
 206479.166   402.607    -8.86   22.66
 206855.146   396.178   -17.10   30.17
 207231.126   388.455   -20.54   30.38
 207607.103   394.568    16.26   43.47
 207983.079   410.675    42.84   51.94
 208359.054   427.634    45.11   45.38
 208735.026   441.453    36.75   29.69
 209110.998   425.968   -41.19   32.26
 209486.968   413.481   -33.21   31.78
 209862.936   410.255    -8.58   27.78
 210238.902   414.200    10.49   28.72
 210614.868   424.198    26.59   28.06
 210990.831   433.522    24.80   22.28
 211366.793   444.931    30.34   18.39
 211742.754   453.481    22.74   17.01
 212118.713   452.647    -2.22   18.16
 212494.670   452.445    -0.54   16.15
 212870.626   454.742     6.11   16.29
 213246.580   452.204    -6.75   14.33
 213622.533   452.019    -0.49   14.32
 213998.484   449.697    -6.18   15.62
 214374.434   445.120   -12.17   14.17
 214750.482   443.173    -5.18   14.52
 215126.740   442.536    -1.69   12.81
 215502.995   436.542   -15.93   15.37
 215879.250   436.737     0.52   15.70
 216255.502   435.226    -4.02   14.98
 216631.753   438.068     7.55   15.21
 217008.003   440.252     5.81   15.52
 217384.251   441.197     2.51   14.35
 217760.498   443.814     6.95   13.08
 218136.743   440.197    -9.61   15.95
 218512.986   436.831    -8.95   15.91
 218889.229   430.731   -16.21   18.75
 219265.469   424.309   -17.07   17.54
 219641.708   420.869    -9.14   18.52
 220017.946   421.173     0.81   19.59
 220394.182   417.747    -9.10   19.11
 220770.416   410.299   -19.80   18.39
 221146.649   408.522    -4.72   19.09
