-129385.276    30.999     0.00    2.38
-129009.130    31.051     0.14    2.26
-128632.984    31.389     0.90    2.73
-128256.837    31.940     1.46    2.97
-127880.690    32.367     1.13    2.68
-127504.543    31.651    -1.90    2.75
-127128.395    30.578    -2.85    2.53
-126752.246    29.807    -2.05    1.85
-126376.097    29.024    -2.08    2.15
-125999.948    29.472     1.19    2.70
-125623.798    30.172     1.86    2.97
-125247.647    30.726     1.47    2.93
-124871.496    31.288     1.49    2.78
-124495.344    31.254    -0.09    2.88
-124119.192    30.632    -1.65    3.33
-123743.040    29.837    -2.11    2.78
-123366.886    30.500     1.76    3.10
-122990.733    30.628     0.34    3.15
-122614.578    30.356    -0.72    3.32
-122238.424    29.605    -2.00    3.27
-121862.268    28.659    -2.51    2.81
-121486.113    28.551    -0.29    2.64
-121109.956    29.901     3.59    2.61
-120733.799    31.037     3.02    3.00
-120357.642    32.367     3.53    3.09
-119981.484    33.551     3.15    2.89
-119605.325    33.987     1.16    3.02
-119229.166    34.172     0.49    2.98
-118853.007    35.051     2.34    2.86
-118476.847    34.935    -0.31    2.47
-118100.686    34.634    -0.80    2.73
-117724.525    34.416    -0.58    2.26
-117348.363    33.551    -2.30    2.22
-116972.201    32.713    -2.23    3.33
-116596.038    31.833    -2.34    3.63
-116219.874    31.051    -2.08    3.53
-115843.710    30.346    -1.87    3.18
-115467.546    29.867    -1.27    2.48
-115091.381    30.301     1.15    2.68
-114715.215    30.269    -0.09    2.89
-114339.049    30.397     0.34    3.01
-113962.882    31.156     2.02    2.64
-113586.715    31.605     1.19    2.85
-113210.547    31.346    -0.69    2.87
-112834.379    30.389    -2.54    2.96
-112458.209    30.346    -0.11    2.63
-112082.040    30.201    -0.39    2.37
-111705.870    29.837    -0.97    2.42
-111329.699    29.416    -1.12    2.75
-110953.528    28.389    -2.73    2.67
-110577.356    27.794    -1.58    3.45
-110201.183    25.446    -6.24    5.33
-109825.010    23.301    -5.70    5.45
-109448.836    20.451    -7.58    5.23
-109072.662    19.261    -3.16    4.88
-108696.487    22.281     8.03    6.55
-108320.312    26.166    10.33    6.76
-107944.136    28.367     5.85    5.51
-107567.959    29.235     2.31    4.33
-107191.782    29.145    -0.24    3.94
-106815.604    29.705     1.49    3.12
-106439.426    29.912     0.55    2.81
-106063.247    29.705    -0.55    2.76
-105687.067    28.628    -2.86    4.19
-105310.887    27.582    -2.78    5.47
-104934.752    25.578    -5.33    7.00
-104558.694    21.848    -9.92    7.24
-104182.635    19.848    -5.32    6.27
-103806.576    18.983    -2.30    5.51
-103430.516    22.356     8.97    6.89
-103054.456    24.987     6.99    6.51
-102678.395    27.628     7.02    4.78
-102302.333    28.314     1.82    4.06
-101926.271    29.735     3.78    4.49
-101550.208    31.884     5.71    3.80
-101174.144    30.371    -4.02    6.59
-100798.080    26.983    -9.01    8.22
-100422.015    22.192   -12.74    7.96
-100045.950    20.335    -4.94    6.29
 -99669.883    22.419     5.54    6.50
 -99293.817    25.814     9.03    7.30
 -98917.749    30.176    11.60    5.85
 -98541.681    31.782     4.27    4.85
 -98165.613    31.367    -1.10    5.56
 -97789.544    31.217    -0.40    5.41
 -97413.474    27.961    -8.66    6.75
 -97037.403    23.995   -10.55    7.32
 -96661.332    20.884    -8.27    6.79
 -96285.260    17.103   -10.05    2.51
 -95909.188    16.416    -1.83    2.25
 -95533.115    16.576     0.43    2.15
 -95157.041    16.294    -0.75    2.11
 -94780.966    16.525     0.61    2.71
 -94404.891    17.551     2.73    3.16
 -94028.816    19.235     4.48    3.68
 -93652.739    21.226     5.30    3.25
 -93276.662    22.037     2.16    2.82
 -92900.585    21.524    -1.37    2.96
 -92524.506    20.270    -3.33    2.69
 -92148.427    17.756    -6.68    3.03
 -91772.348    16.474    -3.41    2.99
 -91396.267    15.329    -3.05    1.91
 -91020.186    14.858    -1.25    1.52
 -90644.105    15.273     1.10    1.77
 -90268.023    15.393     0.32    1.75
 -89891.940    16.858     3.90    4.33
 -89515.856    19.682     7.51    6.09
 -89139.772    21.470     4.75    6.58
 -88763.687    22.269     2.12    6.34
 -88387.601    20.151    -5.63    4.79
 -88011.514    19.226    -2.46    4.52
 -87635.427    19.393     0.44    4.72
 -87259.340    19.497     0.28    6.01
 -86883.251    19.416    -0.22    6.46
 -86507.162    20.740     3.52    7.40
 -86131.072    18.665    -5.52    6.56
 -85754.982    18.217    -1.19    6.26
 -85378.891    16.551    -4.43    3.12
 -85002.799    17.134     1.55    4.43
 -84626.706    18.423     3.43    5.09
 -84250.613    20.288     4.96    6.15
 -83874.519    21.209     2.45    6.42
 -83498.424    21.679     1.25    6.58
 -83122.329    21.814     0.36    6.82
 -82746.233    21.717    -0.26    6.50
 -82370.136    21.998     0.75    6.70
 -81994.039    22.679     1.81    6.79
 -81617.941    22.912     0.62    6.11
 -81241.842    22.038    -2.32    5.79
 -80865.742    21.103    -2.48    5.92
 -80489.642    19.470    -4.34    5.18
 -80113.541    17.848    -4.31    4.77
 -79737.439    17.064    -2.08    4.11
 -79361.337    18.294     3.27    4.20
 -78985.233    19.628     3.55    4.31
 -78609.130    20.199     1.52    3.97
 -78233.025    18.294    -5.07    4.33
 -77856.920    17.446    -2.26    3.98
 -77480.814    17.682     0.63    4.62
 -77104.707    18.929     3.32    5.35
 -76728.599    20.776     4.91    5.52
 -76352.491    22.919     5.70    4.97
 -75976.382    24.079     3.08    4.95
 -75600.272    26.209     5.66    4.99
 -75224.162    27.495     3.42    3.71
 -74848.051    26.551    -2.51    4.62
 -74471.939    25.833    -1.91    4.65
 -74095.826    24.351    -3.94    4.58
 -73719.712    23.308    -2.77    3.85
 -73343.598    24.010     1.87    2.74
 -72967.483    23.929    -0.22    2.31
 -72591.368    23.301    -1.67    2.48
 -72215.251    23.145    -0.41    2.92
 -71839.134    23.103    -0.11    3.87
 -71463.016    22.577    -1.40    3.98
 -71086.897    23.064     1.29    3.99
 -70710.778    23.064     0.00    3.70
 -70334.658    21.476    -4.22    4.93
 -69958.537    21.709     0.62    5.81
 -69582.415    19.995    -4.56    6.65
 -69206.293    19.091    -2.40    6.68
 -68830.169    18.162    -2.47    6.58
 -68454.045    16.235    -5.12    5.32
 -68077.921    14.371    -4.95    4.68
 -67701.795    12.096    -6.05    1.37
 -67325.669    14.419     6.18    4.94
 -66949.542    17.254     7.54    6.03
 -66573.414    18.523     3.38    5.84
 -66197.285    17.935    -1.56    5.72
 -65821.156    16.393    -4.10    5.71
 -65445.025    14.166    -5.92    4.62
 -65068.894    13.884    -0.75    4.49
 -64692.763    13.419    -1.24    4.17
 -64316.630    14.335     2.43    4.97
 -63940.497    14.756     1.12    5.75
 -63564.363    14.397    -0.95    5.84
 -63188.228    14.273    -0.33    5.31
 -62812.092    14.551     0.74    5.00
 -62435.955    15.389     2.23    4.51
 -62059.818    16.199     2.16    4.10
 -61683.680    15.788    -1.09    2.90
 -61307.541    16.779     2.64    3.75
 -60931.401    18.301     4.04    4.61
 -60555.261    19.630     3.53    4.87
 -60179.119    19.301    -0.87    5.18
 -59802.977    17.782    -4.04    5.99
 -59426.834    16.524    -3.34    5.93
 -59050.691    14.077    -6.51    5.15
 -58674.546    14.446     0.98    5.55
 -58298.401    15.525     2.87    6.32
 -57922.255    15.848     0.86    6.85
 -57546.108    16.919     2.85    6.65
 -57169.960    18.651     4.60    5.80
 -56793.811    19.208     1.48    4.28
 -56417.662    19.281     0.19    3.66
 -56041.511    19.199    -0.22    3.71
 -55665.360    21.172     5.25    4.40
 -55289.208    23.308     5.68    4.41
 -54913.056    24.356     2.79    4.27
 -54536.902    24.551     0.52    3.49
 -54160.748    24.077    -1.26    3.16
 -53784.592    22.497    -4.20    3.64
 -53408.436    20.910    -4.22    3.57
 -53032.279    19.893    -2.70    3.54
 -52656.122    18.961    -2.48    3.30
 -52279.963    18.362    -1.59    3.09
 -51903.804    18.602     0.64    3.47
 -51527.643    18.690     0.23    3.39
 -51151.482    18.814     0.33    3.20
 -50775.320    18.089    -1.93    2.56
 -50399.157    18.363     0.73    2.74
 -50022.994    18.910     1.45    2.42
 -49646.829    18.794    -0.31    2.44
 -49270.664    19.106     0.83    2.29
 -48894.498    18.497    -1.62    1.88
 -48518.331    18.190    -0.82    1.64
 -48142.163    18.209     0.05    1.63
 -47765.994    18.474     0.70    1.84
 -47389.824    17.902    -1.52    2.18
 -47013.654    17.397    -1.34    2.48
 -46637.482    16.935    -1.23    2.45
 -46261.310    16.448    -1.30    2.27
 -45885.137    15.686    -2.03    2.14
 -45508.963    15.679    -0.02    1.98
 -45132.788    15.118    -1.49    2.43
 -44756.612    13.929    -3.16    2.89
 -44380.436    13.145    -2.08    3.35
 -44004.258    11.270    -4.99    3.58
 -43628.080     8.910    -6.27    3.95
 -43251.901     6.946    -5.22    4.04
 -42875.720     5.273    -4.45    3.04
 -42499.539     3.686    -4.22    1.70
 -42123.358     2.995    -1.84    0.97
 -41747.175     2.840    -0.41    1.01
 -41370.991     2.602    -0.63    1.15
 -40994.807     2.281    -0.85    1.15
 -40618.621     1.972    -0.82    1.31
 -40242.435     1.730    -0.64    1.32
 -39866.248     1.756     0.07    1.36
 -39490.059     1.713    -0.11    1.28
 -39113.870     1.500    -0.57    1.21
 -38737.680     1.443    -0.15    1.65
 -38361.490     1.659     0.57    1.82
 -37985.298     1.605    -0.14    1.49
 -37609.105     1.829     0.59    1.97
 -37232.912     1.782    -0.12    1.66
 -36856.717     2.243     1.23    1.98
 -36480.522     2.579     0.89    2.04
 -36104.326     3.235     1.74    1.89
 -35728.128     4.023     2.09    2.49
 -35351.930     3.632    -1.04    2.59
 -34975.731     3.782     0.40    2.69
 -34599.531     4.064     0.75    3.01
 -34223.330     5.630     4.16    3.71
 -33847.129     6.524     2.38    3.48
 -33470.926     7.551     2.73    3.30
 -33094.722     7.740     0.50    2.93
 -32718.518     7.951     0.56    3.13
 -32342.312     8.884     2.48    3.34
 -31966.106     9.329     1.18    3.47
 -31589.898     9.524     0.52    2.93
 -31213.690     8.902    -1.65    3.10
 -30837.481     8.182    -1.91    2.79
 -30461.271     8.064    -0.32    2.37
 -30085.060     7.875    -0.50    2.25
 -29708.985     8.751     2.33    2.31
 -29332.960     8.393    -0.95    2.83
 -28956.935     7.875    -1.38    2.90
 -28580.909     8.446     1.52    3.21
 -28204.881     8.884     1.17    3.18
 -27828.853     9.051     0.44    3.22
 -27452.824     8.523    -1.40    3.57
 -27076.794     7.217    -3.47    3.69
 -26700.763     5.579    -4.36    2.92
 -26324.731     5.001    -1.54    2.40
 -25948.698     5.064     0.17    2.17
 -25572.664     4.951    -0.30    1.63
 -25196.629     4.929    -0.06    1.52
 -24820.594     4.929     0.00    1.48
 -24444.557     4.524    -1.08    1.60
 -24068.519     5.500     2.59    2.96
 -23692.480     6.497     2.65    3.36
 -23316.441     8.356     4.94    3.77
 -22940.400     8.961     1.61    3.24
 -22564.358     8.577    -1.02    3.41
 -22188.316     7.794    -2.08    3.52
 -21812.272     6.679    -2.97    3.16
 -21436.228     5.653    -2.73    2.44
 -21060.182     5.356    -0.79    1.55
 -20684.136     6.576     3.24    3.17
 -20308.088     7.606     2.74    3.81
 -19932.040     8.551     2.51    3.90
 -19555.990     8.448    -0.27    4.24
 -19179.940     7.020    -3.80    3.89
 -18803.889     7.010    -0.02    3.93
 -18427.836     5.814    -3.18    2.66
 -18051.783     5.362    -1.20    1.84
 -17675.728     4.961    -1.07    1.29
 -17299.673     5.524     1.50    2.65
 -16923.617     7.141     4.30    4.58
 -16547.559    10.012     7.64    5.43
 -16171.501    11.961     5.18    5.26
 -15795.441    14.929     7.89    3.97
 -15419.381    16.500     4.18    2.70
 -15043.320    16.884     1.02    2.26
 -14667.257    17.440     1.48    2.14
 -14291.194    17.393    -0.12    2.42
 -13915.129    16.416    -2.60    2.93
 -13539.064    16.064    -0.93    3.04
 -13162.998    17.141     2.86    3.77
 -12786.930    18.520     3.67    3.47
 -12410.862    19.884     3.63    3.02
 -12034.792    21.064     3.14    2.27
 -11658.722    20.884    -0.48    2.56
 -11282.650    20.628    -0.68    2.74
 -10906.577    19.848    -2.07    2.53
 -10530.504    19.448    -1.06    2.19
 -10154.429    19.077    -0.99    2.05
  -9778.354    18.603    -1.26    2.39
  -9402.277    18.632     0.08    2.98
  -9026.199    16.371    -6.01    5.78
  -8650.120    13.346    -8.05    6.54
  -8274.041     9.773    -9.50    6.00
  -7897.960     7.226    -6.77    4.19
  -7521.878     5.118    -5.61    2.44
  -7145.795     4.118    -2.66    1.79
  -6769.711     3.578    -1.44    1.42
  -6393.626     3.168    -1.09    0.92
  -6017.540     3.051    -0.31    0.96
  -5641.453     2.653    -1.06    1.19
  -5265.365     2.301    -0.94    1.05
  -4889.276     2.012    -0.77    1.07
  -4513.185     1.983    -0.08    0.99
  -4137.094     1.840    -0.38    1.09
  -3761.002     1.419    -1.12    1.19
  -3384.908     0.935    -1.29    1.31
  -3008.814     0.389    -1.45    1.21
  -2632.718    -0.081    -1.25    0.88
  -2256.622    -0.349    -0.71    0.44
  -1880.524    -0.449    -0.27    0.00
  -1504.426    -0.370     0.21    0.49
  -1128.326    -0.017     0.94    1.14
   -752.225     0.308     0.86    1.72
   -376.123     0.632     0.86    1.93
     -0.020     0.690     0.15    1.99
    376.084     0.423    -0.71    1.84
    752.189     0.166    -0.68    1.43
   1128.295     0.064    -0.27    1.26
   1504.403    -0.142    -0.55    1.00
   1880.511    -0.212    -0.19    0.91
   2256.621    -0.244    -0.08    0.89
   2632.731    -0.449    -0.55    0.00
   3008.843    -0.449     0.00    0.00
   3384.956    -0.449     0.00    0.00
   3761.069    -0.449     0.00    0.00
   4137.184    -0.449     0.00    0.00
   4513.300    -0.449     0.00    0.00
   4889.417    -0.449     0.00    0.00
   5265.536    -0.449     0.00    0.00
   5641.655    -0.449     0.00    0.00
   6017.775    -0.449     0.00    0.00
   6393.897    -0.449     0.00    0.00
   6770.019    -0.449     0.00    0.00
   7146.143    -0.327     0.32    0.78
   7522.268    -0.098     0.61    1.40
   7898.394    -0.270    -0.46    0.68
   8274.521    -0.186     0.22    0.83
   8650.649    -0.270    -0.22    0.79
   9026.778    -0.206     0.17    1.04
   9402.909     0.051     0.68    1.54
   9779.040    -0.152    -0.54    1.13
  10155.173    -0.179    -0.07    1.07
  10531.306    -0.260    -0.22    0.57
  10907.441    -0.392    -0.35    0.34
  11283.577    -0.398    -0.02    0.32
  11659.714    -0.449    -0.14    0.00
  12035.852    -0.421     0.08    0.17
  12411.992    -0.422    -0.00    0.16
  12788.132    -0.422     0.00    0.29
  13164.274    -0.528    -0.28    0.43
  13540.417    -0.699    -0.45    0.49
  13916.561    -0.801    -0.27    0.59
  14292.706    -0.923    -0.33    0.56
  14668.852    -0.870     0.14    0.60
  15044.999    -0.783     0.23    0.62
  15421.147    -0.692     0.24    0.49
  15797.297    -0.524     0.45    0.47
  16173.448    -0.397     0.34    0.32
  16549.600    -0.341     0.15    0.31
  16925.753    -0.395    -0.14    0.23
  17301.907    -0.477    -0.22    0.29
  17678.062    -0.552    -0.20    0.45
  18054.219    -0.654    -0.27    0.47
  18430.376    -0.649     0.01    0.47
  18806.535    -0.633     0.04    0.46
  19182.695    -0.557     0.20    0.46
  19558.856    -0.477     0.21    0.38
  19935.018    -0.372     0.28    0.35
  20311.182    -0.341     0.08    0.31
  20687.346    -0.398    -0.15    0.22
  21063.512    -0.397     0.00    0.23
  21439.679    -0.399    -0.01    0.22
  21815.847    -0.449    -0.13    0.00
  22192.017    -0.449     0.00    0.00
  22568.187    -0.449     0.00    0.00
  22944.359    -0.421     0.07    0.17
  23320.531    -0.449    -0.07    0.33
  23696.705    -0.584    -0.36    0.48
  24072.881    -0.719    -0.36    0.56
  24449.057    -0.911    -0.51    0.55
  24825.235    -1.049    -0.37    0.50
  25201.413    -0.936     0.30    0.51
  25577.593    -0.739     0.53    0.46
  25953.774    -0.560     0.47    0.32
  26329.957    -0.449     0.30    0.00
  26706.140    -0.370     0.21    0.49
  27082.325    -0.107     0.70    0.97
  27458.511     0.199     0.81    1.25
  27834.698     0.423     0.59    1.32
  28210.886     0.713     0.77    1.40
  28587.075     0.474    -0.64    1.24
  28963.266     0.051    -1.12    0.93
  29339.458    -0.278    -0.87    0.51
  29715.651    -0.368    -0.24    0.36
  30091.845    -0.449    -0.22    0.00
  30468.041    -0.422     0.07    0.16
  30844.238    -0.098     0.86    1.62
  31220.436    -0.005     0.25    1.70
  31596.635    -0.124    -0.32    1.51
  31972.835    -0.116     0.02    1.51
  32349.037     0.172     0.77    2.71
  32725.240     3.500     8.84    8.64
  33101.444     7.761    11.33   13.79
  33477.649    14.910    19.00   20.05
  33853.855    27.848    34.39   28.26
  34230.063    37.807    26.47   32.73
  34606.272    41.217     9.06   29.59
  34982.482    37.397   -10.16   22.68
  35358.693    30.141   -19.29   14.71
  35734.906    27.645    -6.63   10.21
  36111.120    30.172     6.72   10.33
  36487.335    36.551    16.95   14.23
  36863.551    44.578    21.34   24.16
  37239.769    59.362    39.30   35.10
  37615.988    73.134    36.61   33.67
  37992.208    91.814    49.65   36.09
  38368.429   107.833    42.58   36.55
  38744.652   120.470    33.59   32.86
  39120.876   127.682    19.17   31.00
  39497.101   132.038    11.58   33.85
  39873.327   147.858    42.05   33.53
  40249.554   163.389    41.28   27.52
  40625.783   176.217    34.10   21.10
  41002.013   178.821     6.92   18.35
  41378.245   170.288   -22.68   25.66
  41754.477   147.840   -59.66   39.74
  42130.711   116.301   -83.83   43.21
  42506.946    80.730   -94.54   36.05
  42883.183    57.524   -61.68   16.84
  43259.420    53.745   -10.04   11.53
  43635.659    59.653    15.70   16.65
  44011.899    69.967    27.41   16.16
  44388.141    81.946    31.84   26.91
  44764.384    91.946    26.58   29.69
  45140.606   100.713    23.30   27.28
  45516.591   115.551    39.46   31.23
  45892.577   132.653    45.49   35.22
  46268.564   155.166    59.88   32.78
  46644.553   175.524    54.14   24.82
  47020.543   182.115    17.53   19.39
  47396.535   184.632     6.69   15.72
  47772.527   179.010   -14.95   17.48
  48148.521   166.254   -33.93   19.43
  48524.517   153.551   -33.78   16.48
  48900.513   145.628   -21.07   12.42
  49276.511   145.397    -0.61   11.59
  49652.510   146.190     2.11   11.00
  50028.510   151.474    14.05    9.86
  50404.512   153.634     5.75   11.79
  50780.515   153.735     0.27   16.95
  51156.519   151.038    -7.17   23.68
  51532.525   141.497   -25.38   27.00
  51908.532   130.419   -29.46   26.62
  52284.540   117.602   -34.09   24.16
  52660.550   104.601   -34.58   20.24
  53036.560    94.091   -27.95   14.82
  53412.573    84.064   -26.67   12.71
  53788.586    74.314   -25.93   10.98
  54164.601    68.767   -14.75    9.30
  54540.617    62.362   -17.04    7.45
  54916.634    58.162   -11.17    7.53
  55292.653    52.182   -15.90    8.05
  55668.673    46.351   -15.51    7.47
  56044.695    41.551   -12.77    5.61
  56420.717    36.807   -12.62    4.50
  56796.741    34.091    -7.22    4.02
  57172.767    34.840     1.99    6.35
  57548.793    41.192    16.89   14.52
  57924.821    51.130    26.43   17.82
  58300.851    62.023    28.97   17.37
  58676.881    75.498    35.84   19.18
  59052.913    86.551    29.39   22.89
  59428.947    99.301    33.91   25.13
  59804.981   108.423    24.26   22.69
  60181.017   120.788    32.88   20.72
  60557.055   129.335    22.73   20.03
  60933.094   130.254     2.44   20.38
  61309.134   132.023     4.71   26.22
  61685.175   141.500    25.20   26.56
  62061.218   140.501    -2.66   25.48
  62437.262   133.389   -18.91   23.84
  62813.307   122.751   -28.29   19.95
  63189.354   114.603   -21.67   11.71
  63565.402   115.551     2.52   11.48
  63941.452   118.172     6.97   11.75
  64317.503   121.551     8.98   11.66
  64693.555   127.308    15.31   17.75
  65069.609   135.190    20.96   18.77
  65445.664   147.051    31.54   20.82
  65821.720   164.773    47.13   18.37
  66197.778   172.012    19.25   20.68
  66573.837   182.653    28.30   21.23
  66949.898   192.551    26.32   17.09
  67325.959   197.497    13.15   17.70
  67702.023   198.605     2.95   16.44
  68078.087   202.118     9.34   15.13
  68454.153   203.601     3.94   13.93
  68830.221   206.254     7.05   12.29
  69206.289   211.314    13.46   10.79
  69582.360   217.077    15.32   10.17
  69958.431   228.077    29.25   17.22
  70334.504   242.443    38.20   19.29
  70710.578   256.141    36.42   16.97
  71086.654   266.261    26.91   12.80
  71462.731   271.606    14.21    9.26
  71838.809   274.389     7.40    8.96
  72214.889   279.356    13.21    9.94
  72590.971   282.551     8.49   10.86
  72967.053   289.653    18.89    9.07
  73343.137   294.426    12.69    6.28
  73719.223   293.091    -3.55    6.44
  74095.310   291.335    -4.67    5.91
  74471.398   289.740    -4.24    4.38
  74847.488   291.884     5.70    3.91
  75223.579   295.209     8.84    4.92
  75599.671   298.141     7.80    9.01
  75975.765   296.064    -5.52   18.60
  76351.861   286.500   -25.43   30.74
  76727.957   267.713   -49.95   36.64
  77104.055   251.320   -43.59   37.33
  77480.155   235.367   -42.42   28.80
  77856.256   225.217   -26.99   23.47
  78232.358   221.956    -8.67   22.29
  78608.462   214.551   -19.69   19.79
  78984.568   207.254   -19.40   14.17
  79360.674   201.089   -16.39   12.42
  79736.783   193.854   -19.24   12.49
  80112.892   194.833     2.60   17.49
  80489.003   196.077     3.31   24.05
  80865.116   191.523   -12.11   27.81
  81241.229   190.012    -4.02   30.39
  81617.345   183.686   -16.82   30.68
  81993.462   179.115   -12.15   32.55
  82369.580   180.656     4.10   36.95
  82745.699   181.525     2.31   35.50
  83121.820   175.118   -17.03   33.54
  83497.943   169.393   -15.22   29.71
  83874.067   158.397   -29.24   22.84
  84250.192   145.634   -33.93   17.49
  84626.319   138.686   -18.47   19.48
  85002.448   134.983    -9.84   20.38
  85378.577   129.686   -14.08   21.42
  85754.709   125.929    -9.99   23.21
  86130.841   122.465    -9.21   25.83
  86506.976   124.026     4.15   31.45
  86883.111   125.498     3.91   36.76
  87259.248   134.281    23.35   41.77
  87635.387   138.961    12.44   37.31
  88011.527   135.051   -10.40   35.80
  88387.668   132.814    -5.95   32.99
  88763.811   123.656   -24.35   32.43
  89139.956   115.576   -21.48   35.46
  89516.102    98.356   -45.78   46.71
  89892.249    66.735   -84.07   45.92
  90268.398    43.451   -61.90   29.82
  90644.548    28.722   -39.16   16.92
  91020.700    33.416    12.48   18.79
  91396.853    49.281    42.18   26.31
  91773.008    63.389    37.51   32.16
  92149.165    89.416    69.19   40.53
  92525.322   117.190    73.84   44.09
  92901.482   144.269    71.99   44.75
  93277.642   158.423    37.63   45.96
  93653.805   172.578    37.63   49.10
  94029.968   165.217   -19.57   52.81
  94406.134   159.115   -16.22   48.13
  94782.300   155.679    -9.13   38.38
  95158.469   161.605    15.75   36.07
  95534.638   182.782    56.30   41.51
  95910.810   206.801    63.85   36.50
  96286.982   220.235    35.71   26.83
  96663.156   226.814    17.49   23.58
  97039.332   226.020    -2.11   28.36
  97415.510   225.884    -0.36   29.61
  97791.688   232.632    17.94   28.15
  98167.869   243.606    29.17   25.46
  98544.050   258.659    40.01   18.68
  98920.234   268.217    25.41    9.98
  99296.419   271.946     9.91    8.49
  99672.605   272.976     2.74    8.39
 100048.793   275.064     5.55    8.14
 100424.982   275.012    -0.14    8.40
 100801.173   274.064    -2.52   10.29
 101177.366   271.038    -8.04   13.42
 101553.560   263.389   -20.33   16.96
 101929.755   254.217   -24.38   20.48
 102305.952   243.848   -27.56   24.62
 102682.151   236.929   -18.39   24.90
 103058.351   234.740    -5.82   27.13
 103434.552   247.374    33.58   23.07
 103810.756   255.012    20.30   19.07
 104186.960   253.012    -5.32   17.25
 104563.167   243.773   -24.56   24.19
 104939.374   234.578   -24.44   25.38
 105315.584   229.023   -14.77   29.35
 105691.795   233.919    13.01   30.62
 106068.007   238.807    12.99   24.28
 106444.221   236.091    -7.22   20.26
 106820.437   234.867    -3.26   17.92
 107196.654   236.024     3.08   19.81
 107572.873   246.192    27.03   22.62
 107949.093   260.362    37.66   18.80
 108325.315   267.226    18.25   16.62
 108701.538   269.103     4.99   13.64
 109077.763   265.389    -9.87   15.11
 109453.989   254.875   -27.94   18.93
 109830.217   245.079   -26.04   17.51
 110206.447   242.294    -7.40   18.99
 110582.678   243.320     2.73   20.68
 110958.911   252.322    23.93   15.68
 111335.145   260.946    22.92   18.92
 111711.381   265.713    12.67   14.62
 112087.619   261.717   -10.62   16.54
 112463.858   249.876   -31.47   21.51
 112840.098   238.605   -29.96   22.51
 113216.340   230.156   -22.46   23.24
 113592.584   228.603    -4.13   25.00
 113968.830   224.301   -11.44   22.82
 114345.077   220.308   -10.61   19.97
 114721.325   210.726   -25.47   21.55
 115097.575   198.500   -32.50   20.44
 115473.827   187.190   -30.06   21.21
 115850.080   181.118   -16.14   16.94
 116226.335   184.659     9.41   20.13
 116602.592   198.551    36.92   25.62
 116978.850   218.397    52.75   23.01
 117355.110   232.717    38.06   20.39
 117731.371   247.192    38.47   17.86
 118107.634   257.446    27.25   14.60
 118483.898   267.940    27.89   12.41
 118860.164   276.346    22.34   14.26
 119236.432   281.166    12.81   15.64
 119612.702   292.682    30.61   15.33
 119988.972   300.605    21.06   12.49
 120365.098   306.602    15.94    7.96
 120741.040   311.010    11.73    4.61
 121116.985   311.730     1.92    4.25
 121492.931   312.926     3.18    4.08
 121868.879   313.465     1.43    3.84
 122244.828   314.362     2.38    4.53
 122620.779   314.848     1.29    4.90
 122996.731   314.713    -0.36    4.63
 123372.686   315.288     1.53    4.80
 123748.641   316.384     2.92    4.35
 124124.599   316.258    -0.34    3.66
 124500.558   316.961     1.87    2.94
 124876.519   316.794    -0.44    2.35
 125252.481   316.628    -0.44    2.46
 125628.445   316.051    -1.53    2.68
 126004.410   314.756    -3.44    3.16
 126380.378   314.023    -1.95    3.43
 126756.346   313.705    -0.85    3.14
 127132.317   314.217     1.36    2.15
 127508.289   314.679     1.23    1.67
 127884.263   314.730     0.14    1.65
 128260.238   314.207    -1.39    1.62
 128636.215   314.470     0.70    1.85
 129012.194   313.713    -2.01    2.56
 129388.175   313.578    -0.36    2.61
 129764.157   313.446    -0.35    2.35
 130140.140   313.362    -0.22    2.28
 130516.126   313.833     1.25    1.65
 130892.113   313.807    -0.07    1.60
 131268.101   313.709    -0.26    1.79
 131644.092   313.335    -1.00    1.72
 132020.084   312.998    -0.89    1.86
 132396.077   312.141    -2.28    1.93
 132772.073   310.773    -3.64    2.19
 133148.070   309.448    -3.52    2.40
 133524.068   308.940    -1.35    2.42
 133900.069   309.261     0.86    2.77
 134276.071   310.679     3.77    3.21
 134652.074   313.051     6.31    2.77
 135028.080   315.419     6.30    3.13
 135404.087   317.261     4.90    2.82
 135780.095   318.713     3.86    2.03
 136156.106   319.448     1.96    1.48
 136532.118   320.091     1.71    2.34
 136908.132   321.602     4.02    4.40
 137284.147   321.243    -0.95    5.67
 137660.164   319.656    -4.22    5.99
 138036.183   318.472    -3.15    4.89
 138412.204   317.705    -2.04    3.49
 138788.226   318.012     0.82    3.20
 139164.250   318.902     2.37    2.04
 139540.275   319.024     0.33    2.02
 139916.303   319.118     0.25    1.94
 140292.332   319.551     1.15    1.78
 140668.362   319.919     0.98    1.57
 141044.395   320.801     2.34    1.74
 141420.429   321.705     2.40    1.71
 141796.465   322.448     1.98    1.64
 142172.502   323.134     1.82    1.38
 142548.542   323.705     1.52    1.48
 142924.583   324.226     1.39    1.63
 143300.625   324.884     1.75    1.72
 143676.670   325.603     1.91    1.54
 144052.716   325.867     0.70    1.30
 144428.764   325.875     0.02    1.43
 144804.813   325.884     0.02    1.49
 145180.864   326.176     0.78    1.84
 145556.917   327.051     2.33    2.04
 145932.972   327.767     1.90    2.42
 146309.029   328.443     1.80    2.20
 146685.087   328.632     0.50    2.13
 147061.147   328.362    -0.72    1.79
 147437.208   328.404     0.11    1.74
 147813.272   328.326    -0.21    1.59
 148189.337   328.089    -0.63    1.68
 148565.404   327.884    -0.55    1.43
 148941.472   328.012     0.34    1.54
 149317.543   328.091     0.21    1.64
 149693.615   328.867     2.06    1.69
 150069.689   329.472     1.61    1.99
 150445.764   330.141     1.78    2.06
 150821.842   330.578     1.16    1.83
 151197.921   331.130     1.47    2.04
 151574.001   332.601     3.91    3.18
 151950.084   335.579     7.92    5.08
 152326.168   337.867     6.08    5.44
 152702.255   339.821     5.20    5.31
 153078.342   340.281     1.22    6.83
 153454.432   337.145    -8.34    6.01
 153830.523   335.995    -3.06    5.02
 154206.616   336.807     2.16    5.56
 154582.711   338.551     4.64    5.78
 154958.808   339.848     3.45    5.42
 155334.907   341.192     3.57    4.54
 155711.007   340.524    -1.77    4.41
 156087.109   339.371    -3.07    4.95
 156463.212   337.893    -3.93    4.65
 156839.318   337.320    -1.52    5.33
 157215.425   334.662    -7.07    5.48
 157591.534   332.867    -4.77    4.92
 157967.645   330.602    -6.02    3.07
 158343.758   329.408    -3.18    1.78
 158719.872   329.653     0.65    2.34
 159095.989   330.091     1.16    2.59
 159472.107   330.605     1.37    2.56
 159848.226   330.470    -0.36    2.60
 160224.348   329.690    -2.07    2.34
 160600.471   329.217    -1.26    2.51
 160976.597   328.551    -1.77    2.95
 161352.724   327.794    -2.01    2.82
 161728.852   326.730    -2.83    3.32
 162104.983   325.288    -3.84    3.79
 162481.115   324.182    -2.94    3.69
 162857.249   323.848    -0.89    3.30
 163233.385   323.676    -0.46    3.11
 163609.523   323.686     0.03    2.49
 163985.663   324.037     0.93    2.56
 164361.804   323.767    -0.72    2.37
 164737.947   323.940     0.46    2.18
 165114.092   324.012     0.19    2.05
 165490.239   324.217     0.55    2.26
 165866.388   324.967     1.99    2.16
 166242.538   324.199    -2.04    3.33
 166618.691   321.983    -5.89    5.66
 166994.845   319.340    -7.03    7.17
 167371.001   315.251   -10.87    7.92
 167747.159   308.875   -16.95   13.54
 168123.318   297.209   -31.02   23.36
 168499.480   282.577   -38.90   27.98
 168875.643   258.814   -63.17   33.00
 169251.808   237.632   -56.31   29.82
 169627.975   228.201   -25.07   29.84
 170004.144   209.156   -50.63   38.72
 170380.314   189.497   -52.26   43.63
 170756.487   174.389   -40.16   38.74
 171132.661   163.608   -28.66   41.72
 171508.837   158.243   -14.26   43.61
 171885.015   163.397    13.70   45.95
 172261.195   161.265    -5.67   48.42
 172637.376   168.470    19.15   61.25
 173013.560   180.686    32.47   69.29
 173389.745   177.254    -9.12   64.12
 173765.933   179.851     6.90   65.93
 174142.122   179.551    -0.80   64.10
 174518.313   184.192    12.34   62.86
 174894.505   178.630   -14.79   70.18
 175270.700   177.858    -2.05   70.83
 175646.896   176.064    -4.77   76.45
 176023.095   181.697    14.97   81.69
 176399.295   186.077    11.64   81.39
 176775.497   188.773     7.17   87.12
 177151.701   198.416    25.63   87.61
 177527.907   200.740     6.18   82.00
 177904.115   200.389    -0.93   79.16
 178280.324   212.551    32.33   81.46
 178656.536   233.492    55.66   77.80
 179032.749   239.500    15.97   89.63
 179408.964   243.735    11.26   91.87
 179785.181   238.801   -13.12   84.99
 180161.400   213.500   -67.25   96.82
 180537.621   184.821   -76.23  100.16
 180913.844   138.576  -122.92   85.96
 181290.068   101.935   -97.39   53.88
 181666.295    90.884   -29.37   30.77
 182042.523   108.632    47.17   41.65
 182418.754   144.833    96.22   57.84
 182794.986   193.141   128.40   64.74
 183171.220   245.995   140.49   57.58
 183547.456   284.281   101.76   43.16
 183923.694   312.821    75.86   24.59
 184299.933   327.524    39.08   12.46
 184676.175   335.130    20.22    9.65
 185052.419   339.779    12.36    6.89
 185428.664   342.701     7.76    6.04
 185804.912   345.340     7.02    4.21
 186181.161   347.226     5.01    3.35
 186557.412   349.500     6.04    2.86
 186933.665   350.998     3.98    2.61
 187309.920   351.893     2.38    2.03
 187686.177   352.919     2.73    1.38
 188062.436   353.166     0.66    1.58
 188438.697   354.010     2.24    2.32
 188814.960   355.340     3.53    2.35
 189191.224   356.626     3.42    2.51
 189567.491   358.322     4.51    2.24
 189943.759   359.172     2.26    2.20
 190320.030   359.983     2.15    1.64
 190696.302   360.010     0.07    1.82
 191072.576   360.118     0.29    2.29
 191448.853   359.884    -0.62    2.32
 191825.131   360.051     0.44    2.00
 192201.411   360.630     1.54    2.41
 192577.693   360.524    -0.28    2.85
 192953.977   360.910     1.03    2.78
 193330.263   360.946     0.10    2.86
 193706.551   361.500     1.47    2.93
 194082.840   363.010     4.01    3.37
 194459.132   364.141     3.00    3.68
 194835.426   366.051     5.08    3.53
 195211.721   367.261     3.22    2.86
 195587.707   368.476     3.23    2.47
 195963.619   369.945     3.91    2.86
 196339.533   370.807     2.29    2.88
 196715.449   371.686     2.34    2.73
 197091.367   371.713     0.07    2.37
 197467.287   370.956    -2.01    2.64
 197843.209   370.106    -2.26    3.03
 198219.133   369.551    -1.48    2.55
 198595.059   369.474    -0.20    2.53
 198970.986   369.443    -0.08    1.78
 199346.916   370.115     1.79    1.89
 199722.848   370.166     0.14    1.95
 200098.782   370.628     1.23    1.86
 200474.717   370.902     0.73    1.80
 200850.655   371.397     1.32    1.53
 201226.594   372.010     1.63    1.76
 201602.536   372.929     2.44    2.53
 201978.480   373.682     2.00    2.51
 202354.425   374.863     3.14    2.43
 202730.373   375.525     1.76    2.68
 203106.322   375.103    -1.12    3.26
 203482.274   374.443    -1.76    4.67
 203858.227   372.226    -5.90    7.23
 204234.182   367.495   -12.58   14.11
 204610.140   364.603    -7.69   16.88
 204986.099   360.893    -9.87   17.23
 205362.061   355.091   -15.43   17.33
 205738.024   337.371   -47.13   39.71
 206113.989   312.525   -66.09   54.26
 206489.957   264.115  -128.77   77.94
 206865.926   202.605  -163.61   78.69
 207241.898   150.858  -137.64   76.77
 207617.871    97.254  -142.58   64.86
 207993.846    55.118  -112.07   53.32
 208369.824    20.281   -92.66   39.50
 208745.803    -1.074   -56.80   19.43
 209121.785    -8.654   -20.16    2.85
 209497.768    -6.160     6.64    9.48
 209873.754     2.995    24.35   19.39
 210249.741    22.243    51.19   32.99
 210625.731    45.301    61.33   37.12
 211001.722    67.814    59.88   40.39
 211377.716    99.141    83.32   42.30
 211753.711   125.226    69.38   48.20
 212129.709   158.603    88.77   56.80
 212505.708   175.551    45.07   72.76
 212881.710   194.012    49.10   86.97
 213257.714   199.172    13.72   91.40
 213633.719   195.038   -11.00   93.00
 214009.727   181.867   -35.03   87.51
 214385.737   166.079   -41.99   74.20
 214761.748   165.983    -0.25   65.53
 215137.762   187.579    57.43   77.50
 215513.778   222.064    91.71   93.34
 215889.796   254.192    85.45   95.63
 216265.816   271.662    46.46   93.38
 216641.838   291.628    53.10   85.80
 217017.862   294.634     8.00   82.12
 217393.888   307.656    34.63   69.40
 217769.916   319.628    31.84   62.37
 218145.946   336.761    45.57   51.66
 218521.978   357.551    55.29   35.21
 218898.013   372.500    39.75   16.34
 219274.049   378.701    16.49   10.97
 219650.087   382.605    10.38    5.72
 220026.128   383.426     2.18    6.36
 220402.170   385.576     5.72    4.77
 220778.215   387.162     4.22    2.32
 221154.262   387.389     0.60    2.48
 221530.310   387.440     0.14    2.21
 221906.361   387.972     1.42    2.29
 222282.414   387.326    -1.72    4.14
 222658.469   386.967    -0.95    5.20
 223034.526   386.251    -1.91    6.43
 223410.585   387.659     3.74    5.58
 223786.646   389.497     4.89    4.64
 224162.709   391.446     5.18    3.95
 224538.774   393.209     4.69    2.07
 224914.842   394.659     3.86    1.63
 225290.911   395.470     2.16    1.50
 225666.983   396.176     1.88    1.48
 226043.056   396.773     1.59    1.48
 226419.132   395.776    -2.65    4.32
 226795.210   394.682    -2.91    5.90
 227171.290   394.579    -0.28    6.73
 227547.372   394.578    -0.00    6.62
 227923.456   394.690     0.30    6.31
 228299.542   395.192     1.34    5.57
 228675.630   394.326    -2.30    5.74
 229051.721   394.010    -0.84    5.83
 229427.813   394.101     0.24    5.22
 229803.908   394.340     0.64    4.62
 230180.004   394.577     0.63    3.95
 230556.103   394.983     1.08    2.66
 230932.204   395.012     0.08    3.03
 231308.307   394.875    -0.36    2.68
 231684.412   394.745    -0.35    2.96
 232060.520   394.653    -0.24    3.25
 232436.629   394.467    -0.49    3.43
 232812.740   394.807     0.90    3.45
 233188.854   395.935     3.00    2.65
 233564.970   396.356     1.12    2.33
 233941.088   396.443     0.23    2.25
 234317.207   396.551     0.29    2.19
 234693.330   396.419    -0.35    2.33
 235069.454   396.961     1.44    2.69
 235445.580   397.794     2.21    2.63
 235821.709   399.192     3.72    1.72
 236197.839   400.115     2.45    1.12
 236573.972   400.472     0.95    1.17
 236950.107   400.848     1.00    1.84
 237326.244   401.500     1.73    2.03
 237702.383   402.314     2.17    2.34
 238078.524   402.662     0.93    2.31
 238454.668   403.294     1.68    2.16
 238830.813   403.884     1.57    2.15
 239206.961   404.156     0.72    1.90
 239583.111   404.602     1.19    1.54
 239959.263   404.676     0.20    1.79
 240335.417   404.578    -0.26    1.91
 240711.573   404.983     1.08    2.02
 241087.732   404.713    -0.72    2.67
 241463.893   405.166     1.20    3.02
 241840.055   405.245     0.21    3.58
 242216.220   404.525    -1.91    7.67
 242592.388   400.756   -10.02   16.83
 242968.557   396.935   -10.16   24.62
 243344.728   386.902   -26.67   42.82
 243720.902   380.858   -16.07   36.19
 244097.078   364.761   -42.79   46.82
 244473.256   343.273   -57.12   55.84
 244849.436   308.416   -92.66   73.74
 245225.618   270.172  -101.67   74.65
 245601.803   247.551   -60.14   72.13
 245977.989   232.346   -40.42   81.39
 246354.178   194.738   -99.97   80.96
 246730.369   151.919  -113.83   66.44
 247106.562   118.498   -88.84   42.00
 247482.758   100.470   -47.92   19.41
 247858.955    97.038    -9.12   19.96
 248235.155   105.335    22.05   32.65
 248611.357   112.038    17.82   51.00
 248987.561   129.371    46.08   68.77
 249363.768   152.893    62.53   84.04
 249739.976   140.998   -31.62   76.07
 250116.187   123.115   -47.54   68.91
 250492.400    99.682   -62.29   51.97
 250868.615    84.079   -41.48   42.19
 251244.832    91.821    20.58   62.64
 251621.052    99.740    21.05   78.41
 251997.274   104.037    11.42   82.49
 252373.497   103.500    -1.43   87.85
 252749.724    87.520   -42.48   63.11
 253125.952    73.089   -38.36   46.78
 253502.183    73.833     1.98   41.62
 253878.415    84.106    27.31   56.61
 254254.650    91.089    18.56   65.41
 254630.888    87.686    -9.05   63.78
 255007.127    76.961   -28.51   40.05
 255383.369    67.709   -24.59   23.11
 255759.613    65.858    -4.92   21.54
 256135.859    69.226     8.95   25.83
 256512.107    73.576    11.56   32.35
 256888.358    72.651    -2.46   33.22
 257264.610    68.551   -10.90   34.41
 257640.866    64.226   -11.49   28.92
 258017.123    62.010    -5.89   26.33
 258393.382    57.064   -13.15   23.37
 258769.644    56.821    -0.65   23.65
 259145.908    59.837     8.01   25.64
 259522.174    65.626    15.39   32.68
 259898.443    76.884    29.92   33.05
 260274.713    82.551    15.06   30.45
 260650.986    84.884     6.20   28.40
 261027.261    86.773     5.02   26.02
 261403.539   100.209    35.71   39.32
 261779.819   130.024    79.24   57.87
 262156.101   184.807   145.60   83.69
 262532.385   249.605   172.21   88.12
 262908.671   303.261   142.60   83.50
 263284.960   348.294   119.68   71.59
 263661.251   376.106    73.91   52.59
 264037.544   379.603     9.29   45.25
 264413.840   362.875   -44.46   62.26
 264790.137   346.037   -44.75   70.63
 265166.437   353.226    19.11   62.85
 265542.740   369.322    42.78   53.01
 265919.044   332.089   -98.95   87.09
 266295.351   261.551  -187.46  110.69
 266671.660   189.389  -191.77  104.71
 267047.971   118.294  -188.93   62.79
 267424.285    85.788   -86.39   25.83
 267800.601    77.294   -22.57   20.69
 268176.919    75.705    -4.22   23.76
 268553.240    73.397    -6.13   25.49
 268929.562    61.190   -32.44   21.40
 269305.887    53.472   -20.51   16.39
 269682.215    48.320   -13.69    6.36
 270058.544    47.384    -2.49    5.75
 270434.797    47.653     0.72    5.54
 270810.671    46.340    -3.49    2.74
 271186.547    47.416     2.86    7.47
 271562.425    46.794    -1.65    5.42
 271938.306    48.443     4.39    6.01
 272314.188    51.243     7.45    7.23
 272690.074    54.526     8.73    6.75
 273065.961    56.794     6.03    6.20
 273441.851    59.926     8.33   10.91
 273817.743    62.709     7.40   14.59
 274193.637    61.288    -3.78   12.78
 274569.534    64.172     7.67   16.48
 274945.433    66.628     6.53   19.65
 275321.334    74.134    19.97   24.12
 275697.237    76.416     6.07   24.44
 276073.143    76.840     1.13   22.97
 276449.051    78.322     3.94   20.07
 276824.962    78.705     1.02   19.03
 277200.875    88.858    27.01   18.50
 277576.790    99.634    28.67   12.53
 277952.707   102.902     8.69   13.90
 278328.627   103.632     1.94   19.92
 278704.549   100.261    -8.97   19.58
 279080.473    99.751    -1.36   19.42
 279456.400   102.091     6.23   18.73
 279832.329   115.987    36.96   25.06
 280208.260   126.288    27.40   24.22
 280584.194   140.524    37.87   29.73
 280960.130   153.848    35.44   34.74
 281336.068   162.951    24.21   35.76
 281712.009   170.340    19.66   32.95
 282087.952   162.416   -21.08   36.72
 282463.898   150.632   -31.35   36.88
 282839.845   135.162   -41.15   34.80
 283215.795   125.346   -26.11   35.09
 283591.748   125.166    -0.48   37.47
 283967.703   127.751     6.88   40.39
 284343.660   124.308    -9.16   41.25
 284719.619   112.767   -30.70   38.01
 285095.581   100.761   -31.93   31.61
 285471.545    97.676    -8.21   30.41
 285847.512    93.199   -11.91   22.97
 286223.480    92.156    -2.78   17.04
 286599.452    94.340     5.81   20.67
 286975.425    94.961     1.65   21.77
 287351.401    86.821   -21.65   20.85
 287727.379    78.251   -22.80   14.07
 288103.360    72.735   -14.67    7.40
 288479.343    70.524    -5.88    5.10
 288855.329    70.686     0.43    5.12
 289231.316    70.495    -0.51    4.99
 289607.306    68.397    -5.58    4.63
 289983.299    67.653    -1.98    5.57
 290359.294    65.801    -4.93    3.38
 290735.291    66.389     1.56    5.14
 291111.291    68.254     4.96    8.11
 291487.293    70.362     5.61   13.26
 291863.297    72.976     6.95   14.85
 292239.304    73.443     1.24   15.92
 292615.313    79.051    14.92   21.87
 292991.325    84.577    14.70   23.75
 293367.339    95.166    28.16   32.07
 293743.355    96.794     4.33   33.41
 294119.374    97.868     2.86   31.66
 294495.395   108.782    29.03   35.26
 294871.419   112.079     8.77   37.13
 295247.444   117.929    15.56   37.07
 295623.473   118.145     0.58   36.66
 295999.504   116.576    -4.17   34.22
 296375.537   126.858    27.34   35.32
 296751.572   125.094    -4.69   36.20
 297127.610   116.294   -23.40   38.03
 297503.651    99.470   -44.74   23.18
 297879.693    93.217   -16.63   15.77
 298255.738   111.807    49.44   33.62
 298631.786   128.235    43.69   39.72
 299007.836   147.628    51.57   39.23
 299383.889   150.814     8.47   36.70
 299759.943   137.876   -34.41   39.51
 300136.001   118.875   -50.53   32.24
 300512.060   112.976   -15.69   19.54
 300888.122   119.628    17.69   25.69
 301264.187   136.551    45.00   31.58
 301640.254   136.848     0.79   32.49
 302016.323   140.037     8.48   27.87
 302392.395   145.037    13.30   32.33
 302768.469   153.423    22.30   36.57
 303144.546   158.662    13.93   37.14
 303520.625   157.858    -2.14   38.16
 303896.707   155.419    -6.49   34.01
 304272.791   144.856   -28.09   27.54
 304648.877   150.679    15.48   28.81
 305024.966   148.807    -4.98   27.31
 305401.057   144.884   -10.43   24.37
 305777.151   143.362    -4.05   18.49
 306153.247   148.525    13.73   22.99
 306529.346   151.875     8.91   23.90
 306905.447   150.269    -4.27   22.57
 307281.551   146.851    -9.09   17.71
 307657.657   153.523    17.74   26.11
 308033.765   158.199    12.43   25.69
 308409.876   156.497    -4.53   27.79
 308785.990   151.632   -12.94   29.22
 309162.105   136.156   -41.15   14.43
 309538.224   132.967    -8.48   12.24
 309914.345   137.151    11.12   15.04
 310290.468   144.919    20.66   19.24
 310666.594   147.470     6.78   18.98
 311042.722   155.038    20.12   25.70
 311418.852   159.656    12.28   26.15
 311794.986   160.972     3.50   26.92
 312171.121   163.301     6.19   28.87
 312547.259   162.115    -3.15   26.22
 312923.400   157.821   -11.42   20.49
 313299.543   157.397    -1.13   21.19
 313675.689   165.376    21.21   28.49
 314051.837   170.579    13.83   29.40
 314427.987   174.983    11.71   30.71
 314804.140   182.416    19.76   33.05
 315180.296   182.605     0.50   28.25
 315556.454   190.794    21.77   31.52
 315932.614   202.079    30.00   38.55
 316308.777   211.126    24.05   41.35
 316684.943   219.756    22.94   43.26
 317061.110   220.199     1.18   38.08
 317437.281   224.192    10.61   35.92
 317813.454   225.524     3.54   32.26
 318189.629   221.269   -11.31   23.62
 318565.807   227.848    17.49   21.75
 318941.988   233.756    15.71   18.94
 319318.171   243.467    25.82   17.41
 319694.356   250.730    19.31   15.46
 320070.544   253.346     6.95   19.24
 320446.735   242.395   -29.11   29.92
 320822.928   220.199   -59.00   37.00
 321199.124   197.605   -60.06   28.92
 321575.322   181.682   -42.33   15.31
 321951.522   178.037    -9.69   12.93
 322327.725   176.245    -4.76   11.90
 322703.931   183.525    19.35   16.05
 323080.139   199.961    43.69   25.74
 323456.350   229.446    78.38   53.59
 323832.563   268.156   102.90   63.74
 324208.779   286.257    48.12   59.55
 324584.997   305.638    51.52   60.99
