#  266.054  -8.718  13.799 ;Mean Elev.(m), Avg Gradient(m/km), RMS Gradient(m/km) - SRTM1     
#  258.202  -9.606  14.927 ;Mean Elev.(m), Avg Gradient(m/km), RMS Gradient(m/km) - ASTER GDEM
#  266.000  -8.801  13.420 ;Mean Elev.(m), Avg Gradient(m/km), RMS Gradient(m/km) - GMTED2010 
  7  15.437894  -4.296996   248.249   248.038  4 52447.87563313 47.267
  8  15.448174  -4.313064   269.939   269.972 14 52482.87561870 40.376
  9  15.450418  -4.299530   269.877   269.548  4 52517.87557788 35.293
 10  15.444401  -4.304899   271.350   271.306  9 52552.87562653 33.350
 11  15.451624  -4.299834   272.651   272.591  3 52587.87560657 49.954
 12  15.450798  -4.307969   273.064   273.063  9 52622.87556385 23.053
 13  15.453743  -4.309776   272.486   272.480  9 52657.87557653 18.068
 15  15.454465  -4.313528   271.015   271.027 11 52727.87559868 35.040
 16  15.440040  -4.304521   271.290   271.269  9 52762.87561400 49.346
 17  15.455389  -4.300632   271.009   271.046  3 52797.87558274 50.414
 18  15.454667  -4.300130   270.712   270.764  3 52832.87565389 46.869
 19  15.458839  -4.312180   270.913   270.626 10 52867.87569406 13.535
 20  15.449362  -4.306039   271.357   271.277  7 52902.87571273 48.070
 21  15.450502  -4.313382   272.220   272.128 12 52937.87564934 42.681
 22  15.448395  -4.304501   272.787   272.764  8 52972.87568367 51.386
 23  15.444705  -4.305212   272.707   272.708  9 53007.87569296 51.726
 24  15.447191  -4.303053   271.485   271.455  7 53042.87564990 49.975
 25  15.446137  -4.309276   270.471   270.463 11 53077.87568164 42.037
 26  15.445881  -4.311348   270.128   270.173 14 53112.87565165 33.585
 27  15.445645  -4.303369   270.195   270.151  8 53147.87569796 48.521
 28  15.456600  -4.310317   269.624   269.556  3 53182.87569672 47.973
 29  15.448196  -4.301269   269.182   269.132  5 53217.87572257 43.898
 30  15.445158  -4.303162   270.303   270.280  8 53252.87570006 42.103
 31  15.443368  -4.303776   270.861   270.854  8 53287.87569995 47.092
 32  15.456998  -4.304086   273.000   273.065  5 53322.87567534 23.595
 33  15.454355  -4.301172   271.509   271.542  4 53357.87564113 21.417
 34  15.449039  -4.304409   271.776   271.731  6 53392.87565607 36.586
 35  15.452448  -4.299209   270.838   270.838  2 53427.87565163 48.712
 36  15.452195  -4.298658   270.641   270.395  3 53462.87566955 50.101
 37  15.443741  -4.310796   270.618   270.081 12 53497.87573967 23.959
 38  15.452261  -4.300757   270.465   270.506  3 53532.87572333 47.027
 39  15.444844  -4.310350   270.433   269.891 13 53567.87574097 34.773
 40  15.453193  -4.313881   269.532   269.629 11 53602.87568508 19.081
 41  15.447420  -4.307567   270.922   270.205 10 53637.87568459 16.880
 42  15.444448  -4.304117   271.491   271.499  8 53672.87570570 50.969
 43  15.454363  -4.298983   272.662   272.652  3 53707.87563786 50.707
 44  15.454866  -4.313319   271.421   271.370 11 53742.87554642 25.917
 45  15.455501  -4.305927   270.254   270.112  6 53777.87557423 33.758
 46  15.451201  -4.299715   270.568   270.567  4 53812.87555130 49.886
 47  15.448365  -4.310484   270.027   270.190 11 53847.87560449 25.117
 49  15.441690  -4.304010   269.933   269.931  9 53917.87568781 44.402
 50  15.440939  -4.305910   269.762   269.731  9 53952.87569110 48.951
 52  15.452391  -4.310665   270.568   270.517 10 54022.87566919 21.825
 53  15.458536  -4.308754   272.723   272.672  8 54057.87566132 40.576
 54  15.450268  -4.304937   273.471   273.534  7 54092.87564328 47.355
 55  15.451875  -4.304810   272.203   272.216  6 54127.87558006 50.866
 56  15.448807  -4.304795   270.111   270.159  7 54162.87561305 20.439
 57  15.451834  -4.309569   270.315   270.282 10 54197.87558116 18.527
 58  15.450665  -4.303439   270.862   270.771  5 54232.87562679 50.057
 59  15.453105  -4.314606   270.493   270.569 12 54267.87564365 22.381
 60  15.451269  -4.304179   270.078   270.042  5 54302.87564921 38.126
 61  15.450341  -4.302662   270.643   270.605  6 54337.87563523 50.139
 62  15.452894  -4.310911   270.145   270.103  9 54372.87558100 22.958
 63  15.449868  -4.305966   272.556   272.489  7 54407.87557986 50.244
 64  15.452293  -4.306469   272.355   272.468  7 54442.87554200 21.869
 65  15.451246  -4.303333   273.065   272.986  5 54477.87556946 40.937
 66  15.451288  -4.301348   271.454   271.434  4 54512.87555816 47.053
 67  15.449799  -4.302718   270.817   270.794  6 54547.87558330 48.677
 68  15.452039  -4.306741   271.158   271.123  7 54582.87555326 22.510
 69  15.453171  -4.314702   270.604   270.514 12 54617.87557242 18.792
 70  15.448734  -4.304274   270.381   270.389  8 54652.87558622 50.153
 71  15.449621  -4.303922   270.095   270.092  6 54687.87557611 47.485
 72  15.453599  -4.312710   270.555   270.448 10 54722.87553213 19.610
 73  15.450701  -4.309404   271.066   271.067 10 54757.87555045 19.627
 74  15.449509  -4.302536   272.609   272.612  5 54792.87552670 44.182
 75  15.449895  -4.301295   272.966   272.835  5 54827.87555014 50.771
 76  15.450714  -4.301280   271.266   271.208  5 54862.87552160 39.521
 77  15.449547  -4.307656   271.683   270.969  9 54897.87554857 18.840
 78  15.449692  -4.303553   270.759   270.782  6 54932.87551598 49.592
 79  15.450882  -4.307800   270.727   270.845  8 54967.87555041 39.088
 80  15.448455  -4.309568   270.545   270.485 11 55002.87556970 35.046
 81  15.450452  -4.299503   270.277   270.278  4 55037.87555795 46.447
 82  15.448909  -4.301208   270.106   270.094  5 55072.87554402 47.255
 83  15.452224  -4.313446   270.793   270.793 11 55107.87548773 16.912
 84  15.450557  -4.311362   271.768   271.847 11 55142.87549253 26.473
 85  15.451425  -4.302325   273.160   273.170  4 55177.87546149 49.979
 86  15.449356  -4.301693   272.421   272.387  5 55212.87548945 51.819
 87  15.450654  -4.301008   271.723   271.449  3 55247.87546273 47.201
 88  15.450061  -4.308721   271.267   271.025 10 55282.87548143 21.486
 89  15.448993  -4.305483   271.717   271.711  8 55317.87545231 49.433
 90  15.450464  -4.307530   270.540   270.557  8 55352.87545479 19.726
 91  15.451681  -4.315236   270.076   270.001 13 55387.87544981 21.138
 92  15.451779  -4.307562   270.161   270.197  7 55422.87547236 20.208
 93  15.452808  -4.315131   270.073   270.133 12 55457.87544367 21.808
