#  281.959  -0.248   1.091 ;Mean Elev.(m), Avg Gradient(m/km), RMS Gradient(m/km) - SRTM1     
#  275.051   0.482   4.429 ;Mean Elev.(m), Avg Gradient(m/km), RMS Gradient(m/km) - ASTER GDEM
#  282.054  -2.490   7.813 ;Mean Elev.(m), Avg Gradient(m/km), RMS Gradient(m/km) - GMTED2010 
  7   284.930 52444.87209552 22.02  16.362282  -1.972050 12.921
  7   284.157 52444.87209616 21.91  16.361562  -1.968740 12.921
  7   284.693 52444.87209681 23.28  16.360832  -1.965440 12.921
  7   285.165 52444.87209745 26.26  16.360102  -1.962130 12.921
  7   285.207 52444.87209810 30.87  16.359372  -1.958830 12.921
  7   285.326 52444.87209874 35.69  16.358652  -1.955520 12.921
  7   285.601 52444.87209939 36.50  16.357922  -1.952220 12.921
  8   285.001 52479.87209012 51.55  16.365605  -1.961588 47.066
  8   285.061 52479.87209077 54.01  16.364885  -1.958278 47.066
  8   284.924 52479.87209141 51.59  16.364155  -1.954978 47.066
  8   284.946 52479.87209206 50.18  16.363435  -1.951668 47.066
  8   284.986 52479.87209270 52.89  16.362699  -1.948366 19.465
  9   285.314 52514.87203969 50.52  16.373864  -1.949937 44.510
  9   285.416 52514.87204033 53.04  16.373132  -1.946635 18.729
  9   285.511 52514.87204098 49.95  16.372412  -1.943325 18.729
  9   285.455 52514.87204162 53.64  16.371682  -1.940025 18.729
  9   285.399 52514.87204227 52.56  16.370952  -1.936715 18.729
 10   286.217 52549.87208345 48.49  16.366255  -1.959759 38.679
 10   286.280 52549.87208409 50.75  16.365525  -1.956459 38.679
 10   286.361 52549.87208474 50.21  16.364795  -1.953149 38.679
 10   286.455 52549.87208538 51.22  16.364065  -1.949849 38.679
 10   286.477 52549.87208603 50.79  16.363345  -1.946539 38.679
 11   287.317 52584.87206734 53.28  16.374296  -1.948193 48.422
 11   287.292 52584.87206799 53.23  16.373566  -1.944893 48.422
 11   287.296 52584.87206863 51.82  16.372836  -1.941583 48.422
 11   287.320 52584.87206928 53.28  16.372110  -1.938280 47.033
 11   287.340 52584.87206992 52.81  16.371390  -1.934970 47.033
 12   288.158 52619.87204457 51.88  16.367529  -1.960633 48.415
 12   288.214 52619.87204522 50.01  16.366809  -1.957333 48.415
 12   288.297 52619.87204586 49.37  16.366079  -1.954023 48.415
 12   288.370 52619.87204651 49.84  16.365349  -1.950723 48.415
 12   288.358 52619.87204715 51.04  16.364629  -1.947413 48.415
 12   288.326 52619.87204780 49.47  16.363898  -1.944110 53.243
 13   287.776 52654.87203496 50.62  16.374320  -1.947347 51.528
 13   287.774 52654.87203561 50.17  16.373590  -1.944037 51.528
 13   287.735 52654.87203625 52.77  16.372860  -1.940737 51.528
 13   287.738 52654.87203690 51.90  16.372140  -1.937427 51.528
 13   287.660 52654.87203754 52.08  16.371410  -1.934127 51.528
 14   285.358 52689.87202702 29.31  16.369393  -1.957729 35.011
 14   285.513 52689.87202767 31.94  16.368663  -1.954419 35.011
 14   285.650 52689.87202831 43.50  16.367943  -1.951119 35.011
 14   285.780 52689.87202896 44.87  16.367213  -1.947809 35.011
 14   285.788 52689.87202960 41.72  16.366483  -1.944509 35.011
 14   285.643 52689.87203025 36.08  16.365763  -1.941199 35.011
 15   285.012 52724.87207124 53.02  16.370437  -1.956516 25.554
 15   285.011 52724.87207188 53.37  16.369707  -1.953206 25.554
 15   285.011 52724.87207253 52.07  16.368977  -1.949906 25.554
 15   285.084 52724.87207317 51.88  16.368257  -1.946596 25.554
 15   285.161 52724.87207382 53.12  16.367527  -1.943296 25.554
 15   285.210 52724.87207446 52.71  16.366797  -1.939986 25.554
 16   285.243 52759.87208643 45.08  16.362109  -1.975090 47.665
 16   285.205 52759.87208707 48.32  16.361389  -1.971780 47.665
 16   285.099 52759.87208772 50.80  16.360659  -1.968480 47.665
 16   285.144 52759.87208836 52.21  16.359929  -1.965170 47.665
 16   285.234 52759.87208900 52.99  16.359209  -1.961870 47.665
 16   285.294 52759.87208965 49.71  16.358479  -1.958560 47.665
 16   285.254 52759.87209029 53.62  16.357749  -1.955260 47.665
 16   285.237 52759.87209094 54.81  16.357029  -1.951950 47.665
 17   285.596 52794.87204609 51.96  16.373850  -1.954876 45.445
 17   285.632 52794.87204674 50.82  16.373120  -1.951566 45.445
 17   285.730 52794.87204738 51.93  16.372397  -1.948266 29.828
 17   285.801 52794.87204802 51.66  16.371667  -1.944956 29.828
 17   285.784 52794.87204867 53.03  16.370937  -1.941656 29.828
 17   285.665 52794.87204931 53.47  16.370217  -1.938346 29.828
 17   285.680 52794.87204996 51.75  16.369487  -1.935046 29.828
 18   285.657 52829.87211437 50.77  16.373912  -1.947348 26.259
 18   285.755 52829.87211501 50.39  16.373182  -1.944038 26.259
 18   285.743 52829.87211566 52.14  16.372452  -1.940738 26.259
 18   285.692 52829.87211630 53.47  16.371732  -1.937428 26.259
 18   285.614 52829.87211695 50.11  16.371002  -1.934128 26.259
 19   285.932 52864.87215955 50.05  16.374689  -1.942424 21.163
 19   285.863 52864.87216020 50.65  16.373959  -1.939124 21.163
 19   285.823 52864.87216084 54.76  16.373239  -1.935814 21.163
 19   285.829 52864.87216149 50.85  16.372509  -1.932514 21.163
 20   286.379 52899.87218536 51.11  16.368634  -1.960122 47.792
 20   286.411 52899.87218600 54.65  16.367904  -1.956812 47.792
 20   286.370 52899.87218665 53.36  16.367174  -1.953512 47.792
 20   286.291 52899.87218729 51.45  16.366454  -1.950202 47.792
 20   286.317 52899.87218793 51.67  16.365720  -1.946900 34.280
 20   286.344 52899.87218858 53.64  16.365000  -1.943590 34.280
 21   287.110 52934.87212820 36.77  16.367861  -1.961078 36.247
 21   286.931 52934.87212885 37.45  16.367131  -1.957778 36.247
 21   287.032 52934.87212949 47.06  16.366401  -1.954468 36.247
 21   287.015 52934.87213013 48.71  16.365681  -1.951168 36.247
 21   287.039 52934.87213078 50.27  16.364951  -1.947858 36.247
 21   287.064 52934.87213142 45.30  16.364221  -1.944555 35.502
 22   287.697 52969.87214563 46.12  16.369990  -1.958933 46.634
 22   287.789 52969.87214628 46.62  16.369260  -1.955623 46.634
 22   287.798 52969.87214692 51.44  16.368530  -1.952323 46.634
 22   287.730 52969.87214756 51.93  16.367810  -1.949013 46.634
 22   287.678 52969.87214821 51.21  16.367080  -1.945713 46.634
 22   287.695 52969.87214885 52.39  16.366350  -1.942403 46.634
 23   287.292 53004.87216206 47.54  16.364956  -1.964681 45.067
 23   287.299 53004.87216270 47.42  16.364226  -1.961381 45.067
 23   287.115 53004.87216334 39.77  16.363506  -1.958071 45.067
 23   287.221 53004.87216399 49.76  16.362776  -1.954771 45.067
 23   287.238 53004.87216463 50.87  16.362056  -1.951461 45.067
 23   287.237 53004.87216528 50.62  16.361320  -1.948160 39.901
 24   285.901 53039.87211295 52.29  16.367219  -1.960310 45.341
 24   285.869 53039.87211360 52.87  16.366489  -1.957010 45.341
 24   285.940 53039.87211424 51.22  16.365759  -1.953700 45.341
 24   286.037 53039.87211489 50.39  16.365034  -1.950399 34.589
 24   286.112 53039.87211553 50.30  16.364304  -1.947089 34.589
 24   286.073 53039.87211618 49.64  16.363574  -1.943789 34.589
 25   284.725 53074.87214412 53.60  16.367092  -1.960066 46.000
 25   284.758 53074.87214477 53.62  16.366362  -1.956766 46.000
 25   284.798 53074.87214541 52.65  16.365642  -1.953456 46.000
 25   284.836 53074.87214606 51.34  16.364907  -1.950154 29.704
 25   284.883 53074.87214670 51.51  16.364187  -1.946844 29.704
 26   284.651 53109.87211333 49.21  16.365283  -1.963813 44.007
 26   284.676 53109.87211398 52.59  16.364553  -1.960503 44.007
 26   284.709 53109.87211462 53.73  16.363830  -1.957204 29.183
 26   284.725 53109.87211526 49.58  16.363100  -1.953894 29.183
 26   284.770 53109.87211591 51.55  16.362370  -1.950594 29.183
 26   284.796 53109.87211655 49.40  16.361650  -1.947284 29.183
 27   285.033 53144.87215605 38.89  16.367826  -1.958998 22.763
 27   284.929 53144.87215669 40.60  16.367096  -1.955688 22.763
 27   285.088 53144.87215734 45.95  16.366377  -1.952386 15.547
 27   285.280 53144.87215798 38.01  16.365647  -1.949076 15.547
 27   285.010 53144.87215863 32.29  16.364917  -1.945776 15.547
 28   284.673 53179.87216964 50.97  16.372756  -1.956535 41.512
 28   284.778 53179.87217028 49.82  16.372026  -1.953235 41.512
 28   284.631 53179.87217093 53.64  16.371306  -1.949925 41.512
 28   284.707 53179.87217157 52.92  16.370569  -1.946622 16.576
 28   284.823 53179.87217222 52.51  16.369849  -1.943312 16.576
 28   284.878 53179.87217286 52.15  16.369119  -1.940012 16.576
 28   284.724 53179.87217351 52.79  16.368389  -1.936702 16.576
 29   284.464 53214.87219085 51.60  16.368337  -1.960056 43.519
 29   284.554 53214.87219150 54.63  16.367607  -1.956746 43.519
 29   284.647 53214.87219214 50.60  16.366877  -1.953446 43.519
 29   284.645 53214.87219279 50.26  16.366157  -1.950136 43.519
 29   284.630 53214.87219343 50.65  16.365420  -1.946834 16.799
 29   284.650 53214.87219407 52.79  16.364700  -1.943524 16.799
 30   284.696 53249.87216128 23.53  16.369428  -1.956993 30.922
 30   284.627 53249.87216193 21.12  16.368698  -1.953693 30.922
 30   285.152 53249.87216257 22.86  16.367978  -1.950383 30.922
 30   285.240 53249.87216321 25.05  16.367246  -1.947081  9.950
 30   285.228 53249.87216386 24.68  16.366526  -1.943771  9.950
 30   285.573 53249.87216450 27.91  16.365796  -1.940471  9.950
 31   285.940 53284.87215725 51.60  16.365881  -1.962187 47.161
 31   285.872 53284.87215789 53.33  16.365151  -1.958887 47.161
 31   285.878 53284.87215853 51.95  16.364421  -1.955577 47.161
 31   285.957 53284.87215918 50.96  16.363698  -1.952276 20.115
 31   286.050 53284.87215982 51.34  16.362968  -1.948966 20.115
 32   287.135 53319.87214537 49.82  16.374624  -1.948502 45.817
 32   287.240 53319.87214602 52.41  16.373894  -1.945192 45.817
 32   287.220 53319.87214666 53.23  16.373166  -1.941890 47.404
 32   287.172 53319.87214731 53.14  16.372446  -1.938580 47.404
 32   287.084 53319.87214795 50.78  16.371716  -1.935280 47.404
 33   287.546 53354.87211283 28.48  16.374008  -1.950403 26.591
 33   287.582 53354.87211348 30.17  16.373288  -1.947093 26.591
 33   287.370 53354.87211412 26.76  16.372556  -1.943790 44.929
 33   287.237 53354.87211477 27.05  16.371836  -1.940480 44.929
 33   287.368 53354.87211541 28.31  16.371106  -1.937180 44.929
 33   287.577 53354.87211606 45.04  16.370376  -1.933870 44.929
 34   286.220 53389.87211723 52.38  16.369314  -1.959232 47.098
 34   286.255 53389.87211787 52.27  16.368584  -1.955932 47.098
 34   286.272 53389.87211852 54.08  16.367854  -1.952622 47.098
 34   286.132 53389.87211916 51.95  16.367131  -1.949322 37.636
 34   286.161 53389.87211981 53.90  16.366401  -1.946012 37.636
 34   286.186 53389.87212045 51.02  16.365671  -1.942712 37.636
 35   284.731 53424.87211654 50.61  16.374072  -1.951543 41.133
 35   284.732 53424.87211718 52.10  16.373337  -1.948241 37.209
 35   284.674 53424.87211783 53.12  16.372617  -1.944931 37.209
 35   284.665 53424.87211847 51.84  16.371887  -1.941631 37.209
 35   284.681 53424.87211912 52.45  16.371157  -1.938321 37.209
 35   284.696 53424.87211976 51.27  16.370437  -1.935021 37.209
 36   284.666 53459.87212219 45.66  16.373837  -1.948017 27.038
 36   284.769 53459.87212283 49.00  16.373107  -1.944707 27.038
 36   284.863 53459.87212348 50.04  16.372377  -1.941407 27.038
 36   284.684 53459.87212412 52.50  16.371657  -1.938097 27.038
 36   284.704 53459.87212477 52.32  16.370927  -1.934797 27.038
 37   284.784 53494.87220401 48.58  16.364626  -1.968427 45.311
 37   284.870 53494.87220465 47.63  16.363896  -1.965117 45.311
 37   284.748 53494.87220530 50.72  16.363166  -1.961817 45.311
 37   284.783 53494.87220594 51.73  16.362446  -1.958507 45.311
 37   284.866 53494.87220659 51.52  16.361716  -1.955207 45.311
 37   284.950 53494.87220723 51.82  16.360986  -1.951897 45.311
 37   284.933 53494.87220788 48.67  16.360267  -1.948597 20.709
 38   285.276 53529.87218283 51.30  16.373570  -1.947242 26.284
 38   285.360 53529.87218347 51.55  16.372850  -1.943932 26.284
 38   285.471 53529.87218412 53.46  16.372120  -1.940632 26.284
 38   285.312 53529.87218476 53.72  16.371390  -1.937322 26.284
 38   285.279 53529.87218541 48.69  16.370670  -1.934022 26.284
 39   285.186 53564.87221005 49.13  16.365181  -1.965785 44.645
 39   285.229 53564.87221070 52.42  16.364461  -1.962485 44.645
 39   285.142 53564.87221134 52.11  16.363731  -1.959175 44.645
 39   285.202 53564.87221199 50.83  16.363001  -1.955875 44.645
 39   285.276 53564.87221263 51.88  16.362281  -1.952565 44.645
 39   285.285 53564.87221328 50.08  16.361547  -1.949262 19.041
 40   284.966 53599.87215327 39.64  16.372567  -1.957808 39.005
 40   285.007 53599.87215391 45.78  16.371837  -1.954508 39.005
 40   284.911 53599.87215456 48.66  16.371117  -1.951198 39.005
 40   285.031 53599.87215520 51.88  16.370385  -1.947896 16.795
 40   285.051 53599.87215585 50.19  16.369665  -1.944586 16.795
 40   284.957 53599.87215649 50.30  16.368935  -1.941286 16.795
 40   285.005 53599.87215714 53.54  16.368205  -1.937976 16.795
 41   285.824 53634.87214983 49.54  16.366544  -1.959552 44.316
 41   285.946 53634.87215047 50.72  16.365814  -1.956252 44.316
 41   285.911 53634.87215111 50.55  16.365084  -1.952942 44.316
 41   285.884 53634.87215176 53.60  16.364362  -1.949641 17.144
 41   285.998 53634.87215240 51.15  16.363632  -1.946331 17.144
 42   286.318 53669.87217054 30.70  16.365748  -1.962719 41.257
 42   286.320 53669.87217118 39.56  16.365028  -1.959409 41.257
 42   286.353 53669.87217183 45.38  16.364298  -1.956109 41.257
 42   286.405 53669.87217247 47.85  16.363568  -1.952799 41.257
 42   286.429 53669.87217312 47.84  16.362840  -1.949497 19.089
 43   287.477 53704.87210942 41.95  16.374459  -1.949626 28.032
 43   287.326 53704.87211006 35.22  16.373739  -1.946316 28.032
 43   287.461 53704.87211071 45.72  16.373006  -1.943014 49.455
 43   287.481 53704.87211135 51.43  16.372286  -1.939704 49.455
 43   287.375 53704.87211200 48.59  16.371556  -1.936404 49.455
 44   286.307 53739.87201885 50.13  16.374515  -1.956257 44.294
 44   286.231 53739.87201949 52.10  16.373785  -1.952947 44.294
 44   286.178 53739.87202014 51.88  16.373065  -1.949647 44.294
 44   286.261 53739.87202078 50.84  16.372335  -1.946337 44.294
 44   286.344 53739.87202142 51.55  16.371609  -1.943034 37.558
 44   286.281 53739.87202207 53.62  16.370879  -1.939724 37.558
 44   286.197 53739.87202271 52.20  16.370159  -1.936424 37.558
 45   285.049 53774.87203991 38.45  16.374250  -1.950448 17.339
 45   284.921 53774.87204055 27.64  16.373520  -1.947148 17.339
 45   284.701 53774.87204120 26.46  16.372790  -1.943838 17.339
 45   284.890 53774.87204184 30.78  16.372071  -1.940536 15.435
 45   284.959 53774.87204249 40.68  16.371341  -1.937226 15.435
 45   285.002 53774.87204313 48.04  16.370611  -1.933926 15.435
 46   284.592 53809.87202184 18.63  16.372515  -1.955465  8.940
 46   284.393 53809.87202248 18.18  16.371795  -1.952165  8.940
 46   284.310 53809.87202313 18.30  16.371065  -1.948855  8.940
 46   284.225 53809.87202377 20.49  16.370345  -1.945555  8.940
 46   284.897 53809.87202442 19.66  16.369615  -1.942245  8.940
 46   285.324 53809.87202506 21.83  16.368886  -1.938942 32.092
 46   285.579 53809.87202571 26.63  16.368156  -1.935632 32.092
 47   284.690 53844.87206390 50.34  16.368274  -1.961128 41.360
 47   284.799 53844.87206454 51.89  16.367544  -1.957828 41.360
 47   284.671 53844.87206519 52.04  16.366824  -1.954518 41.360
 47   284.752 53844.87206583 51.29  16.366094  -1.951218 41.360
 47   284.840 53844.87206648 50.37  16.365364  -1.947908 41.360
 47   284.850 53844.87206712 54.45  16.364643  -1.944607 24.185
 48   284.906 53879.87209274 48.78  16.373813  -1.957180 39.832
 48   285.085 53879.87209338 52.23  16.373083  -1.953880 39.832
 48   284.920 53879.87209403 46.20  16.372353  -1.950570 39.832
 48   284.741 53879.87209467 36.94  16.371634  -1.947269 25.755
 48   284.791 53879.87209532 32.47  16.370904  -1.943959 25.755
 48   284.805 53879.87209596 46.81  16.370174  -1.940659 25.755
 48   284.895 53879.87209660 51.08  16.369454  -1.937349 25.755
 49   285.038 53914.87214842 49.60  16.364235  -1.964377 50.048
 49   285.042 53914.87214907 54.44  16.363505  -1.961067 50.048
 49   285.051 53914.87214971 53.07  16.362785  -1.957767 50.048
 49   285.069 53914.87215036 52.28  16.362055  -1.954457 50.048
 49   285.097 53914.87215100 53.22  16.361325  -1.951157 50.048
 50   284.820 53949.87215751 48.99  16.363311  -1.969159 47.499
 50   284.822 53949.87215816 49.80  16.362591  -1.965849 47.499
 50   284.832 53949.87215880 51.51  16.361861  -1.962549 47.499
 50   284.834 53949.87215944 54.14  16.361131  -1.959239 47.499
 50   284.838 53949.87216009 52.69  16.360411  -1.955939 47.499
 50   284.854 53949.87216073 52.82  16.359681  -1.952629 47.499
 50   284.871 53949.87216138 53.62  16.358951  -1.949329 47.499
 51   284.862 53984.87209683 36.26  16.369788  -1.958102 33.405
 51   285.026 53984.87209748 39.00  16.369058  -1.954792 33.405
 51   285.428 53984.87209812 41.38  16.368338  -1.951492 33.405
 51   285.383 53984.87209877 46.55  16.367608  -1.948182 33.405
 51   285.509 53984.87209941 47.66  16.366878  -1.944882 33.405
 51   285.588 53984.87210006 51.06  16.366158  -1.941572 33.405
 52   286.156 54019.87213372 50.96  16.371069  -1.956141 46.342
 52   286.257 54019.87213436 53.40  16.370349  -1.952831 46.342
 52   286.334 54019.87213501 51.28  16.369619  -1.949531 46.342
 52   286.139 54019.87213565 48.22  16.368889  -1.946221 46.342
 52   286.171 54019.87213629 53.72  16.368167  -1.942919 21.925
 52   286.195 54019.87213694 52.42  16.367437  -1.939609 21.925
 53   287.139 54054.87212705 47.58  16.375513  -1.941043 47.392
 53   287.113 54054.87212770 52.43  16.374783  -1.937733 47.392
 53   287.047 54054.87212834 51.06  16.374053  -1.934433 47.392
 54   287.869 54089.87211269 52.58  16.371583  -1.956889 46.839
 54   287.927 54089.87211333 50.28  16.370853  -1.953579 46.839
 54   288.021 54089.87211398 46.57  16.370133  -1.950279 46.839
 54   288.061 54089.87211462 48.55  16.369403  -1.946969 46.839
 54   288.096 54089.87211527 51.81  16.368673  -1.943669 46.839
 54   287.961 54089.87211591 52.50  16.367953  -1.940359 46.839
 54   287.941 54089.87211656 51.66  16.367221  -1.937057 48.863
 55   286.391 54124.87203944 50.10  16.371485  -1.956894 43.284
 55   286.348 54124.87204008 49.30  16.370755  -1.953584 43.284
 55   286.393 54124.87204073 41.56  16.370035  -1.950284 43.284
 55   286.458 54124.87204137 42.68  16.369305  -1.946974 43.284
 55   286.528 54124.87204202 49.65  16.368575  -1.943674 43.284
 55   286.574 54124.87204266 50.10  16.367845  -1.940364 43.284
 55   286.500 54124.87204331 49.73  16.367125  -1.937064 43.284
 57   284.855 54194.87204122 49.96  16.370786  -1.956052 36.526
 57   284.786 54194.87204186 53.35  16.370056  -1.952752 36.526
 57   284.773 54194.87204251 50.47  16.369326  -1.949442 36.526
 57   284.890 54194.87204315 47.37  16.368606  -1.946142 36.526
 57   284.922 54194.87204380 43.02  16.367876  -1.942832 36.526
 57   284.744 54194.87204444 49.30  16.367146  -1.939532 36.526
 58   285.372 54229.87209218 47.22  16.370286  -1.957665 30.742
 58   285.263 54229.87209283 49.20  16.369566  -1.954365 30.742
 58   285.278 54229.87209347 51.55  16.368836  -1.951055 30.742
 58   285.157 54229.87209412 46.11  16.368106  -1.947755 30.742
 58   285.261 54229.87209476 50.14  16.367386  -1.944445 30.742
 58   285.354 54229.87209541 50.40  16.366656  -1.941145 30.742
 59   285.477 54264.87211019 52.26  16.371134  -1.959096 32.689
 59   285.609 54264.87211083 50.44  16.370404  -1.955796 32.689
 59   285.615 54264.87211148 53.49  16.369674  -1.952486 32.689
 59   285.579 54264.87211212 50.43  16.368954  -1.949186 32.689
 59   285.660 54264.87211277 51.31  16.368224  -1.945876 32.689
 59   285.677 54264.87211341 51.37  16.367494  -1.942576 32.689
 59   285.560 54264.87211406 54.01  16.366764  -1.939266 32.689
 60   284.967 54299.87211452 34.19  16.371320  -1.955538 18.542
 60   285.124 54299.87211517 39.38  16.370600  -1.952238 18.542
 60   285.290 54299.87211581 46.93  16.369870  -1.948928 18.542
 60   285.258 54299.87211646 50.91  16.369140  -1.945628 18.542
 60   285.299 54299.87211710 50.58  16.368420  -1.942318 18.542
 60   285.253 54299.87211775 51.63  16.367690  -1.939018 18.542
 61   285.759 54334.87210343 50.69  16.371387  -1.958546 28.387
 61   285.652 54334.87210408 50.87  16.370657  -1.955236 28.387
 61   285.767 54334.87210472 50.34  16.369937  -1.951936 28.387
 61   285.645 54334.87210536 47.63  16.369207  -1.948626 28.387
 61   285.692 54334.87210601 53.92  16.368477  -1.945326 28.387
 61   285.812 54334.87210665 52.00  16.367757  -1.942016 28.387
 61   285.776 54334.87210730 52.44  16.367027  -1.938716 28.387
 63   287.261 54404.87204781 52.60  16.369989  -1.956818 50.779
 63   287.262 54404.87204846 52.71  16.369269  -1.953518 50.779
 63   287.341 54404.87204910 50.04  16.368539  -1.950208 50.779
 63   287.430 54404.87204975 52.03  16.367809  -1.946908 50.779
 63   287.454 54404.87205039 50.78  16.367089  -1.943598 50.779
 63   287.375 54404.87205103 51.93  16.366359  -1.940298 50.779
 64   287.867 54439.87200537 51.33  16.370530  -1.955902 49.321
 64   287.919 54439.87200601 51.66  16.369800  -1.952592 49.321
 64   288.020 54439.87200665 52.35  16.369070  -1.949292 49.321
 64   288.098 54439.87200730 50.02  16.368350  -1.945982 49.321
 64   288.063 54439.87200794 51.63  16.367620  -1.942682 49.321
 64   287.938 54439.87200859 52.80  16.366890  -1.939372 49.321
 65   287.454 54474.87203474 52.93  16.371944  -1.956308 45.586
 65   287.344 54474.87203539 54.11  16.371214  -1.953008 45.586
 65   287.390 54474.87203603 52.61  16.370494  -1.949698 45.586
 65   287.477 54474.87203668 51.99  16.369764  -1.946398 45.586
 65   287.540 54474.87203732 53.25  16.369044  -1.943088 45.586
 65   287.441 54474.87203797 55.93  16.368316  -1.939786 49.888
 65   287.368 54474.87203861 50.94  16.367586  -1.936476 49.888
 66   285.797 54509.87201846 51.56  16.371509  -1.958451 40.939
 66   285.896 54509.87201910 49.37  16.370779  -1.955151 40.939
 66   285.977 54509.87201975 53.38  16.370049  -1.951841 40.939
 66   285.868 54509.87202039 53.73  16.369329  -1.948541 40.939
 66   285.951 54509.87202104 51.10  16.368599  -1.945231 40.939
 66   286.051 54509.87202168 50.47  16.367869  -1.941931 40.939
 66   285.869 54509.87202233 50.92  16.367149  -1.938621 40.939
 67   285.078 54544.87204909 50.22  16.370707  -1.955733 40.011
 67   285.030 54544.87204973 53.00  16.369971  -1.952432 26.308
 67   284.974 54544.87205037 51.66  16.369251  -1.949122 26.308
 67   285.026 54544.87205102 50.80  16.368521  -1.945822 26.308
 67   285.129 54544.87205166 51.90  16.367791  -1.942512 26.308
 67   285.100 54544.87205231 49.37  16.367071  -1.939212 26.308
 68   285.038 54579.87201684 23.06  16.371378  -1.956664 12.026
 68   284.817 54579.87201748 23.40  16.370659  -1.953363 11.956
 68   284.326 54579.87201813 24.82  16.369929  -1.950053 11.956
 68   284.625 54579.87201877 24.10  16.369199  -1.946753 11.956
 68   285.057 54579.87201942 23.39  16.368479  -1.943443 11.956
 68   285.226 54579.87202006 41.30  16.367749  -1.940143 11.956
 68   285.272 54579.87202071 44.67  16.367019  -1.936833 11.956
 69   285.198 54614.87203928 51.26  16.371165  -1.955886 32.733
 69   285.305 54614.87203992 52.59  16.370445  -1.952576 32.733
 69   285.177 54614.87204057 54.62  16.369715  -1.949276 32.733
 69   285.197 54614.87204121 52.78  16.368995  -1.945966 32.733
 69   285.305 54614.87204186 53.32  16.368265  -1.942666 32.733
 69   285.329 54614.87204250 51.87  16.367535  -1.939356 32.733
 70   285.411 54649.87204960 51.37  16.369143  -1.958692 35.818
 70   285.404 54649.87205024 51.06  16.368423  -1.955382 35.818
 70   285.408 54649.87205088 51.39  16.367693  -1.952082 35.818
 70   285.318 54649.87205153 50.38  16.366963  -1.948772 35.818
 70   285.336 54649.87205217 51.16  16.366243  -1.945472 35.818
 70   285.354 54649.87205282 52.90  16.365513  -1.942162 35.818
 71   285.123 54684.87204501 50.09  16.370124  -1.957288 26.985
 71   285.182 54684.87204565 43.51  16.369390  -1.953987 17.341
 71   285.223 54684.87204630 37.42  16.368670  -1.950677 17.341
 71   285.190 54684.87204694 35.12  16.367940  -1.947377 17.341
 71   285.068 54684.87204759 27.87  16.367210  -1.944067 17.341
 71   285.245 54684.87204823 32.58  16.366490  -1.940767 17.341
 72   286.125 54719.87199407 29.59  16.372034  -1.958376 17.734
 72   285.653 54719.87199472 24.28  16.371304  -1.955066 17.734
 72   285.988 54719.87199536 21.94  16.370574  -1.951766 17.734
 72   286.068 54719.87199601 25.55  16.369854  -1.948456 17.734
 72   285.804 54719.87199665 27.75  16.369124  -1.945156 17.734
 72   286.200 54719.87199730 34.37  16.368394  -1.941846 17.734
 72   286.281 54719.87199794 46.40  16.367674  -1.938546 17.734
 73   286.511 54754.87201859 52.71  16.370454  -1.958795 44.229
 73   286.592 54754.87201924 51.66  16.369726  -1.955492 30.251
 73   286.662 54754.87201988 50.68  16.369006  -1.952182 30.251
 73   286.611 54754.87202053 50.12  16.368276  -1.948882 30.251
 73   286.551 54754.87202117 52.79  16.367556  -1.945572 30.251
 73   286.538 54754.87202182 51.66  16.366826  -1.942272 30.251
 73   286.544 54754.87202246 53.19  16.366096  -1.938962 30.251
 74   287.206 54789.87198693 53.73  16.369968  -1.957864 50.121
 74   287.240 54789.87198758 51.77  16.369238  -1.954564 50.121
 74   287.329 54789.87198822 52.16  16.368508  -1.951254 50.121
 74   287.398 54789.87198887 48.85  16.367788  -1.947954 50.121
 74   287.434 54789.87198951 52.59  16.367058  -1.944644 50.121
 74   287.334 54789.87199016 52.82  16.366328  -1.941344 50.121
 75   287.518 54824.87201445 51.37  16.371255  -1.958520 42.005
 75   287.448 54824.87201510 48.55  16.370536  -1.955219 48.982
 75   287.537 54824.87201574 50.70  16.369806  -1.951909 48.982
 75   287.621 54824.87201639 49.87  16.369076  -1.948609 48.982
 75   287.655 54824.87201703 51.02  16.368356  -1.945299 48.982
 75   287.621 54824.87201768 53.68  16.367626  -1.941999 48.982
 75   287.597 54824.87201832 51.22  16.366896  -1.938689 48.982
 76   285.857 54859.87198059 47.94  16.372049  -1.958237 37.246
 76   285.860 54859.87198124 42.53  16.371319  -1.954927 37.246
 76   285.695 54859.87198188 36.23  16.370599  -1.951627 37.246
 76   285.731 54859.87198253 47.32  16.369869  -1.948317 37.246
 76   285.759 54859.87198317 44.69  16.369139  -1.945017 37.246
 76   285.809 54859.87198382 51.53  16.368409  -1.941707 37.246
 76   285.874 54859.87198446 50.69  16.367689  -1.938407 37.246
 77   285.666 54894.87201564 44.80  16.369266  -1.958187 36.397
 77   285.753 54894.87201629 52.05  16.368531  -1.954885 28.916
 77   285.641 54894.87201693 53.24  16.367811  -1.951575 28.916
 77   285.712 54894.87201758 49.86  16.367081  -1.948275 28.916
 77   285.763 54894.87201822 52.97  16.366351  -1.944965 28.916
 77   285.592 54894.87201887 54.22  16.365631  -1.941665 28.916
 78   284.940 54929.87197909 52.26  16.369422  -1.958723 34.626
 78   284.846 54929.87197973 49.53  16.368702  -1.955413 34.626
 78   284.872 54929.87198038 53.30  16.367972  -1.952113 34.626
 78   284.973 54929.87198102 50.16  16.367242  -1.948803 34.626
 78   285.036 54929.87198167 52.27  16.366522  -1.945503 34.626
 78   284.862 54929.87198231 53.55  16.365792  -1.942193 34.626
 79   285.523 54964.87201627 49.46  16.370147  -1.959854 28.227
 79   285.576 54964.87201691 50.74  16.369429  -1.956552 25.670
 79   285.631 54964.87201756 51.39  16.368699  -1.953242 25.670
 79   285.681 54964.87201820 50.61  16.367969  -1.949942 25.670
 79   285.677 54964.87201885 46.58  16.367249  -1.946632 25.670
 79   285.711 54964.87201949 53.61  16.366519  -1.943332 25.670
 79   285.706 54964.87202014 50.84  16.365789  -1.940022 25.670
 80   285.673 54999.87203629 39.46  16.368165  -1.960351 34.888
 80   285.792 54999.87203693 38.63  16.367428  -1.957049 19.577
 80   285.847 54999.87203758 44.20  16.366708  -1.953739 19.577
 80   285.773 54999.87203822 49.96  16.365978  -1.950439 19.577
 80   285.718 54999.87203887 50.48  16.365248  -1.947129 19.577
 80   285.798 54999.87203951 51.89  16.364528  -1.943829 19.577
 81   285.441 55034.87202211 51.64  16.371439  -1.958091 29.244
 81   285.535 55034.87202276 51.70  16.370719  -1.954781 29.244
 81   285.395 55034.87202340 54.28  16.369989  -1.951481 29.244
 81   285.499 55034.87202404 49.20  16.369259  -1.948171 29.244
 81   285.561 55034.87202469 49.39  16.368529  -1.944871 29.244
 81   285.556 55034.87202533 52.08  16.367809  -1.941561 29.244
 81   285.478 55034.87202598 50.60  16.367079  -1.938261 29.244
 82   285.208 55069.87201254 40.21  16.370437  -1.957728 32.815
 82   284.977 55069.87201318 29.01  16.369704  -1.954426 11.270
 82   285.065 55069.87201383 31.06  16.368984  -1.951116 11.270
 82   285.165 55069.87201447 39.36  16.368254  -1.947816 11.270
 82   285.196 55069.87201512 37.80  16.367524  -1.944506 11.270
 82   285.297 55069.87201576 35.85  16.366804  -1.941206 11.270
 83   286.137 55104.87195354 52.15  16.369508  -1.958501 40.492
 83   286.154 55104.87195419 51.54  16.368778  -1.955201 40.492
 83   286.124 55104.87195483 52.13  16.368048  -1.951891 40.492
 83   286.095 55104.87195548 50.02  16.367328  -1.948591 40.492
 83   286.114 55104.87195612 52.96  16.366598  -1.945281 40.492
 83   286.125 55104.87195677 53.06  16.365868  -1.941981 40.492
 84   286.754 55139.87195962 30.85  16.370555  -1.957528 41.267
 84   286.742 55139.87196026 34.14  16.369835  -1.954218 41.267
 84   286.978 55139.87196091 46.49  16.369105  -1.950918 41.267
 84   286.885 55139.87196155 47.37  16.368385  -1.947608 41.267
 84   286.902 55139.87196220 49.85  16.367655  -1.944308 41.267
 84   286.886 55139.87196284 49.89  16.366925  -1.940998 41.267
 85   287.802 55174.87192011 48.08  16.372165  -1.957667 48.340
 85   287.845 55174.87192076 50.11  16.371435  -1.954357 48.340
 85   287.880 55174.87192140 51.75  16.370705  -1.951057 48.340
 85   287.920 55174.87192205 52.04  16.369985  -1.947747 48.340
 85   287.950 55174.87192269 51.86  16.369255  -1.944447 48.340
 85   287.950 55174.87192334 51.53  16.368525  -1.941137 48.340
 85   287.884 55174.87192398 52.51  16.367805  -1.937837 48.340
 86   286.619 55209.87195529 29.19  16.370629  -1.958740 28.325
 86   286.452 55209.87195593 25.19  16.369911  -1.955438 34.538
 86   286.627 55209.87195658 30.31  16.369181  -1.952128 34.538
 86   286.675 55209.87195722 38.67  16.368451  -1.948828 34.538
 86   286.765 55209.87195787 32.36  16.367721  -1.945518 34.538
 86   286.716 55209.87195851 37.44  16.367001  -1.942218 34.538
 86   286.774 55209.87195915 42.99  16.366271  -1.938908 34.538
 87   285.709 55244.87192694 52.18  16.369947  -1.956693 39.892
 87   285.680 55244.87192758 53.41  16.369227  -1.953383 39.892
 87   285.774 55244.87192823 49.40  16.368497  -1.950083 39.892
 87   285.823 55244.87192887 51.10  16.367767  -1.946773 39.892
 87   285.809 55244.87192952 54.08  16.367047  -1.943473 39.892
 87   285.690 55244.87193016 52.52  16.366317  -1.940163 39.892
 88   285.427 55279.87194883 51.77  16.369716  -1.957487 42.360
 88   285.458 55279.87194947 53.34  16.368982  -1.954187 33.821
 88   285.550 55279.87195012 51.08  16.368262  -1.950877 33.821
 88   285.618 55279.87195076 49.18  16.367532  -1.947577 33.821
 88   285.642 55279.87195141 53.83  16.366802  -1.944267 33.821
 88   285.480 55279.87195205 53.70  16.366082  -1.940967 33.821
 89   285.660 55314.87191427 24.40  16.370033  -1.959550 24.372
 89   285.375 55314.87191491 25.38  16.369313  -1.956240 24.372
 89   285.419 55314.87191556 28.14  16.368583  -1.952940 24.372
 89   285.867 55314.87191620 28.13  16.367853  -1.949630 24.372
 89   285.572 55314.87191685 29.00  16.367133  -1.946330 24.372
 89   285.961 55314.87191749 34.08  16.366403  -1.943020 24.372
 89   285.971 55314.87191814 43.59  16.365673  -1.939720 24.372
 90   285.709 55349.87192094 51.36  16.370217  -1.956227 29.916
 90   285.787 55349.87192159 53.37  16.369497  -1.952917 29.916
 90   285.879 55349.87192223 49.24  16.368767  -1.949617 29.916
 90   285.896 55349.87192288 48.75  16.368037  -1.946307 29.916
 90   285.912 55349.87192352 52.54  16.367317  -1.943007 29.916
 90   285.853 55349.87192417 51.27  16.366587  -1.939697 29.916
 91   285.735 55384.87191345 50.64  16.369409  -1.957312 37.815
 91   285.599 55384.87191409 52.09  16.368679  -1.954002 37.815
 91   285.647 55384.87191474 50.46  16.367949  -1.950702 37.815
 91   285.736 55384.87191538 48.69  16.367219  -1.947392 37.815
 91   285.769 55384.87191603 51.51  16.366499  -1.944092 37.815
 91   285.759 55384.87191667 52.89  16.365769  -1.940782 37.815
 92   285.244 55419.87193890 22.41  16.371399  -1.958483 13.443
 92   284.798 55419.87193955 22.43  16.370671  -1.955182  9.189
 92   285.105 55419.87194019 21.64  16.369951  -1.951872  9.189
 92   285.372 55419.87194084 19.01  16.369221  -1.948572  9.189
 92   285.243 55419.87194148 18.98  16.368501  -1.945262  9.189
 92   285.274 55419.87194213 18.18  16.367771  -1.941962  9.189
 92   285.743 55419.87194277 18.24  16.367041  -1.938652  9.189
 93   285.581 55454.87191683 51.07  16.370532  -1.957196 43.837
 93   285.673 55454.87191748 48.95  16.369812  -1.953886 43.837
 93   285.754 55454.87191812 47.34  16.369079  -1.950582 18.825
 93   285.676 55454.87191877 48.28  16.368359  -1.947272 18.825
 93   285.659 55454.87191941 51.17  16.367629  -1.943972 18.825
 93   285.634 55454.87192006 53.09  16.366899  -1.940662 18.825
 94   286.452 55489.87183524 51.35  16.371721  -1.957743 43.680
 94   286.318 55489.87183588 51.94  16.370991  -1.954433 43.680
 94   286.372 55489.87183653 52.69  16.370263  -1.951129 37.972
 94   286.472 55489.87183717 49.65  16.369533  -1.947819 37.972
 94   286.461 55489.87183782 53.17  16.368813  -1.944519 37.972
 94   286.388 55489.87183846 52.83  16.368083  -1.941209 37.972
 94   286.333 55489.87183911 51.11  16.367353  -1.937909 37.972
