-158167.712    90.409     0.00    5.74
-157791.506    94.409    10.63    7.42
-157415.301    98.313    10.38    6.01
-157039.096   101.906     9.55    5.42
-156662.893   103.703     4.78    4.90
-156286.690   105.270     4.16    5.34
-155910.489   107.286     5.36    5.88
-155534.288   109.069     4.74    4.82
-155158.089   110.367     3.45    5.70
-154781.891   113.583     8.55    6.75
-154405.693   115.282     4.52    8.12
-154029.497   119.828    12.09    7.83
-153653.301   124.379    12.10    9.28
-153277.107   128.150    10.02    9.58
-152900.913   131.622     9.23    6.97
-152524.721   134.011     6.35    5.99
-152148.529   133.011    -2.66    7.17
-151772.339   132.123    -2.36    7.55
-151396.149   131.622    -1.33    8.10
-151019.961   131.742     0.32    8.22
-150643.773   132.485     1.97    9.25
-150267.587   133.453     2.57    8.58
-149891.401   135.118     4.43    7.69
-149515.217   137.406     6.08    7.45
-149139.033   143.772    16.92   12.49
-148762.850   151.907    21.63   14.88
-148386.669   155.448     9.41   14.57
-148010.488   155.770     0.86   14.59
-147634.308   159.392     9.63   14.01
-147258.129   159.956     1.50   14.55
-146881.951   161.745     4.76   16.23
-146505.774   163.616     4.97   16.35
-146129.598   160.469    -8.37   15.38
-145753.424   164.340    10.29   13.86
-145377.249   166.340     5.31   13.65
-145001.076   173.161    18.13   15.11
-144624.904   183.409    27.24   17.37
-144248.733   194.367    29.13   16.37
-143872.563   204.485    26.90   12.43
-143496.394   211.853    19.59    9.24
-143120.225   211.622    -0.61   11.94
-142744.058   202.143   -25.20   20.66
-142367.892   189.659   -33.19   22.55
-141991.726   174.123   -41.30   21.82
-141615.561   162.548   -30.77   20.03
-141239.398   156.985   -14.79   18.10
-140863.235   155.494    -3.96   19.90
-140487.073   152.475    -8.03   19.77
-140110.913   152.802     0.87   15.98
-139734.753   152.033    -2.04   13.96
-139358.594   150.722    -3.49   12.73
-138982.436   152.421     4.52   12.10
-138606.279   146.603   -15.47   13.31
-138230.122   140.961   -15.00   13.45
-137853.967   136.367   -12.21   12.69
-137477.813   133.475    -7.69   12.40
-137101.659   130.196    -8.72   10.92
-136725.507   128.007    -5.82    7.47
-136349.355   127.904    -0.27   10.60
-135973.205   128.659     2.01   10.74
-135597.055   127.406    -3.33   11.36
-135220.906   126.075    -3.54   11.52
-134844.758   125.537    -1.43    9.43
-134468.611   126.725     3.16   10.69
-134092.465   128.853     5.66   10.44
-133716.320   127.985    -2.31   11.37
-133340.175   128.327     0.91   11.88
-132964.032   124.228   -10.90   11.66
-132587.889   121.637    -6.89   10.48
-132211.748   121.417    -0.58   10.04
-131835.607   121.033    -1.02    9.51
-131459.467   121.745     1.89    9.81
-131083.328   122.961     3.23    9.26
-130707.190   123.853     2.37    8.68
-130331.053   121.327    -6.72   10.00
-129954.917   118.879    -6.51   10.13
-129578.781   116.825    -5.46    9.33
-129202.647   113.028   -10.10    9.63
-128826.513   111.090    -5.15    8.79
-128450.380   106.437   -12.37    8.22
-128074.249   101.801   -12.33    8.48
-127698.118   100.674    -3.00    9.08
-127321.987   100.143    -1.41   10.52
-126945.858    99.379    -2.03   12.60
-126569.730    98.007    -3.65   10.99
-126193.602    97.992    -0.04   12.10
-125817.476    99.128     3.02   12.04
-125441.350    99.590     1.23   11.53
-125065.225    97.682    -5.07   11.03
-124689.101    97.150    -1.41    8.88
-124312.978    96.880    -0.72    8.89
-123936.855    96.799    -0.22    9.52
-123560.734    96.520    -0.74    9.56
-123184.613    97.340     2.18   10.59
-122808.494    97.503     0.43   10.02
-122432.375    99.135     4.34    9.63
-122056.257   103.286    11.03    8.93
-121680.139   105.669     6.34    8.09
-121304.023   108.058     6.35    7.00
-120927.908   110.748     7.15    8.11
-120551.793   111.798     2.79    8.80
-120175.679   111.751    -0.12   10.11
-119799.566   110.659    -2.90    9.90
-119423.454   105.648   -13.32   10.92
-119047.343   100.110   -14.73   10.87
-118671.232    96.228   -10.32    9.09
-118295.123    93.637    -6.89    7.39
-117919.014    91.772    -4.96    7.40
-117542.906    87.988   -10.06    9.79
-117166.799    83.801   -11.13    9.94
-116790.692    80.881    -7.76    9.55
-116414.587    79.187    -4.51    8.18
-116038.482    79.110    -0.20    6.62
-115662.378    81.212     5.59    7.12
-115286.275    85.313    10.90    7.73
-114910.173    87.011     4.52    5.93
-114534.072    87.545     1.42    6.12
-114157.971    86.825    -1.91    6.65
-113781.871    82.340   -11.93    8.23
-113405.773    77.214   -13.63    8.62
-113029.674    72.327   -13.00    8.45
-112653.577    66.725   -14.89    8.11
-112277.481    63.322    -9.05    7.81
-111901.385    64.301     2.60    9.60
-111525.290    69.616    14.13   13.03
-111149.196    76.880    19.31   10.64
-110773.103    81.956    13.50    6.69
-110397.010    84.232     6.05    5.57
-110020.918    84.699     1.24    4.46
-109644.827    83.571    -3.00    4.50
-109268.737    83.616     0.12    5.04
-108892.648    81.485    -5.67    6.29
-108516.559    80.571    -2.43    6.59
-108140.472    82.828     6.00    8.11
-107764.385    84.096     3.37    8.15
-107388.299    85.745     4.38    7.42
-107012.213    84.096    -4.38    8.06
-106636.129    81.637    -6.54    6.92
-106260.045    77.637   -10.64    9.88
-105883.962    74.728    -7.73    9.59
-105507.880    74.033    -1.85    9.62
-105131.798    72.033    -5.32   10.02
-104755.717    71.575    -1.22   10.34
-104379.637    72.058     1.28    9.83
-104003.558    71.232    -2.20   10.47
-103627.480    71.616     1.02    9.93
-103251.402    68.722    -7.70   11.56
-102875.325    65.366    -8.92   10.22
-102499.249    63.610    -4.67   10.16
-102123.174    64.116     1.35   10.19
-101747.099    63.253    -2.30   10.21
-101371.025    64.520     3.37    9.23
-100994.952    61.664    -7.59   11.38
-100618.880    57.313   -11.57   11.60
-100242.808    56.934    -1.01   12.74
 -99866.738    51.664   -14.01   15.41
 -99490.668    45.131   -17.37   14.77
 -99114.598    40.728   -11.71   13.36
 -98738.530    36.263   -11.87    9.25
 -98362.462    34.610    -4.40    6.79
 -97986.395    34.904     0.78    7.17
 -97610.329    36.475     4.18    8.09
 -97234.263    37.116     1.71   10.46
 -96858.152    40.161     8.09   13.32
 -96481.945    41.033     2.32   13.96
 -96105.738    41.770     1.96   15.54
 -95729.532    42.932     3.09   15.65
 -95353.327    40.084    -7.57   13.70
 -94977.122    36.853    -8.59   11.95
 -94600.919    36.033    -2.18    9.76
 -94224.716    34.367    -4.43    7.39
 -93848.513    36.177     4.81    8.47
 -93472.312    37.123     2.51   11.12
 -93096.111    37.492     0.98   10.77
 -92719.911    36.802    -1.83   10.35
 -92343.711    35.328    -3.92    9.42
 -91967.512    35.177    -0.40    9.39
 -91591.314    35.135    -0.11    9.27
 -91215.117    34.695    -1.17    8.76
 -90838.921    34.064    -1.68    8.60
 -90462.725    33.556    -1.35    7.86
 -90086.529    34.478     2.45    8.48
 -89710.335    35.042     1.50    9.15
 -89334.141    35.691     1.72    9.68
 -88957.948    35.313    -1.01    9.52
 -88581.756    33.048    -6.02    8.43
 -88205.564    32.930    -0.31    8.46
 -87829.373    31.751    -3.14    7.55
 -87453.183    30.625    -2.99    7.03
 -87076.993    30.448    -0.47    6.50
 -86700.805    31.069     1.65    6.91
 -86324.616    31.537     1.24    7.45
 -85948.429    32.503     2.57    7.87
 -85572.242    32.529     0.07    7.58
 -85196.056    34.169     4.36    7.85
 -84819.871    36.958     7.42    7.80
 -84443.686    40.195     8.60    7.03
 -84067.502    44.772    12.17    5.20
 -83691.318    47.878     8.26    5.07
 -83315.136    50.327     6.51    4.68
 -82938.954    53.353     8.04    2.60
 -82562.772    53.340    -0.04    2.67
 -82186.592    53.825     1.29    3.15
 -81810.412    52.776    -2.79    5.22
 -81434.232    51.699    -2.86    5.54
 -81058.054    51.682    -0.05    5.81
 -80681.876    52.123     1.17    5.62
 -80305.698    53.664     4.10    5.72
 -79929.522    54.103     1.17    5.58
 -79553.346    56.238     5.67    5.08
 -79177.170    58.150     5.08    6.29
 -78800.996    60.340     5.82    6.78
 -78424.822    63.643     8.78    7.05
 -78048.648    67.597    10.51    6.83
 -77672.476    69.205     4.27    6.04
 -77296.304    69.553     0.93    5.38
 -76920.132    69.648     0.25    4.19
 -76543.961    69.242    -1.08    4.72
 -76167.791    69.529     0.76    5.09
 -75791.622    71.853     6.18    6.36
 -75415.453    72.502     1.72    8.95
 -75039.285    73.212     1.89    9.51
 -74663.117    74.139     2.46    8.41
 -74286.950    72.520    -4.30    8.18
 -73910.784    72.064    -1.21    6.38
 -73534.618    70.520    -4.10    5.19
 -73158.453    70.238    -0.75    5.25
 -72782.289    70.458     0.59    4.96
 -72406.125    69.695    -2.03    4.64
 -72029.962    70.801     2.94    5.11
 -71653.800    71.469     1.78    5.89
 -71277.638    73.205     4.61    5.93
 -70901.476    75.084     5.00    6.53
 -70525.316    76.628     4.11    6.04
 -70149.156    77.409     2.08    5.80
 -69772.996    78.529     2.98    5.81
 -69396.838    80.205     4.45    6.12
 -69020.680    80.691     1.29    5.36
 -68644.522    82.718     5.39    5.76
 -68268.365    84.939     5.90    5.69
 -67892.209    84.803    -0.36    6.77
 -67516.053    85.301     1.32    7.11
 -67139.898    84.745    -1.48    7.32
 -66763.743    83.828    -2.44    8.14
 -66387.589    84.485     1.75    7.73
 -66011.436    85.571     2.89    8.73
 -65635.283    87.421     4.92    8.82
 -65259.131    88.289     2.31    8.53
 -64882.980    87.603    -1.82    7.90
 -64506.829    87.084    -1.38    6.96
 -64130.679    90.263     8.45    9.33
 -63754.529    92.947     7.13   10.31
 -63378.380    95.340     6.36    9.84
 -63002.231    98.961     9.63    8.82
 -62626.083   100.992     5.40    8.72
 -62249.936   105.069    10.84    8.72
 -61873.789   108.659     9.54    8.65
 -61497.643   110.616     5.20    8.57
 -61121.497   108.981    -4.35   10.80
 -60745.352   107.042    -5.15   12.25
 -60369.208   104.751    -6.09   11.04
 -59993.064   103.904    -2.25   11.23
 -59616.920   104.366     1.23   11.29
 -59240.778   105.718     3.59   12.17
 -58864.635   109.161     9.15   13.38
 -58488.494   109.934     2.06   12.45
 -58112.353   113.090     8.39   12.94
 -57736.212   115.826     7.27   13.47
 -57360.072   118.384     6.80   15.70
 -56983.933   123.443    13.45   16.65
 -56607.794   130.011    17.46   14.91
 -56231.656   136.381    16.93   11.48
 -55855.518   139.007     6.98   10.82
 -55479.381   135.575    -9.12   14.81
 -55103.244   136.932     3.61   14.28
 -54727.108   137.187     0.68   14.59
 -54350.973   139.880     7.16   16.35
 -53974.838   143.011     8.32   15.34
 -53598.703   142.648    -0.97   15.00
 -53222.569   136.537   -16.25   15.50
 -52846.436   128.286   -21.94   14.65
 -52470.303   118.879   -25.01   13.93
 -52094.171   110.313   -22.77   11.93
 -51718.039   104.937   -14.29    9.28
 -51341.908   101.340    -9.56    7.46
 -50965.778   101.482     0.38    8.44
 -50589.647   102.238     2.01    8.16
 -50213.518   100.725    -4.02    8.75
 -49837.389    98.437    -6.08    8.93
 -49461.260    96.725    -4.55    9.94
 -49085.132    97.187     1.23   11.62
 -48709.005    95.248    -5.15   13.32
 -48332.878    88.212   -18.71   15.52
 -47956.751    82.485   -15.23   16.60
 -47580.626    82.511     0.07   17.73
 -47204.500    84.643     5.67   20.56
 -46828.375    88.103     9.20   21.01
 -46452.251    87.610    -1.31   18.01
 -46076.127    88.403     2.11   13.72
 -45700.004    91.011     6.93   14.69
 -45323.881    97.631    17.60   19.21
 -44947.759   112.340    39.11   16.90
 -44571.637   120.409    21.45    9.86
 -44195.515   117.485    -7.77   16.14
 -43819.395   116.553    -2.48   17.67
 -43443.274   121.909    14.24   15.93
 -43067.154   128.978    18.80   16.15
 -42691.035   134.827    15.55   10.47
 -42314.916   133.143    -4.48   11.32
 -41938.798   123.537   -25.54   15.76
 -41562.680   112.904   -28.27   16.98
 -41186.563   105.748   -19.03   14.00
 -40810.446   103.381    -6.29   13.21
 -40434.329   109.187    15.44   15.60
 -40058.214   122.353    35.01   17.49
 -39682.098   130.904    22.74   16.49
 -39305.983   138.135    19.22    9.25
 -38929.869   136.770    -3.63   13.88
 -38553.755   130.232   -17.38   17.46
 -38177.641   124.381   -15.56   17.82
 -37801.528   120.037   -11.55   17.99
 -37425.416   119.879    -0.42   12.99
 -37049.304   118.340    -4.09    9.56
 -36673.192   110.930   -19.70   11.92
 -36297.081    99.263   -31.02   16.28
 -35920.970    92.222   -18.72   14.57
 -35544.860    89.259    -7.88   13.95
 -35168.750    96.699    19.78   16.68
 -34792.641   107.274    28.12   13.81
 -34416.532   113.575    16.75   14.05
 -34040.424   118.289    12.53   13.81
 -33664.316   120.603     6.15   14.15
 -33288.209   120.722     0.31   15.97
 -32912.102   121.571     2.26   15.15
 -32535.995   121.291    -0.75   13.62
 -32159.889   116.286   -13.31   16.26
 -31783.783   113.394    -7.69   16.37
 -31407.678   109.448   -10.49   13.01
 -31031.573   112.571     8.30   13.21
 -30655.469   119.367    18.07   15.80
 -30279.365   130.366    29.25   15.54
 -29903.262   138.930    22.77   10.28
 -29527.159   143.674    12.61    8.49
 -29151.056   146.556     7.66    6.25
 -28774.954   146.776     0.59    5.59
 -28398.852   143.327    -9.17    8.68
 -28022.751   136.298   -18.69   11.28
 -27646.650   122.259   -37.33   20.68
 -27270.550   110.325   -31.73   18.67
 -26894.450   107.123    -8.51   16.73
 -26518.350   112.263    13.67   17.88
 -26142.251   122.947    28.41   11.89
 -25766.153   126.648     9.84    8.63
 -25390.054   127.985     3.55   10.25
 -25013.956   128.020     0.09    6.46
 -24637.859   123.417   -12.24    8.43
 -24261.762   116.340   -18.82   12.48
 -23885.665   106.187   -27.00   16.27
 -23509.569    99.695   -17.26   15.46
 -23133.473    97.545    -5.72   13.80
 -22757.378    93.069   -11.90   13.95
 -22381.283    95.222     5.72   12.13
 -22005.188    95.622     1.07   11.47
 -21629.045    98.798     8.44   11.79
 -21252.878   101.421     6.97   10.58
 -20876.710   100.907    -1.37   13.14
 -20500.543   104.529     9.63   11.48
 -20124.377   107.826     8.77    9.70
 -19748.211   109.139     3.49    8.64
 -19372.045   106.028    -8.27   13.18
 -18995.880    96.597   -25.07   17.85
 -18619.715    84.853   -31.22   19.34
 -18243.550    73.110   -31.22   15.60
 -17867.386    67.406   -15.16   11.69
 -17491.222    64.564    -7.56    8.88
 -17115.059    64.511    -0.14    7.62
 -16738.896    64.802     0.77    7.14
 -16362.733    64.937     0.36    5.92
 -15986.571    63.143    -4.77    6.75
 -15610.409    63.103    -0.10    5.05
 -15234.247    60.910    -5.83    6.04
 -14858.086    60.301    -1.62    6.18
 -14481.925    60.015    -0.76    6.33
 -14105.765    58.177    -4.89    7.45
 -13729.605    57.096    -2.87    7.08
 -13353.445    57.270     0.46    6.53
 -12977.286    56.853    -1.11    6.85
 -12601.127    54.135    -7.23    7.84
 -12224.968    53.421    -1.90    8.15
 -11848.810    50.564    -7.60    9.53
 -11472.652    47.545    -8.02   10.30
 -11096.495    47.238    -0.82   10.73
 -10720.337    48.222     2.62   10.87
 -10344.181    49.494     3.38    9.92
  -9968.024    49.881     1.03   10.27
  -9591.868    49.177    -1.87   10.12
  -9215.712    48.327    -2.26    9.66
  -8839.557    45.206    -8.30    9.73
  -8463.402    42.828    -6.32    9.42
  -8087.247    38.801   -10.71    8.67
  -7711.093    34.825   -10.57    5.06
  -7334.939    33.150    -4.45    3.81
  -6958.785    33.687     1.43    2.48
  -6582.631    33.643    -0.12    2.55
  -6206.478    34.903     3.35    3.21
  -5830.326    34.988     0.23    4.68
  -5454.173    35.725     1.96    4.48
  -5078.021    35.537    -0.50    4.48
  -4701.870    33.748    -4.76    5.30
  -4325.718    30.340    -9.06    6.20
  -3949.567    27.178    -8.40    6.53
  -3573.416    22.556   -12.29    6.19
  -3197.266    18.880    -9.77    6.24
  -2821.116    16.421    -6.54    5.85
  -2444.966    14.767    -4.40    4.66
  -2068.816    13.802    -2.57    4.05
  -1692.667    12.392    -3.75    4.43
  -1316.518     9.798    -6.90    6.02
   -940.370     5.432   -11.61    6.18
   -564.222     2.502    -7.79    4.96
   -188.074     0.222    -6.06    1.28
    188.074     0.978     2.01    3.65
    564.221     5.042    10.80    9.17
    940.368    10.801    15.31   10.84
   1316.515    17.748    18.47    9.90
   1692.661    22.289    12.07    5.59
   2068.808    24.313     5.38    3.93
   2444.953    25.778     3.90    4.86
   2821.099    28.699     7.77    5.63
   3197.244    30.907     5.87    5.62
   3573.389    31.772     2.30    5.84
   3949.534    32.448     1.80    5.93
   4325.678    33.985     4.09    6.24
   4701.822    35.469     3.94    5.62
   5077.966    36.992     4.05    5.31
   5454.110    40.135     8.36    5.52
   5830.253    42.458     6.18    5.79
   6206.396    44.937     6.59    5.17
   6582.539    47.289     6.25    4.25
   6958.681    47.802     1.36    4.50
   7334.823    49.274     3.91    5.53
   7710.965    50.042     2.04    5.81
   8087.107    52.674     7.00    6.41
   8463.248    54.421     4.64    6.18
   8839.389    54.953     1.42    5.69
   9215.530    54.930    -0.06    4.62
   9591.670    56.082     3.06    3.90
   9967.811    57.610     4.06    3.77
  10343.951    61.448    10.20    7.53
  10720.090    65.637    11.14    9.06
  11096.230    69.406    10.02   11.07
  11472.369    73.575    11.09   11.62
  11848.508    78.439    12.93   12.97
  12224.647    83.289    12.90   12.79
  12600.785    87.286    10.63   14.83
  12976.924    91.545    11.33   14.82
  13353.062    93.695     5.72   14.91
  13729.199    94.906     3.22   12.78
  14105.337    91.964    -7.82   12.09
  14481.474    87.135   -12.84   11.01
  14857.611    87.103    -0.09   11.12
  15233.748    88.776     4.45   11.40
  15609.885    90.802     5.39   12.59
  15986.021    95.384    12.18   13.46
  16362.157    99.583    11.16   14.28
  16738.293   104.394    12.79   13.74
  17114.428   107.610     8.55    8.95
  17490.564   107.827     0.58    7.86
  17866.699   103.907   -10.42    8.46
  18242.834   100.417    -9.28    9.94
  18618.969    94.981   -14.45   12.41
  18995.103    90.564   -11.74   10.80
  19371.237    87.502    -8.14    8.87
  19747.371    86.494    -2.68   12.64
  20123.505    88.904     6.41   11.30
  20499.639    90.150     3.31   10.19
  20875.772    93.135     7.94    8.86
  21251.906    96.988    10.24    9.49
  21628.039   101.664    12.43    9.70
  22004.171   105.366     9.84    6.81
  22380.304   105.072    -0.78    6.02
  22756.436    98.853   -16.53    9.01
  23132.568    93.090   -15.32    7.76
  23508.700    89.992    -8.24    7.77
  23884.832    88.340    -4.39    7.32
  24260.964    89.745     3.73   11.13
  24637.095    90.135     1.04   13.71
  25013.226    94.169    10.72   17.21
  25389.357    97.799     9.65   18.11
  25765.488   100.458     7.07   15.60
  26141.619   101.956     3.98   12.16
  26517.749   101.084    -2.32   10.31
  26893.879    93.575   -19.96   13.80
  27270.009    87.169   -17.03   13.32
  27646.139    78.069   -24.19   13.56
  28022.269    74.610    -9.20   13.40
  28398.398    72.448    -5.75   13.04
  28774.528    73.247     2.13   14.88
  29150.657    76.545     8.77   14.52
  29526.786    76.699     0.41   13.59
  29902.915    78.687     5.28   12.36
  30279.043    82.597    10.40   12.85
  30655.172    86.909    11.46   12.92
  31031.300    91.379    11.89   10.39
  31407.428    88.853    -6.72   11.99
  31783.556    82.774   -16.16   14.17
  32159.684    79.367    -9.06   12.08
  32535.812    81.827     6.54   14.41
  32911.939    90.078    21.94   16.37
  33288.066    99.799    25.84    8.59
  33664.194   101.195     3.71    6.71
  34040.321    99.150    -5.44    9.72
  34416.447    94.421   -12.57   11.49
  34792.574    89.096   -14.16   10.92
  35168.701    86.596    -6.65   11.32
  35544.827    82.084   -12.00   12.05
  35920.953    78.053   -10.72   12.41
  36297.080    76.325    -4.59   11.29
  36673.206    72.289   -10.73   13.82
  37049.331    68.801    -9.27   15.29
  37425.457    60.443   -22.22   16.28
  37801.583    50.904   -25.36   15.82
  38177.708    45.033   -15.61   11.83
  38553.833    41.548    -9.27    6.78
  38929.958    42.695     3.05    5.12
  39306.084    48.597    15.69    8.13
  39682.208    54.739    16.33    9.61
  40058.333    57.494     7.33    9.10
  40434.458    61.695    11.17    8.05
  40810.582    63.556     4.95    6.92
  41186.707    67.042     9.27    6.65
  41562.831    70.691     9.70    8.67
  41938.955    74.776    10.86   10.10
  42315.079    78.622    10.23    9.52
  42691.203    79.745     2.98   10.85
  43067.327    79.161    -1.55   11.68
  43443.451    75.432    -9.91   11.55
  43819.574    70.011   -14.41   12.67
  44195.698    67.069    -7.82   16.68
  44571.821    63.353    -9.88   19.04
  44947.944    59.564   -10.08   18.47
  45324.068    57.520    -5.43   16.29
  45700.191    54.529    -7.95   12.11
  46076.314    54.520    -0.02   10.21
  46452.436    55.981     3.89   11.54
  46828.559    59.443     9.20   11.99
  47204.682    63.282    10.21   12.27
  47580.804    68.772    14.60   13.31
  47956.927    76.042    19.33   12.65
  48333.049    82.069    16.02    9.40
  48709.172    86.228    11.06   10.87
  49085.294    89.313     8.20   10.92
  49461.416    94.853    14.73   10.47
  49837.538    97.169     6.16   10.19
  50213.660    96.263    -2.41    9.77
  50589.782    92.529    -9.93   14.63
  50965.904    93.128     1.59   14.62
  51342.025    94.801     4.45   13.57
  51718.147    97.714     7.75   13.89
  52094.269   100.934     8.56   11.21
  52470.390   101.075     0.38   12.62
  52846.512   100.205    -2.32   12.18
  53222.633   100.828     1.66   11.77
  53598.767   101.971     3.04   11.93
  53974.901   101.485    -1.29   12.37
  54351.036    97.301   -11.12   12.82
  54727.170    94.659    -7.02   12.75
  55103.304    88.263   -17.00   15.36
  55479.438    83.961   -11.44   13.73
  55855.572    84.263     0.80   12.51
  56231.706    84.443     0.48   11.34
  56607.839    86.674     5.93   12.86
  56983.973    90.718    10.75   13.91
  57360.107    94.930    11.20   14.52
  57736.241    94.802    -0.34   13.90
  58112.374    94.464    -0.90   13.51
  58488.508   100.096    14.97   13.50
  58864.641   105.123    13.37   15.06
  59240.775   111.610    17.25   13.71
  59616.908   117.274    15.06   11.04
  59993.042   119.710     6.48    9.23
  60369.175   118.828    -2.35    8.15
  60745.309   117.379    -3.85    8.24
  61121.442   113.691    -9.81    9.88
  61497.575   108.340   -14.23   11.57
  61873.708   104.537   -10.11    8.07
  62249.842   101.564    -7.91    8.13
  62625.975   101.015    -1.46    8.93
  63002.108   102.725     4.55   10.26
  63378.241   105.687     7.87   11.29
  63754.374   107.033     3.58    8.45
  64130.508   109.528     6.63    8.43
  64506.641   107.967    -4.15   10.57
  64882.774   106.718    -3.32   10.82
  65258.907   103.880    -7.54   13.20
  65635.040    95.988   -20.98   15.65
  66011.173    91.205   -12.72   14.74
  66387.306    88.631    -6.84   13.38
  66763.439    85.469    -8.41   14.64
  67139.572    85.263    -0.55   14.01
  67515.705    83.718    -4.11   13.74
  67891.838    81.958    -4.68   13.68
  68267.971    81.406    -1.47   13.33
  68644.104    78.494    -7.74   14.17
  69020.237    72.313   -16.43   15.15
  69396.370    69.776    -6.74   15.23
  69772.503    70.742     2.57   15.19
  70148.636    74.161     9.09   15.95
  70524.769    81.406    19.26   12.84
  70900.902    85.947    12.07   11.12
  71277.035    96.443    27.91   13.85
  71653.168   102.340    15.68   12.84
  72029.301   104.150     4.81   12.69
  72405.434   104.042    -0.29   14.27
  72781.567   100.325    -9.88   14.17
  73157.701    94.985   -14.20   15.77
  73533.834    95.494     1.35   15.46
  73909.967    94.529    -2.57   15.53
  74286.100    98.340    10.13   16.14
  74662.233   104.161    15.47   16.57
  75038.367   109.802    15.00   14.93
  75414.500   112.770     7.89   12.05
  75790.633   111.110    -4.41   12.86
  76166.767   105.177   -15.77   13.18
  76542.900    95.150   -26.66   16.19
  76919.033    89.340   -15.45   14.48
  77295.167    84.697   -12.34   10.28
  77671.300    89.084    11.66   10.43
  78047.434    90.187     2.93    8.83
  78423.568    89.937    -0.66    9.44
  78799.701    83.981   -15.83   15.19
  79175.835    75.048   -23.75   17.40
  79551.969    68.301   -17.94   15.18
  79928.102    67.879    -1.12   14.65
  80304.236    74.988    18.90   16.27
  80680.370    88.616    36.23   16.07
  81056.504    96.879    21.97   13.01
  81432.638   100.428     9.44    9.88
  81808.772   103.691     8.67   10.69
  82184.906   103.828     0.36   12.33
  82561.040    98.417   -14.38   14.01
  82937.175    94.437   -10.58   15.55
  83313.309    88.664   -15.35   13.53
  83689.443    85.548    -8.29   12.53
  84065.578    85.143    -1.08   11.26
  84441.712    87.353     5.88   14.36
  84817.847    86.298    -2.81   16.42
  85193.982    83.161    -8.34   15.71
  85570.116    84.798     4.35   14.57
  85946.251    84.421    -1.00   13.95
  86322.386    86.985     6.82   13.59
  86698.521    85.432    -4.13   13.40
  87074.656    84.069    -3.62   14.08
  87450.791    84.015    -0.14   13.71
  87826.927    82.553    -3.89   14.67
  88203.062    84.881     6.19   14.36
  88579.197    87.553     7.10   15.18
  88955.333    90.116     6.81   14.69
  89331.468    91.881     4.69   14.55
  89707.604    92.313     1.15   16.18
  90083.740    94.437     5.65   16.57
  90459.876    94.699     0.70   16.30
  90836.012    96.161     3.89   15.37
  91212.148    95.394    -2.04   15.73
  91588.284    97.728     6.21   18.60
  91964.420   102.622    13.01   20.02
  92340.557   101.695    -2.46   18.56
  92716.693   104.042     6.24   16.67
  93092.830   102.392    -4.39   16.59
  93468.966   101.643    -1.99   16.16
  93845.103   106.381    12.60   18.11
  94221.240   111.674    14.07   20.27
  94597.377   120.242    22.78   17.72
  94973.514   128.417    21.73   14.10
  95349.652   134.263    15.54   14.18
  95725.789   140.247    15.91   10.46
  96101.927   138.772    -3.92   13.51
  96478.064   137.379    -3.70   16.03
  96854.202   135.691    -4.49   15.91
  97230.340   133.879    -4.82   13.76
  97606.478   133.286    -1.58   12.39
  97982.616   133.212    -0.20   10.07
  98358.755   134.135     2.45    9.98
  98734.893   136.315     5.79   10.42
  99111.032   137.664     3.59   11.41
  99487.170   141.248     9.53   10.57
  99863.309   138.985    -6.02   13.58
 100239.448   130.798   -21.77   16.49
 100615.587   128.772    -5.39   16.31
 100991.727   129.177     1.08   15.82
 101367.866   130.511     3.55   14.73
 101744.006   132.366     4.93   13.03
 102120.145   129.166    -8.51   14.43
 102496.285   124.537   -12.30   14.82
 102872.425   122.722    -4.83   13.28
 103248.565   120.270    -6.52   13.24
 103624.706   116.366   -10.38   13.00
 104000.846   114.934    -3.81   12.98
 104376.987   112.161    -7.37   12.45
 104753.128   108.751    -9.07   12.52
 105129.269   108.722    -0.08   12.16
 105505.410   108.432    -0.77   12.06
 105881.551   112.776    11.55   12.39
 106257.693   115.616     7.55   11.60
 106633.834   116.770     3.07   12.11
 107009.976   115.123    -4.38   14.03
 107386.118   109.718   -14.37   13.98
 107762.260   104.096   -14.95   14.19
 108138.403    95.556   -22.71   14.39
 108514.545    86.916   -22.97   10.14
 108890.688    84.263    -7.05    8.33
 109266.831    85.212     2.52    9.42
 109642.974    87.853     7.02   11.20
 110019.117    95.417    20.11   12.45
 110395.261   102.421    18.62   14.50
 110771.404   108.485    16.12   13.46
 111147.548   109.379     2.38   13.49
 111523.692   105.212   -11.08   14.61
 111899.836   102.610    -6.92   14.48
 112275.981   103.169     1.49   14.97
 112652.125   106.778     9.60   15.43
 113028.270   109.567     7.42   14.41
 113404.415   108.961    -1.61   14.70
 113780.560   105.259    -9.84   14.12
 114156.706    98.367   -18.32   13.92
 114532.851    94.394   -10.56   14.23
 114908.997    88.881   -14.66   14.31
 115285.143    84.520   -11.59   14.36
 115661.289    81.494    -8.04   13.48
 116037.436    79.340    -5.73   11.94
 116413.582    81.853     6.68   14.22
 116789.729    86.511    12.38   14.56
 117165.876    92.392    15.63   14.14
 117542.024    96.313    10.42   14.95
 117918.171   101.648    14.18   16.16
 118294.319   109.353    20.48   14.72
 118670.467   108.064    -3.43   14.28
 119046.615    99.340   -23.19   19.25
 119422.764    90.677   -23.03   18.39
 119798.912    80.879   -26.05   16.26
 120175.061    69.610   -29.96   17.54
 120551.210    63.409   -16.49   15.02
 120927.359    61.853    -4.14   12.55
 121303.509    59.937    -5.10   10.70
 121679.659    63.301     8.94   11.55
 122055.809    65.048     4.65   10.92
 122431.959    68.015     7.89   12.32
 122808.110    74.007    15.93   12.87
 123184.261    77.222     8.55   16.57
 123560.412    85.289    21.45   15.31
 123936.563    87.475     5.81   12.76
 124312.714    89.153     4.46    9.68
 124688.866    86.448    -7.19   10.10
 125065.018    79.448   -18.61   10.13
 125441.170    75.799    -9.70    9.66
 125817.323    70.996   -12.77    7.81
 126193.476    68.853    -5.70    7.58
 126569.629    66.494    -6.27    8.11
 126945.782    63.882    -6.95    9.32
 127321.936    59.042   -12.87    9.47
 127698.089    53.610   -14.44    9.72
 128074.244    48.801   -12.79    8.55
 128450.380    46.578    -5.91    6.32
 128826.481    47.448     2.31    7.15
 129202.583    53.011    14.79   11.06
 129578.686    60.827    20.78   13.57
 129954.788    67.571    17.93   15.52
 130330.891    75.475    21.01   15.81
 130706.994    82.303    18.16   17.13
 131083.098    92.827    27.98   15.22
 131459.201    94.988     5.75   13.41
 131835.305    88.988   -15.95   17.70
 132211.410    85.048   -10.48   15.27
 132587.514    76.981   -21.45   15.40
 132963.619    72.443   -12.07   16.10
 133339.724    72.053    -1.04   13.89
 133715.829    70.195    -4.94   11.67
 134091.935    74.096    10.37   12.23
 134468.041    81.437    19.52   14.08
 134844.147    87.007    14.81   13.60
 135220.254    88.583     4.19   13.38
 135596.361    92.263     9.79   14.87
 135972.468    97.169    13.04   15.59
 136348.576    99.628     6.54   15.30
 136724.683    98.313    -3.50   16.37
 137100.791    92.578   -15.25   16.51
 137476.900    85.263   -19.45   14.58
 137853.009    82.103    -8.40   14.35
 138229.118    81.205    -2.39   13.36
 138605.227    78.150    -8.12   11.97
 138981.337    76.826    -3.52   12.13
 139357.447    73.853    -7.90   12.57
 139733.557    72.042    -4.81   12.13
 140109.667    71.648    -1.05   12.92
 140485.778    69.222    -6.45   12.50
 140861.890    66.988    -5.94   12.39
 141238.001    68.187     3.19   12.87
 141614.113    71.417     8.59   12.82
 141990.225    75.037     9.63   11.09
 142366.338    77.325     6.08    8.89
 142742.451    75.853    -3.91    8.71
 143118.564    71.381   -11.89   10.39
 143494.677    70.699    -1.81    9.37
 143870.791    69.110    -4.23    9.18
 144246.906    67.310    -4.78   10.24
 144623.020    62.826   -11.92   12.14
 144999.135    53.421   -25.01   14.88
 145375.250    45.421   -21.27   14.13
 145751.366    40.961   -11.86    8.06
 146127.482    40.798    -0.44    6.37
 146503.598    41.828     2.74    6.03
 146879.715    40.879    -2.52    6.23
 147255.832    39.475    -3.73    6.63
 147631.949    38.537    -2.49    6.93
 148008.067    39.801     3.36    6.52
 148384.185    41.238     3.82    6.73
 148760.303    40.286    -2.53    6.81
 149136.422    40.597     0.83    6.95
 149512.541    41.520     2.45    6.57
 149888.660    41.315    -0.55    5.47
 150264.780    42.571     3.34    5.64
 150640.900    42.666     0.25    5.83
 151017.021    44.143     3.93    5.55
 151393.142    44.880     1.96    4.82
 151769.263    44.069    -2.16    5.50
 152145.385    44.751     1.81    5.83
 152521.507    44.286    -1.24    5.59
 152897.630    43.520    -2.04    4.68
 153273.752    44.238     1.91    4.32
 153649.876    45.799     4.15    4.08
 154025.999    47.774     5.25    3.57
 154402.123    49.648     4.98    2.99
 154778.247    50.699     2.80    2.74
 155154.372    51.448     1.99    2.79
 155530.497    52.458     2.69    2.35
 155906.623    53.259     2.13    1.92
 156282.749    53.637     1.01    1.96
 156658.875    54.421     2.08    1.80
 157035.002    54.947     1.40    1.77
 157411.129    55.622     1.80    1.74
 157787.256    55.648     0.07    2.08
 158163.384    56.048     1.06    2.32
 158539.512    56.904     2.28    2.10
 158915.641    57.242     0.90    2.06
 159291.770    57.622     1.01    2.54
 159667.900    57.301    -0.86    3.37
 160044.030    56.205    -2.91    3.77
 160420.160    57.150     2.51    4.43
 160796.291    59.238     5.55    6.95
 161172.422    64.000    12.66   10.35
 161548.553    69.103    13.57   10.81
 161924.685    71.392     6.08   11.03
 162300.818    72.394     2.66   11.23
 162676.951    73.313     2.44   15.10
 163053.084    73.448     0.36   14.61
 163429.217    69.167   -11.38   17.04
 163805.351    65.340   -10.17   18.46
 164181.486    57.417   -21.06   15.60
 164557.621    52.772   -12.35   13.01
 164933.756    52.033    -1.97    9.84
 165309.892    54.492     6.54   10.15
 165686.028    58.537    10.75   10.78
 166062.165    61.597     8.13   10.62
 166438.302    64.301     7.19   11.89
 166814.440    65.103     2.13   13.42
 167190.578    68.248     8.36   14.90
 167566.716    70.084     4.88   15.29
 167942.855    73.520     9.13   16.33
 168318.994    74.263     1.98   16.23
 168695.134    74.064    -0.53   14.62
 169071.274    76.502     6.48   16.13
 169447.415    77.150     1.72   15.96
 169823.556    77.096    -0.14   15.46
 170199.697    76.263    -2.21   14.95
 170575.839    73.078    -8.47   13.59
 170951.982    71.448    -4.33   10.28
 171328.125    76.028    12.18   11.17
 171704.268    80.116    10.87   11.42
 172080.412    88.432    22.11   15.22
 172456.556    96.313    20.95   19.50
 172832.701   104.753    22.44   21.02
 173208.846   114.825    26.78   19.24
 173584.992   120.259    14.44   15.39
 173961.138   121.485     3.26   11.70
 174337.285   114.409   -18.81   17.91
 174713.432   110.187   -11.22   19.57
 175089.580   101.597   -22.84   16.62
 175465.728    98.048    -9.44   13.47
 175841.876    95.502    -6.77   10.64
 176218.025    87.880   -20.26   13.93
 176594.175    84.090   -10.08   12.72
 176970.325    83.328    -2.03   11.54
 177346.475    83.691     0.96   11.08
 177722.626    88.643    13.16   14.28
 178098.778    97.327    23.09   15.91
 178474.930   106.774    25.12   17.01
 178851.082   114.907    21.62   18.68
 179227.235   118.178     8.70   19.49
 179603.388   120.511     6.20   18.17
 179979.542   122.825     6.15   17.73
 180355.697   129.826    18.61   18.30
 180731.852   136.596    18.00   18.76
 181108.007   142.802    16.50   17.89
 181484.163   148.545    15.27   15.08
 181860.320   149.530     2.62   12.13
 182236.476   139.205   -27.45   19.65
 182612.634   131.123   -21.48   19.80
 182988.792   119.745   -30.25   18.50
 183364.950   113.904   -15.53   17.86
 183741.109   112.064    -4.89   14.13
 184117.269   107.469   -12.22   10.37
 184493.429   106.084    -3.68    9.61
 184869.589   106.494     1.09    9.22
 185245.751   105.096    -3.72    9.37
 185621.912   106.110     2.69   11.99
 185998.074   103.090    -8.03   12.05
 186374.237   102.437    -1.74   12.10
 186750.400   107.069    12.32   16.06
 187126.564   115.907    23.49   20.24
 187502.728   121.286    14.30   18.89
 187878.893   125.648    11.60   15.37
 188255.058   126.187     1.43   11.58
 188631.224   123.058    -8.32   11.91
 189007.390   122.958    -0.27   13.49
 189383.557   121.075    -5.01   15.86
 189759.724   113.263   -20.77   20.15
 190135.892   106.421   -18.19   19.29
 190512.061    98.958   -19.84   17.48
 190888.230    92.669   -16.72   15.86
 191264.400    88.853   -10.14   13.12
 191640.570    87.610    -3.31   12.28
 192016.741    91.748    11.00   14.13
 192392.912   102.253    27.93   17.15
 192769.084   114.603    32.83   18.30
 193145.256   125.394    28.69   16.14
 193521.429   129.583    11.14   16.27
 193897.602   130.367     2.08   18.49
 194273.777   122.637   -20.55   19.24
 194649.951   114.710   -21.07   18.04
 195026.126   103.628   -29.46   23.69
 195402.302    91.406   -32.49   22.26
 195778.478    84.096   -19.43   17.55
 196154.655    83.699    -1.06   15.31
 196530.833    89.722    16.01   15.83
 196907.011    93.353     9.65   14.62
 197283.189    96.988     9.66   11.79
 197659.369   103.366    16.95    9.62
 198035.548   112.714    24.85   15.08
 198411.729   120.906    21.78   13.75
 198787.910   123.128     5.91   12.18
 199164.091   123.259     0.35   12.60
 199540.273   122.776    -1.28   11.54
 199916.456   126.123     8.90   13.40
 200292.639   134.610    22.56   14.01
 200668.823   143.475    23.57   13.52
 201045.007   150.159    17.77   12.13
 201421.192   154.064    10.38   10.92
 201797.378   154.545     1.28   13.36
 202173.564   155.772     3.26   15.60
 202549.751   158.007     5.94   11.90
 202925.939   156.033    -5.25   11.50
 203302.127   153.571    -6.54   13.79
 203678.227   146.205   -19.59   16.16
 204054.291   142.571    -9.66   18.46
 204430.355   135.502   -18.80   20.43
 204806.419   127.042   -22.49   18.91
 205182.485   117.367   -25.73   16.27
 205558.550   109.666   -20.48   12.16
 205934.617   111.674     5.34   13.97
 206310.684   116.301    12.30   17.24
 206686.752   124.742    22.45   20.87
 207062.820   137.637    34.29   19.18
 207438.889   147.575    26.43   20.14
 207814.958   157.590    26.63   20.01
 208191.028   162.981    14.34   15.49
 208567.099   163.015     0.09   14.06
 208943.171   155.458   -20.09   15.21
 209319.243   146.725   -23.22   13.56
 209695.315   136.485   -27.23   15.15
 210071.389   128.367   -21.59   16.36
 210447.463   121.553   -18.12   16.60
 210823.537   112.799   -23.28   14.48
 211199.612   109.259    -9.41   12.59
 211575.688   107.745    -4.02   10.00
 211951.765   115.482    20.57   13.37
 212327.842   123.725    21.92   16.41
 212703.919   138.238    38.59   22.11
 213079.998   151.825    36.13   23.17
 213456.077   165.904    37.44   17.62
 213832.157   170.075    11.09   16.82
 214208.237   166.556    -9.36   21.30
 214584.318   156.058   -27.91   26.28
 214960.400   144.340   -31.16   23.58
 215336.482   137.116   -19.21   22.97
 215712.565   125.695   -30.37   19.12
 216088.649   121.403   -11.41   17.11
 216464.733   115.853   -14.76   18.89
 216840.818   113.778    -5.52   17.00
 217216.903   110.981    -7.44   16.09
 217592.990   109.187    -4.77   18.94
 217969.077   106.853    -6.20   20.37
 218345.164   103.937    -7.76   19.48
 218721.252    88.537   -40.95   22.08
 219097.341    82.578   -15.85   19.23
 219473.431    81.687    -2.37   17.28
 219849.521    88.578    18.32   19.56
 220225.612   101.907    35.44   15.89
 220601.704   102.421     1.37   16.56
 220977.796   105.801     8.99   16.58
 221353.889   106.725     2.46   18.32
 221729.983   105.485    -3.30   15.95
 222106.077   112.075    17.52   17.67
 222482.172   118.622    17.41   20.75
 222858.268   131.325    33.78   22.53
 223234.364   145.028    36.43   18.25
 223610.462   156.315    30.01   14.58
 223986.559   163.464    19.01   11.08
 224362.658   160.475    -7.95   13.81
 224738.757   150.286   -27.09   18.85
 225114.857   135.669   -38.86   24.55
 225490.958   119.751   -42.33   26.12
 225867.059   107.826   -31.71   22.51
 226243.161   104.378    -9.17   20.75
 226619.264   107.648     8.69   24.82
 226995.367   115.537    20.98   25.30
 227371.471   128.961    35.69   24.86
 227747.576   135.699    17.92   27.48
 228123.682   145.469    25.98   26.73
 228499.788   147.631     5.75   28.83
 228875.895   150.674     8.09   26.82
 229252.003   152.103     3.80   23.67
 229628.111   154.011     5.07   18.27
 230004.220   154.930     2.44   13.20
 230380.330   150.259   -12.42   16.46
 230756.441   140.475   -26.02   18.24
 231132.552   128.511   -31.81   15.86
 231508.664   115.610   -34.30   20.22
 231884.777    96.674   -50.35   27.29
 232260.890    81.075   -41.47   25.03
 232637.005    74.904   -16.41   19.20
 233013.120    75.956     2.80   21.16
 233389.235    89.981    37.29   26.56
 233765.352   105.745    41.91   21.17
 234141.469   117.212    30.49   19.19
 234517.587   124.037    18.15   21.52
 234893.705   130.520    17.24   21.48
 235269.825   138.988    22.52   19.53
 235645.945   143.664    12.43   18.34
 236022.066   142.664    -2.66   16.39
 236398.188   139.315    -8.90   16.75
 236774.310   134.697   -12.28   18.63
 237150.433   126.958   -20.57   19.48
 237526.557   115.879   -29.46   19.68
 237902.682    98.909   -45.12   29.86
 238278.807    76.289   -60.14   32.70
 238654.933    58.745   -46.64   26.54
 239031.060    45.622   -34.89   11.09
 239407.188    44.564    -2.81    5.93
 239783.316    47.011     6.51    5.95
 240159.446    54.637    20.27   11.25
 240535.576    64.315    25.73   17.01
 240911.706    75.366    29.38   21.95
 241287.838    86.437    29.43   22.18
 241663.970    93.745    19.43   23.45
 242040.103    98.718    13.22   24.62
 242416.237    97.475    -3.31   25.93
 242792.372    94.367    -8.26   24.90
 243168.507    92.765    -4.26   20.92
 243544.643    94.828     5.49   18.06
 243920.780    96.315     3.95   15.33
 244296.918    98.131     4.83   13.95
 244673.057   102.622    11.94   13.17
 245049.196   108.880    16.64   14.99
 245425.336   115.906    18.68   14.60
 245801.477   125.722    26.10   12.84
 246177.619   131.725    15.96   12.39
 246553.761   130.015    -4.55   12.97
 246929.904   127.432    -6.87   15.34
 247306.049   120.353   -18.82   14.83
 247682.193   111.567   -23.36   11.84
 248058.339   102.169   -24.99   15.06
 248434.486    96.853   -14.13   15.07
 248810.633    93.205    -9.70   15.82
 249186.781    98.259    13.44   18.18
 249562.930   106.409    21.67   16.63
 249939.080   108.417     5.34   12.59
 250315.230   109.751     3.54   10.91
 250691.382   109.286    -1.24   10.42
 251067.534   115.007    15.21   11.63
 251443.687   124.301    24.71   13.86
 251819.841   130.135    15.51   12.87
 252195.995   131.511     3.66   10.96
 252572.151   127.007   -11.97   13.67
 252948.307   117.575   -25.07   14.76
 253324.464   105.458   -32.21   15.99
 253700.622    96.981   -22.54   19.53
 254076.781    96.883    -0.26   19.28
 254452.940    97.084     0.54   20.37
 254829.101    97.691     1.61   19.57
 255205.262    89.075   -22.90   29.15
 255581.424    75.042   -37.31   33.23
 255957.587    64.770   -27.31   31.45
 256333.750    54.669   -26.85   25.34
 256709.915    51.536    -8.33   22.07
 257086.080    50.421    -2.97   19.34
 257462.247    52.187     4.69   17.90
 257838.414    53.774     4.22   17.06
 258214.582    52.301    -3.92   14.31
 258590.751    49.988    -6.15   12.18
 258966.920    48.203    -4.75   12.71
 259343.091    47.799    -1.07   13.17
 259719.262    44.637    -8.41   12.06
 260095.434    43.880    -2.01   10.22
 260471.607    43.853    -0.07    7.56
 260847.781    43.545    -0.82    7.85
 261223.956    41.622    -5.11    8.08
 261600.132    38.482    -8.35    9.65
 261976.308    37.421    -2.82    9.57
 262352.486    35.259    -5.75    8.04
 262728.664    33.827    -3.81    6.15
 263104.843    35.028     3.19    4.35
 263481.023    35.123     0.25    3.96
 263857.204    33.932    -3.17    3.59
 264233.386    33.064    -2.31    3.49
 264609.568    34.033     2.58    4.08
 264985.752    34.988     2.54    4.21
 265361.936    37.403     6.42    4.37
 265738.121    39.143     4.62    3.85
 266114.307    39.340     0.52    4.14
 266490.494    39.313    -0.07    4.31
 266866.682    38.909    -1.07    4.39
 267242.871    41.315     6.40   11.44
 267619.061    39.161    -5.73    8.23
 267995.251    36.625    -6.74    5.68
 268371.443    40.064     9.14   18.10
 268747.635    41.988     5.12   21.11
 269123.828    43.075     2.89   18.67
 269500.023    45.494     6.43   20.58
 269876.218    47.011     4.03   22.54
 270252.413    46.699    -0.83   22.60
 270628.610    47.774     2.86   23.45
 271004.808    45.153    -6.97   17.73
 271381.007    50.313    13.71   22.26
 271757.206    55.203    13.00   26.04
 272133.407    61.725    17.34   29.05
 272509.608    68.020    16.73   30.43
 272885.810    63.205   -12.80   23.91
 273262.014    66.772     9.48   24.65
 273638.218    75.042    21.98   29.39
 274014.423    81.169    16.29   32.39
 274390.629    85.964    12.75   34.36
 274766.836    89.084     8.29   38.23
 275143.043    83.222   -15.58   38.70
 275519.252    84.556     3.55   36.91
 275895.462    79.674   -12.98   35.10
 276271.672    73.537   -16.31   32.70
 276647.884    66.432   -18.89   31.63
 277024.096    61.907   -12.03   32.78
 277400.310    58.956    -7.85   29.31
 277776.524    56.367    -6.88   28.24
 278152.739    58.751     6.34   28.36
 278528.945    59.478     1.93   27.34
 278904.972    60.912     3.81   26.28
 279281.000    59.421    -3.97   22.51
 279657.028    57.150    -6.04   19.44
 280033.057    63.556    17.03   22.55
 280409.088    65.664     5.61   25.17
 280785.119    67.992     6.19   27.65
 281161.151    76.263    22.00   31.21
 281537.184    82.853    17.52   33.00
 281913.219    89.150    16.75   32.05
 282289.254    93.222    10.83   30.35
 282665.290    91.827    -3.71   28.85
 283041.327    82.699   -24.27   28.74
 283417.365    72.556   -26.98   23.75
 283793.404    71.776    -2.07   20.41
 284169.443    78.187    17.05   24.20
 284545.484    93.520    40.78   22.77
 284921.526   108.212    39.07   16.65
 285297.569   120.322    32.20   14.41
 285673.613   127.906    20.17   15.37
 286049.657   134.853    18.48   15.10
 286425.703   138.961    10.92   13.65
 286801.750   138.879    -0.22   13.89
 287177.797   135.437    -9.16   15.69
 287553.846   132.161    -8.71   17.51
 287929.896   125.622   -17.39   19.67
 288305.946   112.880   -33.88   22.89
 288681.998   103.597   -24.69   22.87
 289058.050    99.622   -10.57   21.38
 289434.104   110.648    29.32   27.94
 289810.158   127.772    45.54   28.04
 290186.214   144.263    43.85   17.78
 290562.270   153.367    24.21    9.50
 290938.328   153.880     1.37    8.85
 291314.386   144.880   -23.93   16.50
 291690.446   131.416   -35.80   20.13
 292066.506   107.853   -62.66   27.80
 292442.568    96.064   -31.35   22.72
 292818.630    96.853     2.10   21.73
 293194.694   103.776    18.41   23.27
 293570.758   117.881    37.51   17.47
 293946.824   128.828    29.11   15.32
 294322.890   136.985    21.69   18.14
 294698.958   148.907    31.70   20.11
 295075.026   156.988    21.49   16.35
 295451.096   160.941    10.51   15.51
 295827.166   163.853     7.74   16.40
