#  352.979  -2.008   3.624 ;Mean Elev.(m), Avg Gradient(m/km), RMS Gradient(m/km) - SRTM1     
#  355.154  -1.708   5.911 ;Mean Elev.(m), Avg Gradient(m/km), RMS Gradient(m/km) - ASTER GDEM
#  357.496  -2.049   3.139 ;Mean Elev.(m), Avg Gradient(m/km), RMS Gradient(m/km) - GMTED2010 
  7   350.183 52464.85288540 52.04  22.685442   2.003939 37.808
  7   350.191 52464.85288604 53.89  22.684712   2.007249 37.808
  7   350.004 52464.85288669 52.23  22.683992   2.010549 37.808
  8   349.499 52499.85288116 17.43  22.685222   2.003597  3.909
  8   349.563 52499.85288181 17.78  22.684492   2.006907  3.909
  8   349.545 52499.85288245 17.46  22.683762   2.010207  3.909
  9   350.445 52534.85286981 50.65  22.680464   2.009632 34.940
  9   350.512 52534.85287045 50.19  22.679734   2.012932 34.940
 10   350.987 52569.85289908 52.37  22.684644   2.004560 39.312
 10   350.888 52569.85289972 54.30  22.683924   2.007860 39.312
 10   350.793 52569.85290037 51.99  22.683194   2.011170 39.312
 11   351.882 52604.85287791 50.73  22.683626   2.004111 37.683
 11   351.886 52604.85287856 53.95  22.682896   2.007421 37.683
 11   351.881 52604.85287920 53.87  22.682176   2.010721 37.683
 11   351.878 52604.85287985 44.60  22.681446   2.014031 37.683
 12   352.291 52639.85286235 53.15  22.681836   2.006968 38.464
 12   352.233 52639.85286300 53.02  22.681106   2.010268 38.464
 12   352.127 52639.85286364 49.54  22.680386   2.013578 38.464
 13   351.086 52674.85285575 51.15  22.685251   2.002446 37.030
 13   351.086 52674.85285640 53.86  22.684521   2.005756 37.030
 13   350.893 52674.85285704 52.56  22.683801   2.009056 37.030
 13   350.877 52674.85285769 51.39  22.683071   2.012366 37.030
 14   350.114 52709.85287451 46.15  22.683386   2.004505 30.885
 14   350.033 52709.85287516 47.27  22.682656   2.007805 30.885
 14   349.963 52709.85287580 40.65  22.681926   2.011115 30.885
 15   350.329 52744.85290440 50.67  22.675803   2.012447 36.026
 15   350.381 52744.85290504 51.71  22.675083   2.015747 36.026
 16   350.931 52779.85283982 50.33  22.681879   2.007638 36.575
 16   350.932 52779.85284046 53.02  22.681149   2.010948 36.575
 16   350.860 52779.85284111 47.65  22.680429   2.014248 36.575
 17   350.053 52814.85292311 51.01  22.680270   2.008244 35.116
 17   350.117 52814.85292376 51.57  22.679540   2.011554 35.116
 17   350.134 52814.85292440 49.02  22.678820   2.014854 35.116
 18   350.456 52849.85297453 50.85  22.684339   2.003421 38.018
 18   350.506 52849.85297518 51.45  22.683609   2.006731 38.018
 18   350.526 52849.85297582 53.02  22.682879   2.010031 38.018
 18   350.546 52849.85297647 46.09  22.682159   2.013341 38.018
 19   350.967 52884.85301124 52.86  22.679434   2.010938 35.177
 19   350.868 52884.85301188 51.70  22.678714   2.014248 35.177
 20   351.065 52919.85296560 51.63  22.685528   2.002626 39.737
 20   351.123 52919.85296624 51.48  22.684808   2.005926 39.737
 20   351.147 52919.85296689 48.88  22.684078   2.009236 39.737
 20   350.931 52919.85296753 45.42  22.683348   2.012536 39.737
 21   351.458 52954.85292771 52.73  22.691534   1.995987 48.285
 21   351.512 52954.85292835 50.50  22.690804   1.999287 48.285
 21   351.507 52954.85292900 51.11  22.690074   2.002597 48.285
 21   351.404 52954.85292964 47.81  22.689354   2.005897 48.285
 22   352.038 52989.85293833 49.78  22.694754   1.995043 48.372
 22   352.018 52989.85293898 50.71  22.694024   1.998353 48.372
 22   351.862 52989.85293962 48.50  22.693304   2.001653 48.372
 23   350.944 53024.85291659 52.87  22.694376   1.995641 47.114
 23   350.939 53024.85291724 49.38  22.693646   1.998951 47.114
 23   350.799 53024.85291788 48.17  22.692926   2.002261 47.114
 24   350.592 53059.85291705 49.45  22.695027   1.996070 44.985
 24   350.477 53059.85291769 50.70  22.694307   1.999370 44.985
 25   349.942 53094.85295658 50.76  22.676018   2.013280 36.214
 25   349.983 53094.85295723 52.21  22.675298   2.016590 36.214
 26   350.901 53129.85292552 53.55  22.691891   1.997815 45.447
 26   350.932 53129.85292617 50.69  22.691161   2.001115 45.447
 26   350.784 53129.85292681 51.71  22.690431   2.004425 45.447
 28   349.123 53199.85299815 34.34  22.684414   2.004023 33.133
 28   349.109 53199.85299880 34.14  22.683684   2.007333 33.133
 28   349.172 53199.85299944 42.34  22.682954   2.010633 33.133
 29   349.864 53234.85296589 50.93  22.694964   1.995717 43.893
 29   349.707 53234.85296653 49.45  22.694234   1.999017 43.893
 30   349.690 53269.85293268 53.29  22.683388   2.006677 35.250
 30   349.734 53269.85293333 51.24  22.682658   2.009977 35.250
 30   349.767 53269.85293397 44.82  22.681928   2.013287 35.250
 31   350.089 53304.85299567 51.98  22.675507   2.011780 34.233
 31   350.036 53304.85299631 53.28  22.674787   2.015090 34.233
 31   350.090 53304.85299696 48.53  22.674057   2.018390 34.233
 32   351.203 53339.85296233 50.18  22.684163   2.003539 37.461
 32   351.277 53339.85296297 53.85  22.683443   2.006839 37.461
 32   351.256 53339.85296362 51.04  22.682713   2.010149 37.461
 32   351.190 53339.85296426 47.03  22.681983   2.013449 37.461
 33   351.410 53374.85289236 53.39  22.688957   1.999216 47.905
 33   351.242 53374.85289301 49.46  22.688227   2.002516 47.905
 33   351.212 53374.85289365 51.61  22.687497   2.005826 47.905
 34   350.430 53409.85293572 47.89  22.688537   1.999962 43.925
 34   350.416 53409.85293636 50.17  22.687807   2.003272 43.925
 34   350.391 53409.85293701 50.90  22.687087   2.006572 43.925
 35   349.835 53444.85291958 52.67  22.685222   2.004616 39.199
 35   349.807 53444.85292023 51.75  22.684502   2.007916 39.199
 35   349.758 53444.85292087 49.20  22.683772   2.011226 39.199
 36   350.142 53479.85300145 39.23  22.676545   2.012108 22.072
 36   350.133 53479.85300209 35.72  22.675825   2.015418 22.072
 37   350.429 53514.85300694 52.68  22.684316   2.004469 38.480
 37   350.480 53514.85300759 52.46  22.683586   2.007779 38.480
 37   350.542 53514.85300823 47.92  22.682856   2.011079 38.480
 38   349.880 53549.85302779 50.76  22.677266   2.012302 34.240
 38   349.914 53549.85302843 51.02  22.676536   2.015612 34.240
 39   349.337 53584.85298655 50.32  22.687051   2.001805 40.966
 39   349.216 53584.85298720 48.71  22.686321   2.005115 40.966
 39   349.266 53584.85298784 51.51  22.685601   2.008415 40.966
 40   350.029 53619.85294469 49.48  22.681304   2.006999 30.452
 40   349.888 53619.85294533 51.84  22.680574   2.010309 30.452
 40   349.819 53619.85294598 51.49  22.679844   2.013609 30.452
 41   349.965 53654.85297185 53.56  22.682971   2.006587 35.325
 41   350.015 53654.85297249 50.55  22.682241   2.009887 35.325
 41   349.999 53654.85297314 45.74  22.681511   2.013197 35.325
 42   351.507 53689.85296578 50.64  22.681462   2.007125 34.873
 42   351.529 53689.85296643 50.98  22.680732   2.010435 34.873
 42   351.325 53689.85296707 49.18  22.680002   2.013735 34.873
 43   350.853 53724.85288833 53.15  22.688749   1.998543 43.945
 43   350.903 53724.85288898 54.06  22.688019   2.001843 43.945
 43   350.801 53724.85288962 49.36  22.687289   2.005153 43.945
 43   350.675 53724.85289026 49.01  22.686569   2.008453 43.945
 44   350.182 53759.85283132 52.45  22.694169   1.994536 45.430
 44   350.222 53759.85283197 50.70  22.693439   1.997836 45.430
 44   350.230 53759.85283261 49.18  22.692709   2.001146 45.430
 45   349.797 53794.85285003 50.03  22.690245   1.996916 45.921
 45   349.828 53794.85285067 55.09  22.689515   2.000216 45.921
 45   349.879 53794.85285132 50.28  22.688785   2.003526 45.921
 45   349.900 53794.85285196 47.86  22.688065   2.006826 45.921
 46   350.628 53829.85282779 49.57  22.689399   1.997879 42.741
 46   350.662 53829.85282844 50.52  22.688679   2.001179 42.741
 46   350.590 53829.85282908 50.77  22.687949   2.004489 42.741
 46   350.534 53829.85282973 50.30  22.687219   2.007789 42.741
 47   350.024 53864.85290817 50.17  22.680968   2.007856 34.130
 47   350.083 53864.85290881 50.60  22.680248   2.011156 34.130
 47   350.110 53864.85290946 47.72  22.679518   2.014466 34.130
 48   349.962 53899.85293389 53.53  22.683807   2.005902 39.603
 48   350.021 53899.85293454 50.96  22.683077   2.009202 39.603
 48   350.017 53899.85293518 47.05  22.682347   2.012512 39.603
 49   349.490 53934.85297875 50.87  22.672435   2.013413 32.334
 49   349.530 53934.85297940 52.36  22.671705   2.016713 32.334
 49   349.478 53934.85298004 49.21  22.670985   2.020023 32.334
 50   349.630 53969.85294710 50.77  22.678520   2.009741 33.387
 50   349.670 53969.85294774 51.37  22.677800   2.013041 33.387
 50   349.718 53969.85294839 45.75  22.677070   2.016351 33.387
 51   350.257 54004.85292048 54.23  22.687812   2.000470 43.284
 51   350.180 54004.85292112 52.86  22.687082   2.003770 43.284
 51   350.211 54004.85292177 50.18  22.686352   2.007080 43.284
 51   350.235 54004.85292241 43.61  22.685632   2.010380 43.284
 52   350.812 54039.85295166 53.60  22.689043   1.999843 45.215
 52   350.875 54039.85295230 52.15  22.688313   2.003153 45.215
 52   350.877 54039.85295295 51.66  22.687583   2.006453 45.215
 53   352.882 54074.85294658 53.85  22.685932   2.004039 41.382
 53   352.717 54074.85294722 49.05  22.685202   2.007339 41.382
 53   352.661 54074.85294787 48.15  22.684472   2.010649 41.382
 54   351.691 54109.85289143 51.89  22.683732   2.005845 38.397
 54   351.538 54109.85289207 50.67  22.683002   2.009145 38.397
 54   351.488 54109.85289272 49.50  22.682272   2.012455 38.397
 55   350.955 54144.85288563 52.98  22.684481   2.003847 40.496
 55   350.838 54144.85288627 50.06  22.683751   2.007157 40.496
 55   350.801 54144.85288692 52.17  22.683031   2.010457 40.496
 56   350.887 54179.85287617 51.23  22.684482   2.003381 40.266
 56   350.850 54179.85287682 51.08  22.683762   2.006681 40.266
 56   350.747 54179.85287746 51.79  22.683032   2.009991 40.266
 56   350.714 54179.85287811 48.23  22.682302   2.013291 40.266
 57   350.630 54214.85289348 52.29  22.683302   2.005505 36.455
 57   350.681 54214.85289412 53.59  22.682582   2.008815 36.455
 57   350.662 54214.85289477 50.94  22.681852   2.012115 36.455
 58   350.319 54249.85292147 21.38  22.683468   2.005465 21.379
 58   350.536 54249.85292212 21.87  22.682738   2.008775 21.379
 58   350.572 54249.85292276 21.51  22.682008   2.012075 21.379
 59   350.259 54284.85292780 53.94  22.686456   2.001184 45.721
 59   350.309 54284.85292845 54.21  22.685726   2.004494 45.721
 59   350.304 54284.85292909 49.61  22.685006   2.007794 45.721
 59   350.279 54284.85292974 46.28  22.684276   2.011104 45.721
 60   350.380 54319.85292462 52.99  22.687166   2.000533 44.862
 60   350.417 54319.85292527 53.08  22.686446   2.003833 44.862
 60   350.335 54319.85292591 51.20  22.685716   2.007143 44.862
 60   350.254 54319.85292656 47.24  22.684996   2.010443 44.862
 61   348.835 54354.85288790 11.44  22.686215   2.003244 29.597
 61   349.840 54354.85288854 12.94  22.685485   2.006554 29.597
 61   350.359 54354.85288919 13.35  22.684755   2.009854 29.597
 62   351.557 54389.85286517 53.08  22.686424   2.001439 43.537
 62   351.458 54389.85286581 55.18  22.685694   2.004749 43.537
 62   351.356 54389.85286646 50.53  22.684974   2.008049 43.537
 62   351.302 54389.85286710 46.75  22.684244   2.011359 43.537
 63   351.375 54424.85283759 21.44  22.685531   2.003219  9.065
 63   351.598 54424.85283824 22.08  22.684801   2.006529  9.065
 63   351.709 54424.85283888 21.51  22.684071   2.009829  9.065
 64   352.016 54459.85284090 52.86  22.686445   2.001213 42.891
 64   351.939 54459.85284154 53.66  22.685715   2.004523 42.891
 64   351.826 54459.85284219 49.28  22.684995   2.007823 42.891
 64   351.781 54459.85284283 46.48  22.684265   2.011133 42.891
 65   351.307 54494.85284282 52.23  22.686421   2.002987 41.108
 65   351.233 54494.85284346 52.57  22.685701   2.006287 41.108
 65   351.142 54494.85284411 48.26  22.684971   2.009597 41.108
 66   350.436 54529.85285364 51.10  22.687561   2.001529 42.583
 66   350.363 54529.85285429 50.83  22.686831   2.004829 42.583
 66   350.403 54529.85285493 50.93  22.686101   2.008139 42.583
 67   350.816 54564.85284960 54.30  22.685255   2.003315 38.769
 67   350.733 54564.85285024 53.74  22.684525   2.006615 38.769
 67   350.643 54564.85285089 49.09  22.683805   2.009925 38.769
 68   350.191 54599.85285026 54.55  22.684650   2.003714 39.027
 68   350.245 54599.85285090 54.78  22.683930   2.007024 39.027
 68   350.289 54599.85285155 48.99  22.683200   2.010334 39.027
 69   350.581 54634.85286252 52.19  22.683429   2.004426 35.432
 69   350.569 54634.85286317 53.89  22.682709   2.007736 35.432
 69   350.596 54634.85286381 48.84  22.681979   2.011046 35.432
 70   349.734 54669.85286708 54.23  22.683596   2.005081 38.340
 70   349.626 54669.85286772 54.34  22.682876   2.008391 38.340
 70   349.620 54669.85286837 49.14  22.682146   2.011691 38.340
 71   350.385 54704.85282924 54.04  22.687210   2.000634 38.774
 71   350.329 54704.85282989 52.44  22.686480   2.003944 38.774
 71   350.376 54704.85283053 49.71  22.685750   2.007244 38.774
 71   350.437 54704.85283118 46.03  22.685030   2.010554 38.774
 72   350.498 54739.85282983 53.50  22.685269   2.003285 37.805
 72   350.552 54739.85283047 51.54  22.684549   2.006595 37.805
 72   350.589 54739.85283112 49.39  22.683819   2.009905 37.805
 73   351.280 54774.85280995 44.06  22.687161   2.001303 34.697
 73   351.257 54774.85281059 42.15  22.686431   2.004613 34.697
 73   351.234 54774.85281123 45.14  22.685701   2.007913 34.697
 73   351.143 54774.85281188 41.09  22.684981   2.011223 34.697
 74   351.188 54809.85282316 50.96  22.684395   2.004979 36.941
 74   351.144 54809.85282381 51.27  22.683665   2.008289 36.941
 74   351.121 54809.85282445 47.37  22.682945   2.011589 36.941
 75   350.626 54844.85280976 50.75  22.685100   2.004261 37.526
 75   350.664 54844.85281040 50.25  22.684370   2.007561 37.526
 75   350.658 54844.85281105 50.22  22.683650   2.010871 37.526
 76   350.909 54879.85282687 54.32  22.683129   2.006385 36.740
 76   350.867 54879.85282752 52.94  22.682399   2.009685 36.740
 76   350.810 54879.85282816 48.02  22.681669   2.012995 36.740
 77   350.643 54914.85281358 54.10  22.682655   2.007179 36.808
 77   350.507 54914.85281422 51.76  22.681935   2.010489 36.808
 77   350.427 54914.85281487 47.34  22.681205   2.013789 36.808
 79   351.039 54984.85284482 51.61  22.682337   2.005654 35.583
 79   351.044 54984.85284547 54.59  22.681607   2.008954 35.583
 79   350.866 54984.85284611 49.10  22.680877   2.012264 35.583
 80   350.283 55019.85283880 51.30  22.686374   2.002729 38.473
 80   350.254 55019.85283944 49.95  22.685644   2.006029 38.473
 80   350.297 55019.85284009 47.49  22.684924   2.009339 38.473
 81   349.693 55054.85283541 54.08  22.686310   2.002281 38.569
 81   349.750 55054.85283606 50.98  22.685580   2.005581 38.569
 81   349.777 55054.85283670 48.59  22.684860   2.008891 38.569
 81   349.656 55054.85283734 41.75  22.684130   2.012191 38.569
 82   349.907 55089.85279607 52.69  22.683871   2.006154 38.430
 82   349.902 55089.85279672 50.60  22.683151   2.009464 38.430
 82   349.968 55089.85279736 46.41  22.682421   2.012774 38.430
 83   350.960 55124.85277259 53.09  22.686449   2.001519 36.983
 83   350.784 55124.85277323 53.56  22.685719   2.004819 36.983
 83   350.828 55124.85277387 49.71  22.684999   2.008129 36.983
 83   350.849 55124.85277452 44.44  22.684269   2.011429 36.983
 84   351.727 55159.85275613 52.62  22.684355   2.003955 38.417
 84   351.674 55159.85275678 51.68  22.683625   2.007255 38.417
 84   351.622 55159.85275742 49.77  22.682905   2.010565 38.417
 85   351.661 55194.85276351 48.81  22.684725   2.003262 36.102
 85   351.590 55194.85276415 51.41  22.683995   2.006572 36.102
 85   351.519 55194.85276480 51.62  22.683275   2.009882 36.102
 85   351.450 55194.85276544 44.48  22.682545   2.013182 36.102
 86   350.588 55229.85275916 17.85  22.683806   2.005712 21.357
 86   350.647 55229.85275981 17.11  22.683086   2.009022 21.357
 86   350.856 55229.85276045 16.66  22.682356   2.012322 21.357
 87   351.548 55264.85275793 52.99  22.686068   2.002375 39.122
 87   351.595 55264.85275857 51.70  22.685338   2.005675 39.122
 87   351.560 55264.85275922 47.99  22.684608   2.008985 39.122
 87   351.443 55264.85275986 44.32  22.683888   2.012285 39.122
 88   351.952 55299.85274093 52.30  22.686307   2.001432 38.563
 88   351.997 55299.85274157 51.07  22.685577   2.004742 38.563
 88   351.919 55299.85274222 50.93  22.684847   2.008042 38.563
 88   351.763 55299.85274286 45.50  22.684127   2.011352 38.563
 89   351.609 55334.85273616 50.22  22.683957   2.004023 37.051
 89   351.658 55334.85273680 50.84  22.683237   2.007333 37.051
 89   351.598 55334.85273745 50.64  22.682507   2.010643 37.051
 90   350.843 55369.85272623 53.04  22.686035   2.002732 39.201
 90   350.825 55369.85272687 52.47  22.685305   2.006032 39.201
 90   350.866 55369.85272752 49.25  22.684585   2.009342 39.201
 91   350.365 55404.85274356 55.20  22.686377   2.001668 39.302
 91   350.304 55404.85274420 52.59  22.685647   2.004968 39.302
 91   350.332 55404.85274485 50.13  22.684927   2.008278 39.302
 91   350.359 55404.85274549 44.15  22.684197   2.011578 39.302
 92   349.939 55439.85274492 53.13  22.686538   2.002208 38.084
 92   349.801 55439.85274557 50.13  22.685808   2.005508 38.084
 92   349.850 55439.85274621 49.19  22.685088   2.008818 38.084
 93   350.546 55474.85268975 53.75  22.686869   2.001032 39.217
 93   350.418 55474.85269039 51.31  22.686139   2.004342 39.217
 93   350.443 55474.85269103 49.72  22.685409   2.007642 39.217
 93   350.488 55474.85269168 45.24  22.684689   2.010952 39.217
