-221704.662   305.869     0.00   26.35
-221328.483   303.456    -6.41   23.88
-220952.304   300.209    -8.63   16.39
-220576.123   297.290    -7.76    7.66
-220199.940   298.257     2.57    8.08
-219823.756   302.002     9.96   12.25
-219447.570   311.848    26.17   22.62
-219071.383   321.113    24.63   29.59
-218695.194   337.905    44.64   33.41
-218319.004   354.919    45.22   31.70
-217942.812   362.037    18.92   29.73
-217566.619   365.848    10.13   31.50
-217190.424   364.317    -4.07   35.75
-216814.228   361.116    -8.51   35.74
-216438.030   368.116    18.61   33.30
-216061.831   372.544    11.77   31.56
-215685.630   383.128    28.13   28.81
-215309.428   394.899    31.29   26.42
-214933.224   411.797    44.91   13.40
-214557.018   421.398    25.52   14.73
-214180.811   437.344    42.39   20.50
-213804.603   459.533    58.98   27.58
-213428.393   480.669    56.18   27.70
-213052.181   501.951    56.57   22.11
-212675.968   510.363    22.36   21.12
-212299.753   508.644    -4.57   30.98
-211923.537   496.826   -31.41   42.78
-211547.320   465.557   -83.11   59.12
-211171.100   421.590  -116.86   65.62
-210794.879   389.169   -86.17   46.50
-210418.657   364.207   -66.35   24.61
-210042.433   357.590   -17.59   20.48
-209666.208   364.644    18.75   24.91
-209289.981   379.307    38.98   40.13
-208913.752   402.519    61.69   52.44
-208537.522   435.027    86.41   53.74
-208161.290   466.211    82.88   51.83
-207785.057   483.452    45.82   42.36
-207408.822   495.723    32.61   46.27
-207032.586   500.587    12.93   51.12
-206656.348   512.142    30.71   47.87
-206280.109   527.966    42.06   39.09
-205903.867   530.169     5.85   32.94
-205527.625   520.642   -25.32   32.96
-205151.381   506.669   -37.14   32.00
-204775.135   495.326   -30.14   31.19
-204398.888   501.181    15.56   32.60
-204022.772   508.405    19.21   29.95
-203646.835   515.474    18.80   22.13
-203270.897   509.822   -15.03   25.03
-202894.957   488.363   -57.08   32.07
-202519.015   464.669   -63.03   37.59
-202143.072   441.515   -61.59   37.28
-201767.127   422.954   -49.37   33.57
-201391.180   431.290    22.17   37.47
-201015.232   441.425    26.96   33.50
-200639.283   431.905   -25.32   41.40
-200263.331   425.169   -17.92   36.30
-199887.379   415.446   -25.86   25.84
-199511.424   408.034   -19.71   18.07
-199135.468   413.540    14.64    9.80
-198759.511   417.533    10.62   17.42
-198383.551   431.641    37.52   30.85
-198007.591   445.721    37.45   33.20
-197631.628   452.027    16.77   32.99
-197255.664   450.474    -4.13   36.73
-196879.699   437.976   -33.24   40.62
-196503.731   419.085   -50.25   39.69
-196127.763   405.063   -37.29   31.10
-195751.792   397.002   -21.44   19.02
-195375.820   401.512    12.00   20.49
-194999.847   429.074    73.31   42.77
-194623.871   453.398    64.70   42.92
-194247.894   460.885    19.91   37.22
-193871.916   461.515     1.68   31.86
-193495.936   447.723   -36.68   23.69
-193119.954   439.720   -21.28   17.05
-192743.971   442.053     6.21   18.70
-192367.986   454.233    32.39   26.85
-191991.999   465.155    29.05   23.98
-191616.011   459.951   -13.84   26.73
-191240.021   449.976   -26.53   33.07
-190864.029   433.724   -43.22   30.62
-190488.036   427.116   -17.57   25.67
-190112.041   423.560    -9.46   23.30
-189736.045   421.560    -5.32   23.62
-189360.047   417.617   -10.49   27.20
-188984.047   411.794   -15.49   28.22
-188608.046   406.976   -12.81   25.91
-188232.043   397.643   -24.82   18.73
-187856.038   389.613   -21.36   15.71
-187480.032   382.771   -18.20   15.85
-187104.024   377.696   -13.50   14.67
-186728.014   376.592    -2.94   15.98
-186352.003   374.745    -4.91   17.14
-185975.990   368.037   -17.84   12.30
-185599.975   369.563     4.06   15.61
-185223.959   375.156    14.87   21.13
-184847.941   385.899    28.57   26.91
-184471.922   397.557    31.00   27.77
-184095.900   394.128    -9.12   28.78
-183719.877   383.398   -28.53   33.83
-183343.853   375.669   -20.56   31.83
-182967.827   363.993   -31.05   20.84
-182591.799   357.698   -16.74   15.54
-182215.769   353.361   -11.53   13.90
-181839.738   349.386   -10.57   12.04
-181463.705   347.335    -5.45    8.94
-181087.670   351.951    12.27   13.49
-180711.634   359.209    19.30   17.83
-180335.596   372.721    35.93   23.30
-179959.557   378.090    14.28   22.25
-179583.515   374.258   -10.19   22.69
-179207.472   369.317   -13.14   25.72
-178831.428   355.011   -38.04   24.46
-178455.381   344.769   -27.24   18.08
-178079.333   337.897   -18.27   15.90
-177703.283   338.236     0.90   18.50
-177327.232   340.560     6.18   21.00
-176951.179   338.074    -6.61   20.02
-176575.124   331.858   -16.53   13.69
-176199.067   333.557     4.52   12.35
-175823.009   349.869    43.37   26.82
-175446.949   365.951    42.76   29.05
-175070.887   372.317    16.93   25.46
-174694.824   367.976   -11.54   28.29
-174318.759   352.511   -41.12   31.36
-173942.692   335.590   -44.99   21.42
-173566.624   322.800   -34.01    9.82
-173190.553   318.412   -11.67    6.31
-172814.481   318.002    -1.09    8.24
-172438.408   319.090     2.89    9.79
-172062.332   317.951    -3.03   10.68
-171686.255   316.269    -4.47   11.46
-171310.176   312.874    -9.03   10.95
-170934.096   307.723   -13.70    7.75
-170558.014   307.290    -1.15    8.00
-170181.930   307.047    -0.65    8.89
-169805.844   306.446    -1.60   10.24
-169429.756   302.874    -9.50    6.02
-169053.667   301.144    -4.60    5.24
-168677.576   302.479     3.55    7.41
-168301.484   301.769    -1.89    8.57
-167925.389   300.616    -3.06    8.29
-167549.293   301.592     2.59    7.73
-167173.195   299.537    -5.46    6.00
-166797.096   300.310     2.05    8.08
-166420.994   300.557     0.66    8.00
-166044.891   298.669    -5.02    7.20
-165668.786   296.771    -5.04    6.19
-165292.680   294.126    -7.03    5.59
-164916.571   294.207     0.22    6.32
-164540.461   293.848    -0.95    6.77
-164164.349   294.141     0.78    8.16
-163788.236   293.696    -1.18    8.54
-163412.120   295.363     4.43    9.37
-163036.003   297.300     5.15    9.95
-162659.884   299.919     6.96    9.90
-162283.764   300.155     0.63   10.15
-161907.641   294.899   -13.97   10.03
-161531.517   291.879    -8.03    8.56
-161155.391   290.853    -2.73    8.01
-160779.264   290.614    -0.63    9.51
-160403.134   289.919    -1.85    8.84
-160027.003   288.939    -2.60    7.67
-159650.870   294.696    15.30   12.41
-159274.735   302.317    20.26   12.88
-158898.598   307.697    14.30   10.59
-158522.460   306.463    -3.28    9.80
-158146.320   300.079   -16.97   11.42
-157770.178   293.640   -17.12   10.92
-157394.034   289.966    -9.77    7.46
-157017.889   292.452     6.61   10.19
-156641.741   296.090     9.67   10.65
-156265.592   300.569    11.91    9.45
-155889.441   298.533    -5.41   10.72
-155513.289   295.247    -8.74   10.53
-155137.134   292.405    -7.56    9.33
-154760.978   287.617   -12.73    9.36
-154384.820   283.993    -9.64    8.53
-154008.660   281.519    -6.58    7.29
-153632.498   278.326    -8.49    4.30
-153256.335   276.723    -4.26    3.71
-152880.170   274.993    -4.60    4.69
-152504.002   273.363    -4.33    4.52
-152127.834   271.848    -4.03    3.37
-151751.663   272.515     1.77    4.42
-151375.490   274.983     6.56    4.83
-150999.316   278.511     9.38    5.25
-150623.140   280.669     5.74    4.16
-150246.962   280.419    -0.66    3.94
-149870.782   281.643     3.25    7.72
-149494.600   282.537     2.38   10.97
-149118.417   282.592     0.15   12.21
-148742.232   281.300    -3.43   13.56
-148366.045   278.769    -6.73   14.07
-147989.856   275.479    -8.74   12.59
-147613.665   273.744    -4.61   12.40
-147237.472   271.310    -6.47   11.93
-146861.278   269.502    -4.81   10.98
-146485.082   268.371    -3.01   10.64
-146108.884   268.128    -0.65   10.95
-145732.684   267.182    -2.51   11.22
-145356.482   263.053   -10.98   11.41
-144980.278   261.297    -4.67   11.07
-144604.073   261.592     0.78   11.97
-144227.866   260.326    -3.36   13.31
-143851.657   257.530    -7.43   12.99
-143475.446   257.566     0.10   11.63
-143099.233   257.642     0.20   10.96
-142723.018   257.695     0.14   11.21
-142346.802   258.221     1.40   11.59
-141970.583   253.181   -13.40   12.93
-141594.363   250.101    -8.19   10.39
-141218.141   251.386     3.42   10.88
-140841.917   253.194     4.80   11.95
-140465.691   257.363    11.08   11.21
-140089.463   260.750     9.00   11.00
-139713.234   261.452     1.87   10.44
-139337.002   262.479     2.73    8.91
-138960.769   262.290    -0.50    8.35
-138584.534   262.326     0.09    9.62
-138208.297   264.544     5.89   10.17
-137832.058   266.458     5.09   10.96
-137455.817   265.614    -2.24   14.49
-137079.575   268.335     7.23   16.82
-136703.330   268.274    -0.16   21.10
-136327.084   262.247   -16.02   23.56
-135950.835   255.290   -18.49   21.98
-135574.585   247.797   -19.92   17.46
-135198.333   242.807   -13.26    6.60
-134822.079   243.540     1.95    6.33
-134445.823   246.369     7.52    6.91
-134069.565   249.521     8.38    7.19
-133693.306   253.290    10.02    8.89
-133317.044   255.885     6.90    9.61
-132940.781   254.020    -4.96    8.99
-132564.515   253.587    -1.15    6.10
-132188.248   254.307     1.91    5.16
-131811.979   255.207     2.39    5.44
-131435.708   252.822    -6.34    9.99
-131059.435   247.405   -14.40   12.12
-130683.160   241.221   -16.44   11.92
-130306.884   234.874   -16.87   10.10
-129930.605   229.951   -13.08    8.99
-129554.324   227.398    -6.78    7.61
-129178.042   228.976     4.19    9.77
-128802.068   231.002     5.39   10.76
-128426.174   232.932     5.13    9.79
-128050.277   229.905    -8.05   12.56
-127674.379   222.419   -19.92   12.06
-127298.479   216.925   -14.61   10.57
-126922.577   211.614   -14.13   11.82
-126546.673   208.290    -8.84   13.49
-126170.767   208.885     1.58   14.82
-125794.859   206.946    -5.16   12.99
-125418.949   205.221    -4.59   13.91
-125043.037   206.617     3.71   18.32
-124667.123   207.614     2.65   22.85
-124291.208   202.874   -12.61   22.60
-123915.290   199.566    -8.80   21.52
-123539.371   202.412     7.57   25.68
-123163.449   205.777     8.95   26.41
-122787.526   211.335    14.79   24.55
-122411.600   212.560     3.26   22.99
-122035.673   208.090   -11.89   17.90
-121659.744   210.506     6.43   20.43
-121283.813   216.606    16.23   22.33
-120907.880   214.130    -6.59   30.05
-120531.945   203.563   -28.11   35.27
-120156.008   182.946   -54.84   41.25
-119780.069   160.899   -58.64   25.87
-119404.128   151.863   -24.04   20.50
-119028.185   148.412    -9.18   20.44
-118652.240   150.104     4.50   24.03
-118276.293   151.182     2.87   25.23
-117900.344   147.642    -9.42   26.92
-117524.394   143.002   -12.34   26.33
-117148.441   135.104   -21.01   21.92
-116772.486   126.506   -22.87   19.00
-116396.530   119.951   -17.44   18.90
-116020.571   110.155   -26.05   20.97
-115644.611    97.912   -32.56   24.44
-115268.648    86.425   -30.55   21.96
-114892.684    79.992   -17.11   19.26
-114516.717    74.515   -14.57   21.39
-114140.749    70.361   -11.05   20.38
-113764.778    66.585   -10.04   19.64
-113388.806    62.720   -10.28   16.58
-113012.832    66.196     9.25   18.73
-112636.855    68.353     5.74   18.02
-112260.877    66.592    -4.68   17.17
-111884.897    67.263     1.79   17.65
-111508.914    62.169   -13.55   14.93
-111132.930    62.899     1.94   17.62
-110756.944    72.394    25.25   23.40
-110380.955    78.912    17.34   20.59
-110004.965    87.310    22.33   20.77
-109628.973    95.063    20.62   17.84
-109252.978    98.506     9.16   17.03
-108876.982   105.777    19.34   15.58
-108500.984   112.502    17.89   17.29
-108124.983   117.566    13.47   18.40
-107748.981   121.344    10.05   12.50
-107372.977   118.209    -8.34   14.42
-106996.970   108.874   -24.83   16.26
-106620.962    95.335   -36.01   14.77
-106244.952    86.090   -24.59   12.93
-105868.939    80.258   -15.51   10.92
-105492.925    77.405    -7.59    9.79
-105116.908    78.641     3.29   11.26
-104740.890    84.590    15.82   15.54
-104364.870    95.369    28.67   16.57
-103988.847   103.113    20.60   10.87
-103612.823   103.130     0.05    9.63
-103236.796   104.195     2.83    7.59
-102860.767   105.533     3.56    7.85
-102484.737   110.912    14.30    9.72
-102108.704   112.419     4.01    9.11
-101732.670   111.412    -2.68    9.39
-101356.633   110.794    -1.65    9.45
-100980.594   110.885     0.24    8.95
-100604.553   113.919     8.07    8.43
-100228.511   115.247     3.53    7.34
 -99852.466   116.721     3.92    7.10
 -99476.419   118.432     4.55    7.71
 -99100.370   120.079     4.38    8.16
 -98724.319   121.946     4.97    6.82
 -98348.266   123.280     3.55    7.03
 -97972.211   125.310     5.40    6.83
 -97596.153   126.354     2.78    6.64
 -97220.094   131.438    13.52   10.29
 -96844.033   137.874    17.11   12.40
 -96467.970   141.641    10.02   12.47
 -96091.904   145.723    10.85   10.92
 -95715.837   150.587    12.94   10.39
 -95339.767   157.694    18.90   11.23
 -94963.696   163.181    14.59   10.66
 -94587.622   166.804     9.63    9.46
 -94211.546   173.361    17.44   11.41
 -93835.469   180.879    19.99   13.03
 -93459.389   192.379    30.58   16.92
 -93083.307   198.371    15.93   15.51
 -92707.223   195.925    -6.50   17.12
 -92331.137   187.405   -22.65   21.73
 -91955.049   173.696   -36.45   16.63
 -91578.958   165.853   -20.86    9.37
 -91202.866   166.307     1.21   10.03
 -90826.772   173.694    19.64   18.31
 -90450.675   186.617    34.36   23.24
 -90074.577   193.316    17.81   21.84
 -89698.476   196.479     8.41   17.01
 -89322.373   197.669     3.16   14.56
 -88946.268   199.506     4.89   16.25
 -88570.161   201.619     5.62   18.12
 -88194.052   200.858    -2.02   18.67
 -87817.941   190.976   -26.27   23.02
 -87441.828   178.181   -34.02   20.32
 -87065.713   165.130   -34.70   21.81
 -86689.595   148.317   -44.70   14.12
 -86313.476   139.925   -22.31   10.36
 -85937.354   135.853   -10.83    9.72
 -85561.230   132.002   -10.24    9.18
 -85185.104   131.885    -0.31   10.57
 -84808.976   136.560    12.43   12.60
 -84432.846   138.695     5.67   10.25
 -84056.714   141.207     6.68    9.91
 -83680.580   142.169     2.56   14.65
 -83304.443   136.669   -14.62   18.25
 -82928.305   126.479   -27.09   21.58
 -82552.164   117.669   -23.42   23.19
 -82176.021   122.156    11.93   26.29
 -81799.876   132.128    26.51   30.70
 -81423.729   142.002    26.25   27.68
 -81047.580   152.156    26.99   17.38
 -80671.429   151.899    -0.68   16.96
 -80295.275   152.452     1.47   12.37
 -79919.120   157.053    12.23   17.23
 -79542.962   158.932     4.99   18.15
 -79166.802   164.224    14.07   18.66
 -78790.640   164.804     1.54   16.12
 -78414.476   174.307    25.26   17.99
 -78038.310   188.371    37.39   21.84
 -77662.141   201.361    34.53   23.42
 -77285.971   214.200    34.13   18.74
 -76909.798   220.951    17.95   17.46
 -76533.623   223.405     6.53   16.80
 -76157.446   224.946     4.10   15.62
 -75781.267   221.079   -10.28   12.66
 -75405.085   222.371     3.44    9.30
 -75028.902   226.592    11.22    8.57
 -74652.716   228.353     4.68    6.11
 -74276.528   226.361    -5.29    7.98
 -73900.338   222.128   -11.25    9.00
 -73524.146   219.899    -5.92    7.45
 -73147.952   237.976    48.05   41.22
 -72771.756   269.057    82.62   57.53
 -72395.557   312.101   114.42   62.96
 -72019.356   360.371   128.31   45.70
 -71643.153   388.128    73.78   23.43
 -71266.948   400.831    33.76   13.34
 -70890.741   404.583     9.97   11.01
 -70514.531   398.344   -16.58   12.09
 -70138.320   396.335    -5.34   14.22
 -69762.106   392.307   -10.71   12.92
 -69385.890   386.822   -14.58   13.01
 -69009.671   384.317    -6.66   13.73
 -68633.451   380.300   -10.68   13.04
 -68257.228   373.116   -19.10   13.97
 -67881.004   364.720   -22.32   15.41
 -67504.777   358.939   -15.37   16.88
 -67128.547   353.774   -13.73   15.79
 -66752.316   345.194   -22.81   14.39
 -66376.083   341.297   -10.36   12.98
 -65999.847   347.290    15.93   18.65
 -65623.609   349.560     6.03   20.24
 -65247.369   359.804    27.22   19.98
 -64871.126   367.263    19.83   13.23
 -64494.882   364.141    -8.30   13.19
 -64118.635   358.419   -15.21   14.61
 -63742.386   353.053   -14.26   12.74
 -63366.135   349.398    -9.71   13.26
 -62989.881   347.438    -5.21   12.28
 -62613.626   350.800     8.94   12.19
 -62237.368   348.669    -5.67   11.65
 -61861.108   347.300    -3.64   12.82
 -61484.846   344.258    -8.08   13.40
 -61108.581   339.057   -13.82   12.41
 -60732.314   338.169    -2.36   12.75
 -60356.046   338.438     0.72   12.03
 -59979.774   340.269     4.87   12.11
 -59603.501   340.258    -0.03   11.16
 -59227.225   335.777   -11.91   10.66
 -58850.948   331.669   -10.92   10.42
 -58474.668   330.641    -2.73    9.80
 -58098.385   332.696     5.46   10.77
 -57722.101   339.284    17.51   11.76
 -57345.814   344.419    13.65   10.53
 -56969.525   349.101    12.44   11.08
 -56593.234   353.569    11.87   12.38
 -56216.940   356.142     6.84   11.18
 -55840.644   359.643     9.30   10.11
 -55464.346   357.912    -4.60   11.04
 -55088.046   354.335    -9.50   12.34
 -54711.744   352.502    -4.87   12.68
 -54335.439   348.128   -11.62   11.64
 -53959.205   348.721     1.58   10.72
 -53583.349   350.497     4.73   12.36
 -53207.490   352.669     5.78   12.03
 -52831.630   357.207    12.07   12.51
 -52455.767   362.224    13.35   13.20
 -52079.902   367.074    12.90   13.44
 -51704.035   374.101    18.70   13.54
 -51328.165   376.405     6.13   11.51
 -50952.293   375.044    -3.62   11.38
 -50576.419   371.696    -8.91   11.83
 -50200.543   369.899    -4.78   10.17
 -49824.664   367.826    -5.51    9.87
 -49448.783   367.011    -2.17    9.18
 -49072.900   370.506     9.30    9.30
 -48697.014   373.394     7.68   10.33
 -48321.127   377.750    11.59   12.44
 -47945.237   381.128     8.99   11.89
 -47569.344   385.290    11.07   12.80
 -47193.450   389.669    11.65   10.88
 -46817.553   392.438     7.37    8.96
 -46441.654   395.515     8.19   10.60
 -46065.752   398.983     9.23   10.79
 -45689.849   405.182    16.49   10.58
 -45313.943   409.993    12.80    8.69
 -44938.034   411.905     5.09    6.81
 -44562.124   411.019    -2.36    7.79
 -44186.211   407.641    -8.98    8.91
 -43810.296   403.511   -10.99    7.94
 -43434.378   401.642    -4.97    8.70
 -43058.459   402.511     2.31   10.40
 -42682.537   402.966     1.21   11.90
 -42306.612   403.169     0.54   11.58
 -41930.686   402.774    -1.05   11.79
 -41554.757   402.209    -1.50   11.02
 -41178.825   398.425   -10.07   10.02
 -40802.892   395.840    -6.88    9.65
 -40426.956   393.258    -6.87    8.81
 -40051.018   390.617    -7.03   10.10
 -39675.077   386.974    -9.69   12.02
 -39299.134   380.011   -18.52   15.37
 -38923.189   373.506   -17.30   14.92
 -38547.242   370.563    -7.83   16.33
 -38171.292   366.744   -10.16   17.09
 -37795.340   364.506    -5.95   16.78
 -37419.386   360.090   -11.75   14.96
 -37043.429   358.432    -4.41   14.31
 -36667.470   359.438     2.68   14.91
 -36291.508   358.804    -1.69   14.43
 -35915.545   352.294   -17.32   17.01
 -35539.579   340.951   -30.17   17.55
 -35163.610   331.939   -23.97   16.71
 -34787.640   321.750   -27.10   13.40
 -34411.667   321.831     0.22   18.58
 -34035.691   320.797    -2.75   20.56
 -33659.713   321.207     1.09   23.38
 -33283.733   325.611    11.71   19.03
 -32907.751   325.721     0.29   20.56
 -32531.766   323.263    -6.54   19.98
 -32155.779   323.780     1.37   22.03
 -31779.790   325.156     3.66   22.80
 -31403.798   328.479     8.84   17.82
 -31027.804   330.412     5.14   12.89
 -30651.807   329.484    -2.47   14.27
 -30275.808   328.344    -3.03   13.75
 -29899.807   327.939    -1.08   13.29
 -29523.803   324.769    -8.43   12.32
 -29147.797   325.592     2.19   11.64
 -28771.789   328.946     8.92   11.36
 -28395.778   330.587     4.36   13.15
 -28019.765   332.425     4.89   14.40
 -27643.750   331.169    -3.34   15.88
 -27267.732   332.694     4.06   16.59
 -26891.712   332.891     0.52   14.22
 -26515.690   337.899    13.32   14.62
 -26139.665   333.247   -12.37   20.19
 -25763.637   320.863   -32.93   23.00
 -25387.608   314.130   -17.91   21.37
 -25011.576   308.361   -15.34   19.48
 -24635.541   302.566   -15.41   22.52
 -24259.505   287.747   -39.41   35.49
 -23883.465   265.540   -59.06   37.26
 -23507.424   240.209   -67.36   26.34
 -23131.380   230.044   -27.03   17.29
 -22755.333   225.894   -11.04   15.07
 -22379.285   227.954     5.48   17.27
 -22003.234   234.344    16.99   20.44
 -21627.180   240.723    16.96   20.11
 -21251.124   246.452    15.24   18.76
 -20875.066   250.984    12.05   19.39
 -20499.005   260.128    24.31   23.00
 -20122.942   266.244    16.26   20.32
 -19746.876   266.207    -0.10   21.59
 -19370.808   263.912    -6.10   18.54
 -18994.738   257.079   -18.17   17.71
 -18618.665   257.617     1.43   18.71
 -18242.590   260.063     6.50   20.67
 -17866.513   265.335    14.02   22.56
 -17490.433   271.284    15.82   20.52
 -17114.350   275.533    11.30   19.38
 -16738.265   282.335    18.09   20.42
 -16362.178   297.412    40.09   28.76
 -15986.088   313.326    42.31   28.32
 -15609.996   327.912    38.78   24.13
 -15233.902   328.614     1.87   33.32
 -14857.805   316.379   -32.53   46.24
 -14481.705   285.566   -81.93   57.05
 -14105.604   258.919   -70.85   46.56
 -13729.499   241.547   -46.19   27.01
 -13353.393   235.463   -16.17   17.98
 -12977.284   234.993    -1.25   17.87
 -12601.172   228.037   -18.49   18.22
 -12225.058   218.774   -24.63   17.19
 -11848.942   206.335   -33.07   20.50
 -11472.823   195.613   -28.51   20.52
 -11096.701   183.515   -32.17   17.23
 -10720.578   168.946   -38.73   12.80
 -10344.452   164.438   -11.99   10.46
  -9968.323   159.027   -14.38   14.85
  -9592.192   149.950   -24.13   18.83
  -9216.058   141.669   -22.02   20.33
  -8839.922   128.804   -34.20   19.45
  -8463.784   120.169   -22.96   19.63
  -8087.643   112.721   -19.80   18.35
  -7711.499   107.020   -15.16   15.39
  -7335.354   102.899   -10.95   12.99
  -6959.205    99.925    -7.91   13.44
  -6583.054    97.853    -5.51   12.19
  -6206.901    97.616    -0.63   10.56
  -5830.746    95.848    -4.70   11.80
  -5454.587    92.771    -8.18   14.74
  -5078.427    78.885   -36.92   26.81
  -4702.264    58.027   -55.45   32.54
  -4326.098    36.835   -56.34   26.24
  -3949.930    25.130   -31.12   11.76
  -3573.759    25.643     1.36   10.29
  -3197.586    29.075     9.12    9.63
  -2821.411    24.566   -11.99   13.49
  -2445.233    17.371   -19.13   14.64
  -2069.052    11.641   -15.23   12.97
  -1692.869     5.284   -16.90    7.99
  -1316.684     1.780    -9.32    3.45
   -940.496     0.720    -2.82    1.00
   -564.305     0.284    -1.16    0.49
   -188.112     0.047    -0.63    0.49
    188.083    -0.203    -0.67    0.34
    564.281    -0.357    -0.41    0.16
    940.481    -0.562    -0.55    0.43
   1316.684    -0.818    -0.68    0.51
   1692.890    -0.819    -0.00    1.65
   2069.098     1.560     6.32    6.23
   2445.308     2.853     3.44    7.20
   2821.521     4.590     4.62    7.57
   3197.737     6.856     6.02    8.41
   3573.955    10.463     9.59   10.75
   3950.175    13.432     7.89    9.43
   4326.398    15.585     5.72    5.77
   4702.624    21.386    15.42    9.80
   5078.852    26.891    14.63   12.28
   5455.082    31.361    11.88   12.02
   5831.315    39.116    20.61   14.06
   6207.551    43.831    12.53   16.06
   6583.789    42.515    -3.50   15.91
   6960.030    41.284    -3.27   15.78
   7336.273    38.566    -7.22   10.70
   7712.519    38.335    -0.61    7.04
   8088.767    43.207    12.95    6.84
   8465.018    49.777    17.46    9.69
   8841.271    63.511    36.50   21.66
   9217.527    83.344    52.71   28.99
   9593.785   105.093    57.80   37.17
   9970.046   133.002    74.17   39.63
  10346.310   155.458    59.68   29.24
  10722.576   162.669    19.16   24.66
  11098.844   162.463    -0.55   24.50
  11475.115   157.141   -14.15   24.79
  11851.389   154.694    -6.50   24.13
  12227.665   155.540     2.25   26.07
  12603.944   164.128    22.82   28.05
  12980.225   168.274    11.02   26.46
  13356.509   164.643    -9.65   26.31
  13732.796   156.494   -21.66   22.36
  14109.085   162.317    15.48   32.12
  14485.376   181.515    51.02   41.01
  14861.671   203.353    58.03   34.10
  15237.967   210.398    18.72   29.06
  15614.267   204.533   -15.59   26.49
  15990.568   189.224   -40.68   23.20
  16366.873   179.438   -26.01   17.60
  16743.180   172.745   -17.78   13.35
  17119.489   165.946   -18.07   11.26
  17495.802   165.899    -0.12   12.27
  17872.116   171.669    15.33   20.86
  18248.434   188.371    44.38   34.27
  18624.753   215.335    71.65   37.76
  19001.076   239.669    64.66   32.72
  19377.401   258.274    49.44   23.64
  19753.729   270.826    33.36   20.61
  20130.059   280.594    25.95   19.18
  20506.392   292.560    31.80    7.91
  20882.727   297.694    13.64    7.55
  21258.784   303.899    16.50    6.82
  21634.598   307.723    10.17    6.54
  22010.415   308.290     1.51    9.29
  22386.234   304.614    -9.78   15.88
  22762.056   300.590   -10.71   19.59
  23137.880   297.284    -8.80   20.68
  23513.707   298.919     4.35   17.75
  23889.537   294.419   -11.97   18.32
  24265.369   283.405   -29.30   21.71
  24641.204   274.446   -23.84   21.17
  25017.041   275.169     1.92   21.09
  25392.881   282.195    18.70   23.68
  25768.724   288.405    16.52   22.26
  26144.569   290.563     5.74   22.37
  26520.417   276.219   -38.17   28.40
  26896.267   261.425   -39.36   28.39
  27272.120   252.669   -23.30   25.75
  27647.976   239.874   -34.04   24.86
  28023.834   228.835   -29.37   27.07
  28399.695   214.777   -37.40   36.25
  28775.559   192.307   -59.78   28.01
  29151.425   175.853   -43.78   21.47
  29527.293   169.094   -17.98   17.88
  29903.165   164.425   -12.42   16.26
  30279.039   156.069   -22.23   11.70
  30654.915   149.826   -16.61   14.21
  31030.795   145.853   -10.57   14.64
  31406.677   150.037    11.13   17.20
  31782.561   160.643    28.22   22.77
  32158.448   173.011    32.90   19.74
  32534.338   175.530     6.70   18.17
  32910.231   167.361   -21.73   23.70
  33286.126   151.474   -42.26   26.72
  33662.023   139.894   -30.81   25.60
  34037.924   132.771   -18.95   24.60
  34413.827   123.613   -24.36   24.37
  34789.732   105.669   -47.74   23.58
  35165.641    89.002   -44.34   18.39
  35541.552    77.438   -30.76   16.97
  35917.465    63.919   -35.96   13.95
  36293.382    53.723   -27.12   15.31
  36669.301    43.719   -26.61   14.06
  37045.222    36.300   -19.73   13.04
  37421.146    32.300   -10.64   11.72
  37797.073    31.966    -0.89   11.28
  38173.003    33.592     4.32    8.77
  38548.935    39.695    16.24   10.59
  38924.870    46.780    18.85    9.46
  39300.808    49.335     6.80    8.95
  39676.748    50.780     3.84   10.51
  40052.691    51.412     1.68   10.36
  40428.636    52.207     2.11   10.19
  40804.585    56.030    10.17   10.40
  41180.536    60.696    12.41   11.32
  41556.489    63.533     7.55   12.78
  41932.446    70.511    18.56   16.16
  42308.405    78.244    20.57   16.43
  42684.366    82.317    10.84   13.60
  43060.331    81.592    -1.93   11.92
  43436.298    79.027    -6.82    9.19
  43812.268    78.011    -2.70    7.03
  44188.240    78.885     2.32    8.74
  44564.215    79.515     1.68    8.36
  44940.193    81.326     4.82    8.66
  45316.174    83.863     6.75    9.08
  45692.157    90.169    16.77   11.15
  46068.143   101.085    29.04   17.55
  46444.131   107.925    18.19   19.29
  46820.123   116.053    21.62   19.10
  47196.117   123.992    21.11   15.98
  47572.113   120.993    -7.98   15.10
  47948.113   114.398   -17.54   14.80
  48324.115   106.101   -22.07   15.04
  48700.120    98.969   -18.97   14.36
  49076.128    96.587    -6.33   11.81
  49452.138    97.848     3.35   12.06
  49828.151   101.771    10.43   12.86
  50204.167   105.694    10.43   12.87
  50580.185   106.371     1.80   13.22
  50956.206   104.284    -5.55   12.85
  51332.230   102.537    -4.65   11.83
  51708.257   103.169     1.68   10.62
  52084.286   104.063     2.38    9.49
  52460.318   108.391    11.51    9.19
  52836.353   110.879     6.62    7.68
  53212.391   112.925     5.44    6.22
  53588.431   115.075     5.72    8.32
  53964.474   112.641    -6.47   11.72
  54340.520   113.020     1.01   14.77
  54716.569   110.939    -5.53   15.32
  55092.620   110.258    -1.81   14.02
  55468.674   108.939    -3.51   11.44
  55844.731   110.438     3.99   10.14
  56220.790   114.104     9.75   10.35
  56596.852   118.669    12.14   13.83
  56972.917   126.506    20.84   20.21
  57348.985   131.094    12.20   23.26
  57725.056   132.826     4.61   18.05
  58101.129   132.835     0.02   13.88
  58477.205   131.587    -3.32    9.29
  58853.284   135.344     9.99   10.56
  59229.365   139.747    11.71   12.92
  59605.450   144.771    13.36   14.01
  59981.537   146.731     5.21   15.27
  60357.627   141.695   -13.39   18.01
  60733.719   138.047    -9.70   17.13
  61109.815   135.669    -6.32   14.33
  61485.913   137.386     4.57   15.02
  61862.014   140.047     7.07   16.15
  62238.117   145.694    15.02   17.04
  62614.224   155.669    26.52   20.77
  62990.333   160.899    13.91   23.41
  63366.445   153.317   -20.16   25.65
  63742.560   147.720   -14.88   25.54
  64118.678   138.274   -25.11   22.58
  64494.798   132.530   -15.27   20.24
  64870.921   127.425   -13.57   19.88
  65247.047   120.452   -18.54   17.54
  65623.176   110.263   -27.09   14.50
  65999.308   104.976   -14.06   15.33
  66375.442   102.575    -6.38   13.75
  66751.579   105.207     7.00   15.58
  67127.719   110.774    14.80   20.63
  67503.862   119.002    21.88   22.16
  67880.007   126.386    19.63   22.08
  68256.156   133.371    18.57   20.65
  68632.307   134.515     3.04   18.80
  69008.461   130.515   -10.63   17.03
  69384.618   128.643    -4.98   14.04
  69760.777   124.274   -11.62    9.64
  70136.940   123.130    -3.04    9.40
  70513.105   121.874    -3.34    8.38
  70889.273   119.946    -5.12    5.16
  71265.444   118.966    -2.61    3.80
  71641.618   119.696     1.94    4.60
  72017.794   121.398     4.53    5.65
  72393.973   123.074     4.45    5.72
  72770.155   124.257     3.14    5.52
  73146.340   124.994     1.96    5.32
  73522.528   124.515    -1.27    5.71
  73898.719   123.419    -2.91    5.96
  74274.912   122.874    -1.45    5.86
  74651.109   121.993    -2.34    6.13
  75027.308   122.002     0.02    5.73
  75403.510   123.274     3.38    7.13
  75779.715   126.951     9.77    9.25
  76155.922   132.344    14.34    8.93
  76532.133   135.258     7.75    7.74
  76908.346   137.444     5.81    8.76
  77284.562   138.983     4.09    9.11
  77660.781   139.939     2.54    8.52
  78037.003   140.993     2.80    6.75
  78413.228   141.020     0.07    4.96
  78789.455   143.614     6.90    7.02
  79165.686   146.954     8.88    9.64
  79541.919   155.394    22.43   14.14
  79918.155   167.489    32.15   18.34
  80294.394   175.020    20.02   16.17
  80670.636   176.207     3.16   14.15
  81046.881   175.993    -0.57   14.09
  81423.129   175.747    -0.65   16.92
  81799.379   174.800    -2.52   18.58
  82175.632   168.899   -15.68   22.16
  82551.889   161.155   -20.58   20.12
  82928.148   157.484    -9.76   18.04
  83304.410   156.994    -1.30   17.88
  83680.674   163.502    17.30   17.19
  84056.942   165.484     5.27   22.46
  84433.213   159.669   -15.46   20.76
  84809.486   156.587    -8.19   21.68
  85185.763   147.831   -23.27   16.91
  85562.042   143.196   -12.32   11.35
  85938.324   138.744   -11.83   11.97
  86314.609   137.181    -4.15   14.23
  86690.897   137.182     0.00   14.93
  87067.188   137.233     0.13   12.46
  87443.481   136.966    -0.71    9.88
  87819.778   137.326     0.96    8.99
  88196.077   139.592     6.02    7.11
  88572.380   141.797     5.86    6.35
  88948.685   143.912     5.62    5.17
  89324.993   144.590     1.80    4.15
  89701.304   144.002    -1.56    4.53
  90077.618   141.831    -5.77    5.37
  90453.935   139.874    -5.20    5.77
  90830.255   136.614    -8.66    5.45
  91206.578   134.182    -6.46    4.78
  91582.903   130.696    -9.26    5.88
  91959.232   128.011    -7.13    6.21
  92335.563   125.310    -7.18    4.90
  92711.898   124.044    -3.36    4.12
  93088.235   123.533    -1.36    4.39
  93464.575   123.769     0.62    5.40
  93840.918   124.958     3.16    7.91
  94217.264   127.694     7.27   10.41
  94593.613   132.976    14.04   13.25
  94969.965   135.458     6.59   12.18
  95346.320   137.307     4.91    9.64
  95722.678   136.669    -1.70    7.72
  96099.039   133.544    -8.30    8.77
  96474.876   128.696   -12.90   10.73
  96850.661   124.412   -11.40   11.02
  97226.449   120.379   -10.73    9.49
  97602.240   118.614    -4.70    8.59
  97978.034   122.344     9.93   10.75
  98353.831   128.939    17.55   14.56
  98729.630   139.310    27.60   17.82
  99105.433   149.794    27.90   15.90
  99481.239   155.425    14.99   16.01
  99857.047   155.344    -0.22   17.44
 100232.859   154.405    -2.50   17.32
 100608.673   154.616     0.56   17.26
 100984.491   154.063    -1.47   20.10
 101360.311   157.869    10.13   23.68
 101736.135   159.196     3.53   26.78
 102111.961   155.984    -8.55   31.04
 102487.790   148.797   -19.13   30.01
 102863.622   134.419   -38.26   26.00
 103239.458   126.745   -20.42   19.76
 103615.296   121.925   -12.83   16.97
 103991.137   116.101   -15.50   13.84
 104366.981   117.398     3.45   15.26
 104742.828   119.236     4.89   14.38
 105118.678   117.925    -3.49   10.38
 105494.531   117.449    -1.27    9.34
 105870.387   115.182    -6.03    8.32
 106246.246   110.519   -12.41    9.42
 106622.108   104.905   -14.93    8.58
 106997.972   102.326    -6.86    7.23
 107373.840   101.831    -1.32    6.74
 107749.711   102.969     3.03    6.66
 108125.585   103.966     2.65    5.69
 108501.462   104.290     0.86    5.37
 108877.341   103.221    -2.84    5.76
 109253.224   101.057    -5.76    5.18
 109629.110    98.797    -6.01    5.19
 110004.999    96.489    -6.14    6.16
 110380.890    93.030    -9.20    7.89
 110756.785    89.696    -8.87    8.51
 111132.683    87.506    -5.82    8.44
 111508.583    83.822    -9.80    8.11
 111884.487    80.644    -8.46    7.05
 112260.394    77.263    -8.99    5.44
 112636.303    74.643    -6.97    4.19
 113012.216    73.221    -3.78    3.65
 113388.132    72.063    -3.08    3.37
 113764.050    71.263    -2.13    3.77
 114139.972    69.644    -4.31    3.83
 114515.897    69.128    -1.37    3.95
 114891.825    70.317     3.16    7.28
 115267.755    73.563     8.64   11.53
 115643.689    78.919    14.25   12.23
 116019.626    82.797    10.32   12.27
 116395.566    85.771     7.91   12.66
 116771.508    85.002    -2.05   13.85
 117147.454    83.074    -5.13   15.24
 117523.403    83.939     2.30   18.31
 117899.355    80.747    -8.49   18.38
 118275.310    78.844    -5.06   19.87
 118651.268    74.047   -12.76   20.31
 119027.229    63.771   -27.33   19.07
 119403.193    55.879   -20.99   17.99
 119779.160    49.800   -16.17   11.59
 120155.130    49.155    -1.72   10.03
 120531.103    51.369     5.89   11.71
 120907.079    55.063     9.83   12.29
 121283.058    57.858     7.43   14.26
 121659.041    64.587    17.90   18.80
 122035.026    69.326    12.60   20.20
 122411.014    73.361    10.73   21.50
 122787.006    76.412     8.12   19.30
 123163.000    76.240    -0.46   14.40
 123538.998    78.939     7.18   13.41
 123914.998    82.750    10.14   11.36
 124291.002    86.879    10.98   11.86
 124667.008    92.919    16.06   14.16
 125043.018    97.290    11.63   16.04
 125419.031   104.405    18.92   20.70
 125795.047   110.853    17.15   25.28
 126171.066   109.976    -2.33   23.07
 126547.088   104.723   -13.97   20.27
 126923.113    96.619   -21.55   16.20
 127299.141    88.011   -22.89   11.23
 127675.172    83.452   -12.12    9.67
 128051.206    81.533    -5.10    7.78
 128427.243    82.419     2.35    7.43
 128803.284    83.925     4.01    6.50
 129179.327    85.207     3.41    5.52
 129555.374    83.891    -3.50    4.09
 129931.424    84.371     1.28    3.49
 130307.476    85.344     2.59    4.55
 130683.532    87.263     5.10    4.92
 131059.591    90.094     7.53    5.80
 131435.653    92.047     5.19    5.31
 131811.718    90.721    -3.53    6.36
 132187.786    89.169    -4.13    6.73
 132563.858    88.515    -1.74    6.66
 132939.932    87.587    -2.47    7.01
 133316.009    90.869     8.72    8.22
 133692.090    92.879     5.35    7.86
 134068.174    95.557     7.12    7.84
 134444.260    95.912     0.94    5.57
 134820.350    96.641     1.94    5.47
 135196.443    96.310    -0.88    5.58
 135572.539    97.592     3.41    5.38
 135948.639    99.183     4.23    4.47
 136324.741   101.090     5.07    5.69
 136700.846   101.155     0.17    5.71
 137076.955    99.912    -3.31    5.71
 137453.066    98.644    -3.37    3.82
 137829.181    98.912     0.71    4.09
 138205.299   100.310     3.72    4.46
 138581.420   102.747     6.48    5.27
 138957.544   105.002     5.99    5.66
 139333.672   107.452     6.52    4.82
 139709.802   108.961     4.01    4.29
 140085.936   111.027     5.49    5.58
 140462.072   114.946    10.42    6.67
 140838.212   118.669     9.90    7.79
 141214.355   122.290     9.63    8.02
 141590.501   124.745     6.53    8.12
 141966.650   127.566     7.50    8.35
 142342.803   128.840     3.39    7.35
 142718.958   130.899     5.47    9.18
 143095.117   133.958     8.13   10.49
 143471.279   138.398    11.80   12.23
 143847.444   144.976    17.49   12.29
 144223.612   148.695     9.89   14.75
 144599.783   152.386     9.81   12.54
 144975.957   150.563    -4.85   13.49
 145352.135   145.194   -14.27   14.84
 145728.315   136.885   -22.09   12.81
 146104.499   129.669   -19.18   12.03
 146480.686   126.515    -8.38   10.02
 146856.877   127.752     3.29   11.53
 147233.070   129.939     5.81   11.41
 147609.266   134.777    12.86   12.34
 147985.466   135.723     2.51   12.08
 148361.669   136.104     1.02   11.65
 148737.875   138.354     5.98   11.24
 149114.084   138.745     1.04    9.09
 149490.296   140.511     4.69    9.68
 149866.512   146.280    15.33   12.71
 150242.731   151.540    13.98   12.37
 150618.953   152.263     1.92   12.67
 150995.178   149.181    -8.19   12.88
 151371.406   143.771   -14.38   10.91
 151747.637   139.156   -12.27    8.90
 152123.872   134.932   -11.23    8.55
 152500.110   132.104    -7.51    6.42
 152876.351   131.258    -2.25    4.43
 153252.595   134.669     9.06    7.16
 153628.843   140.533    15.59    9.53
 154005.093   145.182    12.36    8.42
 154381.347   147.020     4.88    9.92
 154757.604   152.284    13.99   15.07
 155133.864   154.583     6.11   15.80
 155510.127   157.394     7.47   14.30
 155886.394   159.695     6.12   13.06
 156262.664   161.641     5.17   13.99
 156638.937   162.669     2.73   15.73
 157015.213   164.614     5.17   17.09
 157391.493   161.976    -7.01   18.57
 157767.775   156.326   -15.02   17.38
 158144.061   148.899   -19.74   12.59
 158520.350   145.209    -9.81   10.13
 158896.642   142.258    -7.84   10.36
 159272.938   137.569   -12.46   10.07
 159649.237   132.780   -12.73    8.49
 160025.539   130.587    -5.83    7.03
 160401.844   130.371    -0.57    6.51
 160778.152   131.614     3.30    6.71
 161154.464   133.398     4.74    6.92
 161530.779   134.754     3.60    7.25
 161907.097   139.544    12.73    9.99
 162283.418   143.540    10.62   10.83
 162659.743   147.587    10.75    9.45
 163036.071   152.694    13.57    8.79
 163412.402   156.723    10.70    9.37
 163788.736   162.438    15.19   11.31
 164165.074   170.932    22.57   10.40
 164541.414   178.643    20.49    9.37
 164917.758   184.804    16.37    7.75
 165294.106   188.822    10.68    6.62
 165670.456   191.494     7.10    5.88
 166046.810   192.585     2.90    5.06
 166423.167   193.560     2.59    3.98
 166799.527   194.209     1.72    2.72
 167175.891   193.831    -1.01    3.65
 167552.258   191.587    -5.96    6.99
 167928.628   187.783   -10.11    8.73
 168305.001   182.844   -13.12    9.08
 168681.378   179.694    -8.37    8.44
 169057.758   179.452    -0.64    9.12
 169434.141   181.412     5.21   10.57
 169810.527   186.391    13.23    9.20
 170186.917   188.932     6.75    8.50
 170563.310   193.432    11.96    8.56
 170939.706   196.438     7.99   10.43
 171315.916   199.804     8.95   13.04
 171691.657   202.181     6.33   12.04
 172067.401   205.108     7.79   10.40
 172443.148   209.474    11.62    7.95
 172818.898   211.958     6.61    9.64
 173194.652   211.723    -0.63   12.27
 173570.409   209.317    -6.40   16.62
 173946.169   203.155   -16.40   16.67
 174321.933   204.391     3.29   25.42
 174697.700   214.044    25.69   33.96
 175073.470   221.694    20.36   34.52
 175449.243   228.182    17.27   32.17
 175825.020   221.438   -17.95   30.49
 176200.800   212.774   -23.06   28.05
 176576.583   201.853   -29.06   27.74
 176952.370   185.826   -42.65   15.09
 177328.160   178.617   -19.18    8.89
 177703.953   174.074   -12.09    7.11
 178079.749   171.958    -5.63    5.44
 178455.549   171.519    -1.17    4.87
 178831.352   171.169    -0.93    4.89
 179207.158   169.984    -3.15    4.83
 179582.968   170.101     0.31    5.20
 179958.781   170.344     0.65    5.16
 180334.597   171.696     3.60    5.82
 180710.417   173.835     5.69    6.27
 181086.240   177.394     9.47    6.57
 181462.066   179.951     6.80    5.54
 181837.895   180.263     0.83    5.54
 182213.728   179.720    -1.45    6.64
 182589.564   178.905    -2.17    6.12
 182965.404   180.616     4.55    6.10
 183341.247   180.774     0.42    4.64
 183717.093   181.643     2.31    4.63
 184092.942   181.182    -1.23    5.16
 184468.795   180.169    -2.70    4.96
 184844.651   178.694    -3.92    3.98
 185220.511   178.840     0.39    4.11
 185596.373   178.142    -1.86    3.99
 185972.239   177.723    -1.12    3.81
 186348.109   177.263    -1.22    3.45
 186723.982   177.020    -0.65    2.65
 187099.858   176.919    -0.27    2.74
 187475.737   178.119     3.19    5.12
 187851.620   179.976     4.94    5.92
 188227.506   180.831     2.27    5.99
 188603.396   182.284     3.87    5.90
 188979.288   182.432     0.39    4.78
 189355.185   183.335     2.40    5.41
 189731.084   183.484     0.40    5.18
 190106.987   184.027     1.45    4.70
 190482.893   185.614     4.22    5.17
 190858.803   187.142     4.06    4.92
 191234.716   188.644     3.99    4.67
 191610.632   190.154     4.02    4.51
 191986.552   193.156     7.98    7.75
 192362.475   195.209     5.46    7.88
 192738.401   195.777     1.51    7.30
 193114.331   195.074    -1.87    6.33
 193490.264   193.307    -4.70    5.89
 193866.201   191.319    -5.29    6.15
 194242.141   192.669     3.59    6.13
 194618.084   195.642     7.91    8.25
 194994.031   201.130    14.60    9.47
 195369.981   208.104    18.55    9.38
 195745.934   215.130    18.69    9.58
 196121.891   219.826    12.49    8.37
 196497.851   224.720    13.02    8.43
 196873.814   229.280    12.13   10.02
 197249.781   232.932     9.71   10.81
 197625.752   235.919     7.94    9.34
 198001.725   236.269     0.93    8.47
 198377.703   232.592    -9.78    9.67
 198753.683   225.858   -17.91    7.77
 199129.667   220.858   -13.30    7.89
 199505.654   217.317    -9.42    6.22
 199881.645   217.085    -0.62    5.47
 200257.639   219.104     5.37    5.70
 200633.637   223.144    10.74    7.28
 201009.638   227.642    11.97    8.14
 201385.642   234.002    16.91    8.84
 201761.650   239.258    13.98    8.73
 202137.661   243.335    10.84   10.15
 202513.675   249.641    16.77   13.43
 202889.693   255.720    16.17   16.39
 203265.715   264.252    22.69   17.49
 203641.740   270.826    17.49   16.12
 204017.768   278.258    19.77   15.96
 204393.799   290.926    33.69   16.94
 204769.835   305.540    38.87   22.93
 205145.873   329.371    63.38   34.82
 205521.915   360.344    82.37   43.41
 205897.960   383.750    62.24   36.05
 206274.009   385.863     5.62   33.18
 206650.061   374.515   -30.18   34.65
 207026.117   355.944   -49.39   36.31
 207402.176   331.405   -65.25   26.32
 207778.239   319.069   -32.81   25.27
 208154.305   316.643    -6.45   34.41
 208530.374   313.181    -9.20   35.14
 208906.447   321.939    23.29   41.58
 209282.523   333.771    31.46   51.64
 209658.603   383.419   132.02   85.07
 210034.686   436.853   142.09   81.98
 210410.773   453.566    44.44   65.35
 210786.863   439.169   -38.28   69.92
 211162.956   388.181  -135.58   67.32
 211539.053   335.966  -138.84   43.71
 211915.154   307.696   -75.17   39.98
 212291.258   277.723   -79.70   33.20
 212667.365   256.252   -57.09   24.40
 213043.476   242.771   -35.84   18.01
 213419.590   234.219   -22.74   11.27
 213795.708   227.209   -18.64    9.19
 214171.829   225.519    -4.49    9.41
 214547.954   223.156    -6.28    8.42
 214924.082   230.053    18.34   19.53
 215300.214   238.537    22.56   22.71
 215676.349   244.181    15.01   19.37
 216052.488   245.724     4.10   19.33
 216428.630   232.853   -34.22   19.42
 216804.775   218.335   -38.60   14.04
 217180.924   208.583   -25.93    8.72
 217557.077   205.925    -7.07    6.08
 217933.233   204.511    -3.76    5.08
 218309.392   203.101    -3.75    4.02
 218685.555   200.912    -5.82    4.60
 219061.722   198.669    -5.96    4.92
 219437.892   196.130    -6.75    4.27
 219814.065   195.254    -2.33    3.99
 220190.242   195.263     0.02    4.16
 220566.423   195.344     0.21    5.51
 220942.607   195.247    -0.26    6.00
 221318.794   195.617     0.98    6.39
 221694.985   194.905    -1.89    5.84
 222071.180   195.104     0.53    5.34
 222447.378   194.966    -0.37    6.12
 222823.579   194.037    -2.47    6.28
 223199.784   196.079     5.43    9.23
 223575.993   199.726     9.69   11.55
 223952.205   202.053     6.19   11.77
 224328.420   201.386    -1.77    9.73
 224704.639   197.777    -9.60    8.60
 225080.862   193.344   -11.78    7.85
 225457.088   192.141    -3.20    7.44
 225833.318   190.643    -3.98    5.97
 226209.551   191.571     2.47    7.22
 226585.788   193.128     4.14    9.25
 226962.028   192.569    -1.49   10.80
 227338.272   194.221     4.39   12.10
 227714.519   194.720     1.33   11.65
 228090.770   200.560    15.52   12.65
 228467.024   204.769    11.18   10.72
 228843.282   215.506    28.54   15.07
 229219.543   225.939    27.73   17.15
 229595.808   227.874     5.14   16.15
 229972.077   228.269     1.05   17.23
 230348.349   217.694   -28.10   20.10
 230724.624   203.771   -37.00   18.19
 231100.904   195.290   -22.54   18.20
 231477.186   184.425   -28.88   11.87
 231853.473   180.641   -10.06   11.64
 232229.762   179.117    -4.05   13.08
