-340784.985    83.148     0.00    9.31
-340408.804    80.193    -7.85    8.98
-340032.623    74.468   -15.22    9.11
-339656.443    69.901   -12.14    8.02
-339280.263    67.186    -7.22    6.95
-338904.084    68.657     3.91    7.80
-338527.905    73.269    12.26    9.07
-338151.727    75.946     7.12    8.62
-337775.550    79.938    10.61    7.27
-337399.372    82.522     6.87    7.19
-337023.196    82.709     0.50    8.38
-336647.020    81.374    -3.55    9.08
-336270.844    80.861    -1.36    8.75
-335894.669    78.928    -5.14    7.86
-335518.494    81.707     7.39    7.25
-335142.320    83.468     4.68    5.43
-334766.146    84.315     2.25    7.06
-334389.973    84.815     1.33    8.42
-334013.800    81.443    -8.96   11.13
-333637.628    81.092    -0.93   10.63
-333261.456    80.393    -1.86   10.14
-332885.285    80.686     0.78    9.11
-332509.114    82.144     3.88    7.81
-332132.944    80.769    -3.65    7.44
-331756.774    80.209    -1.49    6.41
-331380.605    80.323     0.30    6.46
-331004.436    78.684    -4.36    6.70
-330628.267    76.051    -7.00    6.70
-330252.100    76.425     0.99    7.38
-329875.932    73.323    -8.25    8.31
-329499.765    73.441     0.32    9.17
-329123.599    73.682     0.64   10.53
-328747.433    73.117    -1.50   10.48
-328371.267    69.603    -9.34   11.88
-327995.102    67.847    -4.67   11.24
-327618.937    68.459     1.63    9.03
-327242.773    69.835     3.66    7.20
-326866.609    72.451     6.95    6.49
-326490.446    71.880    -1.52    6.81
-326114.283    68.630    -8.64    9.36
-325738.121    67.936    -1.85   10.06
-325361.959    67.709    -0.60    9.47
-324985.797    66.784    -2.46    8.65
-324609.636    66.819     0.09    7.56
-324233.475    63.288    -9.39    6.93
-323857.315    60.604    -7.14    6.54
-323481.155    59.080    -4.05    7.74
-323104.996    56.955    -5.65    8.01
-322728.837    54.630    -6.18    8.13
-322352.679    52.502    -5.66    6.41
-321976.521    51.214    -3.43    6.04
-321600.363    48.955    -6.01    6.42
-321224.206    47.853    -2.93    6.45
-320848.050    47.551    -0.80    6.14
-320471.893    47.880     0.87    7.01
-320095.737    51.075     8.49    8.09
-319719.582    55.230    11.05    9.02
-319343.427    57.603     6.31    8.80
-318967.272    57.928     0.86    8.45
-318591.118    52.288   -14.99   12.02
-318214.965    43.810   -22.54   10.67
-317838.811    38.025   -15.38    7.27
-317462.658    34.575    -9.17    2.97
-317086.506    36.835     6.01    5.92
-316710.354    42.353    14.67   11.61
-316334.202    48.155    15.43   13.84
-315958.051    54.169    15.99   11.96
-315581.900    56.047     4.99   11.27
-315205.750    53.847    -5.85   13.12
-314829.599    47.874   -15.88   11.12
-314453.450    50.893     8.03   11.39
-314077.301    58.348    19.82   11.13
-313701.152    62.333    10.59   11.32
-313325.003    67.080    12.62    8.10
-312948.855    67.092     0.03   10.43
-312572.707    62.157   -13.12   12.61
-312196.560    57.657   -11.96   13.91
-311820.413    52.246   -14.39   13.33
-311444.267    46.605   -15.00   11.97
-311068.121    44.075    -6.73   10.92
-310691.975    40.861    -8.54   11.10
-310315.830    34.380   -17.23   12.98
-309939.685    28.841   -14.73   11.91
-309563.540    24.117   -12.56    7.91
-309187.396    21.630    -6.61    3.75
-308811.252    21.765     0.36    3.53
-308435.108    20.841    -2.46    3.90
-308058.965    18.955    -5.01    5.61
-307682.823    16.246    -7.20    6.22
-307306.680    14.765    -3.94    6.07
-306930.538    14.938     0.46    5.65
-306554.397    14.733    -0.55    5.32
-306178.255    14.835     0.27    4.72
-305802.114    14.279    -1.48    4.50
-305425.974    15.425     3.05    4.72
-305049.834    17.420     5.30    4.63
-304673.694    18.964     4.10    4.55
-304297.554    19.765     2.13    2.88
-303921.415    18.387    -3.66    2.90
-303545.277    17.198    -3.16    2.60
-303169.138    15.630    -4.17    2.56
-302793.000    14.443    -3.16    2.19
-302416.862    13.630    -2.16    1.73
-302040.725    12.938    -1.84    1.08
-301664.588    13.353     1.10    1.34
-301288.451    15.323     5.24    3.19
-300912.315    17.090     4.70    3.75
-300536.179    17.887     2.12    3.79
-300160.043    18.815     2.47    3.85
-299783.908    19.972     3.08    4.75
-299407.773    22.792     7.50    6.01
-299031.638    25.989     8.50    5.16
-298655.504    28.066     5.52    5.11
-298279.370    28.130     0.17    6.34
-297903.236    27.630    -1.33    7.67
-297527.103    27.333    -0.79    7.99
-297150.970    29.657     6.18    9.70
-296774.837    35.522    15.59   10.14
-296398.705    37.866     6.23    9.75
-296022.573    41.780    10.41    8.04
-295646.441    44.912     8.33    8.48
-295270.309    45.686     2.06    9.40
-294894.178    47.528     4.90    8.53
-294518.047    47.765     0.63    8.64
-294141.917    49.867     5.59    6.42
-293765.787    47.525    -6.23    6.78
-293389.657    49.092     4.17    6.58
-293013.527    50.144     2.80    7.27
-292637.398    50.920     2.06    7.18
-292261.269    54.330     9.07    7.65
-291885.140    56.686     6.26    6.34
-291509.012    56.315    -0.99    7.25
-291132.884    57.576     3.35    8.08
-290756.756    55.144    -6.47    9.28
-290380.628    53.657    -3.95   10.02
-290004.501    55.741     5.54   10.23
-289628.374    58.015     6.04    9.87
-289252.248    61.297     8.73    7.23
-288876.121    60.908    -1.03    6.94
-288499.995    58.528    -6.33    8.19
-288123.869    54.051   -11.90    9.45
-287747.744    51.323    -7.25    8.81
-287371.619    46.946   -11.64    9.89
-286995.494    44.169    -7.38    9.40
-286619.369    45.769     4.26   10.96
-286243.245    49.495     9.91   13.94
-285867.120    55.143    15.02   11.97
-285490.997    59.916    12.69    8.35
-285114.873    55.605   -11.46   10.98
-284738.750    49.733   -15.61   10.35
-284362.627    46.991    -7.29   10.59
-283986.504    46.468    -1.39    9.71
-283610.381    49.380     7.74   11.10
-283234.259    48.709    -1.78   11.11
-282858.137    51.180     6.57   10.50
-282482.015    52.901     4.57   10.94
-282105.894    56.194     8.76   11.06
-281729.773    58.104     5.08   10.24
-281353.652    60.025     5.11   10.35
-280977.531    63.117     8.22    9.32
-280601.411    62.855    -0.70    9.24
-280225.290    62.090    -2.04    9.50
-279849.170    59.090    -7.98   10.45
-279473.051    57.063    -5.39   10.45
-279096.931    55.630    -3.81    9.56
-278720.812    57.143     4.02    9.30
-278344.693    60.425     8.73    8.68
-277968.574    63.186     7.34    6.86
-277592.455    65.387     5.85    5.61
-277216.337    66.144     2.01    4.89
-276840.219    64.262    -5.00    6.77
-276464.101    59.655   -12.25    8.38
-276087.984    54.063   -14.87    7.54
-275711.866    50.551    -9.34    5.33
-275335.749    49.446    -2.94    5.67
-274959.632    52.861     9.08    9.74
-274583.515    60.036    19.08   13.35
-274207.399    67.015    18.56   12.07
-273831.283    73.605    17.52    6.22
-273455.167    73.144    -1.23    6.12
-273079.051    67.982   -13.72    7.75
-272702.935    59.765   -21.85   10.82
-272326.820    56.288    -9.25    9.51
-271950.705    55.835    -1.20    9.06
-271574.590    55.059    -2.06    9.13
-271198.475    56.810     4.66    8.82
-270822.360    55.867    -2.51    9.63
-270446.230    55.186    -1.81    9.72
-270070.074    57.041     4.93    9.51
-269693.918    59.762     7.23    8.06
-269317.763    60.656     2.38    7.58
-268941.608    61.468     2.16    7.77
-268565.453    61.117    -0.93    7.89
-268189.298    61.241     0.33    9.40
-267813.144    59.755    -3.95   10.13
-267436.989    56.553    -8.51   13.04
-267060.835    50.916   -14.99   13.18
-266684.681    46.603   -11.47   12.28
-266308.527    42.225   -11.64    9.09
-265932.374    39.306    -7.76    7.59
-265556.220    35.288   -10.68    8.07
-265180.067    33.964    -3.52    7.95
-264803.914    32.830    -3.01    7.69
-264427.761    33.209     1.01    9.49
-264051.608    31.955    -3.34   10.14
-263675.455    30.579    -3.66    9.63
-263299.303    27.788    -7.42    6.34
-262923.151    25.867    -5.11    2.54
-262546.999    26.297     1.14    1.79
-262170.847    25.835    -1.23    1.88
-261794.695    25.103    -1.95    2.02
-261418.543    24.092    -2.69    2.33
-261042.392    23.348    -1.98    2.44
-260666.241    21.849    -3.99    3.03
-260290.090    21.522    -0.87    2.96
-259913.939    20.819    -1.87    2.88
-259537.788    20.171    -1.72    2.88
-259161.637    20.288     0.31    3.87
-258785.487    20.441     0.41    5.02
-258409.337    21.553     2.96    4.50
-258033.186    20.451    -2.93    6.10
-257657.036    16.999    -9.18    7.37
-257280.887    15.736    -3.36    6.20
-256904.737    15.553    -0.48    5.35
-256528.587    17.810     6.00    4.94
-256152.438    20.468     7.07    2.70
-255776.288    21.400     2.48    2.25
-255400.139    21.825     1.13    2.11
-255023.990    21.446    -1.01    2.59
-254647.841    21.271    -0.46    2.48
-254271.693    20.662    -1.62    2.28
-253895.544    20.502    -0.42    2.25
-253519.395    20.393    -0.29    2.50
-253143.247    20.738     0.92    2.93
-252767.099    20.502    -0.63    2.74
-252390.951    20.964     1.23    2.45
-252014.803    21.041     0.20    2.31
-251638.655    21.367     0.87    2.23
-251262.507    22.225     2.28    2.05
-250886.359    22.605     1.01    2.01
-250510.212    22.912     0.82    1.79
-250134.064    23.374     1.23    1.86
-249757.917    23.353    -0.06    1.83
-249381.770    23.683     0.88    1.68
-249005.623    24.279     1.58    1.78
-248629.476    24.819     1.44    1.75
-248253.329    25.063     0.65    1.94
-247877.182    25.287     0.60    2.31
-247501.035    25.374     0.23    2.44
-247124.889    24.759    -1.64    3.77
-246748.742    23.297    -3.89    4.70
-246372.596    21.835    -3.89    4.97
-245996.449    21.158    -1.80    4.33
-245620.303    22.157     2.65    4.54
-245244.157    24.169     5.35    5.99
-244868.011    27.117     7.84    6.30
-244491.865    31.522    11.71    6.08
-244115.719    33.656     5.67    6.44
-243739.574    36.805     8.37    7.84
-243363.428    42.414    14.91    9.29
-242987.282    47.117    12.50    8.18
-242611.137    51.171    10.78    7.42
-242234.991    53.198     5.39    6.46
-241858.846    51.901    -3.45    7.91
-241482.701    48.916    -7.93    8.24
-241106.555    44.815   -10.90    8.90
-240730.410    44.455    -0.95    9.05
-240354.265    45.297     2.24    7.64
-239978.120    44.297    -2.66    6.86
-239601.975    42.499    -4.78    7.84
-239225.830    41.315    -3.15    8.59
-238849.686    35.246   -16.13   10.75
-238473.541    31.736    -9.33    9.68
-238097.396    27.547   -11.14    8.07
-237721.252    24.893    -7.05    4.44
-237345.107    24.955     0.16    2.59
-236968.962    26.130     3.12    2.57
-236592.818    27.092     2.56    3.02
-236216.674    28.315     3.25    4.19
-235840.529    31.090     7.38    6.88
-235464.385    35.171    10.85    8.69
-235088.241    36.819     4.38    9.34
-234712.096    38.066     3.31    9.79
-234335.952    38.502     1.16    8.64
-233959.808    38.711     0.56    7.85
-233583.664    40.656     5.17    7.93
-233207.520    43.893     8.61    5.04
-232831.376    42.999    -2.38    5.70
-232455.232    39.198   -10.10    7.49
-232079.088    34.989   -11.19    6.36
-231702.944    35.736     1.98    6.97
-231326.800    39.908    11.09    9.35
-230950.656    46.920    18.64    9.18
-230574.512    52.380    14.52    6.79
-230198.369    53.194     2.16    5.59
-229822.225    50.528    -7.09    7.44
-229446.081    46.230   -11.42    9.13
-229069.937    42.306   -10.43    7.19
-228693.794    40.387    -5.10    5.54
-228317.650    40.306    -0.22    5.01
-227941.506    42.880     6.84    4.85
-227565.362    43.819     2.50    5.26
-227189.219    42.041    -4.73    7.26
-226813.075    40.066    -5.25    7.07
-226436.931    40.271     0.55    6.91
-226060.788    42.414     5.70    8.74
-225684.644    46.938    12.03    9.47
-225308.500    51.446    11.99   10.01
-224932.357    54.075     6.99   10.36
-224556.213    55.171     2.91    9.79
-224180.070    56.908     4.62    8.00
-223803.926    57.709     2.13    6.31
-223427.782    56.400    -3.48    5.36
-223051.639    53.880    -6.70    6.59
-222675.495    49.946   -10.46    7.84
-222299.351    46.225    -9.89    7.86
-221923.207    43.186    -8.08    7.17
-221547.064    42.348    -2.23    6.41
-221170.920    43.576     3.26    6.81
-220794.776    46.374     7.44    7.85
-220418.632    49.015     7.02    7.29
-220042.489    48.972    -0.11    7.17
-219666.345    48.522    -1.20    6.84
-219290.201    47.867    -1.74    6.10
-218914.057    50.194     6.19    7.15
-218537.913    50.741     1.45    6.72
-218161.769    50.252    -1.30    7.48
-217785.625    46.522    -9.92    9.00
-217409.481    43.468    -8.12    7.44
-217033.337    41.982    -3.95    6.29
-216657.193    43.887     5.07    6.74
-216281.049    47.655    10.02    6.86
-215904.905    50.025     6.30    7.56
-215528.761    50.603     1.54    8.14
-215152.617    50.733     0.35    8.54
-214776.473    51.630     2.39    7.92
-214400.328    51.025    -1.61    7.24
-214024.184    50.920    -0.28    6.72
-213648.039    53.425     6.66    8.38
-213271.895    58.684    13.98    9.83
-212895.751    63.341    12.38    9.35
-212519.606    68.605    14.00    7.23
-212143.461    73.316    12.52    4.83
-211767.317    73.603     0.76    4.88
-211391.172    68.495   -13.58   10.14
-211015.027    62.252   -16.60   10.35
-210638.882    57.792   -11.86    8.07
-210262.737    59.297     4.00    9.56
-209886.592    66.759    19.84   11.02
-209510.447    71.630    12.95    9.15
-209134.302    74.847     8.55    7.18
-208758.157    72.762    -5.54    9.26
-208382.012    70.051    -7.21    9.66
-208005.866    71.656     4.27    8.76
-207629.721    72.792     3.02    8.31
-207253.576    73.887     2.91    7.53
-206877.430    76.214     6.19    6.13
-206501.284    77.762     4.12    7.21
-206125.139    78.815     2.80    8.22
-205748.993    79.787     2.58    8.32
-205372.847    77.451    -6.21    9.49
-204996.701    76.198    -3.33    9.50
-204620.555    74.964    -3.28    9.02
-204244.409    73.117    -4.91    9.16
-203868.262    71.686    -3.80    9.66
-203492.116    71.262    -1.13    8.64
-203115.970    70.255    -2.68    7.58
-202739.823    69.684    -1.52    5.83
-202363.676    68.143    -4.10    5.32
-201987.530    67.374    -2.05    5.06
-201611.383    66.400    -2.59    5.34
-201235.236    64.495    -5.06    5.63
-200859.089    64.041    -1.21    5.83
-200482.941    65.955     5.09    6.46
-200106.794    66.982     2.73    7.25
-199730.647    68.792     4.81    6.53
-199354.499    68.454    -0.90    5.74
-198978.352    67.989    -1.24    5.76
-198602.204    67.861    -0.34    5.24
-198226.056    66.214    -4.38    5.42
-197849.908    64.683    -4.07    5.69
-197473.760    63.575    -2.95    5.25
-197097.612    64.104     1.41    5.02
-196721.463    64.400     0.79    4.70
-196345.315    62.414    -5.28    5.68
-195969.166    59.499    -7.75    5.96
-195593.018    56.657    -7.56    5.44
-195216.886    54.425    -5.93    4.93
-194840.760    52.928    -3.98    4.86
-194464.634    51.656    -3.38    4.63
-194088.508    53.117     3.89    6.63
-193712.383    55.928     7.47    8.78
-193336.256    60.576    12.36    8.03
-192960.130    62.495     5.10    6.63
-192584.004    58.810    -9.80    7.99
-192207.877    53.271   -14.72    6.84
-191831.751    49.887    -9.00    4.39
-191455.624    48.861    -2.73    4.11
-191079.497    50.252     3.70    5.44
-190703.370    51.741     3.96    6.51
-190327.242    52.183     1.17    7.29
-189951.115    50.946    -3.29    8.12
-189574.987    48.656    -6.09    7.66
-189198.859    46.236    -6.43    7.24
-188822.732    43.805    -6.46    4.62
-188446.603    41.853    -5.19    2.87
-188070.475    41.530    -0.86    2.34
-187694.347    41.130    -1.06    2.23
-187318.218    41.130     0.00    2.10
-186942.090    42.982     4.92    2.95
-186565.961    44.279     3.45    4.05
-186189.832    46.090     4.81    4.39
-185813.702    48.066     5.25    4.91
-185437.573    50.036     5.24    5.15
-185061.443    50.805     2.05    4.75
-184685.313    52.143     3.56    4.56
-184309.183    52.874     1.94    5.77
-183933.053    52.762    -0.30    6.37
-183556.923    51.682    -2.87    6.59
-183180.792    49.762    -5.10    5.71
-182804.662    47.991    -4.71    3.88
-182428.531    47.092    -2.39    2.74
-182052.400    47.130     0.10    2.95
-181676.268    46.733    -1.06    4.29
-181300.137    46.938     0.55    4.89
-180924.005    47.366     1.14    5.65
-180547.873    49.117     4.66    6.67
-180171.741    51.036     5.10    6.30
-179795.609    50.252    -2.08    6.00
-179419.477    48.920    -3.54    6.03
-179043.344    46.130    -7.42    5.20
-178667.211    43.246    -7.67    3.14
-178291.078    42.066    -3.14    2.33
-177914.945    41.630    -1.16    2.19
-177538.811    40.874    -2.01    1.69
-177162.678    41.999     2.99    4.53
-176786.544    46.784    12.72    8.53
-176410.409    50.353     9.49    9.67
-176034.275    53.810     9.19    7.89
-175658.141    56.936     8.31    6.53
-175282.006    55.972    -2.56    6.90
-174905.871    52.938    -8.07    8.07
-174529.735    48.912   -10.70    8.55
-174153.600    45.841    -8.16    7.22
-173777.464    42.946    -7.70    5.35
-173401.328    43.063     0.31    7.11
-173025.192    43.989     2.46    9.33
-172649.056    45.576     4.22   10.13
-172272.919    45.528    -0.13   10.58
-171896.782    46.887     3.61   10.99
-171520.645    44.288    -6.91    8.50
-171144.508    44.446     0.42    7.10
-170768.370    46.553     5.60    8.21
-170392.233    52.425    15.61    9.34
-170016.094    56.519    10.88    6.94
-169639.956    54.360    -5.74    9.17
-169263.818    48.225   -16.31   11.06
-168887.679    42.576   -15.02    8.88
-168511.540    37.495   -13.51    3.96
-168135.400    37.474    -0.06    3.16
-167759.261    40.605     8.32    6.28
-167383.121    44.553    10.50    7.71
-167006.981    47.186     7.00    6.91
-166630.841    47.169    -0.05    7.76
-166254.700    43.198   -10.56    7.58
-165878.559    39.288   -10.39    5.62
-165502.418    37.420    -4.97    4.54
-165126.277    41.810    11.67    9.69
-164750.135    49.928    21.58   12.10
-164373.993    56.683    17.96    9.41
-163997.851    57.530     2.25    8.16
-163621.709    54.353    -8.45    9.53
-163245.566    49.946   -11.71    9.54
-162869.423    43.576   -16.93    9.10
-162493.279    40.441    -8.33    8.18
-162117.136    35.684   -12.65    5.76
-161740.992    32.287    -9.03    3.52
-161364.848    31.955    -0.88    3.17
-160988.703    32.348     1.04    2.94
-160612.559    31.711    -1.69    2.64
-160236.414    31.451    -0.69    3.58
-159860.268    29.171    -6.06    6.13
-159484.123    28.262    -2.42    6.51
-159107.977    26.400    -4.95    7.17
-158731.831    25.246    -3.07    7.21
-158355.684    24.519    -1.93    6.88
-157979.538    24.341    -0.47    6.38
-157603.391    24.579     0.63    5.58
-157227.243    24.830     0.67    2.87
-156851.096    23.092    -4.62    3.84
-156474.948    20.414    -7.12    4.83
-156098.799    19.765    -1.72    4.85
-155722.651    19.468    -0.79    4.68
-155346.502    19.825     0.95    4.37
-154970.353    20.092     0.71    4.68
-154594.203    20.805     1.90    5.51
-154218.053    21.333     1.40    6.17
-153841.903    22.143     2.15    6.27
-153465.753    23.130     2.62    5.94
-153089.602    23.130     0.00    5.44
-152713.451    24.387     3.34    3.21
-152337.299    24.655     0.71    2.68
-151961.148    23.928    -1.93    3.92
-151584.996    24.495     1.51    4.36
-151208.843    24.684     0.50    4.59
-150832.691    24.491    -0.51    4.30
-150456.537    24.784     0.78    2.97
-150080.384    24.605    -0.48    2.56
-149704.230    24.745     0.37    2.54
-149328.076    25.468     1.92    1.82
-148951.922    25.847     1.01    1.78
-148575.767    25.657    -0.50    1.42
-148199.612    25.855     0.53    1.53
-147823.457    25.901     0.12    1.73
-147447.301    25.999     0.26    2.32
-147071.145    25.525    -1.26    2.71
-146694.988    25.169    -0.95    2.76
-146318.831    24.684    -1.29    2.79
-145942.674    24.255    -1.14    2.58
-145566.517    24.393     0.37    2.17
-145190.359    24.158    -0.63    2.17
-144814.201    24.333     0.47    3.57
-144438.042    24.908     1.53    4.01
-144061.883    24.964     0.15    4.14
-143685.724    25.271     0.82    3.90
-143309.564    25.287     0.04    4.21
-142933.404    24.525    -2.03    4.30
-142557.244    25.171     1.72    4.09
-142181.083    25.464     0.78    3.68
-141804.922    26.400     2.49    3.67
-141428.760    28.367     5.23    3.07
-141052.598    29.553     3.15    3.58
-140676.436    30.604     2.79    3.63
-140300.273    30.980     1.00    3.83
-139924.110    31.306     0.87    3.62
-139547.947    31.105    -0.53    3.47
-139171.783    29.733    -3.65    3.69
-138795.619    29.075    -1.75    3.81
-138419.455    29.874     2.12    5.57
-138043.290    32.630     7.33    8.35
-137667.124    38.225    14.87   10.50
-137290.959    46.236    21.30   10.78
-136914.792    51.214    13.23    8.01
-136538.626    52.528     3.49    5.83
-136162.459    49.657    -7.63    8.36
-135786.292    41.797   -20.89   12.48
-135410.124    33.117   -23.07   11.71
-135033.956    27.630   -14.59    8.02
-134657.787    26.078    -4.13    4.74
-134281.619    27.420     3.57    3.68
-133905.449    29.400     5.26    4.50
-133529.280    32.036     7.01    5.45
-133153.109    35.092     8.12    7.07
-132776.939    41.280    16.45   10.21
-132400.768    50.659    24.93    9.85
-132024.597    55.171    11.99    7.49
-131648.425    55.982     2.16    6.20
-131272.253    50.847   -13.65    8.33
-130896.080    42.955   -20.98    9.78
-130519.907    35.973   -18.56    7.42
-130143.734    31.502   -11.89    5.83
-129767.560    28.143    -8.93    4.59
-129391.385    25.847    -6.11    3.72
-129015.211    23.315    -6.73    4.98
-128639.036    21.972    -3.57    4.09
-128262.860    22.528     1.48    4.45
-127886.684    22.901     0.99    4.78
-127510.507    23.656     2.01    3.34
-127134.331    22.408    -3.32    3.13
-126758.153    21.553    -2.27    2.29
-126381.976    21.143    -1.09    1.90
-126005.797    21.349     0.55    1.76
-125629.619    22.194     2.25    1.68
-125253.440    22.684     1.30    2.22
-124877.260    24.684     5.32    5.01
-124501.080    29.387    12.50    7.94
-124124.900    35.241    15.56    9.74
-123748.719    42.604    19.57    9.44
-123372.537    48.759    16.36    7.00
-122996.356    50.225     3.90    5.68
-122620.173    49.348    -2.33    7.24
-122243.991    46.066    -8.72    7.13
-121867.808    42.502    -9.47    6.89
-121491.624    40.306    -5.84    6.64
-121115.440    41.861     4.13    8.47
-120739.255    41.171    -1.83    8.67
-120363.075    39.920    -3.33    8.66
-119986.982    37.847    -5.51    8.28
-119610.889    34.505    -8.88    6.60
-119234.795    34.630     0.33    5.93
-118858.700    38.262     9.66    9.35
-118482.605    45.103    18.19   10.88
-118106.509    52.605    19.95   10.07
-117730.413    57.769    13.73    7.94
-117354.317    57.657    -0.30    8.58
-116978.220    54.323    -8.86   10.54
-116602.123    53.117    -3.21   11.25
-116226.025    54.393     3.39   12.08
-115849.926    55.707     3.49   15.92
-115473.827    56.861     3.07   16.00
-115097.728    58.792     5.14   15.47
-114721.628    59.425     1.68   13.73
-114345.528    59.446     0.06   11.29
-113969.427    61.769     6.18   11.32
-113593.325    66.468    12.49   11.24
-113217.224    66.880     1.10   12.80
-112841.121    69.117     5.95   11.62
-112465.018    70.400     3.41   13.00
-112088.915    71.991     4.23   13.02
-111712.811    78.707    17.86   13.67
-111336.707    87.214    22.62   11.12
-110960.602    90.841     9.64    8.14
-110584.497    93.528     7.14    5.28
-110208.391    89.841    -9.80    7.98
-109832.284    86.841    -7.98    7.04
-109456.177    83.874    -7.89    7.30
-109080.070    82.905    -2.57    7.27
-108703.962    81.464    -3.83    7.37
-108327.853    77.530   -10.46    7.24
-107951.744    73.999    -9.39    7.27
-107575.635    70.325    -9.77    7.73
-107199.525    67.117    -8.53    9.66
-106823.414    64.491    -6.98   10.15
-106447.303    60.867    -9.64   10.82
-106071.192    59.005    -4.95   10.64
-105695.079    59.144     0.37    8.90
-105318.967    54.805   -11.54    9.10
-104942.854    50.657   -11.03   10.06
-104566.740    47.525    -8.33    8.97
-104190.625    46.333    -3.17    8.72
-103814.511    48.630     6.11   10.48
-103438.395    52.051     9.10    9.62
-103062.279    49.714    -6.22   10.32
-102686.163    48.707    -2.68    8.64
-102310.046    48.436    -0.72    8.21
-101933.928    46.220    -5.89    8.31
-101557.810    48.117     5.04    8.74
-101181.692    47.545    -1.52    7.79
-100805.572    48.225     1.81    8.41
-100429.453    52.408    11.12    7.00
-100053.332    53.441     2.75    7.91
 -99677.211    51.887    -4.13    8.96
 -99301.090    51.009    -2.33    8.26
 -98924.968    49.393    -4.29    7.96
 -98548.845    43.348   -16.07    9.10
 -98172.722    40.604    -7.30    9.77
 -97796.598    36.657   -10.49    7.83
 -97420.474    34.553    -5.59    4.55
 -97044.349    34.736     0.48    3.00
 -96668.224    35.380     1.71    2.90
 -96292.098    35.288    -0.24    3.40
 -95915.971    32.408    -7.66    6.13
 -95539.844    29.841    -6.83    6.66
 -95163.717    27.707    -5.67    6.70
 -94787.588    25.755    -5.19    6.72
 -94411.459    26.630     2.33    6.35
 -94035.330    28.225     4.24    5.49
 -93659.200    30.765     6.75    3.47
 -93283.069    31.759     2.64    1.89
 -92906.938    31.738    -0.05    1.63
 -92530.806    34.502     7.35    7.36
 -92154.674    35.425     2.45    8.65
 -91778.541    36.015     1.57    8.89
 -91402.407    36.819     2.14    7.98
 -91026.273    36.092    -1.93    7.00
 -90650.138    36.341     0.66    7.59
 -90274.003    38.880     6.75    7.54
 -89897.867    40.955     5.51    7.76
 -89521.730    42.714     4.68    8.79
 -89145.593    44.711     5.31    9.18
 -88769.455    45.476     2.03    9.60
 -88393.317    46.505     2.74    9.88
 -88017.178    47.964     3.88   10.58
 -87641.038    49.348     3.68   11.04
 -87264.898    51.075     4.59   11.53
 -86888.757    54.169     8.23    9.54
 -86512.616    53.901    -0.71    8.56
 -86136.474    56.630     7.26    7.81
 -85760.331    61.104    11.89    8.75
 -85384.188    66.835    15.24    9.31
 -85008.044    72.063    13.90    8.57
 -84631.899    75.183     8.30    8.44
 -84255.754    76.130     2.52    8.78
 -83879.608    72.630    -9.30    9.97
 -83503.462    69.982    -7.04    9.95
 -83127.315    61.090   -23.64   14.85
 -82751.167    53.711   -19.62   13.77
 -82375.019    51.387    -6.18   12.06
 -81998.870    49.859    -4.06   11.16
 -81622.720    54.380    12.02   10.44
 -81246.570    56.220     4.89   10.34
 -80870.419    56.684     1.23   10.73
 -80494.267    62.092    14.38    9.43
 -80118.115    66.499    11.72    9.23
 -79741.962    72.236    15.25    9.85
 -79365.809    77.709    14.55    8.35
 -78989.654    82.682    13.22    7.45
 -78613.500    86.880    11.16    7.30
 -78237.344    88.841     5.21    6.34
 -77861.188    89.180     0.90    5.74
 -77485.031    89.366     0.49    5.73
 -77108.874    90.476     2.95    5.99
 -76732.716    90.765     0.77    6.09
 -76356.557    89.036    -4.60    7.27
 -75980.398    89.252     0.57    7.04
 -75604.237    90.797     4.11    6.41
 -75228.077    92.092     3.44    6.16
 -74851.915    94.105     5.35    4.52
 -74475.753    95.090     2.62    4.58
 -74099.590    97.476     6.34    6.41
 -73723.427   100.041     6.82    6.21
 -73347.263   100.912     2.32    5.58
 -72971.098    99.604    -3.48    6.34
 -72594.933    95.861    -9.95    6.67
 -72218.766    91.380   -11.91    5.34
 -71842.600    88.225    -8.39    5.34
 -71466.432    84.603    -9.63    8.26
 -71090.264    80.307   -11.42   10.13
 -70714.095    76.707    -9.57   10.77
 -70337.925    74.374    -6.20    9.29
 -69961.755    72.630    -4.64    7.83
 -69585.584    70.117    -6.68    7.05
 -69209.412    66.741    -8.97    8.51
 -68833.240    63.525    -8.55    8.53
 -68457.067    62.905    -1.65    9.92
 -68080.893    61.847    -2.81    9.38
 -67704.719    58.425    -9.10    9.59
 -67328.544    55.472    -7.85   10.31
 -66952.368    51.078   -11.68   10.23
 -66576.191    45.036   -16.06   10.19
 -66200.014    39.705   -14.17    9.36
 -65823.836    34.025   -15.10    7.66
 -65447.657    29.928   -10.89    5.57
 -65071.478    27.847    -5.53    4.50
 -64695.298    25.316    -6.73    4.78
 -64319.117    24.553    -2.03    4.75
 -63942.935    23.297    -3.34    3.99
 -63566.753    21.297    -5.32    4.47
 -63190.570    20.446    -2.26    5.65
 -62814.386    21.063     1.64    6.53
 -62438.202    21.982     2.44    6.96
 -62062.017    23.430     3.85    6.52
 -61685.831    25.279     4.91    4.35
 -61309.644    26.551     3.38    1.88
 -60933.457    26.236    -0.84    1.98
 -60557.269    26.964     1.94    2.94
 -60181.080    28.360     3.71    3.22
 -59804.890    29.305     2.51    3.03
 -59428.700    30.810     4.00    2.43
 -59052.509    32.269     3.88    2.04
 -58676.317    33.090     2.18    2.40
 -58300.125    33.874     2.08    2.59
 -57923.932    34.279     1.08    2.50
 -57547.738    34.194    -0.22    2.37
 -57171.543    34.158    -0.10    2.46
 -56795.347    33.092    -2.83    3.39
 -56419.151    32.446    -1.72    4.37
 -56042.954    32.880     1.15    4.99
 -55666.756    33.502     1.65    5.22
 -55290.558    35.015     4.02    4.34
 -54914.358    36.130     2.96    3.78
 -54538.158    36.117    -0.04    4.11
 -54161.958    35.810    -0.82    5.02
 -53785.756    35.495    -0.84    4.88
 -53409.554    35.374    -0.32    4.89
 -53033.351    35.755     1.01    4.70
 -52657.147    36.430     1.79    3.45
 -52280.942    36.819     1.03    3.44
 -51904.737    36.387    -1.15    3.23
 -51528.530    36.738     0.93    2.76
 -51152.323    37.183     1.18    3.06
 -50776.116    38.019     2.22    3.33
 -50399.907    38.905     2.36    3.53
 -50023.698    40.157     3.33    3.80
 -49647.488    41.765     4.28    4.30
 -49271.277    42.887     2.98    3.86
 -48895.065    44.525     4.35    4.27
 -48518.853    48.315    10.07    6.26
 -48142.640    51.982     9.75    7.51
 -47766.426    57.092    13.58    7.48
 -47390.211    62.186    13.54    6.86
 -47013.995    64.810     6.97    5.50
 -46637.779    66.630     4.84    5.53
 -46261.562    69.380     7.31    4.61
 -45885.344    70.955     4.18    4.46
 -45509.125    70.333    -1.65    6.33
 -45132.968    68.468    -4.96    8.42
 -44756.912    67.657    -2.16    9.21
 -44380.855    69.741     5.54   12.08
 -44004.797    77.209    19.86   11.13
 -43628.739    83.015    15.44    7.34
 -43252.679    84.420     3.74    5.88
 -42876.619    84.183    -0.63    5.91
 -42500.558    81.733    -6.52    7.30
 -42124.496    79.784    -5.18    6.82
 -41748.433    76.955    -7.52    9.15
 -41372.370    73.041   -10.41   12.02
 -40996.305    69.009   -10.72   13.27
 -40620.240    68.815    -0.52   12.90
 -40244.174    71.604     7.42   11.16
 -39868.107    73.568     5.22    9.31
 -39492.040    73.169    -1.06    7.84
 -39115.971    72.104    -2.83    7.55
 -38739.902    70.158    -5.17    7.60
 -38363.832    71.759     4.26    8.13
 -37987.761    76.936    13.77    6.89
 -37611.689    82.784    15.55    8.51
 -37235.616    89.157    16.94    8.19
 -36859.543    94.441    14.05    6.98
 -36483.468    98.092     9.71    4.72
 -36107.393   100.169     5.52    4.54
 -35731.317   101.348     3.14    5.15
 -35355.240   102.658     3.48    5.65
 -34979.163   103.209     1.47    5.04
 -34603.084   100.171    -8.08    7.08
 -34227.005    95.576   -12.22    8.74
 -33850.924    85.684   -26.30   13.20
 -33474.843    74.287   -30.31   13.52
 -33098.761    66.553   -20.56   13.45
 -32722.678    58.476   -21.48   14.05
 -32346.595    52.714   -15.32   14.44
 -31970.510    48.374   -11.54   11.71
 -31594.425    47.991    -1.02   11.05
 -31218.338    52.630    12.33   11.07
 -30842.251    57.835    13.84   10.88
 -30466.163    63.090    13.97    8.40
 -30090.074    65.468     6.32    8.09
 -29713.985    63.759    -4.55    7.94
 -29337.894    60.380    -8.98   10.02
 -28961.803    53.522   -18.24   10.98
 -28585.710    51.194    -6.19    9.43
 -28209.617    51.901     1.88    9.22
 -27833.523    55.711    10.13    8.57
 -27457.428    61.306    14.88    6.88
 -27081.332    64.973     9.75    5.61
 -26705.235    67.078     5.60    4.45
 -26329.138    66.080    -2.65    5.03
 -25953.039    64.158    -5.11    6.51
 -25576.940    61.041    -8.29    6.43
 -25200.839    59.604    -3.82    5.39
 -24824.738    58.736    -2.31    5.31
 -24448.636    56.041    -7.17    6.63
 -24072.533    51.946   -10.89    7.42
 -23696.429    46.130   -15.46    8.50
 -23320.324    40.788   -14.20    7.27
 -22944.219    34.730   -16.11    8.18
 -22568.112    28.575   -16.37    6.87
 -22192.004    24.810   -10.01    5.79
 -21815.896    20.630   -11.11    3.81
 -21439.787    20.468    -0.43    4.15
 -21063.677    20.360    -0.29    4.71
 -20687.565    21.198     2.23    5.47
 -20311.453    21.194    -0.01    5.33
 -19935.340    21.733     1.43    5.37
 -19559.227    22.090     0.95    5.45
 -19183.112    22.205     0.31    4.99
 -18806.996    23.551     3.58    3.87
 -18430.879    24.315     2.03    2.43
 -18054.762    24.549     0.62    1.99
 -17678.643    24.502    -0.13    1.66
 -17302.524    24.525     0.06    1.67
 -16926.404    24.325    -0.53    1.67
 -16550.282    23.736    -1.57    1.45
 -16174.160    24.019     0.75    1.36
 -15798.037    24.425     1.08    1.58
 -15421.913    24.733     0.82    1.65
 -15045.788    24.716    -0.04    1.93
 -14669.662    24.441    -0.73    2.03
 -14293.535    23.738    -1.87    1.81
 -13917.407    23.711    -0.07    1.95
 -13541.279    23.580    -0.35    2.21
 -13165.149    23.468    -0.30    2.20
 -12789.018    24.683     3.23    2.09
 -12412.887    25.078     1.05    2.27
 -12036.754    25.117     0.11    2.23
 -11660.621    25.414     0.79    1.80
 -11284.486    24.938    -1.27    2.02
 -10908.351    23.578    -3.62    2.99
 -10532.214    21.686    -5.03    3.38
 -10156.077    18.847    -7.55    3.99
  -9779.939    16.019    -7.52    3.80
  -9403.799    14.025    -5.30    3.68
  -9027.659    11.579    -6.50    3.86
  -8651.518     8.943    -7.01    3.36
  -8275.376     9.867     2.46    3.97
  -7899.233    11.847     5.26    5.15
  -7523.089    14.686     7.55    4.85
  -7146.944    16.246     4.15    4.06
  -6770.798    16.198    -0.13    4.23
  -6394.651    17.066     2.31    4.85
  -6018.503    17.835     2.05    5.10
  -5642.354    18.861     2.73    4.15
  -5266.204    17.522    -3.56    4.35
  -4890.053    15.989    -4.08    3.70
  -4513.901    14.143    -4.91    4.96
  -4137.748    10.825    -8.82    7.19
  -3761.594     6.874   -10.50    8.22
  -3385.439     2.387   -11.93    6.76
  -3009.284     0.306    -5.53    3.73
  -2633.127     0.420     0.30    1.95
  -2256.969     0.895     1.26    1.90
  -1880.810     0.430    -1.24    1.87
  -1504.650    -0.133    -1.50    1.79
  -1128.489    -1.009    -2.33    0.87
   -752.328    -0.959     0.13    1.09
   -376.165    -0.370     1.57    1.76
     -0.001    -0.001     0.98    1.82
    376.164     0.367     0.98    1.81
    752.330    -0.088    -1.21    1.50
   1128.496    -0.343    -0.68    1.46
   1504.664    -0.975    -1.68    0.97
   1880.833     0.155     3.00    3.46
   2257.003     2.859     7.19    4.79
   2633.174     5.495     7.01    4.42
   3009.346     8.252     7.33    1.48
   3385.519     8.495     0.65    1.23
   3761.693     8.549     0.14    1.28
   4137.868     8.325    -0.60    1.60
   4514.044     8.380     0.15    1.66
   4890.221     9.657     3.39    2.97
   5266.399    12.549     7.69    4.51
   5642.578    15.579     8.05    4.53
   6018.758    17.867     6.08    3.31
   6394.939    17.605    -0.70    2.18
   6771.121    17.360    -0.65    2.18
   7147.305    16.964    -1.05    2.06
   7523.489    16.658    -0.81    1.95
   7899.674    16.788     0.35    1.97
   8275.860    16.680    -0.29    1.69
   8652.048    16.448    -0.62    1.76
   9028.236    17.143     1.85    1.86
   9404.426    17.982     2.23    2.29
   9780.616    19.279     3.45    2.34
  10156.808    20.387     2.95    1.95
  10533.000    21.436     2.79    2.25
  10909.194    22.051     1.64    2.63
  11285.389    22.964     2.43    2.77
  11661.585    23.252     0.77    3.09
  12037.781    22.810    -1.18    3.83
  12413.979    22.169    -1.70    4.28
  12790.178    21.502    -1.77    4.35
  13166.378    21.367    -0.36    4.06
  13542.579    22.220     2.27    4.15
  13918.781    24.684     6.55    2.33
  14294.985    25.225     1.44    2.44
  14671.189    25.360     0.36    2.08
  15047.394    25.255    -0.28    2.60
  15423.601    24.887    -0.98    2.89
  15799.808    24.938     0.14    3.59
  16176.017    24.575    -0.97    3.55
  16552.226    24.225    -0.93    3.58
  16928.437    24.103    -0.33    3.66
  17304.649    23.367    -1.95    2.26
  17680.862    23.041    -0.87    2.24
  18057.076    23.144     0.27    2.49
  18433.291    22.657    -1.29    2.69
  18809.507    23.104     1.19    2.98
  19185.724    23.578     1.26    2.84
  19561.943    24.874     3.44    3.07
  19938.162    26.055     3.14    2.94
  20314.383    27.393     3.56    2.69
  20690.604    27.765     0.99    3.07
  21066.827    27.819     0.14    3.38
  21443.051    26.686    -3.01    2.97
  21819.276    26.092    -1.58    1.89
  22195.502    26.271     0.48    1.95
  22571.729    26.630     0.95    2.07
  22947.957    28.499     4.97    3.14
  23324.186    29.603     2.94    3.01
  23700.417    29.853     0.66    2.96
  24076.648    30.230     1.00    3.91
  24452.881    30.468     0.63    4.80
  24829.115    32.315     4.91    6.36
  25205.350    36.472    11.05    8.87
  25581.586    43.355    18.29   12.19
  25957.823    53.252    26.30   14.86
  26334.061    61.630    22.27   15.09
  26710.301    71.733    26.85   11.42
  27086.541    79.186    19.81    9.02
  27462.783    85.387    16.48    8.56
  27839.026    91.468    16.16    8.57
  28215.269    95.236    10.01    9.02
  28591.515   100.605    14.27    9.65
  28967.761   105.630    13.36    8.43
  29344.008   109.682    10.77    7.20
  29720.256   113.972    11.40    5.98
  30096.351   118.075    10.91    5.98
  30472.382   119.297     3.25    5.63
  30848.414   119.810     1.36    5.32
  31224.448   119.262    -1.46    4.85
  31600.483   117.468    -4.77    3.87
  31976.518   117.169    -0.80    3.97
  32352.555   117.360     0.51    3.66
  32728.594   116.271    -2.90    3.25
  33104.633   116.305     0.09    3.03
  33480.673   117.059     2.00    2.96
  33856.715   118.171     2.96    3.35
  34232.758   120.982     7.47    4.92
  34608.802   124.738     9.99    5.60
  34984.847   127.709     7.90    4.06
  35360.893   129.964     5.99    3.12
  35736.940   133.021     8.13    3.58
  36112.989   134.784     4.69    4.38
  36489.039   137.009     5.92    3.82
  36865.089   138.682     4.45    2.45
  37241.141   138.657    -0.07    3.54
  37617.195   136.425    -5.93    5.58
  37993.249   133.825    -6.92    5.85
  38369.305   129.630   -11.15    5.10
  38745.361   126.936    -7.17    3.54
  39121.419   126.169    -2.04    3.21
  39497.479   125.220    -2.52    3.33
  39873.539   124.412    -2.15    3.68
  40249.600   121.928    -6.61    4.41
  40625.663   117.738   -11.14    4.53
  41001.727   113.684   -10.78    5.35
  41377.792   107.867   -15.47    6.76
  41753.858   102.117   -15.29    8.17
  42129.925    93.553   -22.77   11.58
  42505.994    83.707   -26.18   14.82
  42882.064    68.025   -41.70   23.54
  43258.135    52.603   -41.01   23.39
  43634.207    37.451   -40.29   16.61
  44010.281    30.066   -19.64    6.82
  44386.355    29.387    -1.81    3.94
  44762.431    28.066    -3.51    4.21
  45138.508    27.036    -2.74    4.46
  45514.586    25.604    -3.81    3.95
  45890.666    24.861    -1.98    3.12
  46266.746    25.099     0.63    4.00
  46642.828    26.348     3.32    4.66
  47018.911    26.472     0.33    4.91
  47394.995    25.009    -3.89    5.03
  47771.081    19.579   -14.44    9.86
  48147.168    15.630   -10.50    9.78
  48523.256    15.835     0.55    9.52
  48899.345    17.425     4.23    9.23
  49275.435    19.762     6.21    8.90
  49651.527    23.341     9.52    6.68
  50027.619    25.733     6.36    5.20
  50403.714    27.964     5.93    2.82
  50779.809    29.090     2.99    2.72
  51155.905    30.104     2.70    2.35
  51532.003    29.982    -0.33    3.24
  51908.102    29.252    -1.94    4.83
  52284.202    28.819    -1.15    5.19
  52660.304    27.912    -2.41    5.29
  53036.406    26.656    -3.34    5.54
  53412.510    27.271     1.64    5.34
  53788.616    27.075    -0.52    4.58
  54164.722    25.964    -2.95    4.53
  54540.830    25.325    -1.70    4.43
  54916.939    25.784     1.22    3.69
  55293.049    25.920     0.36    3.14
  55669.160    24.425    -3.97    4.81
  56045.273    23.576    -2.26    5.12
  56421.387    24.271     1.85    5.81
  56797.502    25.703     3.81    6.22
  57173.619    28.297     6.90    5.75
  57549.736    30.815     6.69    5.31
  57925.855    33.711     7.70    4.16
  58301.976    36.657     7.83    5.11
  58678.097    37.792     3.02    5.09
  59054.220    38.545     2.00    4.47
  59430.344    41.455     7.74    5.89
  59806.469    42.861     3.74    6.73
  60182.596    43.657     2.12    7.27
  60558.724    42.400    -3.34    7.45
  60934.853    39.441    -7.87    5.64
  61310.983    39.788     0.92    4.40
  61687.115    41.476     4.49    4.45
  62063.248    42.015     1.43    6.06
  62439.382    42.353     0.90    6.89
  62815.518    41.630    -1.92    8.38
  63191.655    41.066    -1.50    7.78
  63567.793    42.575     4.01    7.40
  63943.932    44.425     4.92    8.43
  64320.073    48.009     9.53    9.94
  64696.215    51.901    10.35   10.90
  65072.358    51.955     0.14   11.11
  65448.503    48.158   -10.09   12.36
  65824.649    45.810    -6.24   11.13
  66200.796    43.680    -5.66    7.98
  66576.944    47.009     8.85    8.01
  66953.094    51.080    10.82    6.45
  67329.245    52.841     4.68    5.62
  67705.398    52.946     0.28    5.57
  68081.551    50.765    -5.80    4.66
  68457.706    51.630     2.30    5.59
  68833.863    52.464     2.22    4.40
  69210.020    51.901    -1.50    5.14
  69586.179    49.236    -7.08    7.21
  69962.340    49.287     0.14    6.67
  70338.501    49.169    -0.32    6.15
  70714.664    47.220    -5.18    6.92
  71090.828    46.853    -0.98    6.85
  71466.994    47.252     1.06    7.99
  71843.161    52.711    14.51   11.87
  72219.329    60.893    21.75   13.20
  72595.499    68.805    21.03    7.62
  72971.669    70.171     3.63    6.37
  73347.842    64.220   -15.82   11.71
  73724.015    54.578   -25.63   11.56
  74100.190    48.841   -15.25    8.53
  74476.366    47.630    -3.22    6.24
  74852.544    49.630     5.32    7.99
  75228.723    50.762     3.01    8.02
  75604.903    51.436     1.79    8.10
  75981.084    52.306     2.31    8.02
  76357.267    56.019     9.87    8.51
  76733.452    57.041     2.72    7.91
  77109.637    59.425     6.34    7.85
  77485.824    59.219    -0.55    7.94
  77862.013    58.009    -3.22    7.48
  78238.202    57.982    -0.07    6.49
  78614.393    57.036    -2.51    6.19
  78990.586    59.656     6.97    6.54
  79366.779    60.901     3.31    6.11
  79742.974    57.323    -9.51   10.52
  80119.171    55.374    -5.18   11.93
  80495.369    51.810    -9.47   12.02
  80871.568    48.171    -9.67    9.82
  81247.769    45.167    -7.99    9.01
  81623.970    42.025    -8.35    7.56
  82000.174    38.797    -8.58    3.92
  82376.378    38.928     0.35    4.40
  82752.585    39.491     1.50    4.28
  83128.792    38.901    -1.57    3.45
  83505.001    38.169    -1.95    2.95
  83881.211    37.933    -0.63    1.90
  84257.423    38.297     0.97    1.84
  84633.635    38.788     1.31    3.14
  85009.850    39.603     2.16    3.53
  85386.066    40.682     2.87    4.94
  85762.283    43.414     7.26    6.40
  86138.501    46.528     8.28    7.83
  86514.721    50.130     9.58    8.05
  86890.942    51.041     2.42    6.54
  87267.165    50.495    -1.45    6.71
  87643.389    48.262    -5.94    7.37
  88019.615    48.220    -0.11    7.66
  88395.841    50.714     6.63    8.63
  88772.070    50.576    -0.37    8.16
  89148.299    52.360     4.74    8.21
  89524.530    55.549     8.48    7.83
  89900.763    59.117     9.48    7.64
  90276.997    59.973     2.28    7.00
  90653.232    60.605     1.68    6.99
  91029.469    60.499    -0.28    7.14
  91405.707    61.063     1.50    7.62
  91781.947    63.117     5.46    4.98
  92158.187    62.315    -2.13    5.71
  92534.430    60.736    -4.20    5.67
  92910.674    58.472    -6.02    5.34
  93286.919    57.682    -2.10    5.10
  93663.166    55.982    -4.52    4.69
  94039.414    54.920    -2.82    4.58
  94415.663    55.980     2.82    5.92
  94791.914    57.316     3.55    6.30
  95168.166    58.549     3.28    6.89
  95544.420    60.009     3.88    8.29
  95920.675    60.171     0.43    9.08
  96296.932    58.684    -3.95    9.22
  96673.190    57.130    -4.13    8.30
  97049.450    56.733    -1.06    7.67
  97425.711    58.078     3.57    8.61
  97801.973    60.171     5.56    8.52
  98178.237    62.502     6.20    9.17
  98554.502    63.938     3.82    9.43
  98930.769    64.271     0.89    9.48
  99307.037    63.819    -1.20    9.34
  99683.307    63.271    -1.46    8.79
 100059.578    62.908    -0.97    8.42
 100435.851    65.551     7.02    8.84
 100812.125    65.297    -0.68    8.46
 101188.400    65.395     0.26    8.36
 101564.677    65.194    -0.53    8.12
 101940.955    65.117    -0.21    7.72
 102317.235    65.603     1.29    7.60
 102693.517    66.144     1.44    6.38
 103069.799    67.047     2.40    6.94
 103446.084    72.051    13.30    9.03
 103822.369    75.045     7.96    8.19
 104198.656    78.333     8.74    6.97
 104574.945    79.912     4.20    6.59
 104951.227    79.025    -2.36    6.83
 105327.227    76.938    -5.55    8.29
 105703.228    76.982     0.12    8.84
 106079.231    76.930    -0.14    8.65
 106455.236    76.847    -0.22    8.23
 106831.241    76.009    -2.23    7.86
 107207.249    74.360    -4.38    7.68
 107583.258    70.545   -10.15    6.87
 107959.268    67.964    -6.86    7.10
 108335.280    69.810     4.91    9.02
 108711.293    73.130     8.83   11.64
 109087.308    79.982    18.22   12.91
 109463.324    86.908    18.42    7.35
 109839.342    83.236    -9.77   12.71
 110215.362    78.455   -12.71   13.64
 110591.382    75.765    -7.15   12.12
 110967.405    75.578    -0.50   11.01
 111343.429    80.262    12.46    9.08
 111719.454    85.733    14.55    7.33
 112095.481    89.333     9.57    8.57
 112471.509    93.105    10.03    9.70
 112847.539    99.104    15.95    6.81
 113223.570   102.144     8.08    4.66
 113599.603   104.090     5.17    4.56
 113975.637   105.186     2.91    3.87
 114351.673   104.784    -1.07    4.01
 114727.711   103.835    -2.52    4.63
 115103.750   103.491    -0.91    4.34
 115479.790   102.815    -1.80    4.27
 115855.832   102.901     0.23    7.02
 116231.876    99.853    -8.11    9.28
 116607.921    94.759   -13.55   10.32
 116983.967    90.495   -11.34    9.43
 117360.015    88.446    -5.45    9.43
 117736.065    87.657    -2.10    9.76
 118112.116    87.155    -1.33    9.13
 118488.169    83.468    -9.81    7.36
 118864.223    79.255   -11.20    8.02
 119240.278    75.912    -8.89    9.02
 119616.336    78.711     7.44   13.04
 119992.394    86.144    19.76   16.22
 120368.455    96.819    28.39   14.78
 120744.517   103.999    19.09    7.54
 121120.580   106.246     5.98    4.96
 121496.645   105.825    -1.12    5.30
 121872.712   104.380    -3.84    6.91
 122248.780   103.051    -3.53    7.28
 122624.849   102.991    -0.16    7.93
 123000.921   103.446     1.21    8.63
 123376.993    99.605   -10.21   10.89
 123753.068    95.551   -10.78   11.63
 124129.144    89.130   -17.07    9.80
 124505.221    83.682   -14.49    8.68
 124881.300    83.468    -0.57    7.79
 125257.380    83.280    -0.50    7.20
 125633.463    82.271    -2.68    7.80
 126009.546    79.287    -7.93    8.82
 126385.632    74.144   -13.68    8.22
 126761.718    70.657    -9.27    7.26
 127137.807    70.495    -0.43    8.12
 127513.897    69.066    -3.80    9.07
 127889.988    69.711     1.72    8.65
 128266.081    71.455     4.64    9.79
 128642.176    77.092    14.99   13.17
 129018.272    86.630    25.36   13.41
 129394.370    94.928    22.06    9.86
 129770.470    99.476    12.10    6.29
 130146.571   102.502     8.04    4.68
 130522.673   102.908     1.08    5.78
 130898.777   106.476     9.49    8.23
 131274.883   109.353     7.65    8.62
 131650.991   113.707    11.58    8.31
 132027.100   114.759     2.80    7.57
 132403.210   112.255    -6.66   10.97
 132779.322   110.198    -5.47   13.60
 133155.436   112.711     6.68   13.97
 133531.552   118.765    16.10   13.94
 133907.669   125.709    18.46   12.50
 134283.787   130.325    12.27   11.01
 134659.907   135.579    13.97    7.16
 135036.029   131.964    -9.61   11.73
 135412.153   125.451   -17.32   16.61
 135788.278   117.252   -21.80   18.17
 136164.404   112.393   -12.92   13.69
 136540.532   111.271    -2.98   11.61
 136916.662   117.241    15.87   11.77
 137292.794   123.400    16.37   11.52
 137668.927   123.825     1.13   12.35
 138045.062   121.078    -7.30   14.21
 138421.198   117.297   -10.05   12.50
 138797.336   115.412    -5.01   12.09
 139173.476   121.499    16.18   12.05
 139549.617   126.788    14.06    9.34
 139925.760   127.630     2.24    8.29
 140301.904   125.630    -5.32    9.85
 140678.050   120.792   -12.86   10.37
 141054.198   113.297   -19.93   11.76
 141430.347   106.528   -18.00   10.63
 141806.499   101.288   -13.93   11.64
 142182.651    97.183   -10.91   12.82
 142558.806    95.271    -5.08   14.12
 142934.961    93.117    -5.73   13.88
 143311.119    91.144    -5.25   12.56
 143687.278    89.367    -4.72   10.48
 144063.439    87.333    -5.41    8.76
 144439.602    85.603    -4.60    7.58
 144815.766    82.144    -9.20    7.35
 145191.932    80.599    -4.11    6.71
 145568.099    79.194    -3.73    6.70
 145944.269    79.784     1.57    7.01
 146320.439    81.103     3.50    6.45
 146696.612    82.579     3.93    8.17
 147072.786    85.684     8.26    8.14
 147448.962    86.912     3.26    7.55
 147825.139    85.288    -4.32    9.13
 148201.319    82.367    -7.77    9.26
 148577.499    81.387    -2.61    8.55
 148953.682    83.912     6.71   10.13
 149329.866    87.825    10.40    8.25
 149706.052    89.353     4.06    7.97
 150082.239    89.171    -0.48    8.16
 150458.429    89.792     1.65    7.87
 150834.619    91.630     4.89    6.51
 151210.812    89.441    -5.82    7.16
 151587.006    83.830   -14.91    9.58
 151963.202    78.579   -13.96   11.09
 152339.400    73.246   -14.18   11.26
 152715.599    69.333   -10.40   11.43
 153091.800    65.938    -9.02    7.30
 153468.003    65.103    -2.22    4.77
 153844.207    68.288     8.47    6.13
 154220.413    72.707    11.75    5.31
 154596.621    76.476    10.02    5.86
 154972.830    81.252    12.69    7.20
 155349.042    84.630     8.98    6.57
 155725.255    87.005     6.31    5.92
 156101.469    86.955    -0.13    6.67
 156477.685    87.835     2.34    6.34
 156853.903    88.333     1.32    6.05
 157230.123    90.441     5.60    6.10
 157606.344    93.874     9.12    6.11
 157982.568    96.887     8.01    6.68
 158358.792   100.912    10.70    6.62
 158735.019   101.855     2.51    5.58
 159111.247    99.464    -6.36    8.10
 159487.477    94.080   -14.31    8.76
 159863.709    90.420    -9.73    5.21
 160239.942    91.271     2.26    5.98
 160616.177    96.025    12.64    8.13
 160992.414   104.157    21.61   13.75
 161368.653   116.797    33.60   20.42
 161744.893   130.333    35.98   23.55
 162121.135   146.041    41.75   24.42
 162497.379   161.087    39.99   21.93
 162873.625   167.784    17.80   17.69
 163249.872   173.476    15.13   10.37
 163626.121   175.819     6.23    9.55
 164002.372   171.765   -10.78   11.99
 164378.624   164.549   -19.18   13.53
 164754.878   158.143   -17.03   13.48
 165131.134   149.553   -22.83   12.95
 165507.392   142.333   -19.19   13.06
 165883.651   132.169   -27.01   15.40
 166259.913   118.104   -37.38   15.10
 166636.176   107.288   -28.75   15.25
 167012.440    97.928   -24.88   11.25
 167388.707    92.630   -14.08    6.41
 167764.975    90.420    -5.87    4.52
 168141.245    92.019     4.25    7.14
 168517.517   100.183    21.70   14.87
 168893.790   114.825    38.91   21.31
 169270.066   128.835    37.24   24.34
 169646.343   151.964    61.47   27.31
 170022.621   169.630    46.95   25.88
 170398.902   186.549    44.96   18.37
 170775.184   196.468    26.36    9.46
 171151.468   196.792     0.86   10.52
 171527.754   185.330   -30.46   25.42
 171904.042   170.252   -40.07   31.81
 172280.331   148.938   -56.64   35.53
 172656.623   132.143   -44.63   28.87
 173032.916   120.092   -32.03   20.66
 173409.210   110.495   -25.50   13.19
 173785.507   105.348   -13.68    9.12
 174161.805   101.815    -9.39    4.93
 174538.105    99.047    -7.35    3.97
 174914.407    98.576    -1.25    4.24
 175290.711    99.333     2.01    5.17
 175667.017   102.946     9.60    9.33
 176043.324   109.169    16.54    9.91
 176419.633   114.287    13.60   10.23
 176795.944   117.130     7.56    9.83
 177172.257   119.893     7.34   12.97
 177548.571   123.117     8.57   13.92
 177924.887   130.194    18.81   15.99
 178301.205   138.225    21.34   17.76
 178677.525   146.579    22.20   18.15
 179053.847   152.041    14.51   14.80
 179430.171   151.446    -1.58   16.60
 179806.496   140.683   -28.60   27.60
 180182.700   121.887   -49.96   34.81
 180558.673   102.262   -52.20   35.38
 180934.649    85.991   -43.28   30.24
 181310.627    72.576   -35.68   20.17
 181686.606    65.241   -19.51   13.68
 182062.587    62.576    -7.09    7.48
 182438.570    62.810     0.62    7.39
 182814.555    65.849     8.08    9.91
 183190.541    71.605    15.31   13.28
 183566.529    78.092    17.25   13.71
 183942.520    82.436    11.55   13.13
 184318.512    84.169     4.61   10.29
 184694.506    80.306   -10.27   12.63
 185070.501    72.502   -20.76   12.16
 185446.499    63.841   -23.04    9.28
 185822.498    58.066   -15.36    7.26
 186198.499    53.009   -13.45    4.91
 186574.502    51.348    -4.42    4.78
 186950.507    51.905     1.48    5.51
 187326.514    53.353     3.85    6.39
 187702.522    54.549     3.18    7.24
 188078.533    55.711     3.09    6.41
 188454.545    54.198    -4.03    6.29
 188830.559    52.928    -3.38    6.58
 189206.575    52.659    -0.71    6.98
 189582.593    51.280    -3.67    6.78
 189958.613    51.835     1.48    6.42
 190334.634    51.630    -0.55    5.80
 190710.657    51.656     0.07    5.53
 191086.683    50.999    -1.75    4.90
 191462.710    50.051    -2.52    4.26
 191838.739    49.341    -1.89    3.92
 192214.770    49.887     1.45    3.80
 192590.802    50.333     1.19    2.94
 192966.837    49.236    -2.92    3.86
 193342.873    47.955    -3.40    3.63
 193718.911    47.430    -1.40    3.61
 194094.952    49.104     4.45    4.88
 194470.994    52.252     8.37    6.76
 194847.038    55.792     9.42    7.57
 195223.083    59.549     9.99    5.84
 195599.131    60.075     1.40    5.69
 195975.181    56.887    -8.48    7.79
 196351.232    52.297   -12.21    8.04
 196727.285    50.441    -4.94    6.90
 197103.340    49.323    -2.97    4.83
 197479.398    48.578    -1.98    4.57
 197855.457    50.169     4.23    5.47
 198231.517    54.279    10.93   11.21
 198607.580    64.630    27.53   20.68
 198983.645    80.769    42.92   22.86
 199359.711    94.867    37.49   19.43
 199735.780   101.066    16.48   14.60
 200111.850   101.539     1.26   12.89
 200487.922    96.887   -12.37   11.85
 200863.997    92.225   -12.40    9.36
 201240.073    87.360   -12.94    9.24
 201616.151    86.144    -3.23    7.71
 201992.230    86.547     1.07    7.12
 202368.312    86.736     0.50    8.37
 202744.396    83.191    -9.42    9.41
 203120.482    80.360    -7.53    9.59
 203496.569    80.194    -0.44   10.58
 203872.658    81.553     3.61   11.58
 204248.750    82.374     2.18   12.25
 204624.843    79.893    -6.60   14.61
 205000.938    73.425   -17.20   13.41
 205377.035    65.792   -20.30    9.24
 205753.134    62.279    -9.34    5.93
 206129.235    61.333    -2.52    5.71
 206505.338    59.395    -5.15    6.88
 206881.443    58.810    -1.56    6.93
 207257.550    59.194     1.02    6.96
 207633.659    60.549     3.60    7.40
 208009.769    67.009    17.17   11.19
 208385.882    76.380    24.92   15.05
 208761.996    92.657    43.28   20.00
 209138.113   106.605    37.09   15.58
 209514.231   110.657    10.77   13.93
 209890.352   105.605   -13.43   19.23
 210266.474    96.499   -24.21   17.18
 210642.598    91.183   -14.13   12.87
 211018.724    87.847    -8.87   11.02
 211394.852    85.405    -6.49   11.57
 211770.982    83.252    -5.73    9.48
 212147.115    81.468    -4.74    9.46
 212523.249    79.684    -4.74    9.03
 212899.384    79.859     0.46    8.16
 213275.522    82.066     5.87    9.10
 213651.662    85.682     9.61    7.81
 214027.804    88.103     6.44    8.28
 214403.948    87.999    -0.28    9.32
 214780.094    88.241     0.65    8.48
 215156.241    89.972     4.60   10.58
 215532.391    90.080     0.29   11.08
 215908.543    90.414     0.89   10.62
 216284.696    92.578     5.75   12.59
 216660.852    93.762     3.15   12.73
 217037.010    97.733    10.56   11.19
 217413.169   100.387     7.06    9.69
 217789.331    98.180    -5.87    8.56
 218165.494    95.759    -6.44    6.30
 218541.660    95.982     0.59    7.49
 218917.827    99.117     8.33   10.44
 219293.997   102.982    10.27   10.52
 219670.168   105.169     5.81    9.86
 220046.342   109.323    11.04    8.92
 220422.517   112.545     8.57    9.06
 220798.695   110.400    -5.70   12.21
 221174.874   103.711   -17.78   13.86
 221551.056    96.158   -20.08   12.02
 221927.239    91.117   -13.40    8.85
 222303.425    90.709    -1.09    9.09
 222679.612    95.810    13.56   10.84
 223055.802   101.972    16.38   11.08
 223431.993   105.780    10.12    9.16
 223808.187   109.441     9.73    8.45
 224184.382   108.655    -2.09    9.15
 224560.580   106.092    -6.81   12.40
 224936.779    99.741   -16.88   15.55
 225312.981    92.603   -18.97   14.70
 225689.184    85.738   -18.25   12.52
 226065.390    82.928    -7.47   10.26
 226441.597    81.888    -2.76   11.22
