-138606.976    27.133     0.00    1.71
-138230.838    26.707    -1.13    1.60
-137854.701    26.628    -0.21    1.49
-137478.564    26.114    -1.37    1.77
-137102.429    25.330    -2.08    1.78
-136726.295    24.813    -1.37    2.00
-136350.161    23.861    -2.53    2.00
-135974.029    23.396    -1.24    2.28
-135597.898    22.066    -3.54    2.09
-135221.767    21.340    -1.93    2.20
-134845.638    20.432    -2.41    1.99
-134469.509    19.576    -2.27    2.24
-134093.382    18.477    -2.92    2.71
-133717.256    17.502    -2.59    2.45
-133341.130    17.155    -0.92    2.21
-132965.006    17.332     0.47    2.23
-132588.882    18.043     1.89    1.66
-132212.760    18.382     0.90    1.74
-131836.638    18.323    -0.16    1.80
-131460.518    18.710     1.03    2.15
-131084.398    18.979     0.71    2.27
-130708.280    19.736     2.01    2.32
-130332.162    21.898     5.75    4.06
-129956.046    24.603     7.19    5.21
-129579.930    26.736     5.67    5.65
-129203.815    28.332     4.24    5.64
-128827.702    28.182    -0.40    5.18
-128451.589    27.384    -2.12    4.85
-128075.477    26.103    -3.41    4.03
-127699.366    24.579    -4.05    2.51
-127323.257    24.050    -1.41    1.89
-126947.148    23.793    -0.68    1.67
-126571.040    24.271     1.27    1.74
-126194.933    24.904     1.68    3.30
-125818.827    25.118     0.57    3.46
-125442.722    26.220     2.93    3.97
-125066.618    26.996     2.06    3.89
-124690.515    26.438    -1.48    3.65
-124314.412    25.952    -1.29    4.07
-123938.311    24.655    -3.45    4.92
-123562.211    24.182    -1.26    5.21
-123186.111    24.182     0.00    5.60
-122810.013    25.015     2.22    7.62
-122433.915    27.041     5.39    7.44
-122057.819    25.925    -2.97    7.01
-121681.723    24.763    -3.09    5.83
-121305.629    26.524     4.68    5.32
-120929.535    27.733     3.22    4.84
-120553.442    28.182     1.19    3.40
-120177.350    28.092    -0.24    2.72
-119801.259    28.098     0.02    3.68
-119425.169    28.261     0.43    5.62
-119049.080    29.707     3.85    6.87
-118672.992    29.463    -0.65    7.20
-118296.904    28.708    -2.01    5.81
-117920.818    27.682    -2.73    3.84
-117544.733    27.438    -0.65    3.55
-117168.648    29.271     4.87    4.36
-116792.564    30.384     2.96    4.48
-116416.482    30.348    -0.10    5.07
-116040.400    29.118    -3.27    6.11
-115664.319    26.445    -7.11    5.61
-115288.239    25.261    -3.15    4.69
-114912.160    26.194     2.48    5.24
-114536.082    24.887    -3.48    5.47
-114160.004    24.709    -0.47    5.59
-113783.928    24.524    -0.49    5.22
-113407.853    25.763     3.29    5.59
-113031.778    27.952     5.82    4.76
-112655.704    30.195     5.96    2.50
-112279.632    30.713     1.38    3.86
-111903.560    30.502    -0.56    5.29
-111527.489    30.348    -0.41    6.21
-111151.418    29.404    -2.51    6.63
-110775.349    27.656    -4.65    6.67
-110399.281    26.411    -3.31    5.78
-110023.213    25.451    -2.55    5.00
-109647.147    26.445     2.64    5.62
-109271.081    26.840     1.05    5.18
-108895.016    27.330     1.30    6.00
-108518.952    28.553     3.25    6.21
-108142.889    29.332     2.07    6.80
-107766.827    28.793    -1.43    8.23
-107390.766    29.601     2.15    8.35
-107014.705    28.492    -2.95    6.95
-106638.646    28.465    -0.07    7.11
-106262.587    28.033    -1.15    7.17
-105886.529    27.596    -1.16    7.35
-105510.472    26.707    -2.36    6.35
-105134.416    28.143     3.82    6.87
-104758.361    30.114     5.24    6.07
-104382.306    30.656     1.44    6.06
-104006.253    30.519    -0.36    6.69
-103630.200    27.629    -7.69    7.61
-103254.148    22.550   -13.51    7.73
-102878.097    19.861    -7.15    6.99
-102501.983    16.848    -8.01    5.79
-102125.762    16.682    -0.44    5.21
-101749.542    18.220     4.09    5.02
-101373.323    18.853     1.68    4.82
-100997.105    19.323     1.25    3.96
-100620.888    18.303    -2.71    3.57
-100244.672    17.249    -2.80    3.87
 -99868.456    15.952    -3.45    4.64
 -99492.241    15.265    -1.83    4.66
 -99116.027    16.759     3.97    4.90
 -98739.814    18.682     5.11    4.24
 -98363.602    19.709     2.73    3.30
 -97987.391    21.057     3.58    2.19
 -97611.180    21.708     1.73    1.33
 -97234.970    21.682    -0.07    1.50
 -96858.761    21.222    -1.22    1.56
 -96482.553    20.323    -2.39    1.72
 -96106.346    19.932    -1.04    1.71
 -95730.139    19.006    -2.46    1.23
 -95353.934    18.129    -2.33    1.37
 -94977.729    16.996    -3.01    2.03
 -94601.525    16.220    -2.06    1.74
 -94225.322    15.425    -2.11    1.46
 -93849.119    15.126    -0.80    1.34
 -93472.918    14.844    -0.75    1.36
 -93096.717    14.925     0.22    1.42
 -92720.517    14.971     0.12    1.41
 -92344.318    15.532     1.49    1.93
 -91968.119    16.141     1.62    1.86
 -91591.922    17.066     2.46    1.86
 -91215.725    17.576     1.36    2.06
 -90839.529    18.497     2.45    2.44
 -90463.334    20.411     5.09    3.34
 -90087.139    21.807     3.71    3.60
 -89710.946    22.813     2.68    3.66
 -89334.753    23.265     1.20    3.56
 -88958.561    21.601    -4.42    4.25
 -88582.370    19.053    -6.77    4.02
 -88206.179    16.656    -6.37    4.13
 -87829.990    16.041    -1.64    4.06
 -87453.801    16.093     0.14    4.08
 -87077.613    16.492     1.06    3.94
 -86701.425    18.060     4.17    4.32
 -86325.239    18.222     0.43    3.83
 -85949.053    18.477     0.68    3.87
 -85572.868    18.952     1.26    3.52
 -85196.684    20.733     4.73    4.81
 -84820.500    21.576     2.24    5.04
 -84444.318    24.092     6.69    4.21
 -84068.136    25.465     3.65    3.50
 -83691.955    25.194    -0.72    3.29
 -83315.774    24.734    -1.22    3.73
 -82939.595    23.321    -3.76    3.50
 -82563.416    23.303    -0.05    4.39
 -82187.238    23.276    -0.07    5.04
 -81811.060    23.276     0.00    4.29
 -81434.884    22.220    -2.81    3.84
 -81058.708    21.505    -1.90    2.35
 -80682.533    20.861    -1.71    2.00
 -80306.359    20.576    -0.76    2.25
 -79930.185    21.237     1.76    2.56
 -79554.012    22.297     2.82    2.42
 -79177.840    23.033     1.96    2.37
 -78801.669    23.129     0.26    3.61
 -78425.498    23.576     1.19    4.11
 -78049.328    24.810     3.28    4.31
 -77673.159    25.898     2.89    4.65
 -77296.991    26.989     2.90    3.80
 -76920.823    27.057     0.18    1.94
 -76544.656    26.682    -1.00    1.67
 -76168.490    25.655    -2.73    2.37
 -75792.325    24.925    -1.94    2.92
 -75416.160    24.276    -1.72    2.94
 -75039.996    23.682    -1.58    2.96
 -74663.833    23.624    -0.15    2.39
 -74287.670    23.632     0.02    1.71
 -73911.508    23.708     0.20    1.65
 -73535.347    23.411    -0.79    1.73
 -73159.187    23.323    -0.24    1.68
 -72783.027    22.971    -0.93    1.77
 -72406.868    22.866    -0.28    1.69
 -72030.710    22.519    -0.92    1.42
 -71654.553    22.477    -0.11    1.24
 -71278.396    22.487     0.03    1.47
 -70902.240    22.194    -0.78    1.62
 -70526.084    22.207     0.03    1.65
 -70149.930    22.025    -0.48    1.70
 -69773.776    21.628    -1.06    1.51
 -69397.622    21.357    -0.72    1.83
 -69021.470    20.925    -1.15    1.55
 -68645.318    21.087     0.43    1.59
 -68269.167    21.459     0.99    1.93
 -67893.016    21.866     1.08    1.96
 -67516.866    22.656     2.10    2.37
 -67140.717    23.006     0.93    2.10
 -66764.569    22.971    -0.09    1.93
 -66388.421    22.630    -0.91    2.26
 -66012.274    21.887    -1.98    2.41
 -65636.128    21.844    -0.11    2.43
 -65259.982    22.118     0.73    2.21
 -64883.837    22.209     0.24    1.95
 -64507.693    23.438     3.27    2.49
 -64131.549    23.682     0.65    2.95
 -63755.406    23.307    -1.00    3.76
 -63379.264    22.297    -2.68    5.19
 -63003.122    20.155    -5.69    6.10
 -62626.981    19.141    -2.70    6.81
 -62250.841    18.844    -0.79    6.02
 -61874.702    19.404     1.49    5.13
 -61498.563    20.313     2.42    5.36
 -61122.424    21.912     4.25    4.70
 -60746.287    23.330     3.77    5.64
 -60370.150    24.579     3.32    6.42
 -59994.014    26.810     5.93    7.18
 -59617.878    31.271    11.86    6.73
 -59241.743    33.871     6.91    5.51
 -58865.609    35.257     3.68    4.03
 -58489.475    34.276    -2.61    4.23
 -58113.342    32.574    -4.53    2.88
 -57737.210    32.087    -1.29    2.49
 -57361.078    32.476     1.03    2.17
 -56984.947    33.118     1.71    2.70
 -56608.816    34.220     2.93    4.22
 -56232.687    34.348     0.34    5.27
 -55856.558    33.066    -3.41    6.31
 -55480.429    31.071    -5.31    6.15
 -55104.301    28.682    -6.35    5.17
 -54728.174    27.451    -3.27    4.03
 -54352.047    26.790    -1.76    2.63
 -53975.921    26.287    -1.34    3.22
 -53599.796    27.076     2.10    4.33
 -53223.671    28.932     4.93    5.44
 -52847.547    29.925     2.64    5.88
 -52471.424    30.861     2.49    6.16
 -52095.301    30.656    -0.55    5.90
 -51719.179    29.182    -3.92    5.48
 -51343.057    29.114    -0.18    5.12
 -50966.937    29.598     1.29    4.29
 -50590.816    29.603     0.01    3.67
 -50214.696    30.432     2.20    3.40
 -49838.577    30.015    -1.11    3.10
 -49462.459    26.507    -9.33    5.10
 -49086.341    23.249    -8.66    5.28
 -48710.224    20.979    -6.04    4.16
 -48334.107    18.918    -5.48    2.26
 -47957.991    18.287    -1.68    1.59
 -47581.876    17.682    -1.61    1.36
 -47205.761    17.626    -0.15    1.17
 -46829.647    16.528    -2.92    1.37
 -46453.533    15.987    -1.44    1.35
 -46077.420    15.932    -0.15    1.41
 -45701.307    16.261     0.87    1.78
 -45325.196    16.793     1.41    2.05
 -44949.084    18.628     4.88    3.46
 -44572.974    20.987     6.27    5.37
 -44196.864    22.024     2.76    5.92
 -43820.754    22.964     2.50    6.11
 -43444.645    23.574     1.62    6.54
 -43068.537    22.657    -2.44    6.54
 -42692.429    22.271    -1.02    5.86
 -42316.322    21.866    -1.08    5.50
 -41940.215    21.438    -1.14    4.42
 -41564.109    20.912    -1.40    3.51
 -41188.004    21.323     1.09    2.84
 -40811.899    21.098    -0.60    2.08
 -40435.795    20.630    -1.24    1.61
 -40059.691    21.098     1.24    2.13
 -39683.588    21.813     1.90    2.58
 -39307.485    22.502     1.83    2.82
 -38931.383    23.119     1.64    3.52
 -38555.282    22.952    -0.44    4.17
 -38179.181    21.103    -4.92    4.75
 -37803.081    18.763    -6.22    4.33
 -37426.981    17.297    -3.90    4.01
 -37050.882    15.959    -3.56    3.90
 -36674.783    15.425    -1.42    3.47
 -36298.685    14.348    -2.86    2.42
 -35922.587    13.989    -0.95    2.03
 -35546.490    14.952     2.56    3.24
 -35170.394    14.997     0.12    4.05
 -34794.298    14.708    -0.77    3.32
 -34418.203    14.043    -1.77    3.03
 -34042.108    13.898    -0.39    2.04
 -33666.014    14.655     2.01    1.83
 -33289.920    15.524     2.31    3.26
 -32913.827    17.118     4.24    4.20
 -32537.734    18.432     3.49    5.12
 -32161.642    18.445     0.03    4.80
 -31785.550    17.707    -1.96    4.01
 -31409.459    16.543    -3.10    3.13
 -31033.369    15.912    -1.68    1.20
 -30657.279    15.736    -0.47    1.29
 -30281.189    15.477    -0.69    1.22
 -29905.101    15.964     1.30    1.49
 -29529.012    16.208     0.65    1.59
 -29152.924    16.392     0.49    1.45
 -28776.837    16.143    -0.66    1.39
 -28400.750    15.605    -1.43    1.31
 -28024.664    15.237    -0.98    1.13
 -27648.578    15.006    -0.61    1.45
 -27272.419    14.438    -1.51    1.75
 -26896.231    13.844    -1.58    1.74
 -26520.044    13.465    -1.01    1.78
 -26143.857    13.505     0.11    1.82
 -25767.670    13.582     0.20    1.72
 -25391.484    13.887     0.81    1.76
 -25015.298    13.848    -0.10    1.66
 -24639.113    13.887     0.10    2.17
 -24262.928    13.114    -2.05    2.42
 -23886.744    12.129    -2.62    2.41
 -23510.561    10.971    -3.08    1.83
 -23134.378    10.553    -1.11    1.56
 -22758.195    10.384    -0.45    1.70
 -22382.013    10.129    -0.68    1.84
 -22005.831     9.857    -0.72    1.69
 -21629.650     9.453    -1.07    1.80
 -21253.469     9.787     0.89    1.54
 -20877.289     9.925     0.37    1.67
 -20501.110    10.033     0.29    1.75
 -20124.930    10.411     1.01    2.16
 -19748.752    11.126     1.90    2.21
 -19372.573    11.400     0.73    2.04
 -18996.396    11.553     0.41    1.79
 -18620.218    11.655     0.27    1.64
 -18244.041    11.194    -1.22    1.75
 -17867.865    11.208     0.04    1.64
 -17491.689    10.887    -0.85    1.49
 -17115.514    10.418    -1.24    1.22
 -16739.339     9.887    -1.41    1.51
 -16363.164     9.571    -0.84    1.47
 -15986.990     9.813     0.65    1.47
 -15610.817    10.041     0.60    1.56
 -15234.644    10.388     0.92    1.55
 -14858.471    10.784     1.05    1.35
 -14482.299    11.411     1.67    1.19
 -14106.127    11.571     0.42    1.33
 -13729.956    11.357    -0.57    1.29
 -13353.785    11.459     0.27    1.33
 -12977.615    11.524     0.17    1.37
 -12601.445    11.457    -0.18    1.33
 -12225.275    11.736     0.74    1.10
 -11849.106    11.682    -0.14    1.05
 -11472.938    11.418    -0.70    1.22
 -11096.769    11.208    -0.56    1.31
 -10720.602    10.898    -0.82    1.55
 -10344.434    10.182    -1.90    1.92
  -9968.268     9.574    -1.62    2.27
  -9592.101     8.709    -2.30    2.13
  -9215.935     8.114    -1.58    2.09
  -8839.770     7.796    -0.85    1.45
  -8463.605     8.477     1.81    1.61
  -8087.440     9.066     1.57    1.70
  -7711.276     9.367     0.80    1.91
  -7335.112     9.736     0.98    1.61
  -6958.948     9.682    -0.14    1.45
  -6582.785     9.997     0.84    1.53
  -6206.623    10.582     1.55    1.39
  -5830.461    11.033     1.20    1.30
  -5454.299    11.313     0.74    1.44
  -5078.138    11.682     0.98    1.72
  -4701.977    13.682     5.32    4.29
  -4325.816    15.249     4.17    5.37
  -3949.656    15.007    -0.64    6.16
  -3573.497    13.576    -3.80    7.21
  -3197.337    12.736    -2.23    7.01
  -2821.178    11.222    -4.02    6.74
  -2445.020     9.821    -3.73    8.29
  -2068.862     7.605    -5.89    8.23
  -1692.704     4.835    -7.36    7.01
  -1316.547     2.882    -5.19    4.24
   -940.390     2.066    -2.17    2.65
   -564.234     1.357    -1.88    2.79
   -188.078     0.598    -2.02    2.62
    188.078     0.502    -0.26    1.85
    564.233     0.866     0.97    2.19
    940.388     1.015     0.40    2.24
   1316.543     0.945    -0.19    2.15
   1692.697     0.707    -0.63    2.05
   2068.851     0.182    -1.40    1.52
   2445.004    -0.193    -1.00    0.79
   2821.157    -0.318    -0.33    0.00
   3197.310    -0.318     0.00    0.00
   3573.462    -0.318     0.00    0.00
   3949.614    -0.318     0.00    0.00
   4325.765    -0.318     0.00    0.00
   4701.916    -0.318     0.00    0.00
   5078.067    -0.041     0.74    0.94
   5454.217     1.759     4.78    3.53
   5830.367     3.234     3.92    4.73
   6206.517     3.871     1.69    5.13
   6582.666     3.041    -2.21    5.29
   6958.815     3.313     0.72    5.03
   7334.964     9.024    15.18   10.22
   7711.112    13.222    11.16   10.03
   8087.260    17.682    11.86    7.89
   8463.407    19.543     4.95    7.02
   8839.555    17.579    -5.22    6.76
   9215.701    17.579     0.00    6.90
   9591.848    14.858    -7.23    5.86
   9967.994    15.546     1.83    5.43
  10344.140    16.709     3.09    5.44
  10720.285    16.303    -1.08    5.30
  11096.430    17.033     1.94    4.85
  11472.575    17.487     1.21    4.31
  11848.719    17.220    -0.71    4.11
  12224.863    17.246     0.07    4.41
  12601.007    17.871     1.66    4.37
  12977.150    17.129    -1.97    4.86
  13353.293    15.945    -3.15    4.08
  13729.436    14.348    -4.24    3.84
  14105.579    12.546    -4.79    2.49
  14481.721    12.194    -0.94    1.80
  14857.862    11.876    -0.85    1.45
  15234.004    11.989     0.30    1.78
  15610.145    12.733     1.98    2.41
  15986.286    12.838     0.28    2.53
  16362.426    14.271     3.81    4.02
  16738.566    15.492     3.25    4.17
  17114.706    15.979     1.29    4.53
  17490.846    16.471     1.31    3.83
  17866.985    17.071     1.59    3.76
  18243.124    17.143     0.19    3.84
  18619.262    16.707    -1.16    3.80
  18995.400    14.628    -5.53    2.77
  19371.538    15.015     1.03    2.42
  19747.676    15.323     0.82    2.40
  20123.813    15.553     0.61    2.43
  20499.950    16.249     1.85    1.77
  20876.087    16.271     0.06    1.97
  21252.224    16.276     0.01    2.11
  21628.360    15.763    -1.37    2.42
  22004.496    15.357    -1.08    2.60
  22380.631    14.900    -1.21    2.51
  22756.767    15.169     0.71    3.36
  23132.902    16.076     2.41    4.54
  23509.036    15.848    -0.61    4.49
  23885.171    14.861    -2.62    4.45
  24261.305    14.321    -1.44    3.63
  24637.439    15.169     2.26    4.58
  25013.572    15.733     1.50    4.71
  25389.706    16.871     3.03    4.50
  25765.839    16.708    -0.43    4.40
  26141.971    15.938    -2.05    3.56
  26518.104    15.332    -1.61    2.14
  26894.236    15.330    -0.00    1.98
  27270.368    15.066    -0.70    2.58
  27646.500    14.787    -0.74    2.62
  28022.631    14.087    -1.86    2.09
  28398.762    14.601     1.37    2.19
  28774.893    14.510    -0.24    2.01
  29151.024    15.041     1.41    2.30
  29527.154    15.532     1.31    2.19
  29903.284    15.465    -0.18    2.32
  30279.414    15.733     0.71    2.14
  30655.543    17.209     3.93    2.95
  31031.673    17.892     1.82    2.73
  31407.802    18.784     2.37    2.29
  31783.931    18.445    -0.90    1.95
  32160.059    18.515     0.19    2.17
  32536.187    18.182    -0.89    2.63
  32912.316    17.732    -1.20    2.51
  33288.443    17.237    -1.31    2.10
  33664.571    17.066    -0.45    1.94
  34040.698    16.866    -0.53    2.32
  34416.825    16.249    -1.64    2.83
  34792.952    15.628    -1.65    3.33
  35169.079    15.043    -1.55    3.63
  35545.205    14.092    -2.53    4.12
  35921.331    12.907    -3.15    3.89
  36297.457    12.817    -0.24    3.80
  36673.583    12.407    -1.09    3.34
  37049.709    13.234     2.20    3.49
  37425.834    14.340     2.94    3.37
  37801.959    15.546     3.21    2.97
  38178.084    16.938     3.70    2.73
  38554.208    17.898     2.55    2.66
  38930.333    18.098     0.53    3.21
  39306.457    17.497    -1.60    2.99
  39682.581    17.265    -0.62    3.27
  40058.705    16.323    -2.51    3.16
  40434.828    16.297    -0.07    3.25
  40810.951    16.396     0.26    3.69
  41187.075    15.141    -3.34    3.58
  41563.197    14.168    -2.59    3.24
  41939.320    13.357    -2.16    2.52
  42315.443    14.307     2.52    2.71
  42691.565    15.168     2.29    2.73
  43067.687    16.261     2.90    3.07
  43443.809    17.553     3.44    3.23
  43819.931    18.050     1.32    2.95
  44196.052    18.060     0.03    4.05
  44572.173    16.938    -2.98    4.92
  44948.295    15.629    -3.48    5.57
  45324.415    14.654    -2.59    4.59
  45700.536    14.898     0.65    4.16
  46076.657    17.376     6.59    3.65
  46452.777    18.366     2.63    3.74
  46828.897    18.502     0.36    3.60
  47205.017    18.807     0.81    2.74
  47581.139    18.168    -1.70    2.98
  47957.303    16.979    -3.16    3.11
  48333.468    15.487    -3.97    2.66
  48709.632    15.194    -0.78    2.75
  49085.796    16.006     2.16    3.20
  49461.960    16.015     0.02    3.23
  49838.124    15.015    -2.66    3.71
  50214.287    14.629    -1.03    3.37
  50590.450    13.952    -1.80    3.11
  50966.614    14.938     2.62    3.35
  51342.777    16.656     4.57    3.58
  51718.940    17.126     1.25    3.83
  52095.102    17.195     0.18    4.00
  52471.265    16.601    -1.58    4.10
  52847.427    16.871     0.72    4.20
  53223.589    16.471    -1.06    4.33
  53599.751    15.652    -2.18    4.92
  53975.913    12.707    -7.83    5.37
  54352.075    10.445    -6.01    5.20
  54728.237     8.265    -5.79    4.29
  55104.398     6.964    -3.46    3.32
  55480.560     6.546    -1.11    2.47
  55856.721     6.234    -0.83    2.20
  56232.882     5.629    -1.61    1.51
  56609.043     5.169    -1.22    1.19
  56985.204     4.709    -1.22    1.04
  57361.364     5.287     1.54    1.53
  57737.525     5.532     0.65    2.26
  58113.685     5.453    -0.21    1.66
  58489.845     6.628     3.12    3.66
  58866.006     7.817     3.16    4.40
  59242.166     8.574     2.01    4.87
  59618.325     7.817    -2.01    4.10
  59994.485     7.098    -1.91    2.55
  60370.645     7.107     0.02    2.93
  60746.804     6.734    -0.99    2.47
  61122.964     6.546    -0.50    1.16
  61499.123     7.630     2.88    4.36
  61875.282     8.866     3.28    6.20
  62251.441     8.989     0.33    6.18
  62627.600     9.087     0.26    6.34
  63003.759     6.912    -5.78    2.36
  63379.918     6.098    -2.16    1.59
  63756.076     5.761    -0.90    1.60
  64132.235     5.451    -0.82    1.65
  64508.393     5.150    -0.80    1.72
  64884.551     5.400     0.66    1.49
  65260.710     5.492     0.25    1.20
  65636.868     5.543     0.13    1.10
  66013.026     5.303    -0.64    1.32
  66389.183     5.348     0.12    1.33
  66765.341     5.313    -0.09    1.38
  67141.499     5.374     0.16    1.40
  67517.657     5.519     0.39    1.57
  67893.814     5.656     0.36    1.39
  68269.972     5.605    -0.14    1.38
  68646.129     5.810     0.55    1.26
  69022.286     6.141     0.88    1.14
  69398.443     6.220     0.21    1.23
  69774.600     6.195    -0.07    1.07
  70150.757     6.060    -0.36    1.19
  70526.914     6.357     0.79    1.67
  70903.071     6.651     0.78    3.30
  71279.228     5.835    -2.17    3.38
  71655.385     5.015    -2.18    3.52
  72031.541     4.821    -0.52    3.63
  72407.698     3.574    -3.32    1.10
  72783.855     3.598     0.07    1.02
  73160.011     4.182     1.55    1.59
  73536.167     4.194     0.03    1.67
  73912.324     4.438     0.65    1.98
  74288.480     4.603     0.44    1.95
  74664.636     4.497    -0.28    1.90
  75040.792     4.220    -0.74    1.59
  75416.948     4.195    -0.07    1.33
  75793.104     4.607     1.09    1.33
  76169.260     4.629     0.06    1.27
  76545.416     4.817     0.50    1.32
  76921.572     4.790    -0.07    1.39
  77297.728     4.515    -0.73    1.38
  77673.884     4.579     0.17    1.64
  78050.040     4.451    -0.34    1.66
  78426.195     4.796     0.92    3.04
  78802.351     5.445     1.73    3.12
  79178.507     6.438     2.64    3.06
  79554.662     7.071     1.68    2.69
  79930.818     7.182     0.30    1.39
  80306.973     7.601     1.11    2.13
  80683.129     7.550    -0.13    1.55
  81059.284     8.234     1.82    1.77
  81435.440     8.432     0.52    1.79
  81811.595    10.168     4.62    4.54
  82187.751    12.832     7.08    8.44
  82563.906    15.733     7.71   10.49
  82940.061    19.348     9.61   10.90
  83316.217    20.384     2.75   10.11
  83692.372    21.006     1.65    9.48
  84068.527    21.709     1.87    8.58
  84444.682    24.579     7.63    9.16
  84820.838    26.519     5.16    8.74
  85196.993    26.907     1.03    9.59
  85573.148    24.787    -5.64   11.24
  85949.303    23.979    -2.15   11.34
  86325.459    26.076     5.58   11.23
  86701.614    29.271     8.49    8.98
  87077.769    30.024     2.00    7.15
  87453.924    30.071     0.12    5.21
  87830.079    28.323    -4.65    4.85
  88206.235    26.098    -5.91    3.44
  88582.390    25.861    -0.63    2.96
  88958.545    25.835    -0.07    2.59
  89334.700    25.596    -0.64    2.88
  89710.856    25.168    -1.14    2.73
  90087.011    25.628     1.22    2.72
  90463.166    25.445    -0.49    2.54
  90839.321    25.682     0.63    2.28
  91215.477    25.987     0.81    2.01
  91591.632    26.451     1.23    1.74
  91967.787    26.912     1.23    1.83
  92343.943    27.330     1.11    1.89
  92720.098    27.736     1.08    1.84
  93096.253    27.497    -0.63    2.04
  93472.409    27.169    -0.87    2.35
  93848.564    26.571    -1.59    2.39
  94224.720    26.733     0.43    2.36
  94600.875    26.959     0.60    2.12
  94977.031    27.287     0.87    2.25
  95353.186    27.912     1.66    1.78
  95729.342    27.869    -0.12    1.60
  96105.497    28.103     0.62    1.72
  96481.653    28.087    -0.04    1.62
  96857.809    28.438     0.93    1.38
  97233.965    28.246    -0.51    1.59
  97610.120    27.736    -1.36    1.93
  97986.276    27.682    -0.14    2.03
  98362.432    27.143    -1.43    2.43
  98738.588    27.340     0.52    2.20
  99114.744    27.033    -0.81    2.29
  99490.900    26.810    -0.59    2.30
  99867.056    26.348    -1.23    2.03
 100243.212    26.195    -0.41    1.95
 100619.368    25.892    -0.81    1.83
 100995.525    25.574    -0.85    1.94
 101371.681    25.925     0.93    2.02
 101747.837    26.114     0.50    2.01
 102123.994    26.432     0.84    1.78
 102500.150    26.502     0.19    1.32
 102876.307    26.194    -0.82    1.57
 103252.464    25.543    -1.73    1.46
 103628.620    25.323    -0.59    1.46
 104004.777    24.763    -1.49    1.79
 104380.934    24.323    -1.17    1.56
 104757.091    24.050    -0.72    1.24
 105133.248    24.024    -0.07    1.26
 105509.405    24.168     0.38    1.35
 105885.562    24.528     0.96    1.39
 106261.719    24.828     0.80    1.59
 106637.877    25.043     0.57    1.48
 107014.034    25.114     0.19    1.48
 107390.192    25.141     0.07    1.52
 107766.349    25.276     0.36    1.44
 108142.507    26.141     2.30    1.39
 108518.665    26.882     1.97    1.71
 108894.823    27.400     1.38    1.50
 109270.981    28.169     2.04    1.55
 109647.139    28.736     1.51    1.35
 110023.297    28.502    -0.62    1.32
 110399.455    28.126    -1.00    1.25
 110775.614    28.103    -0.06    1.13
 111151.772    27.912    -0.51    1.13
 111527.931    28.374     1.23    1.30
 111904.089    28.654     0.74    1.16
 112280.248    28.761     0.28    1.02
 112656.407    29.041     0.74    1.22
 113032.566    29.043     0.01    1.22
 113408.725    29.323     0.74    1.25
 113784.885    29.276    -0.12    1.28
 114161.044    28.925    -0.93    1.26
 114537.203    28.465    -1.22    1.57
 114913.363    28.154    -0.83    1.61
 115289.523    28.220     0.18    1.64
 115665.683    28.282     0.16    1.69
 116041.843    28.357     0.20    1.81
 116418.003    28.257    -0.27    1.82
 116794.163    27.761    -1.32    1.70
 117170.323    27.550    -0.56    1.56
 117546.484    27.222    -0.87    1.35
 117922.644    27.357     0.36    1.37
 118298.805    27.098    -0.69    1.52
 118674.966    26.898    -0.53    1.27
 119051.127    26.787    -0.29    1.18
 119427.288    26.737    -0.13    1.15
 119803.450    27.041     0.81    1.37
 120179.611    27.194     0.41    1.47
 120555.773    27.367     0.46    1.49
 120931.935    27.519     0.40    1.38
 121308.097    27.276    -0.65    1.34
 121684.259    27.076    -0.53    1.64
 122060.421    26.707    -0.98    1.85
 122436.583    26.655    -0.14    1.85
 122812.734    26.892     0.63    1.40
 123188.866    26.787    -0.28    1.56
 123564.997    26.603    -0.49    1.73
 123941.129    26.249    -0.94    1.77
 124317.260    26.457     0.55    2.36
 124693.392    27.261     2.14    2.40
 125069.524    27.626     0.97    2.59
 125445.657    27.574    -0.14    2.31
 125821.789    27.224    -0.93    2.21
 126197.922    27.707     1.28    1.90
 126574.055    27.682    -0.07    2.16
 126950.188    28.093     1.09    2.12
 127326.321    28.736     1.71    2.00
 127702.454    29.303     1.51    1.64
 128078.588    29.209    -0.25    1.52
 128454.721    29.425     0.57    1.50
 128830.855    29.787     0.96    1.72
 129206.989    29.861     0.20    1.90
 129583.123    30.118     0.68    1.80
 129959.258    30.143     0.07    1.92
 130335.392    30.195     0.14    1.97
 130711.527    30.432     0.63    1.86
 131087.662    30.271    -0.43    1.97
 131463.797    29.987    -0.76    1.88
 131839.933    29.871    -0.31    1.75
 132216.068    29.763    -0.29    1.82
 132592.204    29.492    -0.72    1.73
 132968.340    29.733     0.64    1.85
 133344.476    30.123     1.04    1.81
 133720.613    30.682     1.49    1.97
 134096.749    30.603    -0.21    2.20
 134472.886    29.515    -2.89    3.79
 134849.023    28.348    -3.10    4.04
 135225.160    27.438    -2.42    4.30
 135601.298    26.392    -2.78    4.20
 135977.436    25.155    -3.29    4.55
 136353.573    21.682    -9.24    6.23
 136729.712    17.357   -11.50    6.13
 137105.850    14.605    -7.32    4.76
 137481.988    12.557    -5.45    2.22
 137858.127    12.348    -0.55    1.82
 138234.266    12.979     1.68    2.01
 138610.405    14.925     5.17    5.60
 138986.545    19.330    11.71    8.12
 139362.684    24.628    14.08    8.72
 139738.824    26.253     4.32    8.42
 140114.964    26.582     0.87    8.57
 140491.105    23.418    -8.41   10.05
 140867.245    21.303    -5.62    9.83
 141243.386    22.066     2.03    9.54
 141619.527    23.761     4.50    9.78
 141995.669    28.092    11.52    8.23
 142371.810    31.384     8.75    4.90
 142747.952    31.451     0.18    4.70
 143124.094    27.459   -10.61    8.75
 143500.236    23.348   -10.93   10.18
 143876.379    17.605   -15.27    8.71
 144252.522    12.775   -12.84    2.15
 144628.665    12.451    -0.86    1.71
 145004.808    12.492     0.11    1.82
 145380.952    12.765     0.72    1.92
 145757.096    12.411    -0.94    2.22
 146133.240    11.737    -1.79    2.01
 146509.384    10.840    -2.39    2.32
 146885.529    10.887     0.13    2.75
 147261.674    12.006     2.98    3.91
 147637.819    13.579     4.18    4.98
 148013.964    15.246     4.43    6.26
 148390.110    16.502     3.34    7.70
 148766.256    17.303     2.13    8.71
 149142.402    17.682     1.01    9.76
 149518.549    16.682    -2.66    9.50
 149894.695    15.195    -3.95    9.09
 150270.842    12.168    -8.05    6.95
 150646.990     9.682    -6.61    1.81
 151023.137     9.477    -0.55    1.20
 151399.285     9.603     0.34    1.10
 151775.433     9.682     0.21    1.31
 152151.582     9.576    -0.28    1.29
 152527.731     9.293    -0.75    1.29
 152903.880     8.892    -1.06    1.26
 153280.029     8.887    -0.01    1.28
 153656.179     9.168     0.75    1.35
 154032.329     9.471     0.81    1.30
 154408.479     9.425    -0.12    1.39
 154784.630     9.576     0.40    1.81
 155160.780     9.871     0.78    2.25
 155536.932    10.964     2.91    3.78
 155913.083    13.519     6.79    7.27
 156289.235    16.492     7.90    9.52
 156665.387    16.925     1.15   10.13
 157041.539    16.596    -0.87    9.74
 157417.692    15.707    -2.36    8.48
 157793.845    13.143    -6.82    5.33
 158169.998    12.182    -2.56    2.80
 158546.152    12.118    -0.17    2.40
 158922.306    11.793    -0.86    2.09
 159298.460    12.340     1.45    2.02
 159674.615    13.143     2.14    2.70
 160050.769    13.871     1.93    3.08
 160426.925    14.813     2.51    3.91
 160803.080    16.471     4.41    5.79
 161179.236    18.457     5.28    7.39
 161555.392    19.033     1.53    8.25
 161931.549    20.507     3.92    8.09
 162307.706    21.912     3.74    7.98
 162683.863    21.209    -1.87    7.92
 163060.020    21.871     1.76    7.71
 163436.178    23.293     3.78    9.24
 163812.337    23.313     0.05    9.70
 164188.495    25.407     5.57    9.44
 164564.654    26.904     3.98    8.90
 164940.813    26.707    -0.52    8.08
 165316.973    26.445    -0.70    7.24
 165693.133    26.182    -0.70    6.94
 166069.293    25.497    -1.82    7.11
 166445.454    24.810    -1.83    7.42
 166821.615    23.840    -2.58    7.61
 167197.776    22.821    -2.71    7.20
 167573.938    24.143     3.52    7.13
 167950.100    26.182     5.42    7.06
 168326.262    26.132    -0.13    7.36
 168702.425    27.425     3.44    6.57
 169078.588    26.082    -3.57    6.57
 169454.752    25.628    -1.21    5.72
 169830.915    25.790     0.43    4.82
 170207.080    26.550     2.02    4.87
 170583.244    29.323     7.37    5.65
 170959.409    31.546     5.91    5.08
 171335.575    32.964     3.77    3.71
 171711.740    33.143     0.48    3.64
 172087.906    32.603    -1.44    3.77
 172464.073    32.195    -1.08    3.61
 172840.240    31.553    -1.71    3.78
 173216.407    31.861     0.82    3.80
 173592.575    31.182    -1.81    4.31
 173968.743    30.194    -2.62    4.89
 174344.911    30.682     1.30    4.80
 174721.080    31.024     0.91    4.35
 175097.249    32.656     4.34    2.69
 175473.419    32.807     0.40    2.95
 175849.589    32.087    -1.91    3.58
 176225.759    29.840    -5.97    4.51
 176601.930    28.033    -4.80    5.41
 176978.101    26.297    -4.61    5.37
 177354.272    26.303     0.02    5.10
 177730.444    26.118    -0.49    5.05
 178106.617    25.707    -1.09    4.39
 178482.789    24.964    -1.98    3.58
 178858.962    25.060     0.26    3.32
 179235.136    25.220     0.43    2.13
 179611.310    25.471     0.67    2.08
 179987.484    26.098     1.67    2.08
 180363.659    26.898     2.13    2.41
 180739.834    27.601     1.87    2.18
 181116.010    28.655     2.80    2.09
 181492.186    29.220     1.50    1.50
 181868.363    29.369     0.40    1.26
 182244.539    29.502     0.35    1.21
 182620.717    29.323    -0.48    1.20
 182996.894    29.432     0.29    1.11
 183373.073    29.553     0.32    1.34
 183749.251    29.763     0.56    1.55
 184125.430    29.759    -0.01    2.04
 184501.610    29.945     0.50    2.15
 184877.790    29.892    -0.14    2.33
 185253.970    30.141     0.66    2.30
 185630.151    30.323     0.48    1.94
 186006.332    30.257    -0.18    1.81
 186382.513    30.432     0.47    1.93
 186758.696    29.952    -1.28    2.10
 187134.878    29.736    -0.57    2.16
 187511.061    30.114     1.01    2.54
 187887.244    30.709     1.58    2.30
 188263.428    31.539     2.21    1.91
 188639.613    31.782     0.65    2.07
 189015.797    31.810     0.07    2.52
 189391.983    31.060    -1.99    2.54
 189768.168    29.835    -3.26    3.59
 190144.354    28.709    -3.00    3.39
 190520.541    27.208    -3.99    3.37
 190896.728    26.287    -2.45    3.58
 191272.916    25.246    -2.77    3.69
 191649.104    24.098    -3.05    3.18
 192025.292    23.708    -1.04    3.16
 192401.481    24.989     3.41    4.10
 192777.670    27.053     5.49    5.62
 193153.860    28.246     3.17    6.19
 193530.050    29.628     3.67    6.46
 193906.241    30.546     2.44    5.49
 194282.432    29.709    -2.23    4.69
 194658.624    26.154    -9.45    7.05
 195034.816    21.579   -12.16    7.17
 195411.009    17.532   -10.76    5.26
 195787.202    15.790    -4.63    3.64
 196163.396    15.482    -0.82    3.94
 196539.590    14.971    -1.36    3.59
 196915.785    14.348    -1.66    2.30
 197291.980    14.114    -0.62    1.30
 197668.175    13.810    -0.81    1.24
 198044.306    13.571    -0.64    1.37
 198420.407    13.141    -1.14    1.19
 198796.509    13.050    -0.24    1.30
 199172.611    12.996    -0.14    1.39
 199548.714    13.143     0.39    1.54
 199924.817    13.092    -0.14    1.71
 200300.921    12.626    -1.24    1.82
 200677.025    12.168    -1.22    1.56
 201053.130    12.276     0.29    1.42
 201429.235    12.234    -0.11    1.31
 201805.341    12.207    -0.07    1.30
 202181.447    13.060     2.27    4.35
 202557.554    15.348     6.08    6.43
 202933.661    17.945     6.90    7.65
 203309.769    19.287     3.57    7.01
 203685.877    21.330     5.43    6.36
 204061.986    24.632     8.78    7.36
 204438.096    29.971    14.20    7.47
 204814.206    32.276     6.13    6.77
 205190.316    33.222     2.52    6.44
 205566.427    35.310     5.55    4.10
 205942.538    34.682    -1.67    3.05
 206318.650    33.759    -2.45    3.09
 206694.763    32.567    -3.17    1.98
 207070.876    32.519    -0.13    2.03
 207446.990    32.844     0.86    1.76
 207823.104    33.249     1.08    1.77
 208199.219    33.482     0.62    1.68
 208575.334    33.763     0.75    1.85
 208951.450    34.708     2.51    2.76
 209327.566    35.076     0.98    2.77
 209703.683    35.348     0.72    2.59
 210079.800    35.925     1.53    1.82
 210455.918    35.511    -1.10    1.66
 210832.037    34.707    -2.14    1.87
 211208.156    34.237    -1.25    1.84
 211584.275    33.033    -3.20    2.50
 211960.395    31.709    -3.52    2.83
 212336.516    31.357    -0.93    3.15
 212712.637    30.707    -1.73    3.34
 213088.759    30.482    -0.60    3.09
 213464.881    29.553    -2.47    2.87
 213841.004    29.103    -1.20    2.63
 214217.128    29.654     1.47    2.56
 214593.252    30.630     2.60    2.43
 214969.377    30.912     0.75    2.47
 215345.502    31.392     1.28    2.01
 215721.628    31.519     0.34    2.08
 216097.754    31.989     1.25    2.36
 216473.881    32.222     0.62    2.12
 216850.008    32.246     0.06    2.14
 217226.137    32.057    -0.50    2.06
 217602.265    31.793    -0.70    1.55
 217978.394    32.222     1.14    1.63
 218354.524    32.682     1.22    1.78
 218730.655    33.492     2.16    1.68
 219106.786    33.629     0.36    1.68
 219482.917    33.654     0.07    1.75
 219859.049    34.282     1.67    1.74
 220235.182    34.471     0.50    1.97
 220611.316    35.060     1.57    1.96
 220987.449    35.835     2.06    1.61
 221363.584    36.261     1.13    1.54
 221739.719    36.392     0.35    1.51
 222115.855    36.790     1.06    1.47
 222491.991    36.964     0.46    1.30
 222868.128    36.904    -0.16    1.40
 223244.266    37.194     0.77    1.43
 223620.404    36.989    -0.55    1.45
 223996.543    36.807    -0.49    1.95
 224372.682    37.006     0.53    2.00
 224748.822    36.817    -0.50    1.73
 225124.963    37.195     1.01    1.82
 225501.104    37.655     1.22    1.67
 225877.246    37.626    -0.08    1.74
 226253.388    37.840     0.57    1.44
 226629.531    37.964     0.33    1.28
 227005.675    37.761    -0.54    1.17
 227381.819    37.471    -0.77    1.34
 227757.964    37.066    -1.08    1.57
 228134.110    35.733    -3.54    2.27
 228510.256    34.465    -3.37    2.63
 228886.403    33.323    -3.04    2.56
 229262.550    32.276    -2.78    2.51
 229638.698    31.918    -0.95    2.52
 230014.847    32.524     1.61    2.85
 230390.996    33.213     1.83    2.84
 230767.146    34.348     3.02    2.72
 231143.297    35.629     3.40    2.03
 231519.448    36.543     2.43    1.57
 231895.600    36.964     1.12    1.39
 232271.753    37.348     1.02    1.57
 232647.906    37.835     1.30    1.76
 233024.060    37.945     0.29    1.75
 233400.214    38.033     0.23    1.74
 233776.369    38.246     0.57    1.27
 234152.525    38.169    -0.20    1.34
 234528.682    38.143    -0.07    1.33
 234904.839    38.376     0.62    1.43
 235280.996    38.208    -0.45    1.39
 235657.155    37.817    -1.04    1.36
 236033.314    37.655    -0.43    1.36
 236409.474    37.790     0.36    1.58
 236785.634    37.439    -0.93    1.56
 237161.795    36.630    -2.15    1.90
 237537.957    35.579    -2.79    2.01
 237914.120    35.209    -0.98    1.87
 238290.283    35.271     0.16    1.87
 238666.446    35.932     1.76    1.92
 239042.611    36.471     1.43    1.85
 239418.776    36.964     1.31    1.23
 239794.942    36.871    -0.25    1.29
 240171.108    36.971     0.27    1.33
 240547.275    36.861    -0.29    0.94
 240923.443    36.757    -0.28    1.21
 241299.612    36.628    -0.34    1.37
 241675.781    36.656     0.08    1.48
 242051.951    36.979     0.86    1.45
 242428.122    36.844    -0.36    1.50
 242804.293    37.060     0.57    1.48
 243180.465    37.154     0.25    1.48
 243556.638    36.787    -0.98    1.29
 243932.811    36.582    -0.55    1.30
 244308.985    36.487    -0.25    1.51
 244685.160    36.332    -0.41    1.51
 245061.335    36.114    -0.58    1.56
 245437.511    36.195     0.22    1.69
 245813.688    36.445     0.66    1.73
 246189.866    36.392    -0.14    1.56
 246566.044    36.601     0.55    1.42
 246942.223    36.844     0.65    1.30
 247318.403    36.982     0.37    1.22
 247694.583    37.487     1.34    1.21
 248070.765    37.579     0.24    1.14
 248446.946    37.866     0.76    1.23
 248823.129    38.293     1.13    1.25
 249199.312    38.222    -0.19    1.22
 249575.496    38.265     0.11    1.27
 249951.681    38.092    -0.46    1.25
 250327.867    37.989    -0.27    1.32
 250704.053    38.006     0.04    1.40
 251080.240    37.432    -1.53    1.98
 251456.427    37.418    -0.03    1.95
 251832.616    37.076    -0.91    1.97
 252208.805    36.519    -1.48    2.18
 252584.995    36.784     0.70    1.82
 252961.185    36.892     0.29    1.96
 253337.377    36.848    -0.12    1.84
 253713.569    36.989     0.37    1.47
 254089.762    36.959    -0.08    1.58
 254465.955    36.861    -0.26    1.47
 254842.150    36.887     0.07    1.40
 255218.345    36.712    -0.46    1.42
 255594.541    36.709    -0.01    1.38
 255970.737    36.655    -0.14    1.66
 256346.934    36.925     0.72    1.67
 256723.132    37.092     0.44    1.77
 257099.331    37.384     0.78    1.79
 257475.531    37.707     0.86    1.51
 257851.731    38.118     1.09    1.55
 258227.932    38.194     0.20    1.34
 258604.134    38.033    -0.43    1.46
 258980.337    37.550    -1.28    1.73
 259356.540    36.682    -2.31    2.00
 259732.744    34.904    -4.73    3.16
 260108.949    33.736    -3.11    3.77
 260485.155    32.087    -4.38    3.49
 260861.362    29.971    -5.62    4.46
 261237.569    30.118     0.39    5.49
 261613.777    30.088    -0.08    5.98
 261989.986    30.076    -0.03    5.65
 262366.195    30.861     2.09    5.40
 262742.406    31.654     2.11    5.71
 263118.617    32.246     1.57    5.35
 263494.829    32.438     0.51    5.07
 263871.041    33.579     3.03    4.47
 264247.255    34.553     2.59    3.48
 264623.469    35.945     3.70    2.61
 264999.684    37.682     4.62    2.39
 265375.900    38.477     2.11    2.31
 265752.117    39.041     1.50    1.87
 266128.334    39.765     1.93    2.20
 266504.553    39.925     0.43    2.11
 266880.772    40.574     1.72    2.16
 267256.992    41.087     1.36    1.86
 267633.212    41.276     0.50    1.79
 268009.434    41.711     1.16    1.57
 268385.656    41.757     0.12    1.14
 268761.879    41.630    -0.34    1.32
 269138.103    41.432    -0.53    1.50
 269514.328    41.194    -0.63    1.73
 269890.553    41.519     0.86    1.98
 270266.780    41.471    -0.13    1.85
 270643.007    41.945     1.26    1.50
 271019.235    41.759    -0.50    1.35
 271395.464    41.790     0.08    1.88
 271771.693    42.261     1.25    2.96
 272147.924    42.257    -0.01    3.59
 272524.155    42.015    -0.64    4.40
 272900.385    41.155    -2.28    4.16
 273276.459    41.168     0.03    3.42
 273652.534    41.871     1.87    2.36
 274028.609    42.276     1.08    2.01
 274404.685    42.987     1.89    1.88
 274780.762    43.733     1.98    1.99
 275156.840    44.810     2.86    2.59
 275532.919    45.817     2.68    2.38
 275908.998    46.733     2.44    2.31
 276285.079    47.076     0.91    1.98
 276661.160    46.912    -0.44    2.25
 277037.242    46.761    -0.40    2.43
 277413.325    46.989     0.61    2.66
 277789.409    47.182     0.51    2.40
 278165.493    48.024     2.24    2.18
 278541.579    48.348     0.86    1.91
 278917.665    48.623     0.73    1.67
 279293.752    49.271     1.72    2.27
 279669.840    49.492     0.59    2.89
 280045.929    49.626     0.36    2.84
 280422.019    50.682     2.81    3.74
 280798.110    52.209     4.06    5.98
 281174.201    53.313     2.93    6.29
 281550.294    55.584     6.04    7.75
 281926.387    59.033     9.17    8.48
 282302.481    64.912    15.63   10.76
 282678.576    71.945    18.70    7.92
 283054.672    74.246     6.12    6.52
 283430.768    73.276    -2.58    6.72
 283806.866    69.607    -9.76    7.59
 284182.964    65.871    -9.93    6.27
 284559.064    62.465    -9.05    3.84
 284935.164    63.141     1.80    4.44
 285311.265    62.682    -1.22    2.87
 285687.367    62.066    -1.64    2.93
 286063.470    61.682    -1.02    2.63
 286439.574    62.396     1.90    2.78
 286815.678    63.033     1.69    2.68
 287191.784    62.987    -0.12    2.63
 287567.890    63.945     2.55    3.20
 287943.997    66.082     5.68    6.86
 288320.106    68.060     5.26    9.19
 288696.215    70.129     5.50   10.94
 289072.325    72.050     5.11   12.00
 289448.436    72.425     1.00   12.51
 289824.547    74.033     4.27   12.47
 290200.660    74.382     0.93   10.84
 290576.774    71.813    -6.83   10.93
 290952.888    66.519   -14.08    9.76
 291329.004    60.925   -14.87    6.34
 291705.120    58.209    -7.22    3.26
 292081.237    58.553     0.91    3.40
 292457.355    58.400    -0.41    3.33
 292833.474    58.196    -0.54    3.27
 293209.594    57.076    -2.98    3.79
 293585.715    55.519    -4.14    4.13
 293961.837    53.793    -4.59    4.60
 294337.960    52.015    -4.73    4.03
 294714.084    50.655    -3.62    3.00
 295090.208    49.066    -4.22    3.59
 295466.334    48.261    -2.14    3.69
 295842.460    48.307     0.12    3.95
 296218.588    49.682     3.66    4.39
 296594.716    51.757     5.52    4.83
 296970.845    54.118     6.28    4.12
 297346.975    55.376     3.35    3.19
 297723.106    56.006     1.67    2.63
 298099.238    56.249     0.65    2.08
 298475.371    56.438     0.50    2.52
 298851.505    57.246     2.15    2.60
 299227.640    57.330     0.22    2.72
 299603.776    57.733     1.07    2.81
 299979.913    58.418     1.82    3.08
 300356.051    59.276     2.28    3.36
 300732.189    60.553     3.40    3.11
 301108.329    61.092     1.43    2.93
 301484.469    60.945    -0.39    2.94
 301860.611    61.098     0.41    3.17
 302236.754    61.425     0.87    3.70
 302612.897    61.492     0.18    4.19
 302989.041    62.348     2.28    4.13
 303365.187    61.194    -3.07    4.66
 303741.333    60.539    -1.74    4.88
 304117.480    61.844     3.47    5.12
 304493.629    63.601     4.67    4.69
 304869.778    65.628     5.39    3.29
 305245.928    66.628     2.66    2.73
 305622.079    67.654     2.73    2.43
 305998.232    68.145     1.31    2.50
 306374.385    68.502     0.95    2.34
 306750.539    68.763     0.69    2.29
 307126.694    69.182     1.11    2.48
 307502.850    70.129     2.52    1.75
 307879.007    70.810     1.81    1.84
 308255.165    71.736     2.46    1.51
 308631.324    72.297     1.49    1.46
 309007.484    72.293    -0.01    1.69
 309383.645    72.400     0.28    2.13
 309759.807    72.733     0.89    2.06
 310135.970    72.525    -0.55    2.14
 310512.134    73.087     1.49    2.37
 310888.299    74.222     3.02    2.06
 311264.465    74.844     1.65    1.97
 311640.632    75.313     1.25    2.08
 312016.800    76.195     2.34    2.32
 312392.969    76.682     1.29    2.18
 312769.139    77.348     1.77    2.20
 313145.310    78.060     1.89    1.66
 313521.482    78.918     2.28    1.95
 313897.655    79.169     0.67    2.92
 314273.829    78.630    -1.43    3.74
 314650.004    78.404    -0.60    4.44
 315026.180    78.337    -0.18    4.62
