# NaN NaN NaN ;Mean Elev.(m), Avg Gradient(m/km), RMS Gradient(m/km) - SRTM1     
# NaN NaN NaN ;Mean Elev.(m), Avg Gradient(m/km), RMS Gradient(m/km) - ASTER GDEM
#  304.296  -0.782   3.739 ;Mean Elev.(m), Avg Gradient(m/km), RMS Gradient(m/km) - GMTED2010 
  7   302.152 52457.86644959 51.57  18.115842  -0.092859 33.220
  7   302.159 52457.86645024 52.37  18.115112  -0.089559 33.220
  7   302.183 52457.86645088 53.71  18.114392  -0.086249 33.220
  7   302.290 52457.86645282 53.18  18.112212  -0.076329 33.220
  7   302.338 52457.86645346 51.76  18.111482  -0.073029 33.220
  8   302.263 52492.86642678 47.49  18.121919  -0.083970 45.366
  8   302.305 52492.86642742 47.74  18.121189  -0.080660 45.366
  8   302.338 52492.86642807 48.42  18.120459  -0.077360 45.366
  8   302.323 52492.86642871 49.16  18.119739  -0.074050 45.366
  8   302.280 52492.86642936 51.04  18.119009  -0.070750 45.366
 10   303.148 52562.86644901 50.05  18.117930  -0.086641 37.240
 10   303.209 52562.86644965 48.64  18.117200  -0.083341 37.240
 10   303.319 52562.86645030 45.75  18.116480  -0.080031 37.240
 10   303.142 52562.86645094 38.95  18.115750  -0.076731 37.240
 10   302.658 52562.86645159 39.26  18.115020  -0.073421 37.240
 14   302.174 52702.86640703 52.30  18.120437  -0.084136 36.949
 14   302.229 52702.86640768 52.84  18.119707  -0.080836 36.949
 14   302.255 52702.86640832 47.55  18.118987  -0.077526 36.949
 14   302.235 52702.86640897 52.33  18.118257  -0.074226 36.949
 14   302.222 52702.86640961 52.17  18.117527  -0.070916 36.949
 16   303.223 52772.86640784 30.16  18.118013  -0.087235  9.887
 16   302.974 52772.86640848 25.80  18.117283  -0.083935  9.887
 16   303.358 52772.86640913 28.37  18.116553  -0.080625  9.887
 16   303.216 52772.86640977 32.50  18.115833  -0.077325  9.887
 16   303.360 52772.86641041 30.01  18.115103  -0.074015  9.887
 18   302.858 52842.86652726 53.12  18.115155  -0.090047 45.811
 18   302.927 52842.86652790 52.56  18.114435  -0.086747 45.811
 18   302.910 52842.86652984 50.08  18.112255  -0.076827 45.811
 18   302.960 52842.86653048 49.69  18.111525  -0.073527 45.811
 19   302.472 52877.86656785 50.41  18.111086  -0.078281 46.704
 19   302.450 52877.86656850 52.99  18.110356  -0.074981 46.704
 20   303.146 52912.86652461 16.24  18.120893  -0.084445 13.181
 20   303.030 52912.86652526 13.66  18.120163  -0.081145 13.181
 20   303.044 52912.86652590 13.80  18.119443  -0.077835 13.181
 20   303.057 52912.86652655 13.68  18.118713  -0.074535 13.181
 20   303.218 52912.86652719 14.52  18.117983  -0.071225 13.181
 21   303.420 52947.86648206 28.17  18.119289  -0.084960 29.932
 21   303.397 52947.86648270 25.00  18.118559  -0.081650 29.932
 21   303.434 52947.86648335 28.52  18.117839  -0.078340 29.932
 21   303.358 52947.86648399 25.19  18.117109  -0.075040 29.932
 21   303.446 52947.86648464 33.16  18.116379  -0.071730 29.932
 23   304.142 53017.86650932 50.80  18.115382  -0.090285 48.601
 23   304.214 53017.86650997 50.70  18.114652  -0.086985 48.601
 23   304.200 53017.86651061 50.76  18.113922  -0.083675 48.601
 23   304.022 53017.86651190 53.43  18.112472  -0.077065 48.601
 23   304.069 53017.86651255 52.80  18.111742  -0.073765 48.601
 24   302.919 53052.86649088 51.40  18.118500  -0.088884 46.257
 24   302.991 53052.86649152 51.91  18.117770  -0.085574 46.257
 24   303.064 53052.86649217 51.97  18.117050  -0.082274 46.257
 24   303.047 53052.86649345 49.48  18.115590  -0.075664 46.257
 24   303.073 53052.86649410 50.99  18.114870  -0.072354 46.257
 26   302.247 53122.86649706 19.40  18.115550  -0.092842  9.906
 26   302.313 53122.86649771 18.11  18.114820  -0.089542  9.906
 26   302.354 53122.86649835 19.97  18.114090  -0.086232  9.906
 26   302.059 53122.86650029 17.66  18.111910  -0.076322  9.906
 26   302.394 53122.86650093 17.44  18.111190  -0.073012  9.906
 28   301.997 53192.86654900 51.51  18.118798  -0.086648 46.118
 28   301.995 53192.86654965 52.62  18.118078  -0.083348 46.118
 28   301.992 53192.86655029 52.20  18.117348  -0.080038 46.118
 28   301.981 53192.86655094 50.00  18.116618  -0.076738 46.118
 28   301.972 53192.86655158 51.25  18.115898  -0.073428 46.118
 33   303.887 53367.86647350 52.58  18.117552  -0.087650 48.713
 33   303.954 53367.86647414 51.54  18.116822  -0.084340 48.713
 33   303.943 53367.86647479 51.12  18.116102  -0.081040 48.713
 33   303.794 53367.86647608 50.69  18.114642  -0.074430 48.713
 34   302.002 53402.86650235 41.66  18.115542  -0.090199 28.250
 34   301.996 53402.86650299 35.08  18.114812  -0.086889 28.250
 34   302.079 53402.86650364 39.26  18.114092  -0.083589 28.250
 34   302.058 53402.86650493 35.12  18.112632  -0.076979 28.250
 34   302.109 53402.86650557 23.83  18.111912  -0.073669 28.250
 35   301.337 53437.86649124 52.25  18.116413  -0.088700 38.063
 35   301.356 53437.86649188 51.25  18.115683  -0.085390 38.063
 35   301.413 53437.86649253 49.38  18.114963  -0.082090 38.063
 35   301.410 53437.86649382 44.61  18.113503  -0.075480 38.063
 35   301.450 53437.86649446 44.87  18.112783  -0.072170 38.063
 41   302.737 53647.86652503 52.57  18.117136  -0.090482 44.088
 41   302.842 53647.86652567 53.75  18.116406  -0.087182 44.088
 41   302.971 53647.86652632 51.51  18.115676  -0.083872 44.088
 41   302.796 53647.86652761 50.45  18.114226  -0.077262 44.088
 41   302.862 53647.86652825 52.86  18.113506  -0.073952 44.088
 43   304.047 53717.86646789 52.49  18.118068  -0.086969 49.226
 43   304.093 53717.86646853 53.87  18.117338  -0.083659 49.226
 43   304.009 53717.86646917 49.29  18.116618  -0.080359 49.226
 43   303.912 53717.86646982 46.94  18.115888  -0.077049 49.226
 43   303.932 53717.86647046 52.19  18.115158  -0.073749 49.226
 44   302.466 53752.86638848 50.22  18.121122  -0.085853 46.831
 44   302.510 53752.86638912 53.92  18.120402  -0.082553 46.831
 44   302.555 53752.86638977 54.36  18.119672  -0.079243 46.831
 44   302.614 53752.86639041 49.90  18.118942  -0.075943 46.831
 44   302.662 53752.86639106 51.62  18.118222  -0.072633 46.831
 45   301.922 53787.86641861 49.15  18.118661  -0.085951 41.400
 45   301.896 53787.86641926 47.52  18.117941  -0.082651 41.400
 45   301.942 53787.86641990 45.27  18.117211  -0.079341 41.400
 45   301.985 53787.86642054 40.74  18.116481  -0.076041 41.400
 45   302.006 53787.86642119 48.05  18.115761  -0.072731 41.400
 46   302.246 53822.86637329 37.65  18.118222  -0.086552 19.391
 46   302.090 53822.86637393 28.83  18.117502  -0.083252 19.391
 46   302.091 53822.86637458 24.62  18.116772  -0.079942 19.391
 46   302.084 53822.86637522 28.38  18.116042  -0.076642 19.391
 46   302.150 53822.86637587 25.83  18.115322  -0.073332 19.391
 48   302.896 53892.86647985 53.46  18.118500  -0.085759 50.117
 48   302.940 53892.86648050 52.12  18.117770  -0.082449 50.117
 48   303.017 53892.86648114 50.49  18.117040  -0.079149 50.117
 48   303.049 53892.86648178 49.95  18.116320  -0.075839 50.117
 48   303.006 53892.86648243 54.25  18.115590  -0.072539 50.117
 51   301.807 53997.86646779 49.07  18.117974  -0.089992 44.342
 51   301.840 53997.86646843 51.94  18.117254  -0.086682 44.342
 51   301.883 53997.86646908 50.82  18.116524  -0.083382 44.342
 51   301.941 53997.86646972 48.09  18.115794  -0.080072 44.342
 51   301.999 53997.86647036 47.86  18.115074  -0.076772 44.342
 51   302.024 53997.86647101 52.55  18.114344  -0.073462 44.342
 52   302.696 54032.86651756 49.81  18.117913  -0.089798 41.884
 52   302.778 54032.86651821 47.82  18.117193  -0.086488 41.884
 52   302.880 54032.86651885 48.06  18.116463  -0.083188 41.884
 52   302.821 54032.86652014 49.23  18.115013  -0.076578 41.884
 52   302.754 54032.86652078 50.88  18.114283  -0.073268 41.884
 54   304.606 54102.86647012 52.67  18.115188  -0.090162 39.734
 54   304.760 54102.86647077 51.10  18.114458  -0.086862 39.734
 54   304.625 54102.86647270 46.31  18.112278  -0.076942 39.734
 54   304.666 54102.86647335 49.40  18.111558  -0.073642 39.734
 55   302.777 54137.86644014 52.86  18.115333  -0.091465 41.099
 55   302.812 54137.86644078 52.28  18.114613  -0.088155 41.099
 55   302.853 54137.86644143 51.56  18.113883  -0.084855 41.099
 55   302.953 54137.86644336 51.53  18.111703  -0.074935 41.099
 56   302.270 54172.86644786 24.83  18.114895  -0.090741 22.698
 56   302.307 54172.86644851 27.66  18.114165  -0.087441 22.698
 56   302.639 54172.86645044 44.49  18.111985  -0.077521 22.698
 56   302.495 54172.86645108 44.17  18.111255  -0.074221 22.698
 58   302.960 54242.86647836 49.76  18.115501  -0.089415 45.664
 58   303.039 54242.86647900 44.70  18.114781  -0.086115 45.664
 58   303.094 54242.86647964 45.12  18.114051  -0.082805 45.664
 58   303.059 54242.86648093 52.54  18.112601  -0.076195 45.664
 58   302.921 54242.86648158 51.06  18.111871  -0.072895 45.664
 59   303.064 54277.86649152 50.47  18.115840  -0.091757 46.525
 59   303.099 54277.86649217 51.30  18.115110  -0.088447 46.525
 59   303.089 54277.86649281 50.50  18.114390  -0.085147 46.525
 59   302.966 54277.86649474 49.60  18.112210  -0.075227 46.525
 60   302.327 54312.86649216 52.75  18.116458  -0.088441 42.966
 60   302.379 54312.86649280 52.33  18.115728  -0.085131 42.966
 60   302.454 54312.86649345 50.02  18.115008  -0.081831 42.966
 60   302.461 54312.86649473 51.04  18.113548  -0.075221 42.966
 60   302.466 54312.86649538 50.73  18.112828  -0.071911 42.966
 61   302.821 54347.86646317 50.04  18.116458  -0.091796 45.354
 61   302.905 54347.86646382 47.49  18.115728  -0.088496 45.354
 61   302.996 54347.86646446 49.50  18.114998  -0.085186 45.354
 61   302.997 54347.86646510 50.90  18.114278  -0.081886 45.354
 61   302.807 54347.86646639 50.19  18.112818  -0.075276 45.354
 61   302.830 54347.86646704 50.08  18.112098  -0.071966 45.354
 62   303.397 54382.86642902 53.58  18.116502  -0.091307 47.398
 62   303.461 54382.86642966 50.83  18.115772  -0.087997 47.398
 62   303.553 54382.86643031 52.10  18.115052  -0.084697 47.398
 62   303.482 54382.86643224 51.65  18.112872  -0.074777 47.398
 63   304.170 54417.86641223 50.47  18.115780  -0.092311 44.348
 63   304.213 54417.86641288 49.46  18.115050  -0.089011 44.348
 63   304.249 54417.86641352 47.30  18.114320  -0.085701 44.348
 63   304.165 54417.86641546 45.95  18.112140  -0.075791 44.348
 63   304.185 54417.86641610 45.19  18.111420  -0.072481 44.348
 64   304.717 54452.86639884 46.08  18.115948  -0.091204 42.510
 64   304.685 54452.86639949 39.22  18.115218  -0.087894 42.510
 64   304.663 54452.86640013 34.23  18.114498  -0.084594 42.510
 64   304.622 54452.86640207 35.29  18.112318  -0.074674 42.510
 65   303.910 54487.86641082 52.34  18.116737  -0.088770 46.188
 65   303.957 54487.86641146 52.51  18.116017  -0.085460 46.188
 65   303.991 54487.86641211 51.39  18.115287  -0.082160 46.188
 65   303.861 54487.86641339 52.06  18.113837  -0.075550 46.188
 65   303.866 54487.86641404 52.38  18.113107  -0.072240 46.188
 66   302.751 54522.86641193 52.65  18.117168  -0.090726 50.058
 66   302.782 54522.86641257 52.82  18.116438  -0.087416 50.058
 66   302.813 54522.86641322 52.12  18.115708  -0.084116 50.058
 66   302.825 54522.86641386 51.51  18.114988  -0.080806 50.058
 66   302.834 54522.86641515 52.33  18.113528  -0.074196 50.058
 67   302.608 54557.86642010 45.32  18.115890  -0.092337 26.927
 67   302.297 54557.86642074 38.87  18.115170  -0.089037 26.927
 67   302.209 54557.86642139 29.15  18.114440  -0.085727 26.927
 67   302.491 54557.86642332 43.92  18.112260  -0.075817 26.927
 67   302.674 54557.86642397 45.33  18.111540  -0.072507 26.927
 68   302.785 54592.86640833 49.99  18.115308  -0.092382 46.521
 68   302.751 54592.86640897 50.33  18.114578  -0.089072 46.521
 68   302.815 54592.86640962 48.88  18.113848  -0.085772 46.521
 68   302.793 54592.86641155 54.13  18.111678  -0.075852 46.521
 68   302.765 54592.86641220 52.17  18.110948  -0.072542 46.521
 69   302.539 54627.86642339 53.91  18.115410  -0.091851 46.518
 69   302.522 54627.86642404 52.43  18.114680  -0.088541 46.518
 69   302.483 54627.86642468 51.38  18.113960  -0.085241 46.518
 69   302.641 54627.86642662 51.46  18.111780  -0.075321 46.518
 71   302.348 54697.86640575 52.54  18.116513  -0.088367 45.681
 71   302.399 54697.86640639 52.10  18.115783  -0.085057 45.681
 71   302.450 54697.86640703 48.42  18.115053  -0.081757 45.681
 71   302.541 54697.86640832 49.40  18.113603  -0.075147 45.681
 71   302.494 54697.86640897 51.11  18.112883  -0.071837 45.681
 72   302.470 54732.86638782 48.04  18.115789  -0.092571 40.290
 72   302.519 54732.86638846 47.10  18.115059  -0.089261 40.290
 72   302.576 54732.86638911 46.67  18.114329  -0.085961 40.290
 72   302.564 54732.86639104 48.18  18.112149  -0.076041 40.290
 72   302.583 54732.86639169 49.14  18.111429  -0.072731 40.290
 73   302.974 54767.86638460 27.40  18.116068  -0.089043  9.915
 73   303.184 54767.86638525 27.66  18.115338  -0.085733  9.915
 73   303.262 54767.86638589 31.67  18.114608  -0.082433  9.915
 73   302.879 54767.86638718 27.30  18.113158  -0.075813  9.915
 73   303.101 54767.86638783 27.58  18.112438  -0.072513  9.915
 74   304.279 54802.86638391 51.17  18.111689  -0.077972 43.395
 74   304.307 54802.86638456 49.11  18.110959  -0.074662 43.395
 75   303.721 54837.86637781 51.03  18.115785  -0.090210 44.650
 75   303.724 54837.86637845 45.42  18.115055  -0.086900 44.650
 75   303.743 54837.86637910 44.69  18.114325  -0.083600 44.650
 75   303.646 54837.86638039 47.18  18.112875  -0.076990 44.650
 75   303.644 54837.86638103 48.60  18.112155  -0.073680 44.650
 76   302.864 54872.86638054 51.13  18.115612  -0.092502 46.634
 76   302.933 54872.86638118 50.58  18.114882  -0.089192 46.634
 76   303.016 54872.86638183 51.79  18.114152  -0.085892 46.634
 76   302.862 54872.86638376 51.41  18.111982  -0.075972 46.634
 76   302.933 54872.86638441 52.48  18.111252  -0.072662 46.634
 77   302.683 54907.86638676 52.08  18.111411  -0.078739 45.106
 77   302.580 54907.86638740 52.66  18.110681  -0.075439 45.106
 80   302.366 55012.86640814 49.70  18.114979  -0.090229 43.716
 80   302.424 55012.86640878 47.47  18.114249  -0.086919 43.716
 80   302.414 55012.86641071 52.59  18.112069  -0.077009 43.716
 80   302.396 55012.86641136 51.26  18.111349  -0.073699 43.716
 81   301.874 55047.86640074 53.50  18.116021  -0.090212 41.999
 81   301.927 55047.86640139 50.05  18.115291  -0.086902 41.999
 81   301.977 55047.86640203 50.60  18.114561  -0.083602 41.999
 81   301.974 55047.86640332 50.31  18.113111  -0.076992 41.999
 81   301.989 55047.86640397 50.26  18.112391  -0.073682 41.999
 82   302.538 55082.86637181 54.02  18.115516  -0.089473 46.763
 82   302.518 55082.86637246 52.98  18.114786  -0.086163 46.763
 82   302.499 55082.86637310 51.54  18.114056  -0.082863 46.763
 82   302.578 55082.86637439 51.84  18.112606  -0.076243 46.763
 82   302.639 55082.86637503 50.29  18.111886  -0.072943 46.763
 83   302.655 55117.86633232 53.29  18.116655  -0.090605 47.460
 83   302.711 55117.86633297 53.57  18.115925  -0.087295 47.460
 83   302.772 55117.86633361 51.08  18.115195  -0.083995 47.460
 83   302.810 55117.86633554 53.13  18.113015  -0.074075 47.460
 84   303.755 55152.86632905 49.85  18.115071  -0.091873 39.518
 84   303.783 55152.86632969 45.91  18.114351  -0.088573 39.518
 84   303.872 55152.86633034 43.99  18.113621  -0.085263 39.518
 84   303.846 55152.86633227 48.62  18.111441  -0.075353 39.518
 85   304.148 55187.86631998 52.09  18.115024  -0.092080 45.973
 85   304.189 55187.86632062 47.53  18.114294  -0.088770 45.973
 85   304.243 55187.86632320 50.24  18.111384  -0.075550 45.973
 86   303.426 55222.86632855 49.13  18.115068  -0.090500 50.420
 86   303.525 55222.86632920 46.91  18.114338  -0.087190 50.420
 86   303.479 55222.86633113 50.00  18.112158  -0.077270 50.420
 86   303.496 55222.86633178 46.05  18.111438  -0.073970 50.420
 87   302.962 55257.86631569 51.12  18.116498  -0.090609 45.346
 87   302.968 55257.86631634 50.76  18.115768  -0.087299 45.346
 87   303.043 55257.86631698 51.75  18.115038  -0.083999 45.346
 87   303.007 55257.86631891 53.59  18.112868  -0.074079 45.346
 88   303.375 55292.86631597 52.36  18.115362  -0.091242 48.480
 88   303.409 55292.86631661 49.63  18.114642  -0.087942 48.480
 88   303.442 55292.86631726 46.78  18.113912  -0.084632 48.480
 88   303.404 55292.86631919 49.61  18.111732  -0.074722 48.480
 90   303.050 55362.86629545 50.86  18.115422  -0.090308 43.818
 90   303.096 55362.86629610 47.25  18.114692  -0.086998 43.818
 90   303.129 55362.86629674 46.34  18.113962  -0.083698 43.818
 90   303.082 55362.86629803 48.71  18.112512  -0.077078 43.818
 90   303.100 55362.86629867 49.22  18.111792  -0.073778 43.818
 91   302.374 55397.86630353 19.57  18.115287  -0.091181 11.404
 91   302.339 55397.86630418 15.73  18.114557  -0.087871 11.404
 91   302.239 55397.86630482 14.80  18.113827  -0.084571 11.404
 91   301.583 55397.86630611 17.16  18.112377  -0.077961 11.404
 91   302.028 55397.86630676 17.36  18.111647  -0.074651 11.404
 92   302.491 55432.86631125 51.31  18.117125  -0.089691 44.261
 92   302.556 55432.86631189 50.92  18.116395  -0.086381 44.261
 92   302.603 55432.86631254 51.51  18.115665  -0.083081 44.261
 92   302.459 55432.86631383 48.88  18.114215  -0.076471 44.261
 92   302.554 55432.86631447 54.73  18.113495  -0.073161 44.261
 93   302.894 55467.86626939 50.17  18.116371  -0.088375 44.970
 93   302.951 55467.86627004 52.31  18.115641  -0.085065 44.970
 93   302.938 55467.86627068 51.13  18.114921  -0.081765 44.970
 93   302.762 55467.86627197 53.38  18.113461  -0.075145 44.970
 93   302.785 55467.86627262 52.94  18.112741  -0.071845 44.970
