#  327.995  -1.474   1.251 ;Mean Elev.(m), Avg Gradient(m/km), RMS Gradient(m/km) - SRTM1     
#  324.637  -3.949   2.805 ;Mean Elev.(m), Avg Gradient(m/km), RMS Gradient(m/km) - ASTER GDEM
#  328.637  -1.359   3.086 ;Mean Elev.(m), Avg Gradient(m/km), RMS Gradient(m/km) - GMTED2010 
  8   332.176 52488.36003162 47.23  20.712324   1.995105 40.247
  8   332.162 52488.36003226 51.90  20.711594   1.991805 40.247
  8   332.105 52488.36003291 53.02  20.710874   1.988495 40.247
  9   332.375 52523.36000580 51.54  20.708812   1.993564 36.512
  9   332.428 52523.36000644 49.46  20.708082   1.990254 36.512
  9   332.444 52523.36000709 51.26  20.707362   1.986954 36.512
  9   332.396 52523.36000902 51.70  20.705182   1.977034 36.512
  9   332.410 52523.36000966 49.92  20.704452   1.973724 36.512
 10   332.589 52558.36005616 15.96  20.705567   1.993948  9.398
 10   332.439 52558.36005681 15.19  20.704837   1.990638  9.398
 10   332.198 52558.36005745 15.05  20.704107   1.987338  9.398
 10   332.296 52558.36005810 14.47  20.703377   1.984028  9.398
 10   332.451 52558.36005939 20.35  20.701927   1.977418  9.398
 10   332.598 52558.36006003 24.30  20.701197   1.974108  9.398
 11   333.389 52593.36005612 53.93  20.703539   1.993872 50.657
 11   333.457 52593.36005677 52.51  20.702809   1.990572 50.657
 11   333.431 52593.36005741 51.79  20.702079   1.987262 50.657
 11   333.380 52593.36005805 52.54  20.701349   1.983952 50.657
 11   333.324 52593.36005934 52.41  20.699899   1.977342 50.657
 11   333.270 52593.36005999 51.61  20.699179   1.974042 50.657
 12   334.141 52628.35997932 53.73  20.715724   1.993495 28.897
 12   334.128 52628.35997996 49.81  20.715004   1.990185 28.897
 13   332.968 52663.36001824 16.28  20.707638   1.993267 15.209
 13   332.820 52663.36001888 15.11  20.706918   1.989957 15.209
 13   332.673 52663.36001952 15.15  20.706188   1.986647 15.209
 13   332.970 52663.36002146 19.95  20.704008   1.976737 15.209
 13   333.076 52663.36002210 24.24  20.703278   1.973427 15.209
 14   332.362 52698.35999348 51.96  20.713879   1.992899 46.798
 14   332.353 52698.35999412 53.67  20.713159   1.989599 46.798
 15   332.489 52733.36001480 17.03  20.717880   1.994921  8.716
 15   332.455 52733.36001545 16.71  20.717150   1.991611  8.716
 15   332.649 52733.36001609 16.66  20.716420   1.988311  8.716
 16   333.258 52768.36002034 48.04  20.706364   1.994236 39.796
 16   333.389 52768.36002098 51.04  20.705634   1.990926 39.796
 16   333.403 52768.36002162 53.82  20.704914   1.987616 39.796
 16   333.294 52768.36002227 50.95  20.704184   1.984316 39.796
 16   333.274 52768.36002356 53.96  20.702734   1.977706 39.796
 16   333.273 52768.36002420 51.71  20.702004   1.974396 39.796
 17   332.483 52803.36004056 53.38  20.709364   1.992646 38.537
 17   332.538 52803.36004120 52.42  20.708644   1.989346 38.537
 17   332.471 52803.36004184 51.44  20.707914   1.986036 38.537
 18   332.457 52838.36010390 16.34  20.711658   1.993916 18.906
 18   332.332 52838.36010454 16.46  20.710928   1.990616 18.906
 18   332.386 52838.36010519 15.66  20.710198   1.987306 18.906
 19   332.566 52873.36014362 47.52  20.711124   1.995023 39.845
 19   332.598 52873.36014427 52.91  20.710394   1.991723 39.845
 19   332.548 52873.36014491 50.86  20.709664   1.988413 39.845
 19   332.515 52873.36014556 53.02  20.708944   1.985113 39.845
 20   333.171 52908.36012676 19.31  20.713166   1.992555 16.641
 20   333.197 52908.36012740 16.91  20.712446   1.989255 16.641
 21   333.282 52943.36005345 51.04  20.718294   1.995864 42.742
 21   333.185 52943.36005409 51.90  20.717564   1.992554 42.742
 21   333.161 52943.36005474 52.26  20.716844   1.989254 42.742
 23   333.212 53013.36011213 52.19  20.706483   1.993268 42.212
 23   333.200 53013.36011277 53.79  20.705753   1.989958 42.212
 23   333.142 53013.36011342 51.33  20.705033   1.986658 42.212
 23   333.060 53013.36011406 50.06  20.704303   1.983348 42.212
 23   333.151 53013.36011535 54.05  20.702853   1.976738 42.212
 23   333.122 53013.36011599 51.42  20.702123   1.973438 42.212
 24   333.012 53048.36008239 47.93  20.708984   1.991694 44.321
 24   332.954 53048.36008304 52.76  20.708254   1.988394 44.321
 24   332.896 53048.36008368 49.47  20.707524   1.985084 44.321
 25   332.642 53083.36011707 50.25  20.702892   1.996090 43.599
 25   332.656 53083.36011771 50.42  20.702162   1.992790 43.599
 25   332.601 53083.36011836 49.35  20.701442   1.989480 43.599
 25   332.636 53083.36011900 52.83  20.700712   1.986170 43.599
 25   332.649 53083.36011965 52.36  20.699982   1.982870 43.599
 25   332.663 53083.36012029 51.61  20.699262   1.979560 43.599
 25   332.644 53083.36012094 50.20  20.698532   1.976260 43.599
 26   332.556 53118.36008736 49.03  20.705875   1.993684 33.136
 26   332.567 53118.36008800 44.14  20.705155   1.990384 33.136
 26   332.597 53118.36008865 50.15  20.704425   1.987074 33.136
 26   332.636 53118.36008929 47.03  20.703695   1.983774 33.136
 26   332.686 53118.36009058 45.27  20.702243   1.977161 11.557
 26   332.630 53118.36009122 43.82  20.701513   1.973851 11.557
 27   332.278 53153.36013785 50.97  20.704020   1.994026 45.709
 27   332.288 53153.36013850 51.18  20.703300   1.990716 45.709
 27   332.162 53153.36013914 52.76  20.702570   1.987416 45.709
 27   332.073 53153.36013979 49.14  20.701840   1.984106 45.709
 27   332.103 53153.36014108 54.05  20.700390   1.977496 45.709
 27   332.110 53153.36014172 50.42  20.699660   1.974186 45.709
 28   332.052 53188.36012583 45.58  20.716621   1.994733 42.414
 28   332.105 53188.36012648 47.91  20.715901   1.991423 42.414
 28   332.134 53188.36012712 51.23  20.715171   1.988113 42.414
 29   331.552 53223.36014355 49.44  20.711756   1.995013 37.731
 29   331.622 53223.36014420 52.16  20.711026   1.991703 37.731
 29   331.679 53223.36014484 51.02  20.710306   1.988403 37.731
 30   332.402 53258.36011935 14.90  20.705158   1.994269  9.296
 30   331.661 53258.36011999 14.84  20.704428   1.990959  9.296
 30   331.542 53258.36012064 14.08  20.703708   1.987659  9.296
 30   331.446 53258.36012128 15.51  20.702978   1.984349  9.296
 30   332.201 53258.36012257 18.92  20.701528   1.977739  9.296
 30   332.556 53258.36012321 21.50  20.700798   1.974429  9.296
 31   332.377 53293.36014102 50.60  20.702088   1.995065 34.883
 31   332.351 53293.36014166 45.07  20.701368   1.991765 34.883
 31   332.363 53293.36014231 43.15  20.700638   1.988455 34.883
 31   332.434 53293.36014295 48.51  20.699908   1.985145 34.883
 31   332.453 53293.36014360 49.46  20.699188   1.981845 34.883
 31   332.457 53293.36014424 50.89  20.698458   1.978535 34.883
 31   332.411 53293.36014489 50.33  20.697728   1.975235 34.883
 32   333.291 53328.36011482 49.39  20.711361   1.993438 46.229
 32   333.293 53328.36011546 49.73  20.710631   1.990128 46.229
 32   333.269 53328.36011611 49.73  20.709901   1.986828 46.229
 33   333.619 53363.36006786 52.91  20.713464   1.994530 49.565
 33   333.605 53363.36006850 52.64  20.712744   1.991220 49.565
 33   333.602 53363.36006915 51.30  20.712014   1.987910 49.565
 34   332.445 53398.36009071 51.36  20.708486   1.993388 44.991
 34   332.399 53398.36009136 49.89  20.707766   1.990088 44.991
 34   332.346 53398.36009200 49.05  20.707036   1.986778 44.991
 34   332.455 53398.36009394 52.54  20.704856   1.976858 44.991
 34   332.310 53398.36009458 51.25  20.704126   1.973558 44.991
 35   331.920 53433.36008137 51.68  20.712054   1.994217 41.889
 35   331.954 53433.36008202 50.76  20.711334   1.990907 41.889
 35   331.975 53433.36008266 52.90  20.710604   1.987607 41.889
 36   332.768 53468.36012091 52.55  20.708064   1.991918 41.717
 36   332.786 53468.36012156 53.14  20.707334   1.988618 41.717
 36   332.796 53468.36012220 49.09  20.706604   1.985308 41.717
 36   332.838 53468.36012349 49.03  20.705154   1.978698 41.717
 36   332.852 53468.36012413 52.18  20.704424   1.975398 41.717
 37   332.374 53503.36016771 43.75  20.704826   1.995589 46.806
 37   332.445 53503.36016836 53.03  20.704096   1.992279 46.806
 37   332.452 53503.36016900 54.55  20.703376   1.988969 46.806
 37   332.278 53503.36016965 53.28  20.702646   1.985669 46.806
 37   332.259 53503.36017029 49.24  20.701916   1.982359 46.806
 37   332.276 53503.36017094 51.38  20.701196   1.979059 46.806
 37   332.300 53503.36017158 53.12  20.700466   1.975749 46.806
 37   332.317 53503.36017223 52.39  20.699736   1.972449 46.806
 38   332.078 53538.36016371 49.17  20.708872   1.994232 38.839
 38   332.117 53538.36016436 48.43  20.708142   1.990922 38.839
 38   332.177 53538.36016500 45.70  20.707412   1.987622 38.839
 38   332.242 53538.36016565 46.51  20.706682   1.984312 38.839
 38   332.242 53538.36016694 47.73  20.705232   1.977702 38.839
 38   332.200 53538.36016758 49.94  20.704512   1.974402 38.839
 39   331.593 53573.36016433 28.29  20.705625   1.995608 25.363
 39   331.701 53573.36016497 31.38  20.704905   1.992298 25.363
 39   331.668 53573.36016562 22.14  20.704175   1.988998 25.363
 39   331.546 53573.36016626 19.37  20.703445   1.985688 25.363
 39   331.839 53573.36016755 24.17  20.701995   1.979078 25.363
 39   332.244 53573.36016820 20.52  20.701265   1.975768 25.363
 39   332.509 53573.36016884 20.64  20.700545   1.972468 25.363
 40   332.499 53608.36011374 16.82  20.708540   1.994382 21.927
 40   332.473 53608.36011438 16.97  20.707820   1.991072 21.927
 40   332.325 53608.36011503 16.52  20.707090   1.987762 21.927
 40   332.354 53608.36011567 17.18  20.706360   1.984462 21.927
 40   332.604 53608.36011696 28.01  20.704910   1.977852 21.927
 40   332.603 53608.36011761 37.77  20.704180   1.974542 21.927
 41   332.271 53643.36011585 52.90  20.708300   1.992702 41.441
 41   332.326 53643.36011649 52.83  20.707580   1.989402 41.441
 41   332.357 53643.36011714 51.37  20.706850   1.986092 41.441
 41   332.339 53643.36011843 48.59  20.705400   1.979482 41.441
 41   332.359 53643.36011907 51.69  20.704670   1.976172 41.441
 41   332.340 53643.36011972 47.16  20.703940   1.972872 41.441
 42   333.223 53678.36013435 47.37  20.704101   1.993294 45.878
 42   333.235 53678.36013500 50.91  20.703371   1.989984 45.878
 42   333.130 53678.36013564 51.82  20.702641   1.986684 45.878
 42   333.052 53678.36013629 50.61  20.701921   1.983374 45.878
 42   333.076 53678.36013758 53.47  20.700461   1.976764 45.878
 42   333.090 53678.36013822 52.54  20.699741   1.973464 45.878
 43   333.309 53713.36006239 47.22  20.713039   1.994515 45.988
 43   333.296 53713.36006304 50.16  20.712319   1.991205 45.988
 43   333.203 53713.36006368 48.71  20.711589   1.987895 45.988
 44   332.530 53748.35997610 52.51  20.714506   1.994486 41.682
 44   332.515 53748.35997674 52.93  20.713776   1.991176 41.682
 44   332.371 53748.35997739 52.96  20.713056   1.987876 41.682
 45   331.711 53783.36000669 27.29  20.713891   1.995412 29.753
 45   331.382 53783.36000734 22.08  20.713171   1.992102 29.753
 45   331.969 53783.36000798 22.44  20.712441   1.988802 29.753
 46   332.233 53818.35996975 50.46  20.712836   1.994809 41.708
 46   332.204 53818.35997039 51.84  20.712106   1.991499 41.708
 46   332.216 53818.35997104 52.24  20.711376   1.988199 41.708
 47   332.683 53853.36004725 52.91  20.705230   1.992804 40.975
 47   332.682 53853.36004790 51.71  20.704500   1.989494 40.975
 47   332.665 53853.36004854 49.82  20.703780   1.986194 40.975
 47   332.654 53853.36004919 49.75  20.703050   1.982884 40.975
 47   332.679 53853.36004983 49.29  20.702320   1.979574 40.975
 47   332.789 53853.36005048 49.31  20.701600   1.976274 40.975
 47   332.827 53853.36005112 45.09  20.700870   1.972964 40.975
 48   333.277 53888.36005415 49.48  20.717435   1.992967 46.613
 48   333.275 53888.36005479 51.39  20.716705   1.989657 46.613
 49   332.202 53923.36012295 11.66  20.700283   1.995716  8.256
 49   331.783 53923.36012489 13.69  20.698103   1.985806  8.256
 49   331.377 53923.36012553 12.36  20.697373   1.982496  8.256
 49   331.363 53923.36012618 14.03  20.696643   1.979186  8.256
 50   331.752 53958.36011592 50.46  20.702223   1.994902 42.718
 50   331.795 53958.36011657 51.42  20.701493   1.991602 42.718
 50   331.827 53958.36011721 50.70  20.700773   1.988292 42.718
 50   331.813 53958.36011786 49.47  20.700043   1.984992 42.718
 50   331.817 53958.36011850 50.13  20.699313   1.981682 42.718
 50   331.811 53958.36011915 52.72  20.698593   1.978372 42.718
 50   331.826 53958.36011979 50.57  20.697863   1.975072 42.718
 51   331.476 53993.36004351 20.27  20.713074   1.993460  6.654
 51   331.878 53993.36004416 18.84  20.712354   1.990150  6.654
 51   331.952 53993.36004480 25.60  20.711624   1.986850  6.654
 52   332.162 54028.36010469 28.01  20.711540   1.994094 20.048
 52   332.499 54028.36010534 29.14  20.710810   1.990794 20.048
 52   332.502 54028.36010598 31.03  20.710080   1.987484 20.048
 53   333.988 54063.36009866 33.34  20.713708   1.993591 26.233
 53   334.039 54063.36009930 35.05  20.712978   1.990291 26.233
 53   333.998 54063.36009994 38.23  20.712258   1.986981 26.233
 54   334.002 54098.36006689 52.96  20.708889   1.992686 41.190
 54   333.998 54098.36006754 51.92  20.708159   1.989386 41.190
 54   334.008 54098.36006818 50.61  20.707439   1.986076 41.190
 55   333.237 54133.36002147 50.43  20.710544   1.994701 48.283
 55   333.191 54133.36002211 52.10  20.709814   1.991401 48.283
 55   333.162 54133.36002276 49.57  20.709084   1.988091 48.283
 55   333.185 54133.36002340 53.41  20.708364   1.984781 48.283
 56   332.745 54168.36004099 28.64  20.708145   1.993776 31.819
 56   332.301 54168.36004163 25.00  20.707415   1.990476 31.819
 56   332.672 54168.36004228 22.23  20.706685   1.987166 31.819
 56   332.864 54168.36004292 26.14  20.705965   1.983866 31.819
 56   332.746 54168.36004421 28.12  20.704511   1.977252  8.312
 56   332.798 54168.36004486 37.34  20.703781   1.973942  8.312
 57   332.523 54203.36002532 50.39  20.709505   1.994509 42.498
 57   332.513 54203.36002596 54.24  20.708785   1.991209 42.498
 57   332.506 54203.36002661 52.33  20.708055   1.987899 42.498
 57   332.419 54203.36002725 50.19  20.707325   1.984599 42.498
 58   333.181 54238.36006046 52.67  20.710360   1.992013 42.368
 58   333.194 54238.36006111 51.37  20.709630   1.988703 42.368
 58   333.109 54238.36006175 52.08  20.708910   1.985403 42.368
 59   332.664 54273.36007845 23.54  20.710756   1.995078 19.883
 59   332.539 54273.36007910 22.35  20.710036   1.991768 19.883
 59   332.521 54273.36007974 22.32  20.709306   1.988468 19.883
 59   332.558 54273.36008038 22.76  20.708576   1.985158 19.883
 60   332.269 54308.36008085 51.39  20.710186   1.992956 36.532
 60   332.254 54308.36008149 52.06  20.709466   1.989656 36.532
 60   332.204 54308.36008214 50.29  20.708736   1.986346 36.532
 61   332.457 54343.36005893 14.61  20.710964   1.993603 14.055
 61   332.390 54343.36005958 13.35  20.710244   1.990293 14.055
 61   332.401 54343.36006022 14.88  20.709514   1.986993 14.055
 62   332.587 54378.36001622 51.88  20.709999   1.993980 39.806
 62   332.569 54378.36001687 51.34  20.709279   1.990680 39.806
 62   332.519 54378.36001751 50.86  20.708549   1.987370 39.806
 63   333.581 54413.36000696 51.11  20.709514   1.993654 43.524
 63   333.568 54413.36000761 52.55  20.708784   1.990354 43.524
 63   333.489 54413.36000825 49.51  20.708054   1.987044 43.524
 64   333.943 54448.35998233 48.89  20.710016   1.994408 28.329
 64   333.947 54448.35998298 50.92  20.709296   1.991108 28.329
 64   333.901 54448.35998362 47.61  20.708566   1.987798 28.329
 64   333.795 54448.35998426 51.50  20.707836   1.984498 28.329
 65   333.035 54483.36000038 52.54  20.711416   1.993811 46.420
 65   333.055 54483.36000103 53.44  20.710696   1.990511 46.420
 65   333.049 54483.36000167 49.87  20.709966   1.987201 46.420
 66   332.711 54518.35999605 49.51  20.711229   1.994850 43.451
 66   332.729 54518.35999670 52.91  20.710499   1.991540 43.451
 66   332.730 54518.35999734 52.21  20.709769   1.988230 43.451
 66   332.756 54518.35999799 51.10  20.709049   1.984930 43.451
 67   332.674 54553.36001228 21.44  20.709347   1.993246 17.707
 67   332.758 54553.36001292 23.52  20.708627   1.989936 17.707
 67   332.783 54553.36001357 31.26  20.707897   1.986626 17.707
 68   332.719 54588.35999155 52.18  20.710095   1.993907 43.941
 68   332.748 54588.35999220 53.77  20.709365   1.990597 43.941
 68   332.779 54588.35999284 50.48  20.708635   1.987297 43.941
 69   332.597 54623.36001020 53.27  20.709154   1.992051 40.741
 69   332.518 54623.36001084 51.76  20.708424   1.988741 40.741
 69   332.476 54623.36001149 52.16  20.707704   1.985431 40.741
 70   331.858 54658.36001855 49.97  20.708204   1.994628 42.268
 70   331.898 54658.36001919 53.10  20.707474   1.991328 42.268
 70   331.897 54658.36001983 53.90  20.706754   1.988018 42.268
 70   331.746 54658.36002048 51.60  20.706024   1.984718 42.268
 70   331.697 54658.36002177 53.07  20.704574   1.978108 42.268
 70   331.677 54658.36002241 51.77  20.703844   1.974798 42.268
 71   331.936 54693.36000035 14.88  20.709682   1.992003 12.907
 71   331.957 54693.36000100 14.77  20.708952   1.988703 12.907
 71   332.025 54693.36000164 14.22  20.708232   1.985393 12.907
 72   332.278 54728.35997261 49.18  20.710423   1.992679 41.637
 72   332.282 54728.35997326 53.20  20.709693   1.989379 41.637
 72   332.287 54728.35997390 52.86  20.708963   1.986069 41.637
 73   332.983 54763.35997866 53.58  20.708753   1.992362 35.804
 73   333.042 54763.35997930 51.41  20.708023   1.989062 35.804
 73   333.004 54763.35997995 52.20  20.707293   1.985752 35.804
 73   333.022 54763.35998124 48.92  20.705843   1.979142 35.804
 73   333.003 54763.35998188 52.10  20.705113   1.975832 35.804
 74   334.255 54798.35996552 50.86  20.709393   1.994591 45.392
 74   334.258 54798.35996617 50.30  20.708663   1.991291 45.392
 74   334.260 54798.35996681 49.78  20.707933   1.987981 45.392
 74   334.272 54798.35996746 52.08  20.707213   1.984681 45.392
 75   332.975 54833.35996809 48.22  20.709408   1.994002 42.006
 75   332.989 54833.35996873 47.62  20.708688   1.990692 42.006
 75   332.950 54833.35996938 48.48  20.707958   1.987392 42.006
 76   332.902 54868.35996218 39.99  20.710731   1.994464 39.246
 76   332.872 54868.35996282 42.47  20.710001   1.991154 39.246
 76   332.903 54868.35996347 45.37  20.709281   1.987854 39.246
 76   332.942 54868.35996411 45.73  20.708551   1.984544 39.246
 77   332.638 54903.35997834 50.38  20.707212   1.992816 39.678
 77   332.667 54903.35997899 50.85  20.706482   1.989506 39.678
 77   332.666 54903.35997963 51.99  20.705752   1.986206 39.678
 77   332.731 54903.35998092 51.13  20.704302   1.979596 39.678
 77   332.754 54903.35998157 50.21  20.703572   1.976286 39.678
 77   332.759 54903.35998221 49.60  20.702852   1.972986 39.678
 78   332.785 54938.35995203 55.10  20.710398   1.993967 44.403
 78   332.801 54938.35995268 51.85  20.709668   1.990657 44.403
 78   332.805 54938.35995332 50.35  20.708938   1.987357 44.403
 79   333.388 54973.35998435 52.22  20.709338   1.992532 42.973
 79   333.245 54973.35998499 49.91  20.708608   1.989222 42.973
 79   333.195 54973.35998564 52.21  20.707878   1.985912 42.973
 80   332.142 55008.36000007 52.04  20.707944   1.992205 30.129
 80   332.152 55008.36000071 49.95  20.707214   1.988895 30.129
 80   332.203 55008.36000136 51.59  20.706494   1.985585 30.129
 80   332.290 55008.36000265 49.18  20.705034   1.978975 30.129
 80   332.254 55008.36000329 48.68  20.704314   1.975675 30.129
 81   331.848 55043.35998857 41.25  20.710477   1.994088 39.282
 81   331.839 55043.35998922 46.28  20.709747   1.990788 39.282
 81   331.764 55043.35998986 47.93  20.709027   1.987478 39.282
 81   331.805 55043.35999051 42.81  20.708297   1.984168 39.282
 82   332.144 55078.35996710 41.23  20.709512   1.992272 40.331
 82   332.138 55078.35996774 42.31  20.708782   1.988972 40.331
 82   332.211 55078.35996839 46.72  20.708062   1.985662 40.331
 83   332.767 55113.35992159 52.66  20.710314   1.994384 42.299
 83   332.784 55113.35992224 50.51  20.709584   1.991074 42.299
 83   332.756 55113.35992288 50.83  20.708854   1.987774 42.299
 83   332.749 55113.35992353 51.86  20.708124   1.984464 42.299
 84   333.409 55148.35992256 51.09  20.708057   1.992428 42.952
 84   333.399 55148.35992320 49.37  20.707337   1.989118 42.952
 84   333.267 55148.35992384 52.48  20.706607   1.985818 42.952
 84   333.310 55148.35992513 53.02  20.705157   1.979208 42.952
 84   333.239 55148.35992578 53.82  20.704427   1.975898 42.952
 85   333.594 55183.35990283 54.26  20.709941   1.994404 45.211
 85   333.628 55183.35990347 53.38  20.709211   1.991104 45.211
 85   333.532 55183.35990411 51.52  20.708481   1.987794 45.211
 85   333.551 55183.35990476 52.04  20.707761   1.984494 45.211
 86   333.339 55218.35992048 47.24  20.708103   1.992284 32.119
 86   333.347 55218.35992113 48.64  20.707383   1.988984 32.119
 86   333.394 55218.35992177 49.47  20.706647   1.985671 17.917
 86   333.483 55218.35992306 51.22  20.705197   1.979061 17.917
 86   333.504 55218.35992370 51.34  20.704467   1.975761 17.917
 87   333.126 55253.35989938 51.77  20.711269   1.993501 42.395
 87   333.145 55253.35990002 50.94  20.710539   1.990191 42.395
 87   333.039 55253.35990067 49.16  20.709819   1.986891 42.395
 88   333.451 55288.35990944 43.66  20.708725   1.994281 43.153
 88   333.440 55288.35991008 33.15  20.707995   1.990981 43.153
 88   333.438 55288.35991073 41.56  20.707275   1.987671 43.153
 88   333.436 55288.35991137 45.17  20.706545   1.984361 43.153
 88   333.427 55288.35991266 51.27  20.705095   1.977751 43.153
 88   333.404 55288.35991331 45.19  20.704365   1.974451 43.153
 89   333.440 55323.35988650 37.66  20.708277   1.994822 38.533
 89   333.377 55323.35988714 38.31  20.707557   1.991512 38.533
 89   333.394 55323.35988779 42.06  20.706827   1.988202 38.533
 89   333.417 55323.35988843 42.18  20.706097   1.984902 38.533
 89   333.403 55323.35988972 46.68  20.704647   1.978292 38.533
 89   333.292 55323.35989037 42.93  20.703917   1.974982 38.533
 90   332.994 55358.35988606 20.98  20.708551   1.992833 17.904
 90   332.730 55358.35988671 18.02  20.707821   1.989523 17.904
 90   332.858 55358.35988735 18.77  20.707091   1.986223 17.904
 90   332.851 55358.35988928 26.08  20.704911   1.976303 17.904
 90   332.980 55358.35988993 32.47  20.704191   1.973003 17.904
 91   332.558 55393.35988866 48.57  20.709565   1.994048 27.739
 91   332.556 55393.35988931 52.32  20.708845   1.990748 27.739
 91   332.541 55393.35988995 51.25  20.708115   1.987438 27.739
 91   332.452 55393.35989060 51.56  20.707385   1.984128 27.739
 92   332.493 55428.35990118 23.91  20.710945   1.994577 20.068
 92   331.911 55428.35990182 21.89  20.710215   1.991277 20.068
 92   331.855 55428.35990247 20.06  20.709495   1.987967 20.068
 92   331.878 55428.35990311 18.79  20.708765   1.984657 20.068
 93   332.759 55463.35986524 43.92  20.711732   1.994764 40.115
 93   332.769 55463.35986588 53.16  20.711012   1.991464 40.115
 93   332.653 55463.35986653 52.18  20.710282   1.988154 40.115
