-214210.829    16.822     0.00    6.00
-213834.705    17.624     2.13    6.12
-213458.582    18.093     1.25    5.94
-213082.460    15.067    -8.04    8.20
-212706.339     9.781   -14.06    7.51
-212330.219     5.939   -10.21    5.53
-211954.100     3.364    -6.85    4.53
-211577.982     2.196    -3.11    4.36
-211201.866     4.016     4.84    6.18
-210825.750     6.014     5.31    8.61
-210449.635    11.900    15.65    9.95
-210073.521    13.670     4.71    7.77
-209697.408    12.521    -3.05    8.04
-209321.296     8.170   -11.57    7.89
-208945.185     5.575    -6.90    5.75
-208569.075     5.888     0.83    6.54
-208192.966     8.426     6.75    6.97
-207816.858    11.298     7.64    7.77
-207440.751    14.737     9.14    7.39
-207064.645    16.708     5.24    5.16
-206688.540    16.907     0.53    5.02
-206312.436    15.475    -3.81    4.67
-205936.333    13.359    -5.63    4.62
-205560.231    11.846    -4.02    3.66
-205184.129    11.332    -1.37    2.87
-204808.029    11.503     0.46    2.24
-204431.930    12.482     2.60    1.64
-204055.832    12.349    -0.35    1.54
-203679.735    11.657    -1.84    1.75
-203303.638    11.059    -1.59    2.17
-202927.543    11.606     1.45    3.29
-202551.449    12.927     3.51    4.71
-202175.355    14.170     3.31    5.27
-201799.263    14.433     0.70    5.60
-201423.171    13.144    -3.43    5.04
-201047.081    11.305    -4.89    4.32
-200670.991     9.914    -3.70    2.10
-200294.903    10.042     0.34    2.18
-199918.815     9.892    -0.40    2.80
-199542.728    12.251     6.27    4.70
-199166.643    14.062     4.81    4.69
-198790.558    13.359    -1.87    5.02
-198414.474    11.765    -4.24    4.91
-198038.391    10.258    -4.01    3.18
-197662.309     9.795    -1.23    1.97
-197286.228    10.093     0.79    1.69
-196910.148    10.309     0.57    1.84
-196534.069    10.452     0.38    1.95
-196157.991    11.008     1.48    2.40
-195781.913    12.512     4.00    3.79
-195405.837    14.828     6.16    3.84
-195029.761    15.990     3.09    4.01
-194653.687    17.278     3.42    4.18
-194277.613    17.249    -0.08    4.70
-193901.541    15.845    -3.73    4.82
-193525.469    13.284    -6.81    4.00
-193149.398    12.723    -1.49    2.53
-192773.328    13.737     2.70    2.41
-192397.259    14.494     2.01    2.63
-192021.191    15.846     3.59    3.10
-191645.124    16.225     1.01    3.50
-191269.058    14.990    -3.28    5.51
-190892.992    13.683    -3.48    6.94
-190516.928    10.224    -9.20    6.84
-190140.865     8.221    -5.33    7.11
-189764.802     9.965     4.64    6.81
-189388.740    10.965     2.66    5.72
-189012.679    13.224     6.01    4.63
-188636.620    15.016     4.77    3.86
-188260.561    16.809     4.77    4.96
-187884.502    16.802    -0.02    5.28
-187508.445    16.349    -1.20    5.64
-187132.389    15.170    -3.14    5.88
-186756.334    12.837    -6.20    3.93
-186380.279    11.494    -3.57    2.47
-186004.225    11.225    -0.71    2.11
-185628.173    11.981     2.01    1.76
-185252.121    12.420     1.17    1.76
-184876.070    11.854    -1.50    1.86
-184500.020    11.609    -0.65    2.05
-184123.971    10.683    -2.46    2.58
-183747.922     8.965    -4.57    3.19
-183371.875     7.038    -5.12    3.44
-182995.828     6.119    -2.45    3.63
-182619.712     4.467    -4.39    4.33
-182243.491     1.220    -8.63    7.27
-181867.271    -2.398    -9.62    8.25
-181491.052    -6.722   -11.49    6.28
-181114.833    -9.587    -7.61    3.56
-180738.616   -10.544    -2.55    1.99
-180362.399    -9.933     1.63    2.04
-179986.183    -9.599     0.89    1.78
-179609.968    -9.330     0.72    1.54
-179233.754   -10.073    -1.98    1.30
-178857.540   -10.580    -1.35    1.18
-178481.328   -11.067    -1.29    1.05
-178105.116   -11.480    -1.10    0.74
-177728.906   -11.668    -0.50    0.50
-177352.696   -11.830    -0.43    0.00
-176976.487   -11.830     0.00    0.00
-176600.278   -11.830     0.00    0.00
-176224.071   -11.830     0.00    0.00
-175847.865   -11.830     0.00    0.00
-175471.659   -11.830     0.00    0.00
-175095.454   -11.830     0.00    0.00
-174719.250   -11.830     0.00    0.00
-174343.047   -11.830     0.00    0.00
-173966.845   -11.830     0.00    0.00
-173590.643   -11.830     0.00    0.00
-173214.442   -11.830     0.00    0.00
-172838.243   -11.830     0.00    0.00
-172462.044   -11.830     0.00    0.00
-172085.845   -11.830     0.00    0.00
-171709.648   -11.830     0.00    0.00
-171333.452   -11.830     0.00    0.00
-170957.256   -11.830     0.00    0.00
-170581.061   -11.830     0.00    0.00
-170204.867   -11.830     0.00    0.00
-169828.674   -11.830     0.00    0.00
-169452.481   -11.830     0.00    0.00
-169076.290   -11.830     0.00    0.00
-168700.099   -11.830     0.00    0.00
-168323.909   -11.830     0.00    0.00
-167947.720   -11.830     0.00    0.00
-167571.531   -11.830     0.00    0.00
-167195.344   -11.830     0.00    0.00
-166819.157   -11.830     0.00    0.00
-166442.971   -11.830     0.00    0.00
-166066.786   -11.830     0.00    0.00
-165690.602   -11.830     0.00    0.00
-165314.418   -11.830     0.00    0.00
-164938.235   -11.830     0.00    0.00
-164562.053   -11.830     0.00    0.00
-164185.872   -11.497     0.89    1.33
-163809.692   -10.625     2.32    2.12
-163433.512    -8.163     6.54    4.19
-163057.333    -4.676     9.27    6.08
-162681.155    -0.394    11.38    6.32
-162304.978     4.141    12.05    4.81
-161928.802     7.278     8.34    3.32
-161552.626     9.143     4.96    2.82
-161176.451    10.251     2.95    2.74
-160800.277    10.629     1.01    2.67
-160424.104    10.864     0.62    2.49
-160047.931    11.695     2.21    2.47
-159671.759    12.196     1.33    2.83
-159295.588    11.873    -0.86    2.33
-158919.418    11.486    -1.03    2.28
-158543.248    11.512     0.07    2.58
-158167.080    11.170    -0.91    2.48
-157790.912    11.819     1.72    2.46
-157414.745    12.375     1.48    1.45
-157038.578    12.475     0.27    1.55
-156662.412    13.478     2.66    2.58
-156286.248    13.965     1.30    2.64
-155910.083    13.889    -0.20    2.59
-155533.920    14.708     2.18    3.24
-155157.757    15.521     2.16    2.98
-154781.595    16.846     3.52    3.90
-154405.434    17.802     2.54    4.30
-154029.274    19.587     4.75    5.78
-153653.114    21.683     5.57    7.60
-153276.955    24.401     7.23    8.70
-152900.797    25.846     3.84    8.25
-152524.640    28.683     7.54    7.66
-152148.483    30.760     5.52    6.74
-151772.327    31.272     1.36    6.15
-151396.172    30.089    -3.15    7.58
-151020.017    28.375    -4.56    7.75
-150643.863    26.197    -5.79    7.69
-150267.710    24.710    -3.95    6.53
-149891.558    24.035    -1.80    5.24
-149515.406    23.389    -1.72    5.45
-149139.256    24.837     3.85    7.09
-148763.105    25.354     1.38    7.26
-148386.956    24.503    -2.26    6.73
-148010.807    22.555    -5.18    6.83
-147634.659    20.114    -6.49    5.24
-147258.512    18.606    -4.01    4.36
-146882.366    16.802    -4.80    2.24
-146506.220    16.602    -0.53    2.68
-146130.075    17.907     3.47    4.01
-145753.930    19.580     4.45    5.19
-145377.786    22.219     7.01    6.42
-145001.643    25.792     9.50    6.37
-144625.501    26.785     2.64    6.07
-144249.360    27.986     3.19    5.91
-143873.219    27.792    -0.52    6.86
-143497.078    27.683    -0.29    6.33
-143120.939    27.513    -0.45    5.90
-142744.800    25.734    -4.73    7.12
-142368.662    22.020    -9.87    7.84
-141992.525    19.900    -5.64    7.75
-141616.388    17.042    -7.60    6.33
-141240.252    17.531     1.30    5.97
-140864.117    18.565     2.75    5.29
-140487.982    22.606    10.74    6.25
-140111.848    23.828     3.25    5.67
-139735.715    21.837    -5.29    5.54
-139359.582    21.065    -2.05    5.13
-138983.450    18.995    -5.50    3.10
-138607.319    18.337    -1.75    1.98
-138231.188    17.785    -1.47    2.65
-137855.058    19.854     5.50    6.22
-137478.929    22.846     7.95    7.99
-137102.801    28.116    14.01    7.62
-136726.673    31.837     9.89    4.32
-136350.546    31.221    -1.64    6.20
-135974.419    29.620    -4.26    8.44
-135598.293    27.981    -4.36    9.62
-135222.168    27.395    -1.56    9.77
-134846.043    25.565    -4.87    9.30
-134469.919    24.065    -3.99    7.22
-134093.796    22.116    -5.18    4.77
-133717.674    21.298    -2.17    3.66
-133341.552    21.143    -0.41    4.11
-132965.430    20.781    -0.96    5.20
-132589.310    20.117    -1.76    6.22
-132213.190    18.725    -3.70    6.95
-131837.071    17.888    -2.23    6.28
-131460.952    19.196     3.48    6.60
-131084.834    21.670     6.58    8.22
-130708.716    23.494     4.85    7.34
-130332.600    24.792     3.45    6.21
-129956.484    26.251     3.88    6.10
-129580.368    25.770    -1.28    4.78
-129204.253    26.251     1.28    4.72
-128828.139    26.117    -0.36    4.99
-128452.025    24.828    -3.43    5.11
-128075.912    25.696     2.31    6.28
-127699.800    27.251     4.13    5.91
-127323.688    27.349     0.26    5.41
-126947.577    28.091     1.97    5.70
-126571.467    27.975    -0.31    6.42
-126195.357    29.765     4.76    7.31
-125819.248    31.948     5.80    7.63
-125443.139    34.012     5.49    6.77
-125067.031    36.914     7.71    4.96
-124690.924    37.607     1.84    3.96
-124314.817    33.954    -9.71    7.40
-123938.711    28.629   -14.16    7.90
-123562.606    25.629    -7.98    7.46
-123186.501    23.862    -4.70    5.01
-122810.396    22.644    -3.24    2.96
-122434.293    22.657     0.04    2.81
-122058.190    21.837    -2.18    2.96
-121682.087    20.503    -3.55    2.81
-121305.985    19.656    -2.25    2.62
-120929.884    19.939     0.75    2.82
-120553.783    20.354     1.10    2.52
-120177.683    20.670     0.84    2.14
-119801.584    20.819     0.40    2.57
-119425.485    21.475     1.75    4.87
-119049.387    22.494     2.71    6.76
-118673.289    24.324     4.86    8.18
-118297.192    23.988    -0.89    7.20
-117921.095    22.196    -4.77    6.72
-117544.999    20.512    -4.48    5.95
-117168.904    18.725    -4.75    3.89
-116792.809    18.247    -1.27    2.55
-116416.715    18.386     0.37    3.00
-116040.621    19.119     1.95    3.01
-115664.528    19.065    -0.14    3.40
-115288.435    19.067     0.01    3.49
-114912.344    20.386     3.51    5.71
-114536.252    21.802     3.76    7.36
-114160.161    22.695     2.38    7.67
-113784.071    20.670    -5.38    6.25
-113407.982    18.575    -5.57    4.80
-113031.892    16.521    -5.46    2.74
-112655.804    16.116    -1.08    2.66
-112279.716    16.981     2.30    3.63
-111903.628    17.798     2.17    4.43
-111527.542    16.770    -2.73    2.55
-111151.455    16.223    -1.46    2.79
-110775.370    15.629    -1.58    3.73
-110399.284    16.452     2.19    5.11
-110023.200    18.091     4.36    6.70
-109647.116    20.012     5.11    6.40
-109271.032    19.954    -0.16    5.76
-108894.949    18.529    -3.79    5.15
-108518.867    18.170    -0.95    5.48
-108142.785    18.012    -0.42    5.99
-107766.703    18.045     0.09    6.72
-107390.542    16.170    -4.98    6.63
-107014.352    16.038    -0.35    6.55
-106638.163    16.602     1.50    6.27
-106261.974    17.413     2.16    5.70
-105885.786    18.386     2.59    4.98
-105509.599    17.059    -3.53    4.63
-105133.412    15.670    -3.69    3.98
-104757.225    14.375    -3.44    2.47
-104381.039    12.900    -3.92    2.39
-104004.854    12.670    -0.61    2.06
-103628.669    12.478    -0.51    2.12
-103252.484    12.914     1.16    2.15
-102876.300    13.575     1.76    1.88
-102500.117    13.760     0.49    3.38
-102123.934    13.837     0.20    3.67
-101747.752    15.062     3.26    4.84
-101371.570    18.380     8.82    8.33
-100995.389    23.139    12.65    8.99
-100619.208    26.478     8.88    8.48
-100243.028    30.512    10.72    7.05
 -99866.848    28.725    -4.75    9.00
 -99490.668    24.737   -10.60    9.44
 -99114.490    23.281    -3.87    9.12
 -98738.311    24.354     2.85    9.15
 -98362.133    26.067     4.55    9.35
 -97985.956    25.765    -0.81   10.87
 -97609.779    21.749   -10.67   10.79
 -97233.603    19.272    -6.58    8.99
 -96857.427    22.723     9.17   11.19
 -96481.252    30.359    20.30   12.19
 -96105.077    31.970     4.28   10.90
 -95728.903    31.819    -0.40   11.34
 -95352.729    27.873   -10.49   12.04
 -94976.555    25.197    -7.11   11.16
 -94600.382    25.611     1.10   11.99
 -94224.210    26.452     2.24   11.71
 -93848.038    26.657     0.55   11.19
 -93471.867    26.559    -0.26    9.85
 -93095.696    27.170     1.62    8.63
 -92719.525    27.225     0.15    8.76
 -92343.355    22.927   -11.43   10.78
 -91967.185    18.042   -12.99    9.88
 -91591.016    14.089   -10.51    6.11
 -91214.848    12.038    -5.45    1.73
 -90838.679    12.223     0.49    2.09
 -90462.512    12.720     1.32    2.68
 -90086.344    12.197    -1.39    3.49
 -89710.178    12.495     0.79    4.68
 -89334.011    12.631     0.36    4.97
 -88957.845    14.031     3.72    6.26
 -88581.680    16.386     6.26    7.44
 -88205.515    19.224     7.54    8.64
 -87829.350    21.328     5.59    8.76
 -87453.186    22.708     3.67    8.18
 -87077.023    23.087     1.01    6.72
 -86700.859    27.370    11.39    9.32
 -86324.697    29.986     6.95    8.27
 -85948.534    32.698     7.21    6.39
 -85572.373    31.091    -4.27    6.75
 -85196.211    29.119    -5.24    6.22
 -84820.050    27.223    -5.04    5.38
 -84443.890    27.392     0.45    7.19
 -84067.729    28.965     4.18    7.73
 -83691.570    30.548     4.21    7.68
 -83315.410    30.470    -0.21    7.30
 -82939.252    31.067     1.59    7.29
 -82563.093    30.256    -2.16    6.02
 -82186.935    28.332    -5.11    4.92
 -81810.778    26.170    -5.75    4.85
 -81434.621    24.696    -3.92    4.88
 -81058.464    22.939    -4.67    4.26
 -80682.308    22.413    -1.40    4.32
 -80306.152    21.345    -2.84    3.79
 -79929.996    23.067     4.58    6.62
 -79553.841    23.765     1.85    6.88
 -79177.687    24.710     2.51    6.97
 -78801.532    25.223     1.36    7.93
 -78425.379    23.401    -4.84    6.94
 -78049.225    22.642    -2.02    7.10
 -77673.072    23.529     2.36    6.06
 -77296.920    21.837    -4.50    4.54
 -76920.767    20.990    -2.25    4.50
 -76544.616    19.888    -2.93    3.15
 -76168.464    19.389    -1.33    3.59
 -75792.313    22.737     8.90    6.75
 -75416.163    27.035    11.42    8.14
 -75040.013    28.981     5.17    7.57
 -74663.863    27.617    -3.62    8.29
 -74287.713    23.305   -11.46    6.96
 -73911.564    20.324    -7.93    3.18
 -73535.416    20.811     1.30    4.61
 -73159.267    23.067     6.00    7.21
 -72783.120    27.656    12.20    8.82
 -72406.972    29.760     5.59    7.43
 -72030.825    29.503    -0.68    7.58
 -71654.678    28.364    -3.03    7.78
 -71278.532    27.933    -1.15    6.94
 -70902.386    29.494     4.15    7.69
 -70526.240    30.683     3.16    7.25
 -70150.095    28.862    -4.84    7.12
 -69773.950    25.139    -9.90    5.12
 -69397.806    21.170   -10.55    4.66
 -69021.662    19.837    -3.54    4.49
 -68645.518    19.448    -1.03    4.06
 -68269.374    18.708    -1.97    3.43
 -67893.231    19.629     2.45    3.01
 -67517.089    19.503    -0.34    3.03
 -67140.946    20.644     3.03    4.62
 -66764.805    20.644     0.00    6.45
 -66388.663    20.494    -0.40    5.64
 -66012.522    21.503     2.68    5.24
 -65636.381    21.720     0.58    4.41
 -65260.240    21.781     0.16    4.24
 -64884.100    19.602    -5.79    5.72
 -64507.960    18.305    -3.45    6.30
 -64131.821    17.981    -0.86    7.64
 -63755.682    20.602     6.97    8.47
 -63379.543    22.052     3.85    7.04
 -63003.404    22.837     2.09    6.17
 -62627.266    21.478    -3.61    6.66
 -62251.128    18.753    -7.24    4.81
 -61874.991    18.811     0.15    5.91
 -61498.854    21.642     7.53    9.18
 -61122.717    26.644    13.30   10.68
 -60746.580    27.959     3.50   10.52
 -60370.444    24.401    -9.46   11.19
 -59994.309    19.737   -12.40    8.96
 -59618.173    15.644   -10.88    4.62
 -59242.038    14.324    -3.51    1.98
 -58865.903    14.281    -0.11    2.49
 -58489.769    15.407     2.99    3.26
 -58113.634    16.386     2.60    4.21
 -57737.500    16.143    -0.65    4.29
 -57361.367    15.792    -0.93    3.94
 -56985.234    15.170    -1.65    3.84
 -56609.101    16.247     2.86    5.16
 -56232.968    17.620     3.65    5.87
 -55856.836    17.559    -0.16    6.25
 -55480.704    17.349    -0.56    6.90
 -55104.572    16.986    -0.97    6.28
 -54728.441    16.093    -2.37    5.47
 -54352.309    16.223     0.34    4.24
 -53976.179    16.708     1.29    2.39
 -53600.048    15.753    -2.54    2.69
 -53223.918    15.710    -0.11    3.40
 -52847.788    15.298    -1.10    3.53
 -52471.658    14.713    -1.56    3.66
 -52095.529    14.734     0.06    4.49
 -51719.400    14.196    -1.43    4.28
 -51343.271    12.587    -4.28    4.33
 -50967.143    13.062     1.26    5.08
 -50591.015    15.089     5.39    5.47
 -50214.887    16.459     3.64    6.14
 -49838.759    17.045     1.56    5.54
 -49462.632    15.602    -3.84    5.57
 -49086.505    14.247    -3.60    4.83
 -48710.378    11.986    -6.01    2.32
 -48334.251    11.512    -1.26    1.15
 -47958.125    11.683     0.46    1.22
 -47581.999    11.995     0.83    1.93
 -47205.873    12.986     2.63    2.32
 -46829.748    13.440     1.21    2.49
 -46453.623    14.332     2.37    1.92
 -46077.498    14.598     0.71    1.87
 -45701.373    14.401    -0.53    1.78
 -45325.249    13.580    -2.18    1.86
 -44949.125    12.541    -2.76    2.06
 -44573.001    12.035    -1.35    2.02
 -44196.877    12.386     0.93    2.14
 -43820.754    12.873     1.29    2.01
 -43444.631    13.495     1.65    1.97
 -43068.508    14.278     2.08    1.66
 -42692.386    14.986     1.88    1.74
 -42316.263    15.538     1.47    1.72
 -41940.141    16.196     1.75    2.06
 -41564.019    17.197     2.66    2.02
 -41187.898    18.020     2.19    1.64
 -40811.776    18.749     1.94    1.80
 -40435.655    19.059     0.82    1.70
 -40059.534    19.575     1.37    1.38
 -39683.414    20.003     1.14    1.54
 -39307.293    19.981    -0.06    1.54
 -38931.173    19.965    -0.04    1.52
 -38555.053    20.227     0.70    1.43
 -38178.933    20.478     0.67    1.52
 -37802.814    20.354    -0.33    1.66
 -37426.695    19.975    -1.01    1.60
 -37050.575    19.734    -0.64    1.37
 -36674.457    19.723    -0.03    1.31
 -36298.338    19.606    -0.31    1.45
 -35922.220    19.737     0.35    1.46
 -35546.101    19.657    -0.21    1.59
 -35169.984    20.143     1.29    1.66
 -34793.866    20.580     1.16    1.37
 -34417.748    20.811     0.61    1.27
 -34041.631    21.114     0.81    1.24
 -33665.514    21.170     0.15    1.31
 -33289.397    21.656     1.29    1.71
 -32913.280    22.089     1.15    1.82
 -32537.161    22.302     0.57    1.74
 -32161.002    22.753     1.20    1.46
 -31784.843    22.545    -0.55    1.41
 -31408.685    22.091    -1.21    1.55
 -31032.527    21.575    -1.37    1.71
 -30656.369    21.042    -1.42    1.84
 -30280.211    20.380    -1.76    1.68
 -29904.054    19.854    -1.40    1.89
 -29527.896    19.278    -1.53    1.91
 -29151.739    18.965    -0.83    1.87
 -28775.582    18.948    -0.05    1.93
 -28399.426    18.529    -1.11    2.17
 -28023.269    18.247    -0.75    1.97
 -27647.113    17.699    -1.46    1.96
 -27270.956    17.602    -0.26    2.24
 -26894.800    18.197     1.58    2.41
 -26518.644    18.765     1.51    2.07
 -26142.489    18.900     0.36    2.16
 -25766.333    19.281     1.01    1.77
 -25390.178    19.065    -0.58    1.93
 -25014.023    18.811    -0.67    1.78
 -24637.868    18.802    -0.03    1.92
 -24261.713    19.696     2.38    1.96
 -23885.558    20.119     1.12    1.93
 -23509.404    20.452     0.89    1.65
 -23133.249    20.575     0.33    1.52
 -22757.095    20.196    -1.01    1.37
 -22380.941    19.948    -0.66    1.35
 -22004.787    19.606    -0.91    1.68
 -21628.633    19.486    -0.32    1.74
 -21252.480    19.826     0.91    1.66
 -20876.326    19.580    -0.65    1.52
 -20500.173    19.354    -0.60    1.41
 -20124.020    18.954    -1.06    1.57
 -19747.867    18.486    -1.24    1.47
 -19371.714    18.198    -0.77    1.36
 -18995.561    18.093    -0.28    1.48
 -18619.409    18.196     0.27    1.48
 -18243.257    18.278     0.22    1.49
 -17867.104    18.119    -0.42    1.56
 -17490.952    17.888    -0.61    1.61
 -17114.800    17.734    -0.41    1.60
 -16738.648    17.864     0.35    1.43
 -16362.497    18.016     0.40    1.53
 -15986.345    17.846    -0.45    1.83
 -15610.194    17.846     0.00    1.76
 -15234.042    17.656    -0.50    1.98
 -14857.891    17.473    -0.49    1.81
 -14481.740    17.503     0.08    1.81
 -14105.589    17.012    -1.31    1.98
 -13729.438    16.587    -1.13    1.86
 -13353.287    16.221    -0.97    1.78
 -12977.137    16.003    -0.58    1.73
 -12600.986    15.538    -1.24    1.72
 -12224.836    15.324    -0.57    1.71
 -11848.686    15.521     0.53    1.69
 -11472.535    16.038     1.37    1.76
 -11096.385    15.811    -0.60    1.80
 -10720.235    15.495    -0.84    1.86
 -10344.086    14.575    -2.44    2.19
  -9967.936    13.837    -1.96    1.94
  -9591.786    13.486    -0.93    1.82
  -9215.637    13.035    -1.20    1.70
  -8839.487    13.494     1.22    2.15
  -8463.338    13.837     0.91    2.46
  -8087.189    13.644    -0.51    2.60
  -7711.040    12.895    -1.99    2.95
  -7334.891    12.503    -1.04    2.88
  -6958.742    11.555    -2.52    2.73
  -6582.593    11.062    -1.31    2.12
  -6206.444    11.197     0.36    1.86
  -5830.295    12.038     2.24    2.20
  -5454.147    13.512     3.92    2.73
  -5077.998    14.710     3.19    3.01
  -4701.850    13.765    -2.51    3.76
  -4325.701    12.170    -4.24    5.00
  -3949.553    10.392    -4.73    6.36
  -3573.405     7.945    -6.51    6.76
  -3197.257     5.459    -6.61    7.04
  -2821.108     3.198    -6.01    5.60
  -2444.960     1.737    -3.88    4.41
  -2068.813     0.670    -2.84    3.68
  -1692.665    -0.292    -2.56    4.63
  -1316.517    -0.856    -1.50    5.06
   -940.369    -0.668     0.50    4.97
   -564.221    -0.305     0.96    4.57
   -188.074     0.785     2.90    3.79
    188.074     2.328     4.10    4.87
    564.221     6.521    11.15    9.50
    940.369    10.196     9.77   11.02
   1316.516    11.459     3.36   10.26
   1692.664     9.948    -4.02    9.75
   2068.811     7.555    -6.36    8.68
   2444.958     3.337   -11.21    5.28
   2821.105     1.247    -5.56    1.92
   3197.252     0.888    -0.95    1.69
   3573.400     0.867    -0.06    1.76
   3949.547     0.981     0.30    2.04
   4325.694     0.873    -0.29    1.93
   4701.841     0.656    -0.57    1.61
   5077.988     0.734     0.21    1.60
   5454.135     1.575     2.24    2.91
   5830.281     4.503     7.78    5.88
   6206.428     8.811    11.45    7.54
   6582.575    13.221    11.72    7.30
   6958.722    16.359     8.34    4.11
   7334.869    17.328     2.58    3.49
   7711.016    17.170    -0.42    2.84
   8087.162    17.198     0.07    3.22
   8463.309    17.575     1.00    3.42
   8839.456    17.062    -1.37    3.91
   9215.602    16.328    -1.95    4.32
   9591.749    16.247    -0.22    3.63
   9967.896    17.139     2.37    3.49
  10344.042    17.696     1.48    2.88
  10720.189    18.981     3.41    1.73
  11096.335    19.087     0.28    1.56
  11472.482    18.785    -0.80    1.50
  11848.629    18.521    -0.70    1.51
  12224.775    18.401    -0.32    1.25
  12600.922    18.272    -0.34    1.33
  12977.068    18.459     0.50    1.37
  13353.215    18.644     0.49    1.45
  13729.362    18.221    -1.12    1.81
  14105.508    18.426     0.55    1.79
  14481.655    18.781     0.94    1.64
  14857.801    18.656    -0.33    1.80
  15233.948    18.900     0.65    1.61
  15610.095    18.305    -1.58    1.72
  15986.241    17.900    -1.08    1.57
  16362.388    17.405    -1.31    1.60
  16738.535    16.820    -1.56    1.63
  17114.681    16.298    -1.39    1.79
  17490.828    16.253    -0.12    1.84
  17866.975    16.734     1.28    2.07
  18243.121    17.332     1.59    1.77
  18619.268    17.986     1.74    2.17
  18995.415    18.775     2.10    2.06
  19371.562    19.221     1.19    1.82
  19747.709    19.494     0.73    1.67
  20123.856    19.328    -0.44    1.73
  20500.002    18.770    -1.48    1.81
  20876.149    18.627    -0.38    1.79
  21252.296    18.224    -1.07    1.96
  21628.443    17.981    -0.65    1.68
  22004.590    17.819    -0.43    1.75
  22380.738    17.575    -0.65    1.72
  22756.885    17.531    -0.12    1.53
  23133.032    17.657     0.34    1.70
  23509.179    18.298     1.70    1.72
  23885.326    18.305     0.02    2.24
  24261.474    17.811    -1.31    2.60
  24637.621    17.328    -1.28    2.49
  25013.769    16.606    -1.92    2.11
  25389.916    16.386    -0.58    1.58
  25766.064    15.939    -1.19    1.75
  26142.211    15.559    -1.01    1.66
  26518.359    15.275    -0.75    1.71
  26894.507    15.452     0.47    1.81
  27270.654    15.229    -0.59    1.65
  27646.802    14.708    -1.38    1.86
  28022.950    14.413    -0.78    1.72
  28399.098    13.809    -1.61    1.68
  28775.246    13.413    -1.05    1.74
  29151.394    13.337    -0.20    1.86
  29527.542    12.986    -0.93    2.04
  29903.691    12.995     0.02    2.07
  30279.839    13.008     0.03    1.91
  30655.987    13.298     0.77    1.75
  31032.136    13.565     0.71    1.41
  31408.284    13.380    -0.49    1.40
  31784.433    13.278    -0.27    1.49
  32160.582    12.845    -1.15    1.49
  32536.731    12.765    -0.21    1.52
  32912.880    12.575    -0.50    1.89
  33289.029    12.656     0.22    1.98
  33665.178    12.256    -1.07    1.93
  34041.327    12.375     0.32    1.79
  34417.476    12.298    -0.20    1.70
  34793.626    12.448     0.40    1.63
  35169.775    12.819     0.99    1.80
  35545.925    13.087     0.71    1.83
  35922.074    12.828    -0.69    1.85
  36298.224    12.520    -0.82    1.85
  36674.374    12.359    -0.43    1.79
  37050.524    12.012    -0.92    1.76
  37426.674    12.144     0.35    1.92
  37802.824    12.452     0.82    1.76
  38178.975    12.116    -0.89    1.76
  38555.125    11.270    -2.25    2.00
  38931.276    10.986    -0.76    1.78
  39307.426    10.981    -0.01    1.78
  39683.577    11.062     0.22    1.63
  40059.728    11.420     0.95    1.73
  40435.879    11.965     1.45    1.63
  40812.030    12.324     0.95    1.68
  41188.181    12.827     1.34    1.70
  41564.333    13.272     1.18    1.70
  41940.484    13.819     1.45    1.77
  42316.636    14.114     0.79    1.84
  42692.778    14.734     1.65    2.11
  43068.904    15.433     1.86    2.06
  43445.031    15.862     1.14    2.15
  43821.158    16.775     2.43    2.09
  44197.285    17.272     1.32    1.96
  44573.412    17.837     1.50    1.88
  44949.539    17.645    -0.51    2.21
  45325.666    16.862    -2.08    2.49
  45701.794    16.056    -2.14    2.41
  46077.922    15.143    -2.43    1.91
  46454.049    13.927    -3.23    1.83
  46830.177    12.927    -2.66    2.68
  47206.305    12.880    -0.12    3.09
  47582.434    13.008     0.34    3.94
  47958.562    13.247     0.64    3.96
  48334.691    14.170     2.45    3.50
  48710.820    14.521     0.93    3.15
  49086.948    14.888     0.97    2.87
  49463.078    15.749     2.29    2.69
  49839.207    16.644     2.38    1.56
  50215.336    16.309    -0.89    1.79
  50591.466    15.324    -2.62    2.01
  50967.595    14.170    -3.07    2.43
  51343.725    13.708    -1.23    2.48
  51719.855    13.939     0.61    2.57
  52095.986    14.988     2.79    3.09
  52472.116    16.737     4.65    3.11
  52848.247    17.278     1.44    2.94
  53224.377    17.749     1.25    3.23
  53600.508    18.407     1.75    4.12
  53976.640    18.975     1.51    4.59
  54352.771    19.503     1.40    4.40
  54728.902    18.939    -1.50    4.34
  55105.034    18.359    -1.54    3.53
  55481.166    17.954    -1.08    2.52
  55857.298    17.802    -0.40    2.17
  56233.430    18.298     1.32    2.18
  56609.563    18.900     1.60    2.22
  56985.695    19.914     2.70    2.99
  57361.828    21.337     3.78    3.75
  57737.961    21.965     1.67    4.44
  58114.095    22.452     1.30    4.30
  58490.228    23.482     2.74    4.53
  58866.362    24.529     2.78    3.76
  59242.496    25.494     2.57    3.54
  59618.630    25.089    -1.08    3.83
  59994.764    22.298    -7.42    6.59
  60370.898    18.413   -10.33    9.12
  60747.033    13.888   -12.03    9.08
  61123.168    10.042   -10.23    8.36
  61499.303     7.305    -7.28    6.86
  61875.439     7.091    -0.57    6.93
  62251.574     7.965     2.32    8.40
  62627.710     9.811     4.91    8.81
  63003.846    12.440     6.99    9.08
  63379.982    15.802     8.94    8.54
  63756.119    17.521     4.57    8.90
  64132.255    18.981     3.88    8.01
  64508.392    16.710    -6.04    9.95
  64884.529    12.107   -12.24   10.70
  65260.667     7.683   -11.76    8.38
  65636.804     6.606    -2.86    6.32
  66012.942     9.559     7.85    7.09
  66389.080    10.657     2.92    7.04
  66765.218     9.642    -2.70    7.35
  67141.357     8.119    -4.05    6.87
  67517.496     5.644    -6.58    5.30
  67893.635     8.224     6.86    7.37
  68269.774    10.251     5.39    8.21
  68645.914    15.478    13.90    9.83
  69022.054    18.731     8.65    8.98
  69398.194    21.003     6.04    8.31
  69774.334    21.749     1.98    7.50
  70150.474    20.251    -3.98    7.83
  70526.615    18.305    -5.17    7.30
  70902.756    15.251    -8.12    8.28
  71278.898    12.113    -8.34    8.30
  71655.039    10.170    -5.17    7.13
  72031.181     7.745    -6.45    5.83
  72407.323     8.035     0.77    6.81
  72783.465     8.042     0.02    7.34
  73159.608     8.975     2.48    8.02
  73535.751     8.249    -1.93    6.78
  73911.894     9.606     3.61    6.62
  74288.038    10.144     1.43    6.89
  74664.181    12.337     5.83    7.44
  75040.325    13.117     2.08    7.37
  75416.470    11.529    -4.22    7.58
  75792.614     9.892    -4.35    7.25
  76168.759     9.631    -0.69    6.41
  76544.904     9.012    -1.65    5.09
  76921.050     9.602     1.57    5.67
  77297.195    10.873     3.38    5.83
  77673.341     8.359    -6.68    5.59
  78049.487     7.093    -3.37    5.46
  78425.634     6.795    -0.79    5.76
  78801.781     7.927     3.01    6.62
  79177.928     9.888     5.21    7.78
  79554.075    12.354     6.56    8.32
  79930.223    13.565     3.22    8.42
  80306.371    16.278     7.21    8.57
  80682.520    19.420     8.35    7.38
  81058.668    23.249    10.18    3.84
  81434.817    23.170    -0.21    4.77
  81810.966    21.407    -4.69    5.25
  82187.116    21.614     0.55    3.69
  82563.266    20.631    -2.61    3.68
  82939.416    19.349    -3.41    3.84
  83315.566    19.313    -0.10    3.99
  83691.717    19.224    -0.24    3.13
  84067.868    20.359     3.02    3.12
  84444.020    20.981     1.65    2.62
  84820.172    22.170     3.16    3.33
  85196.324    22.819     1.72    3.08
  85572.476    22.538    -0.74    3.77
  85948.629    22.302    -0.63    3.60
  86324.782    20.349    -5.19    4.41
  86700.935    20.224    -0.33    5.07
  87077.089    19.595    -1.67    5.53
  87453.243    20.196     1.60    5.90
  87829.397    20.309     0.30    6.54
  88205.552    20.521     0.56    6.75
  88581.707    21.392     2.32    5.60
  88957.862    22.038     1.72    4.66
  89334.018    22.478     1.17    4.71
  89710.174    24.534     5.47    3.03
  90086.331    25.302     2.04    2.33
  90462.487    25.602     0.80    1.76
  90838.644    24.948    -1.74    1.62
  91214.802    24.324    -1.66    2.24
  91590.960    24.170    -0.41    2.21
  91967.118    23.734    -1.16    3.01
  92343.276    23.503    -0.61    4.15
  92719.435    23.828     0.86    4.46
  93095.594    23.629    -0.53    4.13
  93471.754    25.452     4.85    2.53
  93847.914    26.401     2.52    2.17
  94224.074    26.753     0.94    2.31
  94600.235    27.062     0.82    2.92
  94976.396    27.792     1.94    3.16
  95352.557    28.413     1.65    3.08
  95728.719    28.012    -1.07    3.06
  96104.881    27.082    -2.47    3.27
  96481.044    25.070    -5.35    3.44
  96857.206    24.144    -2.46    2.89
  97233.370    23.337    -2.15    2.93
  97609.533    23.119    -0.58    3.15
  97985.697    23.617     1.33    3.44
  98361.862    24.117     1.33    3.53
  98738.026    24.959     2.24    3.86
  99114.192    25.016     0.15    3.51
  99490.357    24.954    -0.17    3.33
  99866.523    25.486     1.41    3.34
 100242.689    26.970     3.95    3.08
 100618.856    27.970     2.66    2.71
 100995.023    27.819    -0.40    2.52
 101371.190    27.494    -0.86    2.72
 101747.358    26.737    -2.01    3.05
 102123.527    25.683    -2.80    3.11
 102499.695    25.225    -1.22    3.17
 102875.864    25.555     0.87    3.55
 103252.034    26.591     2.76    3.45
 103628.204    26.927     0.89    2.95
 104004.374    27.349     1.12    2.67
 104380.545    27.591     0.64    2.32
 104756.716    28.093     1.33    2.33
 105132.887    27.737    -0.95    2.89
 105509.059    27.965     0.60    2.97
 105885.231    28.253     0.77    3.03
 106261.404    27.775    -1.27    2.77
 106637.577    27.880     0.28    2.51
 107013.751    27.482    -1.06    2.16
 107389.925    26.965    -1.38    2.53
 107766.099    26.873    -0.25    2.50
 108142.274    27.031     0.42    2.37
 108518.449    27.792     2.02    3.01
 108894.625    28.170     1.01    3.08
 109270.801    27.749    -1.12    3.59
 109646.978    27.683    -0.18    3.58
 110023.155    27.386    -0.79    3.39
 110399.332    27.555     0.45    3.31
 110775.510    27.837     0.75    2.90
 111151.688    27.170    -1.77    3.09
 111527.867    26.251    -2.44    3.18
 111904.046    25.247    -2.67    3.08
 112280.226    25.386     0.37    3.47
 112656.406    25.386     0.00    3.08
 113032.586    26.305     2.44    3.07
 113408.767    26.951     1.72    2.25
 113784.949    26.990     0.10    2.09
 114161.131    27.324     0.89    2.29
 114537.313    27.614     0.77    2.45
 114913.496    27.170    -1.18    2.55
 115289.679    26.420    -1.99    3.01
 115665.862    24.696    -4.58    5.38
 116042.047    22.939    -4.67    6.33
 116418.231    23.305     0.97    7.44
 116794.416    25.196     5.03    7.44
 117170.602    25.986     2.10    7.62
 117546.788    28.144     5.74    6.54
 117922.911    29.305     3.09    6.40
 118299.013    29.888     1.55    6.57
 118675.115    31.065     3.13    5.08
 119051.217    31.494     1.14    2.77
 119427.320    31.143    -0.93    2.25
 119803.423    30.003    -3.03    2.82
 120179.527    29.657    -0.92    3.04
 120555.632    29.708     0.14    3.06
 120931.736    29.570    -0.37    3.28
 121307.842    30.144     1.53    3.08
 121683.947    30.503     0.95    2.80
 122060.054    30.892     1.03    2.89
 122436.160    31.221     0.87    2.93
 122812.268    32.143     2.45    3.05
 123188.375    32.696     1.47    2.63
 123564.484    32.670    -0.07    2.32
 123940.592    32.520    -0.40    2.44
 124316.701    32.575     0.15    2.30
 124692.811    31.445    -3.01    4.03
 125068.921    30.939    -1.34    5.05
 125445.032    28.059    -7.66    6.96
 125821.143    25.737    -6.17    7.47
 126197.255    25.981     0.65    7.08
 126573.367    26.670     1.83    7.27
 126949.480    28.195     4.05    6.22
 127325.593    30.521     6.19    3.51
 127701.707    29.795    -1.93    6.50
 128077.821    29.933     0.37    6.28
 128453.936    29.959     0.07    7.53
 128830.051    27.696    -6.02   10.94
 129206.167    25.862    -4.88   11.91
 129582.283    22.933    -7.79   12.63
 129958.400    19.892    -8.09   12.71
 130334.517    17.067    -7.51   11.97
 130710.635    14.281    -7.41   11.12
 131086.753    12.570    -4.55    9.13
 131462.872    10.837    -4.61    6.81
 131838.992     9.256    -4.20    5.66
 132215.112     8.035    -3.25    4.57
 132591.232     7.332    -1.87    3.60
 132967.353     9.459     5.66    6.47
 133343.475    10.042     1.55    6.56
 133719.597    11.225     3.15    6.85
 134095.720    13.324     5.58    8.29
 134471.843    15.965     7.02   10.28
 134847.967    18.486     6.70   11.72
 135224.091    23.170    12.45   10.59
 135600.216    27.170    10.63    8.41
 135976.341    30.708     9.41    4.28
 136352.467    30.420    -0.77    5.29
 136728.594    30.375    -0.12    3.73
 137104.721    29.975    -1.06    5.89
 137480.848    29.275    -1.86    6.24
 137856.976    27.401    -4.98    6.73
 138233.105    26.170    -3.27    7.54
 138609.234    27.224     2.80    6.72
 138985.364    28.538     3.49    6.37
 139361.495    29.927     3.69    6.15
 139737.626    31.734     4.81    4.33
 140113.757    33.251     4.03    3.07
 140489.889    33.837     1.56    2.57
 140866.022    34.067     0.61    2.50
 141242.155    34.247     0.48    2.55
 141618.289    34.927     1.81    2.88
 141994.423    35.939     2.69    2.44
 142370.558    34.734    -3.20    2.65
 142746.694    34.114    -1.65    2.50
 143122.830    33.386    -1.94    3.00
 143498.967    33.116    -0.72    2.63
 143875.104    33.224     0.29    2.61
 144251.242    33.696     1.26    2.38
 144627.380    34.045     0.93    1.68
 145003.519    34.170     0.33    1.88
 145379.659    34.016    -0.41    2.10
 145755.799    33.809    -0.55    1.91
 146131.940    33.170    -1.70    2.24
 146508.081    31.981    -3.16    2.62
 146884.223    30.042    -5.16    3.56
 147260.366    28.144    -5.05    4.22
 147636.509    26.433    -4.55    3.91
 148012.653    25.278    -3.07    3.06
 148388.797    25.580     0.80    2.84
 148764.942    25.995     1.10    2.68
 149141.088    25.864    -0.35    2.16
 149517.234    26.143     0.74    2.14
 149893.381    26.548     1.08    2.46
 150269.528    26.521    -0.07    2.47
 150645.676    26.629     0.29    2.73
 151021.825    26.513    -0.31    3.09
 151397.974    25.720    -2.11    2.71
 151774.124    25.503    -0.58    2.62
 152150.275    25.008    -1.32    2.23
 152526.426    24.503    -1.34    2.13
 152902.578    24.328    -0.47    1.81
 153278.730    23.775    -1.47    1.70
 153654.883    23.354    -1.12    1.80
 154031.037    23.272    -0.22    1.80
 154407.191    23.059    -0.57    1.72
 154783.346    23.117     0.16    1.80
 155159.502    22.811    -0.81    1.80
 155535.658    22.141    -1.78    1.96
 155911.815    22.042    -0.26    1.92
 156287.972    22.035    -0.02    1.97
 156664.130    22.305     0.72    2.08
 157040.289    22.251    -0.14    2.01
 157416.448    22.142    -0.29    1.83
 157792.608    21.760    -1.02    1.60
 158168.769    21.745    -0.04    1.62
 158544.930    21.656    -0.24    1.61
 158921.092    21.445    -0.56    1.77
 159297.255    21.433    -0.03    1.87
 159673.418    21.401    -0.09    1.65
 160049.582    21.521     0.32    1.60
 160425.747    21.401    -0.32    1.71
 160801.912    21.114    -0.76    1.57
 161178.078    21.413     0.79    1.74
 161554.245    21.854     1.17    1.90
 161930.412    22.027     0.46    1.88
 162306.580    22.247     0.58    1.88
 162682.748    22.580     0.89    1.68
 163058.917    22.587     0.02    1.87
 163435.087    23.548     2.56    1.98
 163811.258    24.521     2.59    1.90
 164187.429    25.038     1.37    2.11
 164563.601    26.170     3.01    1.62
 164939.774    26.792     1.65    1.42
 165315.947    27.144     0.94    1.39
 165692.121    27.644     1.33    1.06
 166068.296    27.854     0.56    1.04
 166444.471    28.467     1.63    1.29
 166820.647    28.970     1.34    1.34
 167196.824    29.512     1.44    1.38
 167573.001    29.900     1.03    1.54
 167949.179    30.089     0.50    1.44
 168325.358    30.170     0.22    1.50
 168701.537    30.760     1.57    1.41
 169077.718    31.067     0.82    1.39
 169453.899    31.788     1.91    1.23
 169830.080    32.846     2.81    1.72
 170206.262    33.737     2.37    2.10
 170582.445    34.954     3.23    2.04
 170958.629    35.965     2.69    1.70
 171334.813    36.440     1.26    1.56
 171710.998    36.093    -0.92    1.61
 172087.184    35.644    -1.19    1.54
 172463.371    34.965    -1.80    1.56
 172839.558    34.170    -2.11    1.13
 173215.746    34.267     0.26    1.37
 173591.935    34.016    -0.67    1.58
 173968.124    34.142     0.34    1.87
 174344.314    34.494     0.94    1.94
 174720.505    34.656     0.43    1.71
 175096.696    34.873     0.57    1.75
 175472.889    34.478    -1.05    2.61
 175849.082    33.876    -1.60    3.27
 176225.275    33.503    -0.99    3.21
 176601.470    34.038     1.42    3.26
 176977.665    34.698     1.75    2.41
 177353.861    35.016     0.85    1.68
 177730.057    34.737    -0.74    1.80
 178106.255    34.380    -0.95    1.71
 178482.453    34.091    -0.77    1.51
 178858.652    34.272     0.48    1.43
 179234.851    34.332     0.16    1.40
 179611.052    34.349     0.05    1.55
 179987.253    34.120    -0.61    1.68
 180363.455    33.475    -1.71    1.82
 180739.657    33.494     0.05    1.72
 181115.861    33.386    -0.29    1.53
 181492.065    33.710     0.86    1.41
 181868.269    34.170     1.22    1.51
 182244.475    34.484     0.84    1.47
 182620.681    34.945     1.22    1.40
 182996.888    34.854    -0.24    1.44
 183373.096    34.683    -0.45    1.17
 183749.305    34.606    -0.21    1.17
 184125.514    34.512    -0.25    1.38
 184501.724    34.486    -0.07    1.44
 184877.935    34.278    -0.55    1.66
 185254.147    34.324     0.12    1.60
 185630.359    34.475     0.40    1.62
 186006.573    34.914     1.16    1.52
 186382.787    35.093     0.48    1.48
 186759.001    35.326     0.62    1.57
 187135.217    35.954     1.67    1.36
 187511.433    36.332     1.01    1.69
 187887.650    36.413     0.22    1.86
 188263.868    36.332    -0.22    1.62
 188640.087    36.281    -0.14    1.51
 189016.306    35.933    -0.92    1.26
 189392.527    35.811    -0.32    1.09
 189768.748    35.548    -0.70    1.23
 190144.970    35.380    -0.45    1.23
 190521.192    35.067    -0.83    1.17
 190897.416    34.785    -0.75    1.35
 191273.640    34.683    -0.27    1.50
 191649.865    34.683    -0.00    1.67
 192026.091    34.548    -0.36    1.95
 192402.317    33.981    -1.51    2.11
 192778.535    33.775    -0.55    1.82
 193154.605    33.701    -0.20    1.85
 193530.676    33.631    -0.19    2.00
 193906.748    33.433    -0.53    1.81
 194282.820    33.698     0.70    1.48
 194658.893    33.116    -1.55    2.22
 195034.967    32.948    -0.45    2.53
 195411.042    32.538    -1.09    2.78
 195787.118    31.965    -1.53    3.15
 196163.195    31.521    -1.18    2.97
 196539.272    30.401    -2.98    2.88
 196915.350    30.119    -0.75    2.62
 197291.429    29.452    -1.77    2.36
 197667.509    29.035    -1.11    1.92
 198043.590    29.245     0.56    2.03
 198419.671    29.170    -0.20    2.54
 198795.754    29.629     1.22    2.63
 199171.837    29.521    -0.29    2.61
 199547.921    29.897     1.00    2.50
 199924.005    30.965     2.84    2.18
 200300.091    31.683     1.91    2.35
 200676.178    32.337     1.74    2.10
 201052.265    32.888     1.47    1.65
 201428.353    33.031     0.38    1.66
 201804.442    32.933    -0.26    1.57
 202180.532    33.016     0.22    1.79
 202556.623    33.170     0.41    1.97
 202932.714    33.591     1.12    1.60
 203308.807    34.093     1.33    1.31
 203684.900    34.170     0.20    1.57
 204060.994    34.251     0.22    1.66
 204437.089    34.426     0.47    1.55
 204813.185    34.452     0.07    1.36
 205189.281    34.587     0.36    1.23
 205565.379    34.575    -0.03    1.32
 205941.477    34.503    -0.19    1.51
 206317.576    34.170    -0.89    1.58
 206693.676    34.020    -0.40    1.63
 207069.777    33.837    -0.49    1.60
 207445.879    33.745    -0.24    1.50
 207821.982    33.765     0.05    1.44
 208198.085    33.575    -0.50    1.57
 208574.190    33.696     0.32    1.43
 208950.295    33.749     0.14    1.41
 209326.401    33.819     0.19    1.42
 209702.508    34.440     1.65    1.28
 210078.616    34.811     0.99    1.40
 210454.725    34.809    -0.01    1.40
 210830.835    34.520    -0.77    1.55
 211206.945    33.907    -1.63    1.77
 211583.057    33.614    -0.78    1.56
 211959.169    33.224    -1.04    1.47
 212335.283    32.948    -0.73    1.69
 212711.397    32.785    -0.43    1.65
 213087.512    33.298     1.36    1.81
 213463.628    33.710     1.10    1.52
 213839.744    33.895     0.49    1.52
 214215.862    34.426     1.41    1.23
 214591.981    34.302    -0.33    1.28
 214968.100    34.305     0.01    1.34
 215344.221    34.170    -0.36    1.32
 215720.342    33.939    -0.61    1.37
 216096.464    33.698    -0.64    1.46
 216472.587    33.196    -1.34    1.63
 216848.711    32.698    -1.32    1.90
 217224.836    32.452    -0.65    1.86
 217600.962    32.555     0.27    1.82
 217977.089    32.715     0.43    2.03
 218353.217    33.467     2.00    1.93
 218729.345    34.143     1.80    1.62
 219105.475    34.305     0.43    1.55
 219481.605    34.093    -0.56    1.55
 219857.737    33.737    -0.95    1.61
 220233.869    33.555    -0.49    1.66
 220610.002    33.478    -0.20    1.66
 220986.136    34.042     1.50    1.49
 221362.271    33.900    -0.38    1.52
 221738.407    34.223     0.86    1.52
 222114.544    34.723     1.33    1.75
 222490.682    35.225     1.34    1.74
 222866.821    35.494     0.71    1.60
 223242.961    35.927     1.15    1.52
 223619.102    36.512     1.56    1.60
 223995.243    36.760     0.66    1.46
 224371.386    37.201     1.17    1.26
 224747.529    37.144    -0.15    1.35
 225123.674    36.512    -1.68    1.71
 225499.819    36.337    -0.47    1.78
 225875.966    35.990    -0.92    1.73
 226252.113    35.792    -0.53    1.71
 226628.261    35.785    -0.02    1.83
 227004.410    35.914     0.34    1.80
 227380.561    35.433    -1.28    2.51
 227756.712    34.354    -2.87    2.52
 228132.864    33.503    -2.26    2.53
 228509.017    32.617    -2.36    2.23
 228885.171    31.614    -2.67    2.79
 229261.326    30.305    -3.48    3.30
 229637.482    28.386    -5.10    3.18
 230013.639    27.197    -3.16    2.80
 230389.797    27.062    -0.36    2.59
 230765.955    28.795     4.61    3.20
 231142.115    31.349     6.79    2.84
 231518.276    33.067     4.57    2.43
 231894.438    33.864     2.12    1.72
 232270.601    33.606    -0.69    2.02
 232646.764    33.008    -1.59    2.03
 233022.929    32.802    -0.55    1.42
 233399.095    33.459     1.75    1.78
 233775.261    34.862     3.73    2.61
 234151.429    36.548     4.48    2.94
 234527.598    37.828     3.40    2.26
 234903.767    38.545     1.91    1.63
 235279.938    38.684     0.37    1.84
 235656.110    38.494    -0.50    1.49
 236032.282    37.981    -1.37    1.85
 236408.456    37.278    -1.87    2.13
 236784.631    36.170    -2.95    1.83
 237160.806    35.725    -1.18    1.52
 237536.983    35.970     0.65    1.52
 237913.161    36.016     0.12    1.46
 238289.339    36.062     0.12    1.43
 238665.519    35.990    -0.19    1.60
 239041.699    35.907    -0.22    1.39
 239417.881    36.317     1.09    1.62
 239794.064    36.570     0.67    1.83
