#  325.058  -3.520   5.139 ;Mean Elev.(m), Avg Gradient(m/km), RMS Gradient(m/km) - SRTM1     
#  314.573  -2.090   7.779 ;Mean Elev.(m), Avg Gradient(m/km), RMS Gradient(m/km) - ASTER GDEM
#  325.571  -0.279   3.138 ;Mean Elev.(m), Avg Gradient(m/km), RMS Gradient(m/km) - GMTED2010 
  7  19.973429   1.933866   325.917   325.919  5 52472.36206124 43.965
  8  19.976731   1.932759   325.057   325.256  5 52507.36203574 21.238
  9  19.984351   1.933221   326.709   326.710  5 52542.36201794 49.532
 10  19.973428   1.934522   326.837   326.838  5 52577.36206849 50.396
 11  19.975303   1.935683   327.926   327.892  5 52612.36203211 51.230
 12  19.978459   1.933924   327.869   327.880  5 52647.36201668 42.154
 14  19.975017   1.935065   325.909   325.912  5 52717.36204667 32.227
 15  19.965886   1.935769   326.334   326.329  5 52752.36207168 51.807
 16  19.976149   1.933914   326.575   326.576  5 52787.36201662 30.601
 17  19.977484   1.934563   325.996   326.071  5 52822.36208902 24.329
 18  19.980054   1.933326   326.062   326.065  5 52857.36213620 47.972
 19  19.973699   1.933472   326.860   326.856  5 52892.36216845 52.014
 20  19.974758   1.934034   326.857   326.909  5 52927.36212012 26.011
 21  19.984641   1.933548   327.424   327.423  5 52962.36209115 50.853
 22  19.974039   1.934087   327.775   327.788  5 52997.36213281 41.404
 23  19.975708   1.935070   326.622   326.589  5 53032.36209035 20.366
 24  19.979944   1.933673   326.032   326.047  5 53067.36210155 52.355
 25  19.973934   1.934675   325.617   325.574  5 53102.36209418 34.222
 26  19.981420   1.933175   326.642   326.646  6 53137.36210404 51.540
 27  19.975110   1.933095   325.520   325.543  5 53172.36215138 22.962
 28  19.975705   1.935384   324.927   324.913  5 53207.36216567 51.175
 29  19.980297   1.933872   325.830   325.831  5 53242.36213332 52.345
 30  19.977919   1.934673   325.607   325.604  5 53277.36210670 48.670
 31  19.975123   1.935407   326.577   326.562  5 53312.36214176 51.025
 32  19.979125   1.934984   327.443   327.444  5 53347.36210756 51.863
 33  19.978727   1.932858   327.112   327.121  5 53382.36207153 51.511
 34  19.984216   1.932770   326.285   326.300  6 53417.36208659 50.011
 35  19.979646   1.933963   325.806   325.803  5 53452.36208685 51.923
 36  19.969967   1.935588   326.214   326.164  5 53487.36217174 28.186
 37  19.980022   1.934105   326.152   326.147  6 53522.36216259 31.265
 38  19.970083   1.934197   325.795   325.802  6 53557.36218836 51.771
 39  19.984666   1.932506   325.591   325.569  5 53592.36212512 50.892
 40  19.971190   1.934133   325.403   325.400  6 53627.36211551 38.400
 41  19.974855   1.935192   326.117   326.105  5 53662.36214065 36.053
 42  19.977886   1.935227   327.503   327.496  5 53697.36210594 50.351
 43  19.981441   1.934138   326.388   326.386  5 53732.36202862 51.398
 45  19.981210   1.932689   325.741   325.756  5 53802.36200452 47.160
 46  19.977568   1.934505   326.392   326.515  5 53837.36201572 43.040
 47  19.977523   1.933383   325.855   325.756  5 53872.36206845 17.615
 48  19.973468   1.933897   325.831   325.822  5 53907.36210888 49.416
 49  19.967811   1.934111   325.284   325.303  5 53942.36213598 53.096
 50  19.975016   1.933924   325.808   325.818  5 53977.36208938 50.105
 51  19.979059   1.932897   326.311   326.318  5 54012.36209532 51.126
 52  19.983982   1.933677   327.089   327.125  5 54047.36210666 43.360
 54  19.977391   1.932868   327.544   327.549  5 54117.36203075 51.251
 55  19.976147   1.933350   326.608   326.641  5 54152.36205185 27.840
 56  19.977472   1.933172   326.376   326.387  5 54187.36202434 27.648
 57  19.976627   1.934782   326.683   326.692  5 54222.36206072 51.362
 58  19.977573   1.933782   326.389   326.346  5 54257.36208334 40.506
 59  19.979003   1.934024   326.252   326.255  5 54292.36208606 51.211
 60  19.979649   1.933795   326.519   326.513  6 54327.36208201 51.291
 61  19.977839   1.932933   326.681   326.685  5 54362.36203177 50.462
 62  19.979520   1.934613   327.383   327.373  5 54397.36202195 50.278
 63  19.979421   1.934341   327.879   327.868  5 54432.36198149 50.399
 64  19.980097   1.934671   327.764   327.822  5 54467.36200347 28.550
 65  19.978407   1.933109   327.206   327.262  5 54502.36199675 32.345
 66  19.979241   1.933901   326.344   326.350  6 54537.36201896 49.920
 67  19.978977   1.934498   326.352   326.372  5 54572.36199752 22.745
 68  19.977622   1.933990   326.090   326.091  6 54607.36201236 50.768
 69  19.977310   1.934340   326.275   326.281  6 54642.36202133 50.408
 70  19.976500   1.933443   325.714   325.676  5 54677.36202309 51.986
 71  19.979893   1.934520   326.214   326.210  5 54712.36197689 48.559
 72  19.977148   1.934274   326.177   326.113  6 54747.36199211 23.070
 73  19.978782   1.933034   327.372   327.371  5 54782.36196383 50.993
 74  19.978143   1.933945   327.314   327.327  6 54817.36198440 49.651
 75  19.978698   1.934272   326.416   326.408  6 54852.36196107 51.634
 77  19.975784   1.933190   326.359   326.334  5 54922.36196140 49.293
 78  19.976524   1.932788   326.628   326.658  5 54957.36198516 24.511
 79  19.975197   1.934666   326.766   326.762  5 54992.36200824 49.007
 80  19.978096   1.933076   326.091   326.084  5 55027.36199889 43.661
 81  19.978620   1.935186   325.717   325.740  5 55062.36199089 51.665
 82  19.977054   1.934796   326.064   326.070  5 55097.36193944 51.181
 83  19.977393   1.934039   326.797   326.825  6 55132.36193508 31.985
 84  19.979355   1.933561   327.687   327.686  6 55167.36190165 51.686
 85  19.977295   1.934607   327.441   327.444  5 55202.36192710 51.906
 86  19.977113   1.933955   326.899   326.927  5 55237.36190929 48.637
 87  19.977581   1.934092   327.336   327.333  5 55272.36192111 48.839
 88  19.978646   1.932933   327.814   327.803  5 55307.36189074 47.823
 89  19.978384   1.932798   327.247   327.335  5 55342.36189116 28.874
 90  19.978226   1.933623   326.801   326.810  5 55377.36188478 50.500
 91  19.978782   1.934221   326.366   326.371  6 55412.36190797 48.857
 92  19.978915   1.934357   326.125   326.117  5 55447.36189898 50.562
 93  19.978639   1.932640   325.931   325.929  5 55482.36182986 50.904
