#  281.003  -0.556   2.422 ;Mean Elev.(m), Avg Gradient(m/km), RMS Gradient(m/km) - SRTM1     
#  264.223  -2.155   3.365 ;Mean Elev.(m), Avg Gradient(m/km), RMS Gradient(m/km) - ASTER GDEM
#  281.000  -0.548   2.475 ;Mean Elev.(m), Avg Gradient(m/km), RMS Gradient(m/km) - GMTED2010 
  8  16.188238  -2.203809   283.039   283.122 17 52478.37085527 33.738
  9  16.205213  -2.188621   282.819   282.739  8 52513.37079526 19.531
 10  16.190917  -2.203581   283.987   283.964 18 52548.37084118 17.914
 11  16.196449  -2.205500   285.529   285.531 19 52583.37083983 49.893
 12  16.189759  -2.204854   286.841   286.841 18 52618.37081495 51.812
 13  16.205653  -2.188404   285.621   285.531  8 52653.37078724 26.744
 14  16.194363  -2.205920   284.048   284.064 18 52688.37079040 39.925
 15  16.193275  -2.204780   283.068   283.113 17 52723.37083653 16.842
 16  16.182128  -2.202156   283.569   283.566 18 52758.37085695 50.797
 17  16.196071  -2.204933   283.813   283.891 18 52793.37080995 39.592
 18  16.198231  -2.204340   283.560   283.573 18 52828.37087752 20.590
 19  16.202960  -2.191078   283.896   283.892  9 52863.37091988 17.886
 20  16.191781  -2.203877   284.536   284.533 18 52898.37095209 50.698
 21  16.190520  -2.204815   285.212   285.211 18 52933.37089767 50.475
 22  16.194002  -2.204732   286.129   286.130 18 52968.37090694 51.447
 23  16.186594  -2.204276   285.336   285.276 18 53003.37092927 20.460
 24  16.189377  -2.204956   284.353   284.357 18 53038.37087853 46.345
 25  16.191317  -2.203408   283.313   283.310 18 53073.37090601 52.203
 26  16.189982  -2.203467   283.106   283.109 18 53108.37087834 51.359
 27  16.192123  -2.204709   283.002   283.027 17 53143.37091549 22.364
 28  16.195234  -2.205590   282.477   282.501 18 53178.37093569 25.204
 29  16.191111  -2.204939   282.592   282.613 18 53213.37095661 14.679
 30  16.194112  -2.204288   283.071   283.089 18 53248.37092542 20.876
 31  16.189160  -2.204557   284.258   284.251 18 53283.37091775 50.868
 32  16.197234  -2.205100   285.419   285.430 18 53318.37091490 51.298
 33  16.198344  -2.205909   285.165   285.502 19 53353.37088136 30.879
 34  16.191960  -2.205859   284.484   284.469 18 53388.37087879 51.410
 35  16.202467  -2.192708   283.067   283.030  9 53423.37087616 18.076
 36  16.198158  -2.204318   282.983   282.964 18 53458.37088350 51.922
 37  16.186354  -2.202468   282.968   282.906 18 53493.37096844 20.880
 38  16.198424  -2.206064   283.284   283.296 18 53528.37094675 14.492
 39  16.187065  -2.204192   283.193   283.189 18 53563.37097689 14.246
 40  16.197300  -2.204247   282.793   282.781 18 53598.37091704 15.618
 41  16.189432  -2.202642   283.881   283.883 18 53633.37091275 17.355
 42  16.188865  -2.202437   284.248   284.176 18 53668.37093492 18.309
 43  16.198635  -2.204530   285.723   285.727 18 53703.37087760 48.772
 44  16.198962  -2.205632   284.365   284.377 17 53738.37078723 29.652
 45  16.199354  -2.204465   283.224   283.215 17 53773.37080138 24.440
 46  16.197073  -2.205365   282.996   282.979 18 53808.37078790 16.661
 48  16.196693  -2.204767   282.792   282.835 18 53878.37085730 22.377
 49  16.187219  -2.203138   283.018   283.069 18 53913.37091052 20.791
 51  16.192968  -2.203904   283.670   283.698 18 53983.37086502 45.165
 52  16.195026  -2.204915   283.882   283.865 18 54018.37089541 20.363
 53  16.206000  -2.188260   285.096   285.120  6 54053.37088532 17.277
 54  16.195058  -2.205152   284.963   285.328 18 54088.37088022 26.354
 55  16.193649  -2.206024   284.937   284.936 18 54123.37080261 50.631
 56  16.192721  -2.205693   283.474   283.502 18 54158.37084413 38.047
 57  16.193421  -2.206269   283.342   283.342 18 54193.37080378 51.405
 58  16.193737  -2.204030   283.478   283.479 18 54228.37085507 51.187
 59  16.194550  -2.203682   283.461   283.493 18 54263.37087392 13.241
 60  16.194343  -2.206222   282.533   282.437 18 54298.37087948 23.869
 61  16.195065  -2.205841   283.435   283.422 18 54333.37086895 14.768
 63  16.193873  -2.206549   285.115   285.153 18 54403.37081279 28.139
 65  16.195638  -2.205713   285.406   285.507 18 54473.37079841 22.428
 66  16.194023  -2.204697   284.244   284.228 18 54508.37078035 52.600
 67  16.194801  -2.205872   282.345   282.437 18 54543.37081266 30.917
 68  16.193646  -2.206371   283.470   283.493 18 54578.37078217 40.712
 69  16.195014  -2.204706   283.507   283.516 18 54613.37080302 41.740
 70  16.193200  -2.205274   283.412   283.424 18 54648.37081041 13.748
 71  16.194153  -2.204338   282.959   282.944 18 54683.37080986 17.257
 72  16.194562  -2.205351   283.849   283.852 18 54718.37075716 19.325
 73  16.193602  -2.204216   284.287   284.271 18 54753.37078347 25.236
 74  16.193552  -2.203346   285.066   285.093 18 54788.37074838 22.878
 75  16.194531  -2.204699   285.027   285.162 18 54823.37077780 41.649
 76  16.194428  -2.205187   284.151   284.134 18 54858.37074398 31.893
 77  16.192747  -2.203324   283.724   283.741 18 54893.37078035 13.418
 78  16.192241  -2.204659   283.300   283.309 18 54928.37074157 51.766
 80  16.191307  -2.204695   283.717   283.740 18 54998.37080066 14.312
 81  16.192952  -2.205927   283.279   283.284 18 55033.37078947 25.587
 82  16.194537  -2.205801   283.237   283.249 18 55068.37077767 12.632
 83  16.192166  -2.204688   284.343   284.341 18 55103.37071660 51.380
 84  16.193983  -2.204888   284.681   284.683 18 55138.37072503 21.457
 85  16.193715  -2.205764   286.321   286.323 18 55173.37068537 51.217
 86  16.193885  -2.204599   284.786   284.791 18 55208.37071954 19.856
 87  16.192564  -2.205493   283.761   283.765 18 55243.37069052 14.788
 88  16.193706  -2.203839   283.534   283.542 18 55278.37071274 14.876
 89  16.193618  -2.206194   283.275   283.196 18 55313.37067576 46.456
 90  16.194439  -2.205209   284.052   284.042 18 55348.37068386 51.057
 91  16.193095  -2.205611   283.543   283.549 18 55383.37067447 18.069
 92  16.194823  -2.203886   283.560   283.549 18 55418.37070207 12.906
 93  16.194619  -2.205572   283.550   283.564 18 55453.37068289 14.678
 94  16.195261  -2.205820   284.226   284.234 18 55488.37060418 21.656
