-141795.989    62.257     0.00   14.08
-141419.869    61.715    -1.44   13.15
-141043.748    59.581    -5.68   12.85
-140667.628    61.902     6.17   11.71
-140291.507    62.474     1.52    9.38
-139915.386    60.316    -5.74   10.02
-139539.266    58.299    -5.36    8.34
-139163.145    58.200    -0.26    9.08
-138787.025    62.094    10.35   10.82
-138410.904    64.632     6.75   10.55
-138034.784    68.863    11.25   10.26
-137658.663    69.453     1.57   12.25
-137282.542    67.601    -4.92   11.31
-136906.422    67.965     0.97   11.95
-136530.301    64.983    -7.93   11.16
-136154.181    65.929     2.52   10.94
-135778.060    66.395     1.24   10.38
-135401.939    66.993     1.59    8.85
-135025.818    64.786    -5.87   10.51
-134649.698    60.632   -11.04   10.03
-134273.577    56.335   -11.43    9.84
-133897.456    53.273    -8.14    8.68
-133521.335    51.530    -4.64    8.58
-133145.215    51.837     0.82    9.09
-132769.094    51.767    -0.19    8.89
-132392.973    55.145     8.98   10.32
-132016.852    58.308     8.41   10.38
-131640.731    60.470     5.75   12.48
-131264.610    60.821     0.93   13.48
-130888.489    60.726    -0.25   12.68
-130512.368    63.427     7.18   13.30
-130136.246    64.290     2.29   14.22
-129760.125    58.910   -14.30   13.32
-129384.004    55.042   -10.28   12.20
-129007.883    48.938   -16.23    9.66
-128631.761    45.786    -8.38    8.71
-128255.640    44.369    -3.77    8.01
-127879.518    42.956    -3.76    5.22
-127503.397    42.254    -1.87    6.28
-127127.275    43.324     2.85    7.47
-126751.154    43.803     1.27    7.59
-126375.032    43.632    -0.45    6.75
-125998.910    44.350     1.91    6.80
-125622.788    44.264    -0.23    7.11
-125246.667    45.902     4.36    7.65
-124870.545    48.794     7.69    9.04
-124494.423    50.718     5.11    9.77
-124118.300    53.453     7.27    8.87
-123742.178    55.182     4.60   10.17
-123366.056    55.389     0.55   10.80
-122989.934    57.427     5.42   12.37
-122613.811    59.188     4.68   12.08
-122237.689    60.527     3.56   10.16
-121861.566    61.581     2.80    8.20
-121485.444    61.106    -1.26    6.62
-121109.321    59.327    -4.73    7.29
-120733.198    57.869    -3.88    8.78
-120357.075    56.357    -4.02    8.61
-119980.952    54.604    -4.66    8.03
-119604.829    55.017     1.10    7.34
-119228.706    54.290    -1.93    6.03
-118852.583    53.848    -1.17    4.87
-118476.459    54.038     0.50    5.69
-118100.336    54.799     2.02    6.20
-117724.212    55.222     1.12    6.39
-117348.089    55.282     0.16    7.21
-116971.965    55.956     1.79    6.91
-116595.841    59.257     8.78    9.28
-116219.717    65.474    16.53   10.76
-115843.593    73.106    20.29   12.34
-115467.469    77.065    10.53   12.10
-115091.345    78.786     4.58   12.61
-114715.220    75.713    -8.17   15.82
-114339.096    71.132   -12.18   16.62
-113962.971    68.185    -7.84   13.36
-113586.846    72.132    10.49   13.69
-113210.721    78.427    16.74   14.43
-112834.596    86.350    21.06   11.56
-112458.471    87.061     1.89    9.36
-112082.346    87.767     1.88   10.11
-111706.221    89.605     4.89   10.50
-111330.095    90.227     1.65   10.64
-110953.970    90.032    -0.52   10.58
-110577.844    92.227     5.83    9.14
-110201.718    94.764     6.75   10.17
-109825.592    98.158     9.03   10.05
-109449.466    98.974     2.17    9.04
-109073.339    98.011    -2.56    9.82
-108697.213    96.478    -4.07   10.02
-108321.086    94.369    -5.61    8.81
-107944.960    93.132    -3.29    9.41
-107568.833    89.983    -8.37   10.95
-107192.706    87.299    -7.14   10.16
-106816.578    86.185    -2.96    9.60
-106440.451    86.042    -0.38    8.64
-106064.324    88.382     6.22    8.42
-105688.196    90.848     6.56    9.13
-105312.068    91.092     0.65   10.06
-104935.940    88.271    -7.50   11.00
-104559.812    87.248    -2.72   10.45
-104183.684    87.869     1.65   10.39
-103807.556    87.273    -1.58    9.58
-103431.427    88.376     2.93    8.56
-103055.298    87.401    -2.59    8.53
-102679.169    86.173    -3.27    8.65
-102303.040    85.222    -2.53    7.97
-101926.911    86.376     3.07    8.03
-101550.782    84.771    -4.27    7.75
-101174.652    84.281    -1.30    7.51
-100798.522    85.011     1.94    9.74
-100422.392    87.173     5.75   12.55
-100046.262    86.786    -1.03   12.61
 -99670.132    91.132    11.55   12.47
 -99294.001    88.557    -6.85   11.68
 -98917.871    84.711   -10.23   11.73
 -98541.740    83.438    -3.39   12.15
 -98165.609    81.094    -6.23   10.93
 -97789.478    80.362    -1.95    9.77
 -97413.346    83.448     8.20   10.08
 -97037.214    84.606     3.08   10.06
 -96661.083    84.273    -0.88    9.47
 -96284.951    83.794    -1.27    9.50
 -95908.818    80.606    -8.48    9.67
 -95532.686    77.032    -9.50    9.30
 -95156.553    73.004   -10.71    7.15
 -94780.421    72.794    -0.56    5.71
 -94404.288    75.227     6.47    6.21
 -94028.154    74.767    -1.22    7.09
 -93652.021    73.875    -2.37    7.68
 -93275.887    72.861    -2.70    7.03
 -92899.754    72.207    -1.74    7.78
 -92523.620    73.632     3.79    8.92
 -92147.485    74.875     3.31    9.65
 -91771.351    74.119    -2.01    9.62
 -91395.216    73.158    -2.55    9.75
 -91019.081    71.068    -5.56    7.73
 -90642.946    69.119    -5.18    6.20
 -90266.811    69.273     0.41    6.40
 -89890.675    67.882    -3.70    6.21
 -89514.539    66.369    -4.02    6.10
 -89138.403    63.812    -6.80    6.22
 -88762.267    61.632    -5.79    5.94
 -88386.131    59.017    -6.95    5.50
 -88009.994    57.632    -3.68    3.76
 -87633.879    58.827     3.18    4.89
 -87257.794    61.119     6.09    5.56
 -86881.709    63.132     5.35    4.46
 -86505.624    63.395     0.70    3.98
 -86129.538    62.965    -1.14    4.11
 -85753.452    62.767    -0.53    3.67
 -85377.366    63.401     1.69    4.23
 -85001.280    63.812     1.09    4.39
 -84625.193    63.786    -0.07    4.52
 -84249.107    63.902     0.31    4.67
 -83873.020    62.683    -3.24    4.33
 -83496.932    61.659    -2.72    3.89
 -83120.845    60.848    -2.16    4.50
 -82744.757    60.281    -1.51    4.90
 -82368.669    59.101    -3.14    4.92
 -81992.580    57.632    -3.91    4.48
 -81616.492    56.027    -4.27    4.89
 -81240.403    54.743    -3.41    5.22
 -80864.314    55.875     3.01    5.82
 -80488.224    54.465    -3.75    5.72
 -80112.135    54.553     0.23    5.70
 -79736.045    53.376    -3.13    5.40
 -79359.955    52.335    -2.77    5.20
 -78983.864    50.869    -3.90    5.11
 -78607.773    49.965    -2.40    4.44
 -78231.682    50.080     0.30    5.00
 -77855.591    50.389     0.82    5.18
 -77479.500    52.965     6.85    6.88
 -77103.408    57.227    11.33    7.62
 -76727.316    59.740     6.68    8.73
 -76351.223    59.821     0.22    8.76
 -75975.130    61.689     4.97    8.40
 -75599.037    63.812     5.64    8.87
 -75222.944    65.812     5.32    7.64
 -74846.851    66.104     0.78    6.98
 -74470.757    65.350    -2.01    6.89
 -74094.663    65.493     0.38    6.72
 -73718.568    65.713     0.58    6.70
 -73342.473    64.760    -2.53    8.97
 -72966.378    64.308    -1.20    9.35
 -72590.283    62.474    -4.88    9.35
 -72214.187    59.658    -7.49    9.67
 -71838.091    57.682    -5.25    8.46
 -71461.995    56.254    -3.80    7.49
 -71085.898    56.332     0.21    6.61
 -70709.802    55.504    -2.20    7.39
 -70333.704    55.827     0.86    7.83
 -69957.607    55.767    -0.16    8.75
 -69581.509    53.827    -5.16    8.71
 -69205.411    53.685    -0.38    8.32
 -68829.312    49.732   -10.51    8.91
 -68453.214    48.938    -2.11    7.67
 -68077.115    50.807     4.97    6.93
 -67701.015    52.001     3.17    7.10
 -67324.915    52.895     2.38    6.00
 -66948.815    51.422    -3.92    5.82
 -66572.715    50.248    -3.12    5.72
 -66196.614    48.027    -5.90    6.21
 -65820.513    46.493    -4.08    5.24
 -65444.412    46.401    -0.24    4.89
 -65068.310    47.660     3.35    5.89
 -64692.208    47.707     0.13    6.31
 -64316.106    48.940     3.28    6.62
 -63940.003    50.632     4.50    6.67
 -63563.900    47.875    -7.33    6.05
 -63187.796    46.335    -4.10    6.56
 -62811.692    45.606    -1.94    6.76
 -62435.588    44.581    -2.73    5.77
 -62059.484    44.659     0.21    6.13
 -61683.379    42.709    -5.18    5.94
 -61307.274    42.735     0.07    6.26
 -60931.168    43.343     1.62    7.15
 -60555.063    43.227    -0.31    7.33
 -60178.956    43.658     1.15    7.16
 -59802.850    44.478     2.18    6.05
 -59426.743    43.465    -2.69    5.35
 -59050.635    40.965    -6.65    6.51
 -58674.528    38.549    -6.43    6.04
 -58298.420    37.185    -3.63    6.35
 -57922.311    36.248    -2.49    6.71
 -57546.203    37.601     3.60    6.37
 -57170.093    38.200     1.59    6.72
 -56793.984    39.764     4.16    6.84
 -56417.874    41.470     4.54    5.84
 -56041.764    41.991     1.39    4.47
 -55665.653    41.362    -1.67    4.69
 -55289.542    40.376    -2.62    4.25
 -54913.431    40.632     0.68    4.11
 -54537.319    42.914     6.07    5.53
 -54161.207    44.578     4.42    6.22
 -53785.094    48.683    10.92    6.09
 -53408.981    50.527     4.90    5.80
 -53032.868    50.715     0.50    5.64
 -52656.754    49.227    -3.96    5.76
 -52280.640    47.281    -5.17    5.70
 -51904.526    44.443    -7.55    4.78
 -51528.411    41.760    -7.13    4.47
 -51152.296    40.538    -3.25    4.23
 -50776.180    40.350    -0.50    4.52
 -50400.064    41.504     3.07    4.06
 -50023.947    42.715     3.22    3.53
 -49647.830    42.530    -0.49    3.32
 -49271.713    43.281     2.00    3.78
 -48895.595    44.453     3.12    4.36
 -48519.477    44.948     1.32    4.50
 -48143.359    45.316     0.98    4.22
 -47767.240    46.281     2.56    4.09
 -47391.121    46.350     0.18    3.87
 -47015.001    47.017     1.77    3.50
 -46638.881    48.804     4.75    3.75
 -46262.760    49.335     1.41    3.95
 -45886.639    50.767     3.81    3.83
 -45510.518    52.497     4.60    4.37
 -45134.396    53.956     3.88    3.92
 -44758.273    54.746     2.10    3.91
 -44382.151    55.007     0.69    3.49
 -44006.028    54.914    -0.25    3.56
 -43629.904    54.497    -1.11    3.74
 -43253.780    53.453    -2.78    2.99
 -42877.656    52.895    -1.48    2.46
 -42501.531    52.553    -0.91    2.29
 -42125.405    52.737     0.49    2.22
 -41749.280    52.658    -0.21    2.25
 -41373.153    53.215     1.48    2.68
 -40997.027    53.658     1.18    3.19
 -40620.900    54.182     1.39    4.00
 -40244.772    55.632     3.86    4.16
 -39868.644    56.001     0.98    4.59
 -39492.516    55.794    -0.55    4.17
 -39116.387    53.200    -6.90    5.76
 -38740.258    51.524    -4.46    5.69
 -38364.128    49.993    -4.07    4.96
 -37987.998    50.632     1.70    4.71
 -37611.867    52.427     4.77    4.29
 -37235.736    53.335     2.41    3.53
 -36859.604    53.185    -0.40    3.84
 -36483.472    53.581     1.05    4.01
 -36107.340    52.299    -3.41    4.12
 -35731.207    51.711    -1.56    4.20
 -35355.073    50.119    -4.23    4.44
 -34978.939    51.271     3.06    5.56
 -34602.805    51.983     1.89    6.41
 -34226.670    52.237     0.68    6.53
 -33850.535    51.575    -1.76    6.47
 -33474.399    50.427    -3.05    5.59
 -33098.263    50.350    -0.20    5.14
 -32722.126    52.271     5.11    4.84
 -32345.989    53.497     3.26    3.53
 -31969.851    54.271     2.06    3.64
 -31593.713    54.685     1.10    3.60
 -31217.574    54.807     0.33    3.02
 -30841.435    54.389    -1.11    2.78
 -30465.295    53.991    -1.06    2.16
 -30089.155    53.027    -2.56    2.28
 -29713.014    52.106    -2.45    2.95
 -29336.873    51.578    -1.40    2.91
 -28960.731    51.057    -1.38    2.76
 -28584.589    50.902    -0.41    2.47
 -28208.447    51.227     0.86    2.40
 -27832.303    51.146    -0.22    2.23
 -27456.160    51.261     0.31    2.33
 -27080.016    51.248    -0.04    2.35
 -26703.871    51.196    -0.14    2.82
 -26327.726    51.104    -0.24    2.80
 -25951.580    51.821     1.91    2.95
 -25575.434    53.011     3.16    3.33
 -25199.287    54.053     2.77    2.98
 -24823.140    55.282     3.27    2.59
 -24446.992    56.200     2.44    1.80
 -24070.844    56.106    -0.25    1.64
 -23694.695    55.895    -0.56    1.52
 -23318.546    55.812    -0.22    1.80
 -22942.396    54.146    -4.43    4.87
 -22566.246    51.582    -6.82    6.84
 -22190.095    47.709   -10.30    7.70
 -21813.943    44.254    -9.19    7.19
 -21437.792    42.497    -4.67    5.38
 -21061.639    45.146     7.04    6.52
 -20685.486    49.264    10.95    7.36
 -20309.333    53.504    11.27    4.97
 -19933.179    55.061     4.14    2.97
 -19557.024    56.427     3.63    2.87
 -19180.869    56.185    -0.64    3.06
 -18804.713    56.438     0.67    3.44
 -18428.557    57.273     2.22    3.51
 -18052.400    56.042    -3.27    3.90
 -17676.243    55.606    -1.16    4.37
 -17300.085    55.038    -1.51    4.78
 -16923.927    54.068    -2.58    4.92
 -16547.768    52.281    -4.75    4.55
 -16171.608    51.807    -1.26    4.55
 -15795.448    52.965     3.08    5.22
 -15419.287    54.861     5.04    4.80
 -15043.126    56.335     3.92    4.31
 -14666.964    57.956     4.31    3.88
 -14290.802    58.524     1.51    3.73
 -13914.639    58.816     0.78    3.93
 -13538.476    58.438    -1.01    3.94
 -13162.312    58.982     1.45    3.62
 -12786.147    58.580    -1.07    3.88
 -12410.071    58.065    -1.37    4.39
 -12034.017    58.581     1.37    4.45
 -11657.964    57.711    -2.31    5.03
 -11281.909    56.395    -3.50    6.66
 -10905.854    55.882    -1.36    7.20
 -10529.799    54.119    -4.69    8.26
 -10153.742    50.688    -9.13    8.81
  -9777.686    50.324    -0.97    8.29
  -9401.628    50.504     0.48    8.56
  -9025.570    53.570     8.15    8.50
  -8649.512    53.713     0.38    7.13
  -8273.453    51.794    -5.10    7.30
  -7897.393    49.470    -6.18    6.34
  -7521.333    46.843    -6.99    4.97
  -7145.272    45.497    -3.58    3.57
  -6769.210    44.683    -2.16    3.26
  -6393.148    44.837     0.41    3.27
  -6017.086    45.264     1.13    3.13
  -5641.022    45.173    -0.24    2.86
  -5264.958    44.889    -0.76    3.02
  -4888.894    45.478     1.57    3.22
  -4512.829    45.227    -0.67    3.25
  -4136.763    44.632    -1.58    3.69
  -3760.697    45.271     1.70    3.62
  -3384.630    45.027    -0.65    3.79
  -3008.563    43.222    -4.80    5.62
  -2632.494    40.538    -7.14    6.41
  -2256.426    38.119    -6.43    6.62
  -1880.356    35.816    -6.12    5.82
  -1504.286    33.549    -6.03    4.97
  -1128.216    29.760   -10.07    6.59
   -752.145    23.389   -16.94   12.08
   -376.073    13.478   -26.35   15.63
     -0.000     4.222   -24.61   13.92
    376.073    -2.557   -18.03    8.99
    752.147    -5.763    -8.52    3.28
   1128.221    -4.650     2.96    5.48
   1504.296    -3.009     4.36    5.93
   1880.372    -0.638     6.30    5.80
   2256.448     0.816     3.87    5.46
   2632.525     2.254     3.82    4.71
   3008.602     4.038     4.74    5.16
   3384.680     7.578     9.41    4.94
   3760.759     9.601     5.38    5.25
   4136.839    14.248    12.36    6.49
   4512.919    17.581     8.86    6.45
   4888.999    19.243     4.42    6.95
   5265.081    23.042    10.10    6.77
   5641.163    25.521     6.59    6.95
   6017.246    27.553     5.40    6.89
   6393.329    31.658    10.92    7.95
   6769.413    32.555     2.38    7.74
   7145.498    34.092     4.09    7.54
   7521.583    36.196     5.60    7.37
   7897.669    38.681     6.61    9.16
   8273.755    41.549     7.63   10.04
   8649.843    43.843     6.10   11.19
   9025.931    44.389     1.45   12.30
   9402.019    44.713     0.86   12.55
   9778.109    44.416    -0.79   12.64
  10154.199    46.032     4.30   12.08
  10530.289    45.683    -0.93   11.65
  10906.381    45.707     0.06   11.02
  11282.473    47.119     3.75   10.94
  11658.565    48.478     3.62   10.00
  12034.659    50.767     6.09    9.94
  12410.753    53.764     7.97    8.78
  12786.847    55.965     5.85    7.61
  13162.943    56.658     1.84    6.53
  13539.039    58.910     5.99    2.25
  13915.136    57.527    -3.68    3.13
  14291.233    55.504    -5.38    4.81
  14667.331    52.577    -7.78    5.95
  15043.430    50.453    -5.65    5.60
  15419.530    48.974    -3.93    5.24
  15795.630    46.929    -5.44    6.54
  16171.731    44.983    -5.17    7.01
  16547.832    44.577    -1.08    7.00
  16923.935    44.760     0.49    8.69
  17300.038    47.432     7.10    9.96
  17676.141    48.902     3.91   10.54
  18052.246    51.581     7.12    9.98
  18428.351    53.501     5.10    8.10
  18804.457    52.553    -2.52    7.95
  19180.563    53.065     1.36    7.29
  19556.671    53.007    -0.15    7.25
  19932.779    53.605     1.59    6.68
  20308.887    52.956    -1.72    5.64
  20684.997    52.686    -0.72    4.77
  21061.107    52.410    -0.73    3.82
  21437.218    52.222    -0.50    3.53
  21813.329    52.658     1.16    2.97
  22189.442    52.861     0.54    2.57
  22565.555    53.335     1.26    1.94
  22941.668    53.929     1.58    1.90
  23317.783    54.106     0.47    1.90
  23693.898    54.982     2.33    1.93
  24070.014    55.929     2.52    2.08
  24446.131    55.895    -0.09    2.02
  24822.248    56.422     1.40    2.07
  25198.366    57.376     2.54    2.90
  25574.485    58.119     1.98    3.85
  25950.605    58.507     1.03    4.29
  26326.725    59.474     2.57    5.36
  26702.846    58.854    -1.65    5.79
  27078.968    59.200     0.92    5.53
  27455.091    58.049    -3.06    5.96
  27831.214    56.837    -3.22    5.50
  28207.338    56.632    -0.55    6.27
  28583.463    57.804     3.11    5.90
  28959.589    59.632     4.86    4.81
  29335.715    60.794     3.09    3.57
  29711.842    59.354    -3.83    5.11
  30087.970    58.145    -3.22    6.49
  30464.099    56.922    -3.25    6.79
  30840.228    54.273    -7.04    8.12
  31216.358    52.895    -3.66    9.27
  31592.489    51.735    -3.09    9.93
  31968.621    50.362    -3.65   12.25
  32344.754    46.882    -9.25   12.53
  32720.887    46.171    -1.89   13.02
  33097.021    47.799     4.33   12.90
  33473.156    53.335    14.72   11.63
  33849.291    56.551     8.55    9.84
  34225.428    58.767     5.89    7.41
  34601.565    59.453     1.82    6.67
  34977.703    61.175     4.58    3.77
  35353.841    60.889    -0.76    4.84
  35729.981    60.474    -1.10    5.93
  36106.121    59.743    -1.94    6.15
  36482.262    55.837   -10.38    8.10
  36858.404    55.474    -0.97    7.79
  37234.547    53.501    -5.25    9.45
  37610.690    51.395    -5.60   11.46
  37986.834    49.145    -5.98   11.96
  38362.980    49.524     1.01   11.67
  38739.125    49.965     1.17   11.60
  39115.272    49.707    -0.69   11.06
  39491.419    50.160     1.20   10.66
  39867.568    51.686     4.06    9.65
  40243.717    55.308     9.63    7.91
  40619.867    56.632     3.52    7.66
  40996.017    57.389     2.01    6.61
  41372.169    58.718     3.53    5.04
  41748.321    59.882     3.10    4.65
  42124.474    60.001     0.31    4.89
  42500.628    58.740    -3.35    6.73
  42876.783    56.837    -5.06    7.55
  43252.938    56.790    -0.13    7.99
  43629.095    57.760     2.58    7.99
  44005.252    59.578     4.83    7.06
  44381.410    60.940     3.62    5.72
  44757.569    61.021     0.22    6.11
  45133.728    61.991     2.58    5.28
  45509.889    61.453    -1.43    5.10
  45886.050    61.820     0.98    4.76
  46262.212    60.786    -2.75    3.97
  46638.375    60.065    -1.92    3.55
  47014.539    59.882    -0.48    3.51
  47390.704    58.659    -3.25    3.99
  47766.869    58.604    -0.15    3.33
  48143.035    58.237    -0.98    3.05
  48519.203    58.017    -0.59    3.04
  48895.371    57.659    -0.95    2.80
  49271.539    57.273    -1.03    2.42
  49647.709    56.914    -0.95    1.45
  50023.880    57.042     0.34    1.50
  50400.051    57.416     0.99    1.38
  50776.223    57.735     0.85    1.65
  51152.396    57.956     0.59    1.90
  51528.570    58.158     0.54    3.06
  51904.745    58.740     1.55    3.57
  52280.921    59.788     2.79    2.55
  52657.097    59.760    -0.07    1.99
  53033.275    58.764    -2.65    3.28
  53409.453    58.354    -1.09    3.31
  53785.632    58.764     1.09    3.39
  54161.812    59.243     1.27    2.65
  54537.993    59.869     1.66    2.74
  54914.175    59.350    -1.38    3.14
  55290.358    59.038    -0.83    3.22
  55666.541    58.948    -0.24    2.69
  56042.725    58.786    -0.43    2.29
  56418.911    58.027    -2.02    2.34
  56795.097    57.821    -0.55    2.15
  57171.284    57.632    -0.50    1.91
  57547.472    57.875     0.65    1.66
  57923.660    58.632     2.01    1.60
  58299.850    58.956     0.86    1.42
  58676.041    58.946    -0.03    1.59
  59052.232    58.632    -0.84    1.61
  59428.424    58.760     0.34    1.92
  59804.618    59.299     1.43    1.96
  60180.812    60.786     3.95    3.29
  60557.007    62.632     4.91    4.06
  60933.203    63.632     2.66    4.23
  61309.399    64.760     3.00    3.83
  61685.597    64.524    -0.63    3.51
  62061.796    64.974     1.20    2.90
  62437.966    65.764     2.10    3.16
  62813.978    65.957     0.51    3.51
  63189.991    65.443    -1.37    4.58
  63566.005    65.507     0.17    5.49
  63942.020    65.273    -0.62    5.78
  64318.036    64.993    -0.74    6.29
  64694.053    64.335    -1.75    6.48
  65070.071    62.160    -5.78    6.12
  65446.090    60.711    -3.85    5.13
  65822.109    60.082    -1.67    4.79
  66198.130    59.049    -2.75    5.29
  66574.151    58.282    -2.04    4.59
  66950.174    58.497     0.57    6.01
  67326.197    58.948     1.20    6.46
  67702.221    59.237     0.77    6.89
  68078.246    58.735    -1.34    7.44
  68454.273    60.474     4.63    7.27
  68830.300    61.493     2.71    6.28
  69206.328    62.504     2.69    5.59
  69582.356    61.661    -2.24    5.32
  69958.386    60.709    -2.53    6.23
  70334.417    58.299    -6.41    7.24
  70710.449    55.882    -6.43    9.00
  71086.482    52.497    -9.00    9.17
  71462.515    50.632    -4.96   11.12
  71838.550    49.264    -3.64   13.02
  72214.585    45.324   -10.48   12.50
  72590.622    43.092    -5.94   12.35
  72966.659    42.914    -0.47   12.62
  73342.697    46.837    10.43   13.29
  73718.737    47.053     0.57   13.26
  74094.777    44.119    -7.80   14.47
  74470.818    39.427   -12.48   14.29
  74846.860    32.816   -17.58   10.55
  75222.904    29.354    -9.21    6.70
  75598.948    29.427     0.19    6.53
  75974.993    30.327     2.39    5.93
  76351.039    30.222    -0.28    5.04
  76727.086    34.171    10.50    9.06
  77103.134    38.132    10.53   12.50
  77479.183    40.011     5.00   12.46
  77855.233    45.389    14.30   14.11
  78231.283    47.119     4.60   14.59
  78607.335    45.094    -5.38   14.68
  78983.388    42.956    -5.68   14.58
  79359.442    39.965    -7.95   12.13
  79735.497    39.427    -1.43    9.77
  80111.553    43.735    11.45   11.16
  80487.609    50.362    17.62   11.71
  80863.667    54.185    10.17   11.44
  81239.726    57.527     8.89   10.41
  81615.786    60.215     7.15    9.60
  81991.846    60.578     0.96   10.05
  82367.908    65.227    12.36    6.20
  82743.971    65.551     0.86    7.04
  83120.034    64.632    -2.44    8.69
  83496.099    60.851   -10.05    9.92
  83872.165    55.053   -15.42   11.38
  84248.232    52.816    -5.95   10.60
  84624.299    55.410     6.90   11.78
  85000.368    59.607    11.16   11.67
  85376.438    63.119     9.34    8.29
  85752.508    63.504     1.02    7.39
  86128.580    62.632    -2.32    7.05
  86504.653    62.264    -0.98    6.22
  86880.727    62.106    -0.42    5.61
  87256.801    63.530     3.79    4.73
  87632.877    63.760     0.61    4.30
  88008.954    62.715    -2.78    5.40
  88385.032    59.578    -8.34    8.32
  88761.111    56.686    -7.69    9.84
  89137.191    54.146    -6.76   10.68
  89513.271    51.659    -6.61   10.77
  89889.353    49.375    -6.07   10.84
  90265.436    44.257   -13.61    7.67
  90641.520    41.843    -6.42    7.33
  91017.605    38.854    -7.95    5.32
  91393.691    38.427    -1.14    5.32
  91769.778    39.308     2.34    6.35
  92145.867    42.264     7.86    9.15
  92521.956    44.764     6.65   10.03
  92898.046    46.786     5.38   10.98
  93274.137    51.362    12.17   11.89
  93650.229    54.948     9.54   10.84
  94026.323    58.607     9.73    8.28
  94402.417    57.775    -2.21    8.60
  94778.513    58.686     2.42   10.01
  95154.609    59.119     1.15   10.10
  95530.707    57.173    -5.17    9.54
  95906.805    56.524    -1.72    7.74
  96282.905    52.465   -10.79    5.45
  96659.005    53.555     2.90    6.35
  97035.107    54.685     3.00    7.87
  97411.210    56.281     4.24    8.09
  97787.314    57.145     2.30   10.39
  98163.419    56.553    -1.57   11.88
  98539.525    53.427    -8.31   13.36
  98915.632    47.821   -14.90   13.62
  99291.740    45.017    -7.46   12.62
  99667.849    43.715    -3.46   13.20
 100043.959    45.185     3.91   13.75
 100420.071    49.974    12.73   15.14
 100796.183    50.382     1.08   16.42
 101172.297    48.786    -4.24   16.11
 101548.411    46.362    -6.45   14.68
 101924.527    47.104     1.97   14.08
 102300.644    52.983    15.63   14.60
 102676.762    59.604    17.60   12.06
 103052.880    63.711    10.92    8.54
 103429.000    65.299     4.22    6.32
 103805.121    65.119    -0.48    5.99
 104181.244    62.171    -7.84   10.73
 104557.367    59.658    -6.68   12.68
 104933.491    59.453    -0.55   11.71
 105309.617    53.632   -15.48   14.31
 105685.743    49.171   -11.86   15.23
 106061.871    44.713   -11.85   13.46
 106438.000    43.929    -2.08   13.43
 106814.130    47.443     9.34   13.65
 107190.261    53.288    15.54   13.26
 107566.393    52.042    -3.31   14.33
 107942.526    47.094   -13.16   14.06
 108318.660    43.104   -10.61   12.69
 108694.795    41.659    -3.84   10.92
 109070.932    41.882     0.59   11.87
 109447.070    46.158    11.37   14.03
 109823.208    50.530    11.62   14.53
 110199.348    54.308    10.04   14.58
 110575.489    53.474    -2.22   15.47
 110951.631    53.001    -1.26   15.94
 111327.775    53.324     0.86   15.51
 111703.919    54.551     3.26   15.79
 112080.064    56.707     5.73   15.59
 112456.211    58.173     3.90   14.43
 112832.359    56.767    -3.74   14.51
 113208.508    53.551    -8.55   15.09
 113584.658    48.410   -13.67   14.59
 113960.809    46.889    -4.04   13.74
 114336.961    45.017    -4.98   11.83
 114713.114    44.021    -2.65   11.48
 115089.269    48.158    11.00   13.88
 115465.425    53.354    13.81   14.15
 115841.581    58.254    13.03   13.04
 116217.739    61.299     8.10    9.97
 116593.898    61.335     0.10   10.19
 116970.059    55.316   -16.00   12.32
 117346.220    52.185    -8.33   11.33
 117722.383    53.032     2.25   10.34
 118098.546    57.011    10.58   10.98
 118474.711    59.507     6.64    9.67
 118850.877    60.914     3.74    9.69
 119227.044    63.021     5.60    8.33
 119603.213    63.605     1.55    6.96
 119979.382    64.713     2.95    6.63
 120355.553    64.658    -0.15    6.29
 120731.725    64.119    -1.43    6.41
 121107.898    63.077    -2.77    7.07
 121484.072    60.982    -5.57    6.98
 121860.247    58.501    -6.60    7.60
 122236.424    54.188   -11.47    8.86
 122612.602    51.001    -8.47    8.48
 122988.780    50.632    -0.98    8.09
 123364.960    51.369     1.96    8.02
 123741.142    54.715     8.90    8.36
 124117.324    58.581    10.28    6.63
 124493.508    59.470     2.36    6.72
 124869.692    59.782     0.83    5.91
 125245.878    57.837    -5.17    6.84
 125622.065    56.889    -2.52    6.46
 125998.254    52.254   -12.32    7.94
 126374.443    48.227   -10.70    7.53
 126750.634    47.146    -2.87    6.31
 127126.826    48.478     3.54    7.03
 127503.019    51.521     8.09    7.46
 127879.213    54.974     9.18    9.27
 128255.409    56.530     4.14    9.57
 128631.605    60.335    10.12    9.57
 129007.803    64.578    11.28    7.83
 129384.002    66.632     5.46    6.63
 129760.203    65.683    -2.52    6.84
 130136.404    65.493    -0.51    6.99
 130512.607    64.145    -3.58    6.14
 130888.811    63.021    -2.99    5.47
 131265.016    63.273     0.67    5.75
 131641.222    62.427    -2.25    5.87
 132017.430    63.101     1.79    6.04
 132393.639    61.119    -5.27    7.44
 132769.849    59.227    -5.03    8.24
 133146.060    58.470    -2.01    8.45
 133522.272    57.448    -2.72    7.97
 133898.486    58.740     3.44    8.03
 134274.701    57.504    -3.29    8.40
 134650.917    56.530    -2.59    7.68
 135027.135    56.343    -0.50    7.48
 135403.353    55.335    -2.68    6.01
 135779.573    56.914     4.20    5.85
 136155.794    57.735     2.18    5.63
 136532.016    57.416    -0.85    5.88
 136908.240    58.145     1.94    5.89
 137284.465    57.983    -0.43    5.48
 137660.559    58.605     1.65    4.95
 138036.537    58.837     0.62    4.52
 138412.516    58.320    -1.38    4.62
 138788.496    59.042     1.92    5.08
 139164.478    60.053     2.69    4.93
 139540.461    60.743     1.84    5.26
 139916.445    61.965     3.25    5.10
 140292.430    62.632     1.77    5.07
 140668.417    62.530    -0.27    4.22
 141044.405    62.869     0.90    3.26
 141420.394    64.173     3.47    2.56
 141796.384    64.711     1.43    2.33
 142172.376    65.427     1.90    2.31
 142548.368    66.427     2.66    2.41
 142924.363    66.821     1.05    2.49
 143300.358    66.816    -0.01    2.30
 143676.355    65.956    -2.29    4.31
 144052.353    63.659    -6.11    6.30
 144428.352    60.443    -8.55    7.49
 144804.352    59.351    -2.90    7.86
 145180.354    60.889     4.09    8.11
 145556.357    62.581     4.50    7.77
 145932.361    63.771     3.17    6.88
 146308.367    60.683    -8.21    8.95
 146684.374    55.438   -13.95    9.21
 147060.382    51.395   -10.75    6.72
 147436.392    48.869    -6.72    3.12
 147812.402    48.478    -1.04    1.44
 148188.414    48.875     1.06    2.06
 148564.428    50.504     4.33    5.36
 148940.442    53.982     9.25    7.72
 149316.458    57.965    10.59    8.36
 149692.475    60.027     5.48    8.55
 150068.494    60.983     2.54    8.62
 150444.513    61.929     2.52    8.42
 150820.534    62.389     1.22    7.41
 151196.557    63.432     2.77    5.27
 151572.580    64.157     1.93    5.15
 151948.605    65.683     4.06    3.87
 152324.632    65.767     0.22    4.89
 152700.659    64.735    -2.75    5.89
 153076.688    63.983    -2.00    6.03
 153452.718    63.974    -0.02    6.03
 153828.750    65.042     2.84    5.81
 154204.783    66.196     3.07    5.01
 154580.817    66.715     1.38    4.39
 154956.852    66.922     0.55    3.33
 155332.889    66.504    -1.11    3.76
 155708.927    65.799    -1.88    4.06
 156084.967    63.530    -6.03    6.10
 156461.007    60.551    -7.92    8.31
 156837.049    57.443    -8.27    8.84
 157213.093    55.362    -5.53    7.34
 157589.138    57.188     4.86    8.72
 157965.184    60.760     9.50    9.61
 158341.231    65.407    12.36    8.85
 158717.280    69.416    10.66    6.03
 159093.330    70.735     3.51    4.85
 159469.381    70.948     0.57    3.93
 159845.434    68.453    -6.64    5.73
 160221.488    66.605    -4.91    6.66
 160597.543    65.607    -2.66    6.57
 160973.600    65.688     0.22    6.09
 161349.658    66.686     2.66    5.61
 161725.718    67.470     2.08    4.23
 162101.779    67.918     1.19    3.85
 162477.841    68.171     0.67    3.79
 162853.904    68.914     1.98    3.45
 163229.969    69.410     1.32    3.21
 163606.035    69.848     1.17    2.86
 163982.103    70.382     1.42    2.31
 164358.172    70.053    -0.87    2.54
 164734.242    70.032    -0.06    2.89
 165110.314    69.686    -0.92    3.43
 165486.387    69.248    -1.17    3.60
 165862.461    70.027     2.07    3.75
 166238.537    70.632     1.61    3.99
 166614.614    71.281     1.72    3.94
 166990.693    72.307     2.73    4.00
 167366.772    72.948     1.70    3.57
 167742.854    73.659     1.89    3.66
 168118.936    73.173    -1.29    3.65
 168495.020    71.461    -4.55    5.35
 168871.106    70.735    -1.93    6.01
 169247.192    68.786    -5.18    6.29
 169623.281    69.854     2.84    5.00
 169999.370    71.740     5.01    3.57
 170375.461    71.173    -1.51    4.44
 170751.553    67.902    -8.70    7.65
 171127.647    64.607    -8.76    8.85
 171503.742    61.011    -9.56    7.80
 171879.839    59.553    -3.87    7.44
 172255.936    62.185     7.00    8.43
 172632.036    66.222    10.73    8.82
 173008.136    67.038     2.17    8.83
 173384.239    66.778    -0.69    8.75
 173760.342    62.991   -10.07    9.03
 174136.447    58.549   -11.81    7.01
 174512.553    56.551    -5.31    4.10
 174888.661    55.632    -2.44    1.62
 175264.770    56.422     2.10    3.28
 175640.880    57.376     2.54    5.02
 176016.992    57.889     1.37    5.76
 176393.106    57.735    -0.41    5.28
 176769.220    57.869     0.36    4.95
 177145.337    57.021    -2.25    3.80
 177521.454    56.991    -0.08    3.48
 177897.573    56.895    -0.25    3.29
 178273.694    56.889    -0.02    2.89
 178649.816    56.974     0.23    2.55
 179025.939    56.991     0.04    2.37
 179402.064    57.604     1.63    3.44
 179778.190    57.207    -1.06    2.79
 180154.317    56.478    -1.94    1.42
 180530.446    56.993     1.37    2.34
 180906.577    57.227     0.62    3.00
 181282.709    57.470     0.65    3.40
 181658.842    57.065    -1.08    2.18
 182034.977    57.106     0.11    1.84
 182411.113    57.049    -0.15    1.81
 182787.250    57.432     1.02    2.43
 183163.389    57.237    -0.52    2.20
 183539.530    57.524     0.76    2.74
 183915.672    57.709     0.49    2.90
 184291.815    57.316    -1.04    2.41
 184667.960    57.053    -0.70    2.07
 185044.107    57.146     0.25    3.23
 185420.254    57.709     1.50    4.53
 185796.404    57.577    -0.35    3.63
 186172.554    59.683     5.60    6.41
 186548.706    61.094     3.75    7.47
 186924.860    61.662     1.51    7.63
 187301.015    62.740     2.87    8.24
 187677.172    62.659    -0.22    7.81
 188053.330    60.875    -4.74    6.52
 188429.489    59.821    -2.80    4.46
 188805.650    61.382     4.15    6.42
 189181.812    62.632     3.32    6.86
 189557.976    62.273    -0.95    6.62
 189934.142    61.632    -1.70    6.05
 190310.309    59.816    -4.83    4.43
 190686.477    59.711    -0.28    4.28
 191062.647    59.196    -1.37    3.10
 191438.818    59.605     1.09    3.19
 191814.991    59.299    -0.81    3.44
 192191.165    59.354     0.15    3.87
 192567.341    59.837     1.28    5.02
 192943.518    61.299     3.89    5.62
 193319.697    64.101     7.45    5.51
 193695.877    66.094     5.30    5.03
 194072.059    66.605     1.36    4.49
 194448.242    65.929    -1.80    5.46
 194824.426    64.606    -3.52    5.88
 195200.613    64.132    -1.26    5.49
 195576.800    65.863     4.60    6.18
 195952.989    66.555     1.84    5.82
 196329.180    67.011     1.21    5.56
 196705.372    65.401    -4.28    6.72
 197081.566    62.812    -6.88    6.48
 197457.761    60.530    -6.07    5.10
 197833.958    59.227    -3.46    3.95
 198210.156    59.607     1.01    2.97
 198586.356    59.956     0.93    2.32
 198962.557    60.001     0.12    1.68
 199338.760    59.983    -0.05    1.67
 199714.964    60.507     1.39    1.58
 200091.170    60.581     0.20    1.56
 200467.378    60.316    -0.70    1.36
 200843.586    60.771     1.21    2.28
 201219.797    60.042    -1.94    2.63
 201596.009    60.354     0.83    4.43
 201972.222    61.401     2.78    5.17
 202348.437    62.922     4.04    6.12
 202724.654    64.362     3.83    6.16
 203100.872    66.106     4.64    6.87
 203477.091    67.607     3.99    6.93
 203853.313    67.857     0.67    7.14
 204229.535    68.578     1.92    7.34
 204605.759    68.735     0.42    6.72
 204981.985    67.922    -2.16    6.83
 205358.212    67.119    -2.13    6.80
 205734.441    67.038    -0.22    6.51
 206110.672    65.162    -4.99    6.97
 206486.904    61.863    -8.77    6.20
 206863.137    59.530    -6.20    4.68
 207239.372    58.521    -2.68    2.74
 207615.609    58.786     0.70    2.77
 207991.847    60.049     3.36    3.69
 208368.087    61.080     2.74    4.39
 208744.328    62.094     2.70    4.51
 209120.571    61.264    -2.21    3.05
 209496.815    61.001    -0.70    1.32
 209873.061    60.760    -0.64    1.44
 210249.309    60.857     0.26    1.35
 210625.558    60.902     0.12    1.19
 211001.808    60.807    -0.25    1.13
 211378.061    61.068     0.69    1.29
 211754.314    60.910    -0.42    1.52
 212130.570    60.875    -0.09    1.52
 212506.827    60.688    -0.50    1.72
 212882.799    61.001     0.83    2.48
 213258.742    61.382     1.02    3.62
 213634.686    61.771     1.03    3.80
 214010.632    61.482    -0.77    4.37
 214386.579    61.524     0.11    5.23
 214762.528    63.524     5.32    6.59
 215138.479    65.922     6.38    6.52
 215514.431    68.711     7.42    5.77
 215890.385    70.389     4.46    4.13
 216266.340    69.362    -2.73    4.03
 216642.297    66.683    -7.12    5.05
 217018.256    65.715    -2.57    5.70
 217394.216    66.057     0.91    6.77
 217770.178    64.737    -3.51    7.30
 218146.141    63.299    -3.83    6.20
 218522.106    62.092    -3.21    3.88
 218898.072    61.632    -1.22    3.55
 219274.041    61.453    -0.48    3.10
 219650.010    60.299    -3.07    2.40
 220025.982    59.848    -1.20    1.42
 220401.955    60.332     1.29    1.49
 220777.929    60.316    -0.04    1.40
 221153.905    60.053    -0.70    2.85
 221529.883    59.929    -0.33    3.62
 221905.863    59.709    -0.59    4.14
 222281.844    58.816    -2.37    5.89
 222657.826    58.465    -0.93    7.17
 223033.811    56.453    -5.35    8.20
 223409.797    54.049    -6.39    9.03
 223785.784    50.530    -9.36    9.06
 224161.773    47.324    -8.52    8.05
 224537.764    45.191    -5.67    6.08
 224913.757    44.254    -2.49    5.64
 225289.751    43.173    -2.88    4.33
 225665.746    42.497    -1.80    1.58
 226041.744    42.707     0.56    1.73
 226417.743    43.416     1.89    1.87
 226793.743    43.580     0.44    2.03
 227169.745    43.248    -0.88    2.07
 227545.749    43.290     0.11    1.98
 227921.755    43.605     0.84    2.77
 228297.762    43.786     0.48    2.85
 228673.771    43.395    -1.04    2.33
 229049.781    43.299    -0.26    2.28
 229425.793    43.308     0.02    1.73
 229801.807    43.577     0.71    1.43
 230177.823    43.580     0.01    1.51
 230553.840    43.940     0.96    3.29
 230929.859    45.757     4.83    6.01
 231305.879    45.902     0.39    6.11
 231681.901    45.713    -0.50    6.22
 232057.925    45.767     0.14    5.85
 232433.950    43.991    -4.72    2.87
 232809.977    43.658    -0.88    1.59
 233186.006    44.273     1.63    1.60
 233562.036    44.837     1.50    1.67
 233938.068    45.094     0.68    2.00
 234314.102    44.983    -0.29    2.26
 234690.137    44.889    -0.25    2.81
 235066.175    44.764    -0.33    2.70
 235442.213    45.438     1.79    4.13
 235818.254    47.335     5.05    6.20
 236194.296    48.382     2.79    7.23
 236570.340    50.038     4.40    7.70
 236946.385    51.453     3.76    8.60
 237322.432    51.238    -0.57    8.37
 237698.481    50.222    -2.70    7.99
 238074.532    47.185    -8.08    6.13
 238450.584    45.271    -5.09    2.95
 238826.638    44.889    -1.02    1.92
 239202.694    44.902     0.04    1.66
 239578.751    44.812    -0.24    1.79
 239954.810    45.264     1.20    3.15
 240330.871    47.786     6.71    6.12
 240706.933    51.632    10.23    7.09
 241082.997    55.343     9.87    6.67
 241459.063    55.965     1.66    5.62
 241835.131    56.188     0.59    6.22
 242211.200    56.524     0.89    7.09
 242587.271    57.713     3.16    7.44
 242963.344    56.065    -4.38    8.07
 243339.418    51.227   -12.86    8.15
 243715.494    48.489    -7.28    6.77
 244091.572    46.557    -5.14    5.48
 244467.651    46.606     0.13    5.39
 244843.733    49.119     6.68    5.94
 245219.816    50.914     4.77    5.19
 245595.900    52.001     2.89    3.82
 245971.987    51.922    -0.21    3.42
 246348.075    50.790    -3.01    2.55
 246724.165    52.196     3.74    2.72
 247100.257    54.119     5.11    4.12
 247476.350    55.580     3.88    4.24
 247852.445    57.582     5.32    3.54
 248228.542    59.118     4.08    3.28
 248604.640    59.038    -0.21    2.88
 248980.741    59.956     2.44    2.69
 249356.843    60.956     2.66    2.69
 249732.947    62.281     3.52    2.34
 250109.052    63.243     2.56    2.41
 250485.159    64.057     2.16    2.26
 250861.268    64.530     1.26    1.94
 251237.379    63.983    -1.45    2.16
 251613.492    63.094    -2.37    2.16
 251989.606    62.316    -2.07    2.41
 252365.722    61.324    -2.64    2.32
 252741.840    60.389    -2.49    2.28
 253117.959    60.248    -0.38    2.21
 253494.081    60.299     0.14    2.35
 253870.204    61.158     2.29    2.24
 254246.328    62.145     2.62    2.76
 254622.455    63.851     4.54    2.99
 254998.583    65.760     5.08    2.73
 255374.714    67.551     4.76    2.55
 255750.845    68.743     3.17    2.53
 256126.979    68.983     0.64    3.30
 256503.115    66.688    -6.10    7.50
 256879.252    62.632   -10.78   10.11
 257255.391    59.042    -9.54   10.15
 257631.532    56.524    -6.70    9.68
 258007.674    58.222     4.51    9.90
 258383.818    61.581     8.93    9.43
 258759.965    65.581    10.63    8.13
 259136.112    68.443     7.61    7.13
 259512.262    67.350    -2.91    8.93
 259888.414    64.524    -7.51   10.83
 260264.567    60.956    -9.48   10.93
 260640.722    56.389   -12.14    9.95
 261016.879    55.538    -2.26    8.81
 261393.037    55.504    -0.09    9.25
 261769.198    59.106     9.58   10.77
 262145.360    59.854     1.99   10.97
 262521.524    64.389    12.06   12.26
 262897.690    66.104     4.56   12.91
 263273.858    68.264     5.74   12.51
 263650.027    72.632    11.61   12.33
 264026.198    75.335     7.19   11.72
 264402.372    79.760    11.76   10.44
 264778.546    83.709    10.50    9.27
 265154.723    82.889    -2.18    9.23
 265530.902    82.119    -2.05    7.98
 265907.082    82.307     0.50    7.54
 266283.264    82.173    -0.36    7.45
 266659.448    84.632     6.54    6.40
 267035.634    84.308    -0.86    5.89
 267411.822    83.926    -1.01    6.82
 267788.011    82.607    -3.51    6.36
 268164.202    80.222    -6.34    6.16
 268540.395    81.215     2.64    6.26
 268916.590    81.316     0.27    6.61
 269292.787    79.715    -4.26    6.01
 269668.986    78.685    -2.74    4.76
 270045.186    77.299    -3.68    3.08
 270421.388    76.173    -2.99    4.22
 270797.592    76.316     0.38    5.18
 271173.798    77.553     3.29    6.50
 271550.006    79.032     3.93    6.99
 271926.216    81.632     6.91    5.97
 272302.427    82.530     2.39    5.44
 272678.640    82.914     1.02    4.78
 273054.856    84.497     4.21    5.75
 273431.073    85.011     1.36    7.18
 273807.291    86.200     3.16    8.60
 274183.512    88.965     7.35    7.25
 274559.735    88.940    -0.07    6.47
 274935.959    88.771    -0.45    6.31
 275312.185    86.940    -4.87    7.93
 275688.414    82.764   -11.10    9.29
 276064.644    80.632    -5.67    8.78
 276440.876    77.869    -7.34    6.97
 276817.109    78.369     1.33    6.23
 277193.345    77.991    -1.00    5.13
 277569.582    78.290     0.79    4.71
 277945.822    78.757     1.24    4.55
 278322.063    78.410    -0.92    4.22
 278698.306    78.182    -0.61    4.67
 279074.551    78.863     1.81    6.10
 279450.798    79.404     1.44    6.12
 279827.047    78.848    -1.48    6.09
 280203.297    79.902     2.80    7.02
 280579.550    80.254     0.93    6.47
 280955.804    80.914     1.76    6.30
 281332.060    81.065     0.40    6.65
 281708.318    80.607    -1.22    6.60
 282084.578    79.737    -2.31    6.50
 282460.840    80.443     1.88    6.31
 282837.104    79.965    -1.27    6.19
 283213.370    81.632     4.43    6.20
 283589.638    82.106     1.26    5.65
 283965.907    82.438     0.88    4.65
 284342.178    81.042    -3.71    3.05
 284718.452    80.794    -0.66    2.09
 285094.727    80.555    -0.64    1.75
 285471.004    80.401    -0.41    1.49
 285847.283    80.489     0.23    2.06
 286223.564    81.740     3.32    3.53
 286599.847    82.578     2.23    3.81
 286976.132    83.308     1.94    3.31
 287352.418    85.173     4.96    4.51
 287728.600    85.910     1.96    4.65
 288104.508    86.242     0.88    4.99
 288480.417    85.401    -2.24    4.97
 288856.328    86.119     1.91    5.72
 289232.241    85.001    -2.97    5.74
 289608.156    84.632    -0.98    5.66
 289984.073    83.863    -2.05    5.96
 290359.992    81.577    -6.08    4.30
 290735.913    80.017    -4.15    3.42
 291111.836    78.104    -5.09    1.96
 291487.761    78.171     0.18    3.14
 291863.687    79.504     3.55    4.22
 292239.616    79.132    -0.99    4.36
 292615.546    79.200     0.18    4.78
 292991.479    78.875    -0.86    4.75
 293367.413    79.146     0.72    4.68
 293743.349    82.211     8.15    5.90
 294119.288    83.335     2.99    6.32
 294495.228    82.401    -2.48    7.18
 294871.170    80.478    -5.12    7.08
 295247.114    76.264   -11.21    4.60
 295623.060    74.200    -5.49    2.01
 295999.008    74.786     1.56    3.45
 296374.958    74.453    -0.89    3.56
 296750.910    74.188    -0.70    3.63
 297126.863    73.760    -1.14    2.99
 297502.819    74.065     0.81    4.77
 297878.777    76.106     5.43    6.50
 298254.737    76.889     2.08    7.07
 298630.698    77.820     2.48    7.34
 299006.662    78.658     2.23    7.06
 299382.628    79.922     3.36    6.95
 299758.595    82.632     7.21    6.60
 300134.565    83.094     1.23    5.20
 300510.536    81.929    -3.10    4.44
 300886.510    81.248    -1.81    4.28
 301262.485    80.863    -1.02    5.35
 301638.462    82.448     4.22    5.44
 302014.442    83.474     2.73    5.23
 302390.423    83.940     1.24    5.15
 302766.406    84.607     1.77    5.06
 303142.392    85.938     3.54    5.44
 303518.379    88.685     7.31    6.16
 303894.368    91.227     6.76    5.73
 304270.360    91.497     0.72    5.69
 304646.353    90.974    -1.39    6.05
 305022.348    92.288     3.50    6.30
 305398.345    93.453     3.10    5.67
 305774.345    95.248     4.77    5.67
 306150.346    95.410     0.43    4.96
 306526.349    92.555    -7.59    4.95
 306902.354    92.200    -0.95    5.58
 307278.361    90.863    -3.56    4.75
 307654.371    89.922    -2.50    3.94
 308030.382    89.316    -1.61    2.05
 308406.395    89.821     1.34    1.58
 308782.410    89.889     0.18    1.41
 309158.428    90.007     0.32    1.35
 309534.447    90.215     0.55    1.65
 309910.468    90.173    -0.11    1.89
 310286.491    89.335    -2.23    2.79
 310662.517    89.389     0.14    3.43
 311038.544    89.794     1.08    4.30
 311414.573    90.838     2.78    4.22
 311790.605    90.327    -1.36    4.08
 312166.638    90.232    -0.25    4.43
