#  282.010  -0.253   9.712 ;Mean Elev.(m), Avg Gradient(m/km), RMS Gradient(m/km) - SRTM1     
#  264.417  -0.308   9.682 ;Mean Elev.(m), Avg Gradient(m/km), RMS Gradient(m/km) - ASTER GDEM
#  282.013  -0.538   9.692 ;Mean Elev.(m), Avg Gradient(m/km), RMS Gradient(m/km) - GMTED2010 
  7   284.451 52444.87208069 21.70  16.379000  -2.048061 11.457
  7   284.450 52444.87208134 19.87  16.378280  -2.044761 11.457
  7   284.442 52444.87208198 16.44  16.377550  -2.041451 11.457
  7   284.171 52444.87208263 16.93  16.376820  -2.038151 11.457
  7   284.507 52444.87208327 16.38  16.376100  -2.034841 11.457
  7   284.705 52444.87208391 15.39  16.375370  -2.031541 11.457
  7   284.998 52444.87208456 16.72  16.374640  -2.028231 11.457
  8   284.666 52479.87207401 49.66  16.383782  -2.044209 30.674
  8   284.778 52479.87207465 49.94  16.383052  -2.040909 30.674
  8   284.703 52479.87207529 50.88  16.382332  -2.037599 30.674
  8   284.664 52479.87207594 52.43  16.381602  -2.034299 30.674
  8   284.807 52479.87207658 54.62  16.380872  -2.030989 30.674
  8   284.810 52479.87207723 50.24  16.380152  -2.027689 30.674
  8   284.725 52479.87207787 52.44  16.379422  -2.024379 30.674
  8   284.783 52479.87207852 48.25  16.378692  -2.021079 30.674
  9   285.262 52514.87202357 50.98  16.392026  -2.032569 24.372
  9   285.237 52514.87202422 50.79  16.391296  -2.029259 24.372
  9   285.211 52514.87202486 49.12  16.390576  -2.025959 24.372
  9   285.135 52514.87202551 49.87  16.389846  -2.022649 24.372
  9   285.337 52514.87202615 48.90  16.389116  -2.019349 24.372
  9   285.327 52514.87202679 49.19  16.388396  -2.016039 24.372
  9   285.415 52514.87202744 49.84  16.387664  -2.012737 44.510
  9   285.285 52514.87202808 52.72  16.386944  -2.009427 44.510
  9   285.404 52514.87202873 51.72  16.386214  -2.006127 44.510
 10   286.140 52549.87206733 47.95  16.384432  -2.042389 15.197
 10   286.247 52549.87206798 45.90  16.383702  -2.039079 15.197
 10   286.281 52549.87206862 48.51  16.382979  -2.035779 43.747
 10   286.287 52549.87206926 48.91  16.382249  -2.032469 43.747
 10   286.099 52549.87206991 47.85  16.381519  -2.029169 43.747
 10   286.250 52549.87207055 48.14  16.380799  -2.025859 43.747
 10   286.376 52549.87207120 51.39  16.380069  -2.022559 43.747
 10   286.383 52549.87207184 51.02  16.379339  -2.019249 43.747
 11   287.417 52584.87205123 51.14  16.392463  -2.030824 28.548
 11   287.372 52584.87205187 49.08  16.391743  -2.027514 28.548
 11   287.323 52584.87205252 52.23  16.391013  -2.024214 28.548
 11   287.355 52584.87205316 51.74  16.390283  -2.020904 28.548
 11   287.346 52584.87205381 49.67  16.389563  -2.017604 28.548
 11   287.245 52584.87205445 50.57  16.388833  -2.014294 28.548
 11   287.280 52584.87205510 46.67  16.388103  -2.010994 28.548
 11   287.483 52584.87205574 33.61  16.387383  -2.007684 28.548
 11   287.301 52584.87205638 46.43  16.386646  -2.004383 48.422
 12   288.278 52619.87202910 51.43  16.384971  -2.039955 29.656
 12   288.209 52619.87202975 52.86  16.384241  -2.036655 29.656
 12   288.322 52619.87203039 49.11  16.383521  -2.033345 29.656
 12   288.213 52619.87203103 51.06  16.382791  -2.030045 29.656
 12   288.191 52619.87203168 50.94  16.382061  -2.026735 29.656
 12   288.171 52619.87203232 51.33  16.381341  -2.023435 29.656
 12   288.216 52619.87203297 53.05  16.380611  -2.020125 29.656
 12   288.132 52619.87203361 50.52  16.379881  -2.016825 29.656
 13   287.830 52654.87201885 50.40  16.392489  -2.029969 24.030
 13   287.858 52654.87201949 49.93  16.391759  -2.026669 24.030
 13   287.766 52654.87202014 51.32  16.391039  -2.023359 24.030
 13   287.513 52654.87202078 52.56  16.390309  -2.020059 24.030
 13   287.674 52654.87202143 51.66  16.389579  -2.016749 24.030
 13   287.647 52654.87202207 48.13  16.388859  -2.013448 45.564
 13   287.769 52654.87202272 50.80  16.388129  -2.010138 45.564
 13   287.839 52654.87202336 50.73  16.387399  -2.006838 45.564
 13   287.802 52654.87202401 53.22  16.386679  -2.003528 45.564
 14   285.415 52689.87201091 26.68  16.387554  -2.040353 15.714
 14   284.974 52689.87201155 24.37  16.386824  -2.037053 15.714
 14   284.765 52689.87201220 18.91  16.386104  -2.033743 15.714
 14   284.856 52689.87201284 17.57  16.385373  -2.030441 25.580
 14   284.874 52689.87201349 17.89  16.384653  -2.027131 25.580
 14   285.288 52689.87201413 17.63  16.383923  -2.023831 25.580
 14   285.486 52689.87201477 21.20  16.383193  -2.020521 25.580
 14   285.519 52689.87201542 22.07  16.382473  -2.017221 25.580
 14   285.547 52689.87201606 25.33  16.381743  -2.013911 25.580
 15   285.112 52724.87205512 48.62  16.388604  -2.039141 15.080
 15   284.993 52724.87205576 48.87  16.387874  -2.035841 15.080
 15   284.924 52724.87205641 49.79  16.387154  -2.032531 15.080
 15   284.894 52724.87205705 51.30  16.386424  -2.029231 15.080
 15   284.987 52724.87205770 51.32  16.385694  -2.025921 15.080
 15   284.895 52724.87205834 50.52  16.384975  -2.022619 28.325
 15   284.887 52724.87205899 50.55  16.384245  -2.019309 28.325
 15   284.874 52724.87205963 51.83  16.383515  -2.016009 28.325
 15   284.921 52724.87206028 51.34  16.382795  -2.012699 28.325
 15   284.832 52724.87206092 51.70  16.382065  -2.009399 28.325
 16   285.072 52759.87207224 48.92  16.378102  -2.047801 29.075
 16   285.016 52759.87207289 48.32  16.377372  -2.044491 29.075
 16   285.116 52759.87207353 50.07  16.376642  -2.041191 29.075
 16   285.058 52759.87207418 47.59  16.375922  -2.037881 29.075
 16   285.061 52759.87207482 44.87  16.375192  -2.034581 29.075
 16   285.151 52759.87207547 46.64  16.374462  -2.031271 29.075
 16   284.991 52759.87207611 46.87  16.373742  -2.027971 29.075
 17   285.590 52794.87203126 51.12  16.390574  -2.030887 24.853
 17   285.724 52794.87203191 49.97  16.389844  -2.027587 24.853
 17   285.683 52794.87203255 52.91  16.389124  -2.024277 24.853
 17   285.721 52794.87203320 49.56  16.388394  -2.020977 24.853
 17   285.697 52794.87203384 52.02  16.387664  -2.017667 24.853
 17   285.774 52794.87203449 49.32  16.386940  -2.014366 45.445
 17   285.674 52794.87203513 52.61  16.386210  -2.011056 45.445
 17   285.608 52794.87203578 49.61  16.385480  -2.007756 45.445
 17   285.641 52794.87203642 51.24  16.384760  -2.004446 45.445
 18   285.688 52829.87209825 51.29  16.392089  -2.029969 25.542
 18   285.576 52829.87209890 51.19  16.391359  -2.026669 25.542
 18   285.569 52829.87209954 53.16  16.390639  -2.023359 25.542
 18   285.551 52829.87210019 51.31  16.389909  -2.020059 25.542
 18   285.769 52829.87210083 51.90  16.389179  -2.016749 25.542
 18   285.889 52829.87210148 51.21  16.388455  -2.013448 43.336
 18   285.671 52829.87210212 49.89  16.387725  -2.010138 43.336
 18   285.692 52829.87210276 51.43  16.386995  -2.006838 43.336
 19   285.718 52864.87214279 49.26  16.393589  -2.028357 23.840
 19   285.954 52864.87214343 50.17  16.392859  -2.025057 23.840
 19   286.033 52864.87214408 48.82  16.392139  -2.021747 23.840
 19   285.900 52864.87214472 51.44  16.391409  -2.018447 23.840
 19   286.003 52864.87214537 52.92  16.390679  -2.015137 23.840
 19   286.018 52864.87214601 47.28  16.389958  -2.011836 43.021
 19   285.945 52864.87214666 50.58  16.389228  -2.008526 43.021
 19   285.857 52864.87214730 51.51  16.388498  -2.005226 43.021
 20   286.435 52899.87216988 49.58  16.386069  -2.039443 28.701
 20   286.170 52899.87217053 53.44  16.385349  -2.036133 28.701
 20   286.153 52899.87217117 51.88  16.384619  -2.032833 28.701
 20   286.260 52899.87217182 52.33  16.383889  -2.029523 28.701
 20   286.159 52899.87217246 50.97  16.383169  -2.026223 28.701
 20   286.158 52899.87217311 51.64  16.382439  -2.022913 28.701
 20   286.227 52899.87217375 53.25  16.381709  -2.019613 28.701
 20   286.249 52899.87217440 52.64  16.380989  -2.016303 28.701
 21   286.819 52934.87211273 41.76  16.385292  -2.040400 20.343
 21   287.081 52934.87211337 36.06  16.384562  -2.037100 20.343
 21   286.719 52934.87211402 33.13  16.383842  -2.033790 20.343
 21   286.634 52934.87211466 33.01  16.383112  -2.030490 20.343
 21   286.666 52934.87211531 31.31  16.382382  -2.027180 20.343
 21   286.597 52934.87211595 29.68  16.381662  -2.023880 20.343
 21   286.740 52934.87211660 33.65  16.380932  -2.020570 20.343
 21   286.943 52934.87211724 38.46  16.380212  -2.017270 20.343
 22   287.638 52969.87213016 42.39  16.387440  -2.038254 41.093
 22   287.749 52969.87213080 45.80  16.386710  -2.034944 41.093
 22   287.380 52969.87213145 47.73  16.385980  -2.031644 41.093
 22   287.622 52969.87213209 37.22  16.385260  -2.028334 41.093
 22   287.581 52969.87213274 44.10  16.384530  -2.025034 41.093
 22   287.690 52969.87213338 45.54  16.383800  -2.021724 41.093
 22   287.660 52969.87213403 47.21  16.383070  -2.018424 41.093
 22   287.650 52969.87213467 49.95  16.382350  -2.015114 41.093
 22   287.750 52969.87213532 50.44  16.381620  -2.011814 41.093
 23   287.012 53004.87214658 50.01  16.382402  -2.044001 24.886
 23   287.175 53004.87214723 45.17  16.381672  -2.040701 24.886
 23   287.076 53004.87214787 49.07  16.380952  -2.037391 24.886
 23   287.089 53004.87214852 40.38  16.380222  -2.034091 24.886
 23   287.081 53004.87214916 33.15  16.379492  -2.030781 24.886
 23   286.730 53004.87214981 24.09  16.378772  -2.027481 24.886
 23   286.697 53004.87215045 24.23  16.378042  -2.024171 24.886
 24   285.842 53039.87209684 50.24  16.385395  -2.042941 25.116
 24   285.894 53039.87209748 48.49  16.384665  -2.039631 25.116
 24   285.825 53039.87209813 53.26  16.383945  -2.036331 25.116
 24   285.888 53039.87209877 50.26  16.383215  -2.033021 25.116
 24   285.863 53039.87209942 50.69  16.382485  -2.029721 25.116
 24   285.896 53039.87210006 51.06  16.381765  -2.026411 25.116
 24   285.854 53039.87210070 53.41  16.381035  -2.023111 25.116
 24   285.866 53039.87210135 50.30  16.380305  -2.019801 25.116
 24   285.867 53039.87210199 48.19  16.379579  -2.016500 45.341
 25   284.639 53074.87212801 48.83  16.385257  -2.042698 25.528
 25   284.794 53074.87212865 49.83  16.384537  -2.039388 25.528
 25   284.711 53074.87212929 51.51  16.383807  -2.036088 25.528
 25   284.698 53074.87212994 49.05  16.383077  -2.032778 25.528
 25   284.736 53074.87213058 45.97  16.382357  -2.029478 25.528
 25   284.691 53074.87213123 48.76  16.381627  -2.026168 25.528
 25   284.607 53074.87213187 50.01  16.380897  -2.022868 25.528
 25   284.708 53074.87213252 46.32  16.380177  -2.019558 25.528
 26   284.327 53109.87209786 51.61  16.382737  -2.043133 26.847
 26   284.296 53109.87209850 53.27  16.382007  -2.039823 26.847
 26   284.348 53109.87209915 53.58  16.381277  -2.036523 26.847
 26   284.257 53109.87209979 52.17  16.380557  -2.033213 26.847
 26   284.377 53109.87210044 52.18  16.379827  -2.029913 26.847
 26   284.291 53109.87210108 51.35  16.379097  -2.026603 26.847
 26   284.286 53109.87210173 52.34  16.378373  -2.023303 44.007
 27   284.485 53144.87213993 27.24  16.386006  -2.041618 12.666
 27   284.442 53144.87214057 20.50  16.385276  -2.038318 12.666
 27   284.486 53144.87214122 17.02  16.384546  -2.035008 12.666
 27   284.264 53144.87214186 18.85  16.383816  -2.031708 12.666
 27   285.153 53144.87214251 18.61  16.383096  -2.028398 12.666
 27   284.855 53144.87214315 22.80  16.382366  -2.025098 12.666
 27   284.961 53144.87214380 27.51  16.381636  -2.021788 12.666
 27   285.242 53144.87214444 34.51  16.380916  -2.018488 22.763
 27   285.249 53144.87214509 44.14  16.380186  -2.015178 22.763
 28   284.685 53179.87215481 49.83  16.389474  -2.032557 25.713
 28   284.691 53179.87215545 51.01  16.388744  -2.029247 25.713
 28   284.585 53179.87215610 51.09  16.388014  -2.025947 25.713
 28   284.602 53179.87215674 49.73  16.387294  -2.022637 25.713
 28   284.461 53179.87215739 51.69  16.386564  -2.019337 25.713
 28   284.582 53179.87215803 51.05  16.385834  -2.016027 25.713
 28   284.525 53179.87215868 51.20  16.385106  -2.012725 41.512
 28   284.555 53179.87215932 46.85  16.384386  -2.009415 41.512
 28   284.607 53179.87215997 47.37  16.383656  -2.006115 41.512
 29   284.350 53214.87217538 46.59  16.385775  -2.039378 27.926
 29   284.178 53214.87217602 50.18  16.385055  -2.036068 27.926
 29   284.243 53214.87217667 51.11  16.384325  -2.032768 27.926
 29   284.326 53214.87217731 51.04  16.383595  -2.029458 27.926
 29   284.223 53214.87217796 48.43  16.382865  -2.026158 27.926
 29   284.092 53214.87217860 51.99  16.382145  -2.022848 27.926
 29   284.326 53214.87217925 47.59  16.381415  -2.019548 27.926
 29   284.401 53214.87217989 44.88  16.380685  -2.016238 27.926
 30   285.045 53249.87214516 31.22  16.387590  -2.039624 17.551
 30   284.686 53249.87214581 24.16  16.386870  -2.036314 17.551
 30   284.626 53249.87214645 20.44  16.386140  -2.033014 17.551
 30   284.442 53249.87214710 19.88  16.385410  -2.029704 17.551
 30   284.323 53249.87214774 21.11  16.384690  -2.026404 17.551
 30   284.851 53249.87214839 21.76  16.383960  -2.023094 17.551
 30   285.228 53249.87214903 24.28  16.383230  -2.019794 17.551
 30   285.179 53249.87214968 26.58  16.382510  -2.016484 17.551
 30   285.198 53249.87215032 26.88  16.381778  -2.013183 30.922
 31   285.654 53284.87214177 52.07  16.383334  -2.041507 26.839
 31   285.724 53284.87214242 52.80  16.382604  -2.038207 26.839
 31   285.711 53284.87214306 52.09  16.381874  -2.034897 26.839
 31   285.716 53284.87214371 52.26  16.381144  -2.031597 26.839
 31   285.773 53284.87214435 50.12  16.380424  -2.028287 26.839
 31   285.786 53284.87214500 52.78  16.379694  -2.024987 26.839
 31   285.770 53284.87214564 51.85  16.378964  -2.021677 26.839
 32   287.092 53319.87212925 50.98  16.392803  -2.031124 27.775
 32   287.199 53319.87212990 51.37  16.392073  -2.027824 27.775
 32   287.063 53319.87213054 51.72  16.391343  -2.024514 27.775
 32   286.991 53319.87213119 51.03  16.390613  -2.021214 27.775
 32   287.022 53319.87213183 50.93  16.389893  -2.017904 27.775
 32   287.167 53319.87213248 50.33  16.389163  -2.014604 27.775
 32   287.210 53319.87213312 50.40  16.388433  -2.011294 27.775
 32   287.185 53319.87213377 51.09  16.387714  -2.007992 45.817
 32   287.106 53319.87213441 53.68  16.386984  -2.004682 45.817
 33   287.004 53354.87209736 27.12  16.391450  -2.029726 20.219
 33   286.821 53354.87209801 22.92  16.390720  -2.026416 20.219
 33   286.234 53354.87209865 22.81  16.390000  -2.023116 20.219
 33   286.176 53354.87209930 22.74  16.389270  -2.019806 20.219
 33   286.562 53354.87209994 24.44  16.388540  -2.016506 20.219
 33   286.955 53354.87210059 24.50  16.387820  -2.013196 20.219
 33   287.031 53354.87210123 23.97  16.387088  -2.009893 26.591
 33   287.204 53354.87210187 22.83  16.386368  -2.006583 26.591
 34   286.003 53389.87210176 51.00  16.386758  -2.038553 27.597
 34   286.132 53389.87210240 50.28  16.386038  -2.035253 27.597
 34   286.036 53389.87210305 52.69  16.385308  -2.031943 27.597
 34   286.076 53389.87210369 51.74  16.384578  -2.028643 27.597
 34   285.961 53389.87210433 49.34  16.383858  -2.025333 27.597
 34   286.057 53389.87210498 51.27  16.383128  -2.022033 27.597
 34   286.055 53389.87210562 51.28  16.382398  -2.018723 27.597
 34   286.085 53389.87210627 51.85  16.381674  -2.015422 47.098
 34   286.136 53389.87210691 50.77  16.380944  -2.012112 47.098
 35   284.472 53424.87210107 52.25  16.391508  -2.030864 25.630
 35   284.528 53424.87210171 50.10  16.390778  -2.027564 25.630
 35   284.530 53424.87210236 51.55  16.390058  -2.024254 25.630
 35   284.579 53424.87210300 52.16  16.389328  -2.020954 25.630
 35   284.521 53424.87210365 50.36  16.388608  -2.017644 25.630
 35   284.481 53424.87210429 51.33  16.387872  -2.014343 41.133
 35   284.502 53424.87210493 45.59  16.387152  -2.011033 41.133
 35   284.526 53424.87210558 52.66  16.386422  -2.007733 41.133
 35   284.536 53424.87210622 53.77  16.385692  -2.004423 41.133
 36   284.692 53459.87210607 50.38  16.392013  -2.030637 24.143
 36   284.667 53459.87210671 47.14  16.391283  -2.027337 24.143
 36   284.673 53459.87210736 48.24  16.390563  -2.024027 24.143
 36   284.626 53459.87210800 51.23  16.389833  -2.020727 24.143
 36   284.715 53459.87210865 50.57  16.389103  -2.017417 24.143
 36   284.538 53459.87210929 50.11  16.388380  -2.014117 34.912
 36   284.708 53459.87210994 49.29  16.387650  -2.010807 34.912
 36   284.610 53459.87211058 51.35  16.386920  -2.007507 34.912
 36   284.693 53459.87211123 46.60  16.386200  -2.004197 34.912
 37   284.592 53494.87218918 51.60  16.381345  -2.044437 28.301
 37   284.616 53494.87218982 50.61  16.380615  -2.041137 28.301
 37   284.677 53494.87219047 49.89  16.379885  -2.037827 28.301
 37   284.587 53494.87219111 51.37  16.379165  -2.034527 28.301
 37   284.656 53494.87219176 52.28  16.378435  -2.031217 28.301
 37   284.722 53494.87219240 50.18  16.377705  -2.027917 28.301
 37   284.498 53494.87219305 49.31  16.376985  -2.024607 28.301
 38   285.120 53529.87216671 53.10  16.391743  -2.029866 25.620
 38   285.177 53529.87216736 50.29  16.391013  -2.026566 25.620
 38   285.153 53529.87216800 50.49  16.390293  -2.023256 25.620
 38   285.130 53529.87216865 50.93  16.389563  -2.019956 25.620
 38   285.308 53529.87216929 51.04  16.388843  -2.016646 25.620
 38   285.320 53529.87216993 48.95  16.388106  -2.013344 42.043
 38   285.317 53529.87217058 52.10  16.387386  -2.010034 42.043
 38   285.188 53529.87217122 51.37  16.386656  -2.006734 42.043
 39   284.982 53564.87219458 50.22  16.382626  -2.045108 26.750
 39   285.121 53564.87219523 47.90  16.381896  -2.041808 26.750
 39   285.078 53564.87219587 50.65  16.381176  -2.038498 26.750
 39   285.018 53564.87219651 51.81  16.380446  -2.035198 26.750
 39   285.046 53564.87219716 51.61  16.379716  -2.031888 26.750
 39   285.121 53564.87219780 48.66  16.378996  -2.028588 26.750
 39   285.067 53564.87219845 50.95  16.378266  -2.025278 26.750
 40   284.947 53599.87213844 48.16  16.389280  -2.033830 21.807
 40   284.750 53599.87213909 48.87  16.388550  -2.030520 21.807
 40   284.819 53599.87213973 51.70  16.387830  -2.027220 21.807
 40   284.755 53599.87214038 49.16  16.387100  -2.023910 21.807
 40   284.753 53599.87214102 52.20  16.386370  -2.020610 21.807
 40   284.749 53599.87214167 51.19  16.385650  -2.017300 21.807
 40   284.901 53599.87214231 49.00  16.384917  -2.013998 39.005
 40   284.901 53599.87214296 47.74  16.384197  -2.010688 39.005
 40   284.933 53599.87214360 47.91  16.383467  -2.007388 39.005
 41   285.838 53634.87213371 51.14  16.384718  -2.042183 25.044
 41   286.007 53634.87213435 48.38  16.383998  -2.038873 25.044
 41   285.770 53634.87213500 48.35  16.383268  -2.035573 25.044
 41   285.994 53634.87213564 49.98  16.382538  -2.032263 25.044
 41   285.847 53634.87213629 52.18  16.381808  -2.028963 25.044
 41   285.919 53634.87213693 50.40  16.381088  -2.025653 25.044
 41   285.857 53634.87213758 52.15  16.380358  -2.022353 25.044
 41   285.857 53634.87213822 50.20  16.379628  -2.019043 25.044
 42   286.168 53669.87215507 46.56  16.383196  -2.042041 28.991
 42   286.084 53669.87215571 50.70  16.382476  -2.038731 28.991
 42   286.219 53669.87215636 47.70  16.381746  -2.035431 28.991
 42   286.188 53669.87215700 49.52  16.381016  -2.032121 28.991
 42   286.182 53669.87215764 48.69  16.380286  -2.028821 28.991
 42   286.156 53669.87215829 48.61  16.379566  -2.025511 28.991
 42   286.291 53669.87215893 46.59  16.378836  -2.022211 28.991
 43   287.376 53704.87209330 51.54  16.392633  -2.032248 27.334
 43   287.297 53704.87209394 49.30  16.391903  -2.028948 27.334
 43   287.277 53704.87209459 52.15  16.391173  -2.025638 27.334
 43   287.252 53704.87209523 50.88  16.390453  -2.022338 27.334
 43   287.305 53704.87209588 49.66  16.389723  -2.019028 27.334
 43   287.332 53704.87209652 49.05  16.388993  -2.015728 27.334
 43   287.560 53704.87209717 47.48  16.388273  -2.012418 27.334
 43   287.442 53704.87209781 34.53  16.387539  -2.009116 28.032
 43   287.316 53704.87209846 32.16  16.386819  -2.005806 28.032
 44   286.085 53739.87200402 48.87  16.391222  -2.032270 27.791
 44   286.329 53739.87200466 48.79  16.390492  -2.028970 27.791
 44   286.178 53739.87200531 48.29  16.389772  -2.025660 27.791
 44   286.129 53739.87200595 49.70  16.389042  -2.022360 27.791
 44   286.129 53739.87200660 49.90  16.388312  -2.019050 27.791
 44   286.178 53739.87200724 49.96  16.387592  -2.015750 27.791
 44   286.183 53739.87200789 49.62  16.386862  -2.012440 27.791
 44   286.232 53739.87200853 50.17  16.386135  -2.009137 44.294
 44   286.335 53739.87200918 50.41  16.385405  -2.005827 44.294
 45   283.778 53774.87202444 20.95  16.391700  -2.029769 17.413
 45   283.466 53774.87202508 19.50  16.390970  -2.026469 17.413
 45   283.567 53774.87202573 19.06  16.390240  -2.023159 17.413
 45   283.988 53774.87202637 18.82  16.389510  -2.019859 17.413
 45   284.172 53774.87202702 18.41  16.388790  -2.016549 17.413
 45   284.400 53774.87202766 18.25  16.388060  -2.013249 17.413
 45   283.863 53774.87202831 19.92  16.387330  -2.009939 17.413
 45   284.376 53774.87202895 18.39  16.386610  -2.006638 17.339
 46   284.127 53809.87200637 31.75  16.389955  -2.034788 16.371
 46   283.853 53809.87200701 22.19  16.389225  -2.031488 16.371
 46   283.360 53809.87200766 19.41  16.388505  -2.028178 16.371
 46   283.448 53809.87200830 18.44  16.387775  -2.024878 16.371
 46   283.865 53809.87200894 18.01  16.387045  -2.021568 16.371
 46   284.132 53809.87200959 18.37  16.386325  -2.018268 16.371
 46   283.914 53809.87201023 18.56  16.385595  -2.014958 16.371
 46   283.879 53809.87201088 19.83  16.384875  -2.011658 16.371
 46   283.980 53809.87201152 18.84  16.384145  -2.008348 16.371
 46   284.022 53809.87201217 17.55  16.383415  -2.005045  8.940
 47   284.740 53844.87204843 48.15  16.385726  -2.040449 26.634
 47   284.760 53844.87204907 50.04  16.384996  -2.037149 26.634
 47   284.673 53844.87204972 50.65  16.384276  -2.033839 26.634
 47   284.537 53844.87205036 50.86  16.383546  -2.030539 26.634
 47   284.600 53844.87205101 48.81  16.382816  -2.027229 26.634
 47   284.668 53844.87205165 50.18  16.382086  -2.023929 26.634
 47   284.556 53844.87205230 52.83  16.381366  -2.020619 26.634
 47   284.517 53844.87205294 52.17  16.380636  -2.017319 26.634
 48   284.861 53879.87207791 48.45  16.390534  -2.033201 25.294
 48   284.651 53879.87207855 46.84  16.389804  -2.029891 25.294
 48   284.575 53879.87207920 50.05  16.389074  -2.026591 25.294
 48   284.552 53879.87207984 47.96  16.388354  -2.023281 25.294
 48   284.724 53879.87208049 49.82  16.387624  -2.019981 25.294
 48   284.615 53879.87208113 49.76  16.386894  -2.016671 25.294
 48   284.754 53879.87208178 47.79  16.386173  -2.013370 39.832
 48   284.777 53879.87208242 48.20  16.385443  -2.010060 39.832
 48   284.823 53879.87208307 52.44  16.384713  -2.006760 39.832
 49   284.714 53914.87213295 52.20  16.381683  -2.043698 35.392
 49   284.848 53914.87213359 53.05  16.380953  -2.040388 35.392
 49   284.703 53914.87213424 54.18  16.380223  -2.037088 35.392
 49   284.742 53914.87213488 53.50  16.379503  -2.033778 35.392
 49   284.803 53914.87213553 51.43  16.378773  -2.030478 35.392
 49   284.849 53914.87213617 52.34  16.378043  -2.027168 35.392
 50   284.521 53949.87214268 37.94  16.380027  -2.045172 25.117
 50   284.428 53949.87214333 30.43  16.379307  -2.041872 25.117
 50   284.127 53949.87214397 27.65  16.378577  -2.038562 25.117
 50   284.542 53949.87214462 36.16  16.377847  -2.035262 25.117
 50   284.580 53949.87214526 42.49  16.377127  -2.031952 25.117
 50   284.602 53949.87214591 44.13  16.376397  -2.028652 25.117
 51   285.406 53984.87208072 49.92  16.387950  -2.040725 29.102
 51   285.400 53984.87208136 47.87  16.387230  -2.037425 29.102
 51   285.483 53984.87208201 51.51  16.386500  -2.034115 29.102
 51   285.484 53984.87208265 49.19  16.385770  -2.030815 29.102
 51   285.445 53984.87208330 50.81  16.385050  -2.027505 29.102
 51   285.329 53984.87208394 51.70  16.384320  -2.024205 29.102
 51   285.346 53984.87208458 50.88  16.383590  -2.020895 29.102
 51   285.283 53984.87208523 51.84  16.382870  -2.017595 29.102
 51   285.588 53984.87208587 50.35  16.382140  -2.014285 29.102
 51   285.292 53984.87208652 49.76  16.381410  -2.010985 29.102
 52   285.910 54019.87211760 49.95  16.389251  -2.038763 27.881
 52   286.196 54019.87211824 48.60  16.388521  -2.035463 27.881
 52   285.940 54019.87211889 48.79  16.387791  -2.032153 27.881
 52   286.172 54019.87211953 50.01  16.387071  -2.028853 27.881
 52   286.079 54019.87212018 51.66  16.386341  -2.025543 27.881
 52   286.185 54019.87212082 50.36  16.385611  -2.022243 27.881
 52   286.180 54019.87212147 51.13  16.384891  -2.018933 27.881
 52   286.195 54019.87212211 50.08  16.384161  -2.015633 27.881
 52   286.204 54019.87212276 49.47  16.383431  -2.012323 27.881
 52   286.156 54019.87212340 48.87  16.382709  -2.009021 46.342
 53   287.177 54054.87210965 46.54  16.395140  -2.030278 24.039
 53   287.107 54054.87211029 51.60  16.394410  -2.026978 24.039
 53   287.271 54054.87211094 50.19  16.393680  -2.023668 24.039
 53   287.222 54054.87211158 50.03  16.392960  -2.020368 24.039
 53   287.055 54054.87211223 49.45  16.392230  -2.017058 24.039
 53   287.113 54054.87211287 51.36  16.391500  -2.013758 24.039
 53   287.271 54054.87211352 45.30  16.390770  -2.010448 24.039
 53   287.150 54054.87211416 50.88  16.390051  -2.007146 45.806
 53   287.236 54054.87211481 50.46  16.389321  -2.003836 45.806
 54   287.887 54089.87209722 49.49  16.389026  -2.036211 30.847
 54   288.099 54089.87209786 49.97  16.388296  -2.032901 30.847
 54   287.915 54089.87209851 51.97  16.387566  -2.029601 30.847
 54   287.745 54089.87209915 51.11  16.386846  -2.026291 30.847
 54   288.009 54089.87209980 49.02  16.386116  -2.022991 30.847
 54   287.923 54089.87210044 48.49  16.385386  -2.019681 30.847
 54   287.832 54089.87210108 46.43  16.384666  -2.016381 30.847
 54   288.073 54089.87210173 45.58  16.383936  -2.013071 30.847
 54   287.976 54089.87210237 45.56  16.383206  -2.009771 30.847
 54   288.085 54089.87210302 44.97  16.382486  -2.006461 30.847
 55   286.305 54124.87202397 43.53  16.388938  -2.036215 22.144
 55   286.274 54124.87202461 42.52  16.388208  -2.032905 22.144
 55   286.550 54124.87202526 30.75  16.387478  -2.029605 22.144
 55   285.743 54124.87202590 26.35  16.386758  -2.026295 22.144
 55   286.091 54124.87202654 28.20  16.386028  -2.022995 22.144
 55   286.092 54124.87202719 36.17  16.385298  -2.019685 22.144
 55   286.026 54124.87202783 29.07  16.384578  -2.016385 22.144
 55   286.146 54124.87202848 27.61  16.383848  -2.013075 22.144
 55   286.246 54124.87202912 28.52  16.383118  -2.009775 22.144
 55   286.372 54124.87202977 36.93  16.382388  -2.006465 22.144
 57   284.796 54194.87202510 48.31  16.388959  -2.038682 33.387
 57   284.807 54194.87202575 48.04  16.388239  -2.035372 33.387
 57   284.524 54194.87202639 45.86  16.387509  -2.032072 33.387
 57   284.815 54194.87202703 45.42  16.386779  -2.028762 33.387
 57   284.573 54194.87202768 48.28  16.386059  -2.025462 33.387
 57   284.654 54194.87202832 51.11  16.385329  -2.022152 33.387
 57   284.759 54194.87202897 50.51  16.384599  -2.018852 33.387
 57   284.817 54194.87202961 49.92  16.383869  -2.015542 33.387
 57   284.718 54194.87203026 48.35  16.383149  -2.012242 33.387
 57   284.633 54194.87203090 47.13  16.382419  -2.008932 33.387
 58   285.160 54229.87207606 51.89  16.388462  -2.040295 15.145
 58   285.183 54229.87207671 46.99  16.387732  -2.036985 15.145
 58   285.093 54229.87207735 48.77  16.387004  -2.033685 39.417
 58   285.221 54229.87207800 48.86  16.386284  -2.030375 39.417
 58   285.210 54229.87207864 48.46  16.385554  -2.027075 39.417
 58   284.999 54229.87207929 51.65  16.384834  -2.023765 39.417
 58   285.148 54229.87207993 52.69  16.384104  -2.020465 39.417
 58   285.135 54229.87208058 50.30  16.383374  -2.017155 39.417
 58   285.164 54229.87208122 49.33  16.382644  -2.013855 39.417
 58   285.169 54229.87208187 50.00  16.381924  -2.010545 39.417
 59   285.572 54264.87209472 47.11  16.388572  -2.038420 13.404
 59   285.582 54264.87209536 52.22  16.387843  -2.035118 40.610
 59   285.476 54264.87209601 50.20  16.387123  -2.031808 40.610
 59   285.544 54264.87209665 51.35  16.386393  -2.028508 40.610
 59   285.515 54264.87209729 51.38  16.385673  -2.025198 40.610
 59   285.536 54264.87209794 50.60  16.384943  -2.021898 40.610
 59   285.546 54264.87209858 51.51  16.384213  -2.018588 40.610
 59   285.509 54264.87209923 52.68  16.383483  -2.015288 40.610
 59   285.562 54264.87209987 48.72  16.382763  -2.011978 40.610
 59   285.593 54264.87210052 46.37  16.382033  -2.008678 40.610
 60   285.125 54299.87209905 49.82  16.388765  -2.034862 14.301
 60   285.112 54299.87209970 49.82  16.388037  -2.031561 37.721
 60   285.101 54299.87210034 49.04  16.387317  -2.028251 37.721
 60   284.888 54299.87210099 46.16  16.386587  -2.024951 37.721
 60   285.123 54299.87210163 46.78  16.385857  -2.021641 37.721
 60   285.143 54299.87210227 46.69  16.385137  -2.018341 37.721
 60   285.128 54299.87210292 46.53  16.384407  -2.015031 37.721
 60   285.194 54299.87210356 43.72  16.383677  -2.011731 37.721
 60   285.042 54299.87210421 46.29  16.382957  -2.008421 37.721
 61   285.966 54334.87208796 47.36  16.388826  -2.037869 15.957
 61   285.557 54334.87208860 48.90  16.388106  -2.034559 15.957
 61   285.734 54334.87208925 48.48  16.387371  -2.031258 39.348
 61   285.742 54334.87208989 52.37  16.386651  -2.027948 39.348
 61   285.300 54334.87209054 49.34  16.385921  -2.024648 39.348
 61   285.567 54334.87209118 50.36  16.385191  -2.021338 39.348
 61   285.613 54334.87209183 52.24  16.384471  -2.018038 39.348
 61   285.703 54334.87209247 51.98  16.383741  -2.014728 39.348
 61   285.676 54334.87209312 49.10  16.383011  -2.011428 39.348
 61   285.665 54334.87209376 45.79  16.382291  -2.008118 39.348
 63   287.334 54404.87203169 49.20  16.388160  -2.039453 15.231
 63   287.413 54404.87203234 50.71  16.387440  -2.036143 15.231
 63   287.312 54404.87203298 50.13  16.386704  -2.032840 39.680
 63   287.433 54404.87203363 51.02  16.385984  -2.029530 39.680
 63   287.382 54404.87203427 51.50  16.385254  -2.026230 39.680
 63   287.444 54404.87203492 49.93  16.384524  -2.022920 39.680
 63   287.414 54404.87203556 50.21  16.383804  -2.019620 39.680
 63   287.418 54404.87203621 47.80  16.383074  -2.016310 39.680
 63   287.330 54404.87203685 48.62  16.382344  -2.013010 39.680
 63   287.501 54404.87203750 46.15  16.381624  -2.009700 39.680
 64   287.986 54439.87198925 44.14  16.388711  -2.038522 13.161
 64   287.996 54439.87198989 47.01  16.387985  -2.035222 41.206
 64   288.043 54439.87199054 47.41  16.387255  -2.031912 41.206
 64   287.943 54439.87199118 49.57  16.386535  -2.028612 41.206
 64   287.873 54439.87199183 48.93  16.385805  -2.025302 41.206
 64   287.945 54439.87199247 50.83  16.385075  -2.022002 41.206
 64   287.973 54439.87199312 49.96  16.384345  -2.018692 41.206
 64   288.041 54439.87199376 49.67  16.383625  -2.015392 41.206
 64   288.013 54439.87199441 48.53  16.382895  -2.012082 41.206
 64   288.132 54439.87199505 48.60  16.382165  -2.008782 41.206
 65   287.443 54474.87201992 50.10  16.388663  -2.032330 29.637
 65   287.245 54474.87202056 50.32  16.387943  -2.029020 29.637
 65   287.445 54474.87202120 50.01  16.387213  -2.025720 29.637
 65   287.344 54474.87202185 49.61  16.386483  -2.022410 29.637
 65   287.467 54474.87202249 52.24  16.385753  -2.019110 29.637
 65   287.438 54474.87202314 50.79  16.385033  -2.015800 29.637
 65   287.484 54474.87202378 50.12  16.384303  -2.012500 29.637
 65   287.453 54474.87202443 50.29  16.383573  -2.009190 29.637
 65   287.408 54474.87202507 50.84  16.382854  -2.005888 45.586
 66   286.028 54509.87200299 48.90  16.388962  -2.037771 34.782
 66   285.831 54509.87200363 49.09  16.388232  -2.034471 34.782
 66   285.858 54509.87200427 52.02  16.387502  -2.031161 34.782
 66   285.949 54509.87200492 49.39  16.386772  -2.027861 34.782
 66   285.963 54509.87200556 49.79  16.386052  -2.024551 34.782
 66   285.844 54509.87200621 50.50  16.385322  -2.021251 34.782
 66   285.931 54509.87200685 52.56  16.384592  -2.017941 34.782
 66   286.085 54509.87200750 50.07  16.383872  -2.014641 34.782
 66   285.818 54509.87200814 49.61  16.383142  -2.011331 34.782
 66   285.872 54509.87200879 46.97  16.382412  -2.008031 34.782
 67   284.854 54544.87203297 51.09  16.388873  -2.038364 23.052
 67   284.829 54544.87203361 49.61  16.388143  -2.035054 23.052
 67   284.827 54544.87203426 54.24  16.387413  -2.031754 23.052
 67   284.874 54544.87203490 48.74  16.386693  -2.028444 23.052
 67   284.746 54544.87203555 51.71  16.385963  -2.025144 23.052
 67   284.662 54544.87203619 53.10  16.385233  -2.021834 23.052
 67   284.885 54544.87203684 53.67  16.384507  -2.018533 40.011
 67   284.820 54544.87203748 51.03  16.383787  -2.015223 40.011
 67   284.822 54544.87203813 51.38  16.383057  -2.011923 40.011
 67   284.837 54544.87203877 46.13  16.382327  -2.008613 40.011
 68   284.812 54579.87200072 33.98  16.389557  -2.039295 12.694
 68   284.644 54579.87200137 28.89  16.388827  -2.035985 12.694
 68   284.243 54579.87200201 29.84  16.388097  -2.032685 12.694
 68   283.999 54579.87200266 32.26  16.387377  -2.029375 12.694
 68   284.080 54579.87200330 31.52  16.386647  -2.026075 12.694
 68   284.436 54579.87200395 29.59  16.385917  -2.022765 12.694
 68   284.721 54579.87200459 28.66  16.385198  -2.019464 12.026
 68   284.856 54579.87200523 27.80  16.384468  -2.016154 12.026
 68   284.588 54579.87200588 26.62  16.383738  -2.012854 12.026
 68   284.434 54579.87200652 26.26  16.383018  -2.009544 12.026
 68   284.263 54579.87200717 25.08  16.382288  -2.006244 12.026
 69   285.235 54614.87202316 47.02  16.389339  -2.038512 20.501
 69   285.069 54614.87202381 49.61  16.388619  -2.035212 20.501
 69   285.104 54614.87202445 50.55  16.387889  -2.031902 20.501
 69   285.024 54614.87202510 51.53  16.387159  -2.028602 20.501
 69   285.041 54614.87202574 51.73  16.386429  -2.025292 20.501
 69   285.105 54614.87202639 51.38  16.385702  -2.021989 38.988
 69   285.064 54614.87202703 49.44  16.384982  -2.018679 38.988
 69   285.026 54614.87202767 52.72  16.384252  -2.015379 38.988
 69   285.119 54614.87202832 46.26  16.383532  -2.012069 38.988
 69   285.235 54614.87202896 48.64  16.382802  -2.008769 38.988
 70   285.278 54649.87203348 48.18  16.387321  -2.041313 43.280
 70   285.245 54649.87203412 48.40  16.386591  -2.038013 43.280
 70   285.243 54649.87203477 46.78  16.385871  -2.034703 43.280
 70   285.251 54649.87203541 49.78  16.385141  -2.031403 43.280
 70   285.261 54649.87203606 49.23  16.384411  -2.028093 43.280
 70   285.163 54649.87203670 53.57  16.383681  -2.024793 43.280
 70   285.124 54649.87203735 52.32  16.382961  -2.021483 43.280
 70   285.316 54649.87203799 50.65  16.382231  -2.018183 43.280
 70   285.168 54649.87203864 50.77  16.381501  -2.014873 43.280
 70   285.302 54649.87203928 50.12  16.380781  -2.011573 43.280
 71   284.890 54684.87202889 48.08  16.388288  -2.039919 20.162
 71   284.856 54684.87202954 50.21  16.387558  -2.036609 20.162
 71   284.727 54684.87203018 45.35  16.386838  -2.033309 20.162
 71   285.186 54684.87203083 36.10  16.386108  -2.029999 20.162
 71   284.600 54684.87203147 29.42  16.385378  -2.026699 20.162
 71   284.834 54684.87203212 39.27  16.384658  -2.023389 20.162
 71   284.805 54684.87203276 39.63  16.383924  -2.020088 26.985
 71   284.781 54684.87203341 30.87  16.383204  -2.016778 26.985
 71   284.552 54684.87203405 22.78  16.382474  -2.013478 26.985
 71   284.401 54684.87203469 23.43  16.381744  -2.010168 26.985
 72   285.589 54719.87197925 24.56  16.388762  -2.034388 16.986
 72   285.379 54719.87197989 19.89  16.388032  -2.031088 16.986
 72   285.275 54719.87198054 19.22  16.387302  -2.027778 16.986
 72   285.250 54719.87198118 20.22  16.386577  -2.024477 26.350
 72   285.504 54719.87198183 21.19  16.385847  -2.021167 26.350
 72   285.772 54719.87198247 22.31  16.385117  -2.017867 26.350
 72   285.908 54719.87198311 25.29  16.384397  -2.014557 26.350
 72   285.987 54719.87198376 30.75  16.383667  -2.011257 26.350
 72   286.174 54719.87198440 37.34  16.382937  -2.007947 26.350
 73   286.703 54754.87200312 49.24  16.387902  -2.038118 19.534
 73   286.608 54754.87200377 48.79  16.387172  -2.034818 19.534
 73   286.477 54754.87200441 51.45  16.386452  -2.031508 19.534
 73   286.713 54754.87200505 49.50  16.385722  -2.028208 19.534
 73   286.520 54754.87200570 52.19  16.384992  -2.024898 19.534
 73   286.669 54754.87200634 51.56  16.384264  -2.021595 44.229
 73   286.560 54754.87200699 50.84  16.383544  -2.018285 44.229
 73   286.530 54754.87200763 48.88  16.382814  -2.014985 44.229
 73   286.494 54754.87200828 48.30  16.382084  -2.011675 44.229
 74   287.323 54789.87197082 48.02  16.388142  -2.040493 40.803
 74   287.240 54789.87197146 50.47  16.387422  -2.037183 40.803
 74   287.341 54789.87197210 51.19  16.386692  -2.033883 40.803
 74   287.337 54789.87197275 50.73  16.385962  -2.030573 40.803
 74   287.182 54789.87197339 51.44  16.385242  -2.027273 40.803
 74   287.193 54789.87197404 49.25  16.384512  -2.023963 40.803
 74   287.299 54789.87197468 51.64  16.383782  -2.020663 40.803
 74   287.267 54789.87197533 51.41  16.383052  -2.017353 40.803
 74   287.240 54789.87197597 51.57  16.382332  -2.014053 40.803
 74   287.307 54789.87197662 48.52  16.381602  -2.010743 40.803
 75   287.560 54824.87199898 51.39  16.388705  -2.037840 20.937
 75   287.691 54824.87199962 47.79  16.387975  -2.034540 20.937
 75   287.607 54824.87200027 51.09  16.387255  -2.031230 20.937
 75   287.442 54824.87200091 52.68  16.386525  -2.027930 20.937
 75   287.408 54824.87200156 50.09  16.385795  -2.024620 20.937
 75   287.521 54824.87200220 52.19  16.385075  -2.021320 42.005
 75   287.587 54824.87200285 51.38  16.384345  -2.018010 42.005
 75   287.546 54824.87200349 52.25  16.383615  -2.014710 42.005
 75   287.689 54824.87200414 50.54  16.382895  -2.011400 42.005
 75   287.541 54824.87200478 50.28  16.382165  -2.008100 42.005
 76   285.794 54859.87196577 48.53  16.388772  -2.034249 30.808
 76   285.429 54859.87196641 49.33  16.388042  -2.030949 30.808
 76   285.488 54859.87196706 38.04  16.387322  -2.027639 30.808
 76   285.365 54859.87196770 30.14  16.386592  -2.024339 30.808
 76   285.370 54859.87196834 26.63  16.385862  -2.021029 30.808
 76   285.820 54859.87196899 26.43  16.385142  -2.017729 30.808
 76   285.649 54859.87196963 25.05  16.384412  -2.014419 30.808
 76   285.709 54859.87197028 27.06  16.383682  -2.011119 30.808
 76   285.693 54859.87197092 34.62  16.382952  -2.007809 30.808
 77   285.786 54894.87199953 46.88  16.387432  -2.040818 20.061
 77   285.649 54894.87200017 49.59  16.386702  -2.037508 20.061
 77   285.562 54894.87200082 50.96  16.385982  -2.034208 20.061
 77   285.687 54894.87200146 52.07  16.385252  -2.030898 20.061
 77   285.570 54894.87200211 52.40  16.384522  -2.027598 20.061
 77   285.635 54894.87200275 50.55  16.383792  -2.024288 20.061
 77   285.660 54894.87200340 52.58  16.383066  -2.020987 36.397
 77   285.541 54894.87200404 49.93  16.382346  -2.017677 36.397
 77   285.760 54894.87200468 50.81  16.381616  -2.014377 36.397
 78   284.789 54929.87196297 49.10  16.387604  -2.041342 43.085
 78   284.686 54929.87196362 49.94  16.386874  -2.038042 43.085
 78   284.749 54929.87196426 52.42  16.386154  -2.034732 43.085
 78   284.820 54929.87196491 51.83  16.385424  -2.031432 43.085
 78   284.732 54929.87196555 53.25  16.384694  -2.028122 43.085
 78   284.759 54929.87196620 52.33  16.383974  -2.024822 43.085
 78   284.586 54929.87196684 50.80  16.383244  -2.021512 43.085
 78   284.688 54929.87196748 49.39  16.382514  -2.018212 43.085
 78   284.709 54929.87196813 47.93  16.381784  -2.014902 43.085
 78   284.807 54929.87196877 48.94  16.381064  -2.011602 43.085
 79   285.470 54964.87200080 33.37  16.387595  -2.039176 14.202
 79   285.504 54964.87200144 26.79  16.386865  -2.035876 14.202
 79   284.873 54964.87200209 24.80  16.386145  -2.032566 14.202
 79   285.028 54964.87200273 26.67  16.385415  -2.029266 14.202
 79   285.293 54964.87200338 30.92  16.384685  -2.025956 14.202
 79   285.230 54964.87200402 32.23  16.383957  -2.022654 28.227
 79   285.410 54964.87200467 31.41  16.383237  -2.019344 28.227
 79   285.449 54964.87200531 26.76  16.382507  -2.016044 28.227
 79   285.540 54964.87200595 28.24  16.381777  -2.012734 28.227
 80   285.713 54999.87202082 48.37  16.385603  -2.039674 22.127
 80   285.638 54999.87202146 52.56  16.384873  -2.036374 22.127
 80   285.669 54999.87202211 50.23  16.384153  -2.033064 22.127
 80   285.729 54999.87202275 52.72  16.383423  -2.029764 22.127
 80   285.705 54999.87202339 52.51  16.382693  -2.026454 22.127
 80   285.678 54999.87202404 51.66  16.381965  -2.023151 34.888
 80   285.713 54999.87202468 51.19  16.381245  -2.019841 34.888
 80   285.679 54999.87202533 49.04  16.380515  -2.016541 34.888
 81   285.261 55034.87200664 44.43  16.388886  -2.037412 15.766
 81   285.290 55034.87200728 47.81  16.388156  -2.034102 15.766
 81   285.483 55034.87200793 48.48  16.387437  -2.030802 39.854
 81   285.145 55034.87200857 45.59  16.386707  -2.027492 39.854
 81   285.263 55034.87200922 45.23  16.385977  -2.024192 39.854
 81   285.332 55034.87200986 45.00  16.385247  -2.020882 39.854
 81   285.273 55034.87201051 48.42  16.384527  -2.017582 39.854
 81   285.418 55034.87201115 44.04  16.383797  -2.014272 39.854
 81   285.314 55034.87201180 40.07  16.383067  -2.010972 39.854
 81   285.303 55034.87201244 38.85  16.382347  -2.007662 39.854
 82   285.060 55069.87199642 41.75  16.388601  -2.040360 17.835
 82   284.874 55069.87199707 35.30  16.387871  -2.037050 17.835
 82   284.541 55069.87199771 24.70  16.387151  -2.033750 17.835
 82   284.268 55069.87199835 20.36  16.386421  -2.030440 17.835
 82   284.075 55069.87199900 22.79  16.385691  -2.027140 17.835
 82   284.724 55069.87199964 21.30  16.384971  -2.023830 17.835
 82   284.999 55069.87200029 26.24  16.384237  -2.020528 32.815
 82   285.162 55069.87200093 33.02  16.383517  -2.017218 32.815
 82   285.143 55069.87200158 40.63  16.382787  -2.013918 32.815
 82   285.319 55069.87200222 43.72  16.382057  -2.010608 32.815
 83   285.910 55104.87193743 44.05  16.387682  -2.041133 42.200
 83   285.975 55104.87193807 48.20  16.386962  -2.037823 42.200
 83   285.968 55104.87193871 47.05  16.386232  -2.034523 42.200
 83   285.940 55104.87193936 50.17  16.385502  -2.031213 42.200
 83   286.103 55104.87194000 51.67  16.384782  -2.027913 42.200
 83   286.091 55104.87194065 50.24  16.384052  -2.024603 42.200
 83   286.175 55104.87194129 51.26  16.383322  -2.021303 42.200
 83   286.106 55104.87194194 49.23  16.382592  -2.017993 42.200
 83   286.014 55104.87194258 52.50  16.381872  -2.014693 42.200
 83   286.090 55104.87194323 48.24  16.381142  -2.011383 42.200
 84   286.738 55139.87194350 38.74  16.388729  -2.040150 18.306
 84   286.591 55139.87194415 33.46  16.387999  -2.036850 18.306
 84   286.393 55139.87194479 26.73  16.387279  -2.033540 18.306
 84   285.779 55139.87194544 24.48  16.386549  -2.030240 18.306
 84   285.817 55139.87194608 21.59  16.385829  -2.026930 18.306
 84   286.422 55139.87194673 21.16  16.385092  -2.023629 29.794
 84   286.588 55139.87194737 23.61  16.384372  -2.020319 29.794
 84   286.706 55139.87194801 23.74  16.383642  -2.017019 29.794
 84   286.751 55139.87194866 28.04  16.382912  -2.013709 29.794
 84   286.975 55139.87194930 33.19  16.382192  -2.010409 29.794
 85   287.650 55174.87190528 49.20  16.388893  -2.033676 20.280
 85   287.551 55174.87190593 49.22  16.388163  -2.030376 20.280
 85   287.736 55174.87190657 48.32  16.387433  -2.027066 20.280
 85   287.621 55174.87190722 45.01  16.386709  -2.023766 40.761
 85   287.771 55174.87190786 43.76  16.385979  -2.020456 40.761
 85   287.614 55174.87190851 45.45  16.385249  -2.017156 40.761
 85   287.757 55174.87190915 39.38  16.384529  -2.013846 40.761
 85   287.626 55174.87190980 34.61  16.383799  -2.010546 40.761
 85   287.637 55174.87191044 36.97  16.383069  -2.007236 40.761
 86   286.166 55209.87193981 24.77  16.388078  -2.038063 15.826
 86   285.596 55209.87194046 23.63  16.387358  -2.034763 15.826
 86   285.523 55209.87194110 22.34  16.386628  -2.031453 15.826
 86   285.667 55209.87194175 20.70  16.385898  -2.028153 15.826
 86   286.184 55209.87194239 19.42  16.385168  -2.024843 15.826
 86   286.468 55209.87194304 21.40  16.384449  -2.021540 28.325
 86   286.445 55209.87194368 24.55  16.383719  -2.018230 28.325
 86   286.613 55209.87194433 27.04  16.382989  -2.014930 28.325
 86   286.606 55209.87194497 32.77  16.382269  -2.011620 28.325
 87   285.568 55244.87191082 51.44  16.388129  -2.039314 38.769
 87   285.630 55244.87191147 48.28  16.387399  -2.036014 38.769
 87   285.657 55244.87191211 50.46  16.386679  -2.032704 38.769
 87   285.652 55244.87191276 51.34  16.385949  -2.029404 38.769
 87   285.546 55244.87191340 51.41  16.385219  -2.026094 38.769
 87   285.615 55244.87191405 51.21  16.384499  -2.022794 38.769
 87   285.626 55244.87191469 51.34  16.383769  -2.019484 38.769
 87   285.603 55244.87191534 50.54  16.383039  -2.016184 38.769
 87   285.667 55244.87191598 48.64  16.382309  -2.012874 38.769
 87   285.833 55244.87191663 46.12  16.381589  -2.009574 38.769
 88   285.298 55279.87193271 52.31  16.387881  -2.040116 22.510
 88   285.303 55279.87193335 47.92  16.387151  -2.036806 22.510
 88   285.351 55279.87193400 51.57  16.386431  -2.033506 22.510
 88   285.365 55279.87193464 50.03  16.385701  -2.030196 22.510
 88   285.303 55279.87193529 52.73  16.384971  -2.026896 22.510
 88   285.376 55279.87193593 50.12  16.384251  -2.023586 22.510
 88   285.491 55279.87193658 53.66  16.383516  -2.020287 42.360
 88   285.482 55279.87193722 49.55  16.382796  -2.016977 42.360
 88   285.387 55279.87193787 50.36  16.382066  -2.013677 42.360
 88   285.342 55279.87193851 46.45  16.381336  -2.010367 42.360
 89   285.100 55314.87189880 30.27  16.387481  -2.038871 11.384
 89   284.916 55314.87189944 27.21  16.386761  -2.035561 11.384
 89   284.625 55314.87190009 26.79  16.386031  -2.032261 11.384
 89   284.428 55314.87190073 26.23  16.385301  -2.028951 11.384
 89   284.364 55314.87190137 26.40  16.384571  -2.025651 11.384
 89   285.138 55314.87190202 24.80  16.383851  -2.022341 11.384
 89   285.452 55314.87190266 23.63  16.383121  -2.019041 11.384
 89   285.607 55314.87190331 23.40  16.382391  -2.015731 11.384
 89   285.733 55314.87190395 23.72  16.381671  -2.012431 11.384
 90   285.773 55349.87190483 49.84  16.388387  -2.038854 21.633
 90   285.678 55349.87190547 50.86  16.387667  -2.035554 21.633
 90   285.627 55349.87190612 50.42  16.386937  -2.032244 21.633
 90   285.536 55349.87190676 52.20  16.386207  -2.028944 21.633
 90   285.567 55349.87190741 52.85  16.385487  -2.025634 21.633
 90   285.655 55349.87190805 48.72  16.384752  -2.022330 42.331
 90   285.781 55349.87190870 51.54  16.384032  -2.019020 42.331
 90   285.736 55349.87190934 51.07  16.383302  -2.015720 42.331
 90   285.829 55349.87190998 51.73  16.382572  -2.012410 42.331
 90   285.753 55349.87191063 48.98  16.381852  -2.009110 42.331
 91   285.526 55384.87189733 48.15  16.387581  -2.039932 37.818
 91   285.670 55384.87189798 47.90  16.386851  -2.036632 37.818
 91   285.564 55384.87189862 51.10  16.386131  -2.033322 37.818
 91   285.518 55384.87189927 52.54  16.385401  -2.030022 37.818
 91   285.252 55384.87189991 49.86  16.384671  -2.026712 37.818
 91   285.601 55384.87190056 51.43  16.383941  -2.023412 37.818
 91   285.586 55384.87190120 52.06  16.383221  -2.020102 37.818
 91   285.720 55384.87190185 49.55  16.382491  -2.016802 37.818
 91   285.676 55384.87190249 47.85  16.381761  -2.013492 37.818
 92   285.284 55419.87192343 39.64  16.388847  -2.037804 14.973
 92   285.457 55419.87192408 26.93  16.388117  -2.034504 14.973
 92   284.531 55419.87192472 23.98  16.387397  -2.031194 14.973
 92   284.450 55419.87192536 20.28  16.386667  -2.027894 14.973
 92   284.644 55419.87192601 20.36  16.385937  -2.024584 14.973
 92   285.086 55419.87192665 19.93  16.385209  -2.021283 13.443
 92   285.147 55419.87192730 21.39  16.384489  -2.017973 13.443
 92   285.310 55419.87192794 21.97  16.383759  -2.014673 13.443
 92   285.233 55419.87192859 20.60  16.383039  -2.011363 13.443
 92   285.138 55419.87192923 19.75  16.382309  -2.008063 13.443
 93   285.493 55454.87190072 49.66  16.388705  -2.039819 24.986
 93   285.456 55454.87190136 51.49  16.387975  -2.036519 24.986
 93   285.400 55454.87190201 51.65  16.387245  -2.033209 24.986
 93   285.330 55454.87190265 44.94  16.386525  -2.029909 24.986
 93   285.554 55454.87190330 53.31  16.385795  -2.026599 24.986
 93   285.475 55454.87190394 49.49  16.385065  -2.023299 24.986
 93   285.592 55454.87190458 50.65  16.384345  -2.019989 24.986
 93   285.678 55454.87190523 49.64  16.383612  -2.016686 43.837
 93   285.622 55454.87190587 51.05  16.382892  -2.013376 43.837
 93   285.621 55454.87190652 50.60  16.382162  -2.010076 43.837
 94   286.191 55489.87181977 48.07  16.389150  -2.037066 21.555
 94   286.301 55489.87182041 50.73  16.388430  -2.033756 21.555
 94   286.314 55489.87182106 51.30  16.387700  -2.030456 21.555
 94   286.236 55489.87182170 51.60  16.386970  -2.027146 21.555
 94   286.247 55489.87182235 51.50  16.386250  -2.023846 21.555
 94   286.466 55489.87182299 51.70  16.385520  -2.020536 21.555
 94   286.373 55489.87182363 51.36  16.384791  -2.017233 43.680
 94   286.352 55489.87182428 51.90  16.384071  -2.013923 43.680
 94   286.385 55489.87182492 52.99  16.383341  -2.010623 43.680
 94   286.553 55489.87182557 49.02  16.382611  -2.007313 43.680
