-284365.162    84.422     0.00    6.00
-283989.033    86.430     5.34    7.38
-283612.905    88.644     5.89    7.60
-283236.778    90.854     5.88    8.28
-282860.651    93.417     6.81    8.05
-282484.526    93.234    -0.49    7.60
-282108.402    94.680     3.84    7.19
-281732.279    94.212    -1.24    7.44
-281356.157    92.302    -5.08    7.02
-280980.036    93.342     2.77    7.36
-280603.916    95.099     4.67    7.12
-280227.797    96.964     4.96    6.27
-279851.678    99.263     6.11    5.84
-279475.561   101.573     6.14    6.25
-279099.445   105.161     9.54    7.24
-278723.330   107.223     5.48    6.72
-278347.216   107.830     1.61    6.38
-277971.103   105.930    -5.05    6.99
-277594.991   105.512    -1.11    6.92
-277218.879   108.289     7.38    8.03
-276842.769   109.586     3.45    8.33
-276466.660   112.033     6.51    8.16
-276090.552   111.477    -1.48    8.36
-275714.444   111.084    -1.05    8.11
-275338.338   109.238    -4.91    8.93
-274962.233   106.107    -8.32    9.09
-274586.129   103.504    -6.92    9.06
-274210.025   100.234    -8.70    9.48
-273833.923    96.288   -10.49    9.72
-273457.821    92.907    -8.99    7.75
-273081.721    89.774    -8.33    4.90
-272705.621    88.127    -4.38    4.57
-272329.523    88.986     2.28    4.22
-271953.425    87.532    -3.87    3.93
-271577.329    85.212    -6.17    4.89
-271201.233    85.802     1.57    5.69
-270825.138    87.565     4.69    7.58
-270449.045    89.423     4.94    8.26
-270072.952    89.648     0.60    7.49
-269696.860    88.413    -3.28    7.21
-269320.769    87.238    -3.12    6.21
-268944.679    87.058    -0.48    6.09
-268568.590    89.893     7.54    6.00
-268192.502    90.856     2.56    5.81
-267816.415    91.667     2.16    4.55
-267440.329    92.565     2.39    4.72
-267064.244    93.640     2.86    5.32
-266688.160    95.234     4.24    5.44
-266312.076    97.366     5.67    5.76
-265935.994   101.058     9.82    6.99
-265559.913   105.433    11.63    8.05
-265183.832   109.986    12.11    7.76
-264807.752   113.012     8.05    5.90
-264431.674   113.520     1.35    5.08
-264055.596   112.153    -3.63    5.38
-263679.519   111.725    -1.14    5.68
-263303.443   111.080    -1.72    5.74
-262927.368   111.545     1.24    5.20
-262551.294   113.135     4.23    5.37
-262175.221   113.833     1.86    6.12
-261799.149   115.494     4.42    4.27
-261423.078   116.640     3.05    2.92
-261047.007   116.559    -0.22    2.91
-260670.938   115.263    -3.44    5.65
-260294.869   113.385    -4.99    6.65
-259918.802   113.007    -1.01    6.69
-259542.735   112.263    -1.98    7.22
-259166.669   113.667     3.73    5.68
-258790.604   113.512    -0.41    5.34
-258414.540   113.930     1.11    4.26
-258038.477   113.417    -1.36    3.96
-257662.415   113.126    -0.77    2.60
-257286.354   112.933    -0.51    2.24
-256910.293   112.072    -2.29    1.81
-256534.234   111.883    -0.50    1.80
-256158.175   112.180     0.79    2.38
-255782.117   112.802     1.65    2.84
-255406.060   112.674    -0.34    4.50
-255030.004   113.007     0.89    5.08
-254653.949   112.968    -0.10    5.58
-254277.895   113.161     0.51    5.56
-253901.842   114.024     2.30    4.86
-253525.789   113.776    -0.66    5.04
-253149.738   112.539    -3.29    4.69
-252773.687   111.910    -1.67    3.98
-252397.637   111.450    -1.22    2.73
-252021.588   111.648     0.53    1.57
-251645.472   111.753     0.28    1.34
-251269.241   112.024     0.72    1.42
-250893.012   112.354     0.88    3.13
-250516.783   112.396     0.11    3.44
-250140.556   112.396     0.00    3.38
-249764.329   112.559     0.43    3.09
-249388.103   111.259    -3.45    1.77
-249011.878   110.853    -1.08    1.67
-248635.653   111.202     0.93    1.96
-248259.430   111.423     0.59    2.40
-247883.207   111.622     0.53    2.88
-247506.985   111.218    -1.07    3.89
-247130.765   111.644     1.13    4.30
-246754.545   112.135     1.31    4.48
-246378.325   112.881     1.98    3.99
-246002.107   113.163     0.75    3.88
-245625.890   112.644    -1.38    4.87
-245249.673   111.002    -4.36    5.58
-244873.457   108.996    -5.33    7.21
-244497.242   109.109     0.30    7.56
-244121.028   109.249     0.37    7.73
-243744.815   107.910    -3.56    9.15
-243368.602   105.667    -5.96   10.04
-242992.391   103.357    -6.14   10.39
-242616.180   103.212    -0.39    9.96
-242239.970   103.202    -0.03   10.13
-241863.761   101.856    -3.58   10.06
-241487.552   103.502     4.38   11.19
-241111.345   108.407    13.04    9.17
-240735.138   111.433     8.04    6.75
-240358.932   113.937     6.65    3.34
-239982.727   114.007     0.19    3.55
-239606.523   115.153     3.05    2.77
-239230.320   115.385     0.62    2.52
-238854.117   114.670    -1.90    2.76
-238477.916   110.080   -12.20    8.06
-238101.715   107.392    -7.15    8.52
-237725.514   106.417    -2.59    9.31
-237349.315   108.385     5.23    8.76
-236973.117   111.018     7.00    6.67
-236596.919   111.721     1.87    6.10
-236220.722   111.450    -0.72    4.58
-235844.526   110.552    -2.39    4.02
-235468.331   110.018    -1.42    3.14
-235092.136   109.670    -0.92    2.46
-234715.942   108.571    -2.92    2.67
-234339.749   108.302    -0.72    3.96
-233963.557   108.532     0.61    4.65
-233587.366   107.443    -2.89    5.65
-233211.175   106.302    -3.03    5.92
-232834.986   106.024    -0.74    6.56
-232458.797   104.504    -4.04    6.60
-232082.609   106.080     4.19    5.59
-231706.421   107.039     2.55    4.63
-231330.235   106.315    -1.92    3.71
-230954.049   106.708     1.05    2.90
-230577.864   106.883     0.46    2.74
-230201.679   107.369     1.29    1.44
-229825.496   107.694     0.86    1.56
-229449.313   107.674    -0.05    1.67
-229073.131   107.504    -0.45    1.90
-228696.950   107.315    -0.50    1.76
-228320.770   106.494    -2.18    2.17
-227944.590   106.058    -1.16    2.31
-227568.411   105.423    -1.69    2.31
-227192.233   105.212    -0.56    2.42
-226816.055   104.881    -0.88    2.68
-226439.879   104.246    -1.69    3.18
-226063.703   103.667    -1.54    2.73
-225687.528   103.477    -0.50    2.55
-225311.354   103.180    -0.79    2.63
-224935.180   103.597     1.11    2.33
-224559.007   103.552    -0.12    2.31
-224182.835   104.602     2.79    2.34
-223806.664   105.065     1.23    2.13
-223430.493   104.774    -0.77    2.12
-223054.323   104.622    -0.40    2.20
-222678.154   104.829     0.55    2.11
-222301.986   104.907     0.21    2.26
-221925.818   104.881    -0.07    2.19
-221549.651   105.392     1.36    2.27
-221173.485   105.450     0.16    2.00
-220797.320   105.644     0.51    1.98
-220421.155   105.302    -0.91    2.41
-220044.991   104.630    -1.78    2.39
-219668.828   104.721     0.24    2.33
-219292.665   105.099     1.01    2.32
-218916.504   105.288     0.50    2.18
-218540.343   105.586     0.79    2.10
-218164.182   105.218    -0.98    1.79
-217788.023   104.602    -1.64    1.88
-217411.864   103.802    -2.13    2.35
-217035.706   103.369    -1.15    2.17
-216659.548   102.750    -1.65    2.25
-216283.391   101.907    -2.24    2.48
-215907.235   101.354    -1.47    2.86
-215531.080   100.207    -3.05    2.72
-215154.925    99.520    -1.83    2.49
-214778.771    98.885    -1.69    2.80
-214402.618    98.381    -1.34    2.48
-214026.466    98.956     1.53    2.84
-213650.314    99.468     1.36    3.33
-213274.163    99.776     0.82    3.54
-212898.013    99.018    -2.02    3.67
-212521.863    98.180    -2.23    3.57
-212145.714    98.613     1.15    4.05
-211769.566    98.691     0.21    4.45
-211393.418    98.881     0.51    4.96
-211017.271    98.392    -1.30    4.60
-210641.125    98.045    -0.92    4.22
-210264.979    97.571    -1.26    3.65
-209888.834    97.699     0.34    2.81
-209512.690    98.058     0.95    2.65
-209136.547    98.775     1.91    2.92
-208760.404    98.981     0.55    2.75
-208384.262    99.802     2.18    2.47
-208008.120   100.126     0.86    2.21
-207631.980    99.369    -2.01    3.05
-207255.839    98.037    -3.54    4.19
-206879.700    97.494    -1.44    4.34
-206503.561    96.750    -1.98    5.08
-206127.423    95.573    -3.13    4.64
-205751.286    96.450     2.33    4.55
-205375.149    97.468     2.71    3.94
-204999.013    97.828     0.96    3.23
-204622.877    98.494     1.77    2.91
-204246.743    99.532     2.76    2.55
-203870.608    99.039    -1.31    2.51
-203494.475    97.933    -2.94    2.96
-203118.342    96.828    -2.94    3.22
-202742.210    95.532    -3.45    2.69
-202366.079    94.877    -1.74    2.41
-201989.948    94.721    -0.41    2.48
-201613.817    94.613    -0.29    2.70
-201237.688    94.748     0.36    2.83
-200861.559    95.135     1.03    2.89
-200485.431    96.007     2.32    3.06
-200109.303    96.520     1.36    2.46
-199733.176    96.885     0.97    2.30
-199357.050    97.539     1.74    2.39
-198980.924    97.191    -0.93    2.61
-198604.799    97.099    -0.24    2.57
-198228.675    96.033    -2.84    2.63
-197852.551    95.450    -1.55    2.15
-197476.428    94.460    -2.63    2.56
-197100.305    93.539    -2.45    2.13
-196724.183    93.102    -1.16    2.26
-196348.062    92.829    -0.73    2.71
-195971.941    93.752     2.45    2.93
-195595.821    94.981     3.27    3.60
-195219.702    96.302     3.51    3.53
-194843.583    96.991     1.83    2.60
-194467.465    96.450    -1.44    3.11
-194091.347    96.670     0.58    3.22
-193715.230    96.007    -1.76    3.25
-193339.114    95.385    -1.65    3.49
-192962.998    96.127     1.97    3.68
-192586.883    96.539     1.09    3.48
-192210.768    96.718     0.48    2.75
-191834.654    96.644    -0.20    2.55
-191458.541    96.597    -0.13    2.89
-191082.428    96.802     0.55    3.99
-190706.316    96.524    -0.74    5.12
-190330.205    95.545    -2.60    6.07
-189954.094    94.450    -2.91    6.43
-189577.983    92.877    -4.18    6.61
-189201.874    92.981     0.28    6.55
-188825.764    91.916    -2.83    6.90
-188449.656    91.640    -0.74    6.91
-188073.548    93.045     3.74    5.27
-187697.440    94.342     3.45    3.84
-187321.334    94.545     0.54    3.27
-186945.227    93.635    -2.42    3.95
-186569.122    92.192    -3.84    4.54
-186193.017    89.904    -6.08    5.55
-185816.912    89.180    -1.93    5.58
-185440.808    88.694    -1.29    5.24
-185064.705    89.591     2.39    4.86
-184688.602    91.571     5.26    2.94
-184312.500    92.135     1.50    2.14
-183936.398    91.981    -0.41    1.89
-183560.297    91.718    -0.70    1.75
-183184.197    92.109     1.04    2.43
-182808.097    92.622     1.36    2.37
-182431.997    93.427     2.14    2.21
-182055.899    93.207    -0.58    2.50
-181679.800    92.369    -2.23    2.80
-181303.703    91.288    -2.87    2.97
-180927.606    90.670    -1.64    3.35
-180551.509    90.423    -0.66    3.23
-180175.413    90.750     0.87    3.61
-179799.318    91.904     3.07    3.19
-179423.223    92.135     0.61    3.28
-179047.128    92.207     0.19    2.89
-178671.034    91.956    -0.67    2.68
-178294.941    91.161    -2.11    2.11
-177918.848    90.718    -1.18    2.51
-177542.756    90.723     0.01    2.11
-177166.665    91.369     1.72    2.13
-176790.573    91.315    -0.14    2.43
-176414.408    91.186    -0.34    2.45
-176038.213    91.114    -0.19    2.56
-175662.019    89.853    -3.35    2.52
-175285.825    89.084    -2.04    2.24
-174909.631    88.830    -0.68    1.92
-174533.438    89.033     0.54    2.16
-174157.246    88.721    -0.83    2.45
-173781.054    89.289     1.51    2.60
-173404.863    89.486     0.52    2.90
-173028.672    89.565     0.21    3.16
-172652.482    89.910     0.92    2.79
-172276.292    89.494    -1.11    2.85
-171900.103    89.727     0.62    2.52
-171523.914    90.163     1.16    3.35
-171147.726    90.504     0.91    3.48
-170771.538    91.180     1.80    5.06
-170395.351    90.559    -1.65    5.51
-170019.164    90.180    -1.01    5.40
-169642.978    90.802     1.65    4.79
-169266.792    92.674     4.98    3.66
-168890.607    92.750     0.20    3.51
-168514.422    93.024     0.73    2.91
-168138.238    92.007    -2.70    3.43
-167762.054    90.663    -3.57    3.63
-167385.871    90.775     0.30    4.59
-167009.688    90.328    -1.19    5.27
-166633.506    89.135    -3.17    5.60
-166257.324    88.261    -2.32    5.98
-165881.143    87.670    -1.57    6.12
-165504.962    86.392    -3.40    5.78
-165128.782    86.857     1.24    6.12
-164752.602    86.407    -1.20    7.12
-164376.423    84.640    -4.70    6.56
-164000.244    83.802    -2.23    6.85
-163624.066    83.532    -0.72    8.25
-163247.888    81.552    -5.26    8.34
-162871.710    81.315    -0.63    8.61
-162495.534    80.702    -1.63    7.20
-162119.357    79.441    -3.35    4.59
-161743.181    79.327    -0.30    4.08
-161367.006    78.697    -1.68    3.65
-160990.831    78.084    -1.63    3.82
-160614.656    76.854    -3.27    3.36
-160238.482    76.443    -1.09    3.80
-159862.308    75.885    -1.48    3.60
-159486.135    77.369     3.95    4.02
-159109.962    78.302     2.48    3.75
-158733.790    79.230     2.47    3.67
-158357.618    78.443    -2.09    3.96
-157981.447    78.161    -0.75    3.79
-157605.276    76.830    -3.54    4.14
-157229.105    75.802    -2.73    4.87
-156852.935    74.126    -4.45    6.62
-156476.766    71.933    -5.83    7.75
-156100.597    69.602    -6.20    8.36
-155724.428    67.423    -5.79    8.14
-155348.260    67.725     0.80    8.44
-154972.092    66.328    -3.71    8.02
-154595.925    65.775    -1.47    7.65
-154219.758    65.802     0.07    6.65
-153843.591    65.477    -0.86    5.86
-153467.425    64.249    -3.26    5.39
-153091.260    67.163     7.75    6.37
-152715.094    69.991     7.52    7.22
-152338.930    73.191     8.51    7.20
-151962.765    75.853     7.08    5.09
-151586.601    76.879     2.73    3.79
-151210.438    76.430    -1.19    3.71
-150834.275    76.099    -0.88    4.12
-150458.112    75.586    -1.37    3.52
-150081.950    75.045    -1.44    3.79
-149705.788    74.852    -0.51    3.97
-149329.627    74.234    -1.64    4.36
-148953.466    72.853    -3.67    5.89
-148577.305    72.223    -1.68    6.74
-148201.145    72.904     1.81    6.23
-147824.985    74.153     3.32    4.40
-147448.826    75.290     3.02    2.53
-147072.667    75.381     0.24    2.54
-146696.509    74.718    -1.76    2.42
-146320.350    73.532    -3.16    2.45
-145944.193    72.218    -3.49    2.37
-145568.035    71.640    -1.54    3.04
-145191.878    70.674    -2.57    3.75
-144815.722    69.566    -2.94    3.41
-144439.566    69.520    -0.12    3.66
-144063.410    69.486    -0.09    3.15
-143687.255    70.274     2.09    2.40
-143311.100    71.392     2.97    2.00
-142934.945    71.423     0.08    2.55
-142558.791    70.084    -3.56    4.17
-142182.637    69.354    -1.94    4.39
-141806.484    68.392    -2.56    4.22
-141430.330    66.991    -3.72    5.33
-141054.178    66.956    -0.09    5.39
-140678.025    66.135    -2.18    4.99
-140301.874    66.191     0.15    3.82
-139925.722    66.369     0.48    3.69
-139549.571    65.153    -3.23    3.79
-139173.420    64.721    -1.15    4.19
-138797.270    63.883    -2.23    4.66
-138421.119    62.659    -3.25    4.95
-138044.970    61.352    -3.48    4.71
-137668.820    60.407    -2.51    4.55
-137292.671    59.396    -2.69    3.90
-136916.523    60.058     1.76    4.19
-136540.374    60.802     1.98    4.64
-136164.227    61.618     2.17    4.26
-135788.079    62.072     1.21    4.71
-135411.932    60.674    -3.72    4.24
-135035.785    59.663    -2.69    4.62
-134659.638    59.571    -0.24    5.16
-134283.492    60.902     3.54    5.49
-133907.346    62.302     3.72    4.78
-133531.201    62.640     0.90    4.65
-133155.056    62.180    -1.22    4.89
-132778.911    62.315     0.36    4.57
-132402.767    61.423    -2.37    4.41
-132026.622    62.135     1.89    4.21
-131650.479    62.904     2.05    3.66
-131274.335    63.033     0.34    3.85
-130898.192    63.828     2.12    4.25
-130522.049    63.960     0.35    4.48
-130145.907    61.930    -5.40    5.88
-129769.765    59.238    -7.16    7.40
-129393.623    56.396    -7.55    7.15
-129017.481    54.392    -5.33    6.25
-128641.340    53.218    -3.12    5.85
-128265.199    52.802    -1.11    5.30
-127889.059    53.144     0.91    5.06
-127512.919    53.614     1.25    5.73
-127136.779    54.289     1.79    5.54
-126760.639    55.591     3.46    4.66
-126384.500    55.261    -0.88    4.40
-126008.361    54.964    -0.79    4.43
-125632.222    54.524    -1.17    5.43
-125256.084    54.275    -0.66    5.52
-124879.946    53.775    -1.33    5.32
-124503.808    53.694    -0.22    5.09
-124127.671    52.648    -2.78    5.08
-123751.534    52.443    -0.55    4.41
-123375.397    53.802     3.61    4.75
-122999.261    55.126     3.52    5.32
-122623.124    56.853     4.59    6.21
-122246.988    57.991     3.03    6.96
-121870.853    57.288    -1.87    6.40
-121494.717    55.910    -3.66    6.48
-121118.582    54.438    -3.91    5.58
-120742.448    53.443    -2.65    4.21
-120366.313    52.853    -1.57    3.66
-119990.179    53.746     2.37    3.94
-119614.045    55.186     3.83    3.79
-119237.911    55.830     1.71    4.44
-118861.778    56.539     1.89    4.50
-118485.645    55.802    -1.96    4.35
-118109.512    54.748    -2.80    3.92
-117733.380    54.065    -1.82    3.95
-117357.247    53.494    -1.52    3.61
-116981.115    53.452    -0.11    3.76
-116604.984    54.477     2.73    5.21
-116228.852    54.930     1.20    5.51
-115852.721    54.930     0.00    5.11
-115476.590    54.441    -1.30    4.67
-115100.460    53.315    -2.99    5.29
-114724.329    52.802    -1.37    6.36
-114348.199    53.907     2.94    5.61
-113972.069    52.902    -2.67    5.67
-113595.940    52.080    -2.19    4.95
-113219.810    50.902    -3.13    4.65
-112843.681    49.477    -3.79    4.87
-112467.552    49.640     0.43    4.10
-112091.424    50.381     1.97    4.90
-111715.295    50.591     0.56    5.02
-111339.167    50.667     0.20    5.07
-110963.039    51.396     1.94    5.68
-110586.912    51.622     0.60    6.27
-110210.784    52.302     1.81    6.51
-109834.657    52.252    -0.13    6.41
-109458.530    52.302     0.13    7.00
-109082.403    53.802     3.99    7.66
-108706.277    54.775     2.59    8.17
-108330.151    55.552     2.07    8.66
-107954.025    57.091     4.09    8.01
-107577.899    58.366     3.39    6.04
-107201.773    59.180     2.16    3.34
-106825.648    60.002     2.18    2.92
-106449.523    61.007     2.67    3.51
-106073.398    61.933     2.46    3.65
-105697.274    63.423     3.96    4.04
-105321.149    64.263     2.23    4.55
-104945.025    64.186    -0.20    5.38
-104568.901    66.691     6.66    5.68
-104192.777    67.956     3.36    5.91
-103816.654    69.746     4.76    5.49
-103440.530    71.881     5.68    5.70
-103064.407    74.648     7.36    7.36
-102688.284    78.408    10.00    7.55
-102312.161    80.450     5.43    7.40
-101936.039    80.223    -0.61    8.12
-101559.915    77.910    -6.15   10.30
-101183.755    73.520   -11.67   11.21
-100807.594    69.302   -11.21   10.64
-100431.434    63.212   -16.19    9.99
-100055.274    60.545    -7.09    7.34
 -99679.115    60.007    -1.43    7.01
 -99302.955    59.342    -1.77    6.66
 -98926.796    60.381     2.76    5.98
 -98550.637    61.197     2.17    5.71
 -98174.478    61.024    -0.46    6.87
 -97798.319    61.910     2.36    7.89
 -97422.160    59.559    -6.25    8.14
 -97046.002    57.118    -6.49    7.25
 -96669.844    56.315    -2.13    6.89
 -96293.686    56.364     0.13    6.06
 -95917.528    59.223     7.60    4.64
 -95541.370    61.565     6.23    4.04
 -95165.213    63.135     4.17    4.03
 -94789.056    65.161     5.39    4.30
 -94412.898    65.342     0.48    4.44
 -94036.741    65.392     0.13    4.61
 -93660.585    63.109    -6.07    7.43
 -93284.428    62.907    -0.54    7.17
 -92908.271    61.644    -3.36    7.63
 -92532.115    62.212     1.51    6.55
 -92155.959    64.012     4.79    6.46
 -91779.803    66.718     7.19    7.72
 -91403.647    69.207     6.62    7.69
 -91027.491    70.018     2.16    6.69
 -90651.336    67.721    -6.11    6.17
 -90275.180    67.640    -0.22    5.13
 -89899.025    68.214     1.53    5.31
 -89522.870    68.674     1.22    5.72
 -89146.715    70.853     5.79    6.25
 -88770.560    71.413     1.49    7.58
 -88394.406    72.033     1.65    8.09
 -88018.251    73.180     3.05    8.63
 -87642.097    73.854     1.79    8.14
 -87265.943    75.828     5.25    9.39
 -86889.788    77.058     3.27   11.35
 -86513.635    78.126     2.84   12.12
 -86137.481    79.749     4.31   13.36
 -85761.327    81.177     3.80   12.71
 -85385.173    80.885    -0.78    9.91
 -85009.020    83.302     6.42   10.83
 -84632.867    84.477     3.13   10.58
 -84256.713    81.775    -7.19    9.29
 -83880.560    81.694    -0.22    7.88
 -83504.407    83.524     4.87    7.58
 -83128.255    84.238     1.90    6.63
 -82752.102    87.725     9.27    6.15
 -82375.949    90.261     6.74    6.16
 -81999.797    90.238    -0.06    6.40
 -81623.644    93.039     7.45    7.37
 -81247.492    98.058    13.34   11.80
 -80871.340   104.854    18.07   14.83
 -80495.188   111.750    18.33   11.85
 -80119.036   115.524    10.03    9.46
 -79742.884   112.249    -8.71   11.12
 -79366.732   106.699   -14.75   11.67
 -78990.581   101.059   -14.99    8.47
 -78614.429    98.263    -7.43    8.18
 -78238.278   101.369     8.26    9.43
 -77862.127   101.802     1.15    9.82
 -77485.975   100.667    -3.02   10.67
 -77109.824    96.496   -11.09   11.37
 -76733.673    94.854    -4.36   10.45
 -76357.522    92.052    -7.45    9.44
 -75981.371    90.072    -5.26    8.07
 -75605.220    88.520    -4.13    8.54
 -75229.070    88.065    -1.21   10.23
 -74852.919    86.512    -4.13   11.75
 -74476.769    87.153     1.70   13.08
 -74100.618    88.252     2.92   11.43
 -73724.468    89.018     2.04   10.81
 -73348.317    90.153     3.02    9.81
 -72972.167    90.072    -0.22    9.25
 -72596.017    87.459    -6.95   10.30
 -72219.867    82.827   -12.31   11.62
 -71843.717    76.315   -17.31   11.94
 -71467.567    72.459   -10.25    8.72
 -71091.417    76.396    10.47   12.42
 -70715.267    79.261     7.62   12.28
 -70339.117    79.039    -0.59   12.18
 -69962.968    74.877   -11.06   12.24
 -69586.818    69.234   -15.00    7.90
 -69210.668    70.065     2.21    8.72
 -68834.519    74.381    11.47   10.61
 -68458.369    77.827     9.16   10.24
 -68082.220    79.072     3.31   10.84
 -67706.071    81.427     6.26   10.54
 -67329.921    85.539    10.93   10.06
 -66953.772    86.191     1.73   10.36
 -66577.623    85.072    -2.97   12.00
 -66201.474    82.607    -6.55   12.17
 -65825.324    81.930    -1.80   11.08
 -65449.175    81.161    -2.05   10.87
 -65073.026    80.830    -0.88   11.12
 -64696.877    79.161    -4.44    9.29
 -64320.728    75.450    -9.86   10.13
 -63944.579    74.413    -2.76    9.49
 -63568.430    76.776     6.28   11.29
 -63192.281    77.907     3.01   11.67
 -62816.133    81.007     8.24    9.71
 -62439.984    81.170     0.43    8.56
 -62063.835    79.340    -4.86    8.39
 -61687.686    76.718    -6.97    7.51
 -61311.537    74.902    -4.83    6.95
 -60935.389    75.545     1.71    7.56
 -60559.240    79.441    10.36   10.91
 -60183.091    82.829     9.01   11.84
 -59806.942    84.667     4.89   10.68
 -59430.794    81.450    -8.55   10.58
 -59054.645    76.802   -12.36   10.73
 -58678.496    74.802    -5.32    9.62
 -58302.348    78.033     8.59   11.13
 -57926.199    80.591     6.80   10.73
 -57550.050    83.694     8.25    9.95
 -57173.902    86.468     7.38    8.95
 -56797.753    86.881     1.10    9.51
 -56421.605    85.118    -4.69   11.02
 -56045.456    82.234    -7.67   11.53
 -55669.307    81.007    -3.26   11.60
 -55293.159    79.663    -3.57   11.84
 -54917.010    80.674     2.69   12.29
 -54540.861    85.750    13.50   12.42
 -54164.713    86.714     2.56   11.51
 -53788.564    83.856    -7.60   12.38
 -53412.415    79.504   -11.57   11.26
 -53036.267    75.613   -10.35    6.81
 -52660.118    73.532    -5.53    4.75
 -52283.969    74.640     2.95    6.87
 -51907.820    75.512     2.32    8.49
 -51531.672    76.879     3.63    9.84
 -51155.523    79.207     6.19   10.89
 -50779.374    83.302    10.89   10.36
 -50403.225    86.775     9.23    9.52
 -50027.076    89.392     6.95    6.90
 -49650.927    90.288     2.38    8.08
 -49274.778    92.725     6.48    9.29
 -48898.629    95.468     7.29    7.71
 -48522.480    94.340    -3.00    7.07
 -48146.331    92.443    -5.04    7.77
 -47770.182    89.083    -8.93    7.68
 -47394.033    88.494    -1.57    7.96
 -47017.884    88.640     0.39    8.22
 -46641.735    87.559    -2.87    8.42
 -46265.585    87.907     0.93    8.06
 -45889.436    90.274     6.29    9.35
 -45513.287    89.827    -1.19   10.43
 -45137.137    88.186    -4.36   11.22
 -44760.988    82.937   -13.96   11.15
 -44384.838    77.853   -13.52    7.72
 -44008.689    74.392    -9.20    7.09
 -43632.539    72.109    -6.07    6.70
 -43256.390    71.045    -2.83    6.99
 -42880.240    70.854    -0.51    6.99
 -42504.090    68.288    -6.82    6.28
 -42127.940    65.829    -6.54    4.42
 -41751.790    65.748    -0.22    5.48
 -41375.640    66.896     3.05    6.72
 -40999.490    67.930     2.75    6.65
 -40623.340    68.802     2.32    5.63
 -40247.190    69.663     2.29    4.72
 -39871.040    69.443    -0.59    5.07
 -39494.889    69.468     0.07    6.64
 -39118.739    69.699     0.61    7.30
 -38742.588    70.263     1.50    7.96
 -38366.438    70.748     1.29    7.13
 -37990.287    69.828    -2.44    6.21
 -37614.136    67.392    -6.48    6.86
 -37237.985    67.127    -0.70    9.42
 -36861.834    69.369     5.96    9.93
 -36485.683    75.033    15.06   11.07
 -36109.532    79.275    11.28    9.33
 -35733.381    78.423    -2.27    8.79
 -35357.230    73.964   -11.86    8.65
 -34981.078    70.630    -8.86    6.04
 -34604.927    69.539    -2.90    6.68
 -34228.775    68.802    -1.96    6.82
 -33852.624    70.191     3.69    7.48
 -33476.472    73.776     9.53    9.88
 -33100.320    76.107     6.20    9.76
 -32724.168    75.749    -0.95    9.02
 -32348.016    71.725   -10.70    9.89
 -31971.864    70.249    -3.92    8.45
 -31595.711    69.607    -1.71    7.32
 -31219.559    69.960     0.94    6.67
 -30843.406    71.752     4.76    6.71
 -30467.254    70.635    -2.97    6.50
 -30091.101    68.238    -6.37    7.37
 -29714.948    65.539    -7.18    7.35
 -29338.795    63.423    -5.62    6.97
 -28962.642    61.964    -3.88    6.69
 -28586.489    60.913    -2.79    6.50
 -28210.335    60.315    -1.59    5.53
 -27834.182    61.545     3.27    6.84
 -27458.028    63.910     6.29    7.72
 -27081.874    65.102     3.17    5.75
 -26705.720    65.275     0.46    5.64
 -26329.575    61.960    -8.82    8.18
 -25953.444    56.667   -14.07    8.14
 -25577.313    54.186    -6.59    6.84
 -25201.182    54.667     1.28    7.39
 -24825.051    56.552     5.01    6.69
 -24448.920    60.223     9.76    7.16
 -24072.788    62.496     6.04    7.14
 -23696.657    63.930     3.81    8.37
 -23320.525    62.468    -3.89    8.04
 -22944.393    63.478     2.68    7.63
 -22568.261    64.099     1.65    7.49
 -22192.129    64.072    -0.07    7.16
 -21815.997    64.261     0.50    6.70
 -21439.864    63.202    -2.82    6.57
 -21063.732    61.883    -3.51    6.21
 -20687.599    59.161    -7.24    6.27
 -20311.466    57.058    -5.59    6.84
 -19935.333    55.058    -5.32    7.08
 -19559.199    53.883    -3.12    7.43
 -19183.066    51.571    -6.15    7.94
 -18806.932    51.118    -1.21    6.83
 -18430.798    53.441     6.18    8.46
 -18054.665    57.099     9.73    8.32
 -17678.530    59.613     6.68    5.71
 -17302.396    59.197    -1.11    5.45
 -16926.262    59.392     0.52    5.40
 -16550.127    61.146     4.66    4.97
 -16173.992    60.644    -1.33    5.40
 -15797.857    58.937    -4.54    7.20
 -15421.722    55.913    -8.04    9.17
 -15045.586    52.109   -10.11   10.52
 -14669.451    48.153   -10.52   10.63
 -14293.315    43.981   -11.09    9.89
 -13917.179    42.622    -3.61   10.30
 -13541.043    43.223     1.60   11.07
 -13164.907    41.694    -4.07   10.94
 -12788.770    42.289     1.58    9.05
 -12412.633    41.879    -1.09    8.77
 -12036.496    42.635     2.01    8.96
 -11660.359    44.153     4.04    8.25
 -11284.222    43.910    -0.65    6.59
 -10908.084    44.613     1.87    4.75
 -10531.947    44.328    -0.76    3.47
 -10155.809    43.272    -2.81    2.77
  -9779.671    42.027    -3.31    3.63
  -9403.532    40.354    -4.45    4.38
  -9027.394    38.496    -4.94    4.63
  -8651.255    38.289    -0.55    5.22
  -8275.116    38.045    -0.65    5.33
  -7898.977    35.828    -5.89    5.42
  -7522.837    36.012     0.49    5.75
  -7146.697    34.674    -3.56    5.87
  -6770.558    34.477    -0.52    5.62
  -6394.418    34.670     0.51    5.60
  -6018.277    33.977    -1.84    6.16
  -5642.137    31.573    -6.39    6.92
  -5265.996    30.342    -3.27    7.26
  -4889.855    28.721    -4.31    7.23
  -4513.714    28.829     0.29    8.19
  -4137.572    28.532    -0.79    8.86
  -3761.430    28.218    -0.83    9.61
  -3385.288    26.443    -4.72    9.77
  -3009.146    23.591    -7.58    8.46
  -2633.004    20.315    -8.71    7.86
  -2256.861    18.648    -4.43    7.67
  -1880.718    16.302    -6.24    6.59
  -1504.575    11.699   -12.24    7.22
  -1128.432     7.450   -11.30    7.75
   -752.288     2.520   -13.11    5.89
   -376.144    -0.782    -8.78    2.39
     -0.000     1.960     7.29    7.01
    376.144     7.012    13.43    8.63
    752.289    12.864    15.56    7.35
   1128.434    16.699    10.20    3.78
   1504.579    18.045     3.58    3.52
   1880.724    18.746     1.86    3.14
   2256.870    18.099    -1.72    3.32
   2633.016    16.413    -4.48    3.77
   3009.162    14.118    -6.10    4.31
   3385.309    12.727    -3.70    3.77
   3761.456    11.315    -3.75    3.54
   4137.603     9.750    -4.16    3.08
   4513.750     8.725    -2.73    3.03
   4889.897     8.879     0.41    5.65
   5266.045    12.991    10.93   10.66
   5642.193    17.494    11.97   11.07
   6018.342    22.883    14.33    9.66
   6394.490    26.856    10.56    5.53
   6770.639    28.369     4.02    4.59
   7146.789    27.919    -1.20    5.23
   7522.938    28.853     2.48    5.97
   7899.088    30.135     3.41    5.77
   8275.238    30.607     1.26    5.74
   8651.389    32.045     3.82    5.30
   9027.539    32.357     0.83    4.36
   9403.690    33.802     3.84    4.96
   9779.841    36.186     6.34    5.66
  10155.993    39.315     8.32    4.56
  10532.145    41.486     5.77    2.56
  10908.297    42.118     1.68    2.37
  11284.450    42.520     1.07    2.88
  11660.602    43.045     1.40    2.86
  12036.755    43.002    -0.11    3.86
  12412.909    42.775    -0.60    4.71
  12789.062    41.937    -2.23    5.45
  13165.216    40.342    -4.24    5.89
  13541.371    39.107    -3.28    6.50
  13917.525    37.520    -4.22    7.78
  14293.680    30.545   -18.54   14.40
  14669.836    21.287   -24.61   16.77
  15045.991    16.433   -12.90   14.64
  15422.147    17.450     2.70   13.95
  15798.303    26.524    24.12   13.29
  16174.460    33.433    18.37    7.38
  16550.617    36.153     7.23    4.24
  16926.774    37.275     2.98    3.18
  17302.931    34.091    -8.47   10.45
  17679.089    29.477   -12.27   14.13
  18055.247    25.524   -10.51   14.92
  18431.406    23.827    -4.51   13.98
  18807.565    20.853    -7.91   13.36
  19183.724    20.413    -1.17   13.09
  19559.884    17.910    -6.65   10.81
  19936.043    18.504     1.58   11.72
  20312.204    19.126     1.65   11.72
  20688.364    19.776     1.73   12.02
  21064.525    19.802     0.07   11.67
  21440.686    22.627     7.51   13.73
  21816.848    22.302    -0.86   13.37
  22193.010    23.450     3.05   14.23
  22569.172    25.381     5.13   14.18
  22945.335    27.366     5.28   14.44
  23321.498    29.697     6.20   13.12
  23697.661    29.163    -1.42   12.58
  24073.825    28.981    -0.48   11.23
  24449.989    31.468     6.61    9.91
  24826.154    34.443     7.91    9.28
  25202.318    39.750    14.11   10.18
  25578.484    47.230    19.88   11.64
  25954.649    53.234    15.96   11.84
  26330.815    59.261    16.02    8.77
  26706.981    62.223     7.87    6.31
  27083.148    61.539    -1.82    7.04
  27459.315    62.024     1.29    7.12
  27835.482    60.674    -3.59    9.90
  28211.650    58.084    -6.88   11.47
  28587.818    55.504    -6.86   11.50
  28963.987    53.694    -4.81    9.87
  29340.156    52.065    -4.33    7.91
  29716.325    51.956    -0.29    7.60
  30092.495    54.941     7.94    8.63
  30468.665    56.084     3.04    8.09
  30844.835    59.218     8.33    7.12
  31221.006    60.539     3.51    8.53
  31597.178    63.135     6.90    7.77
  31973.349    64.114     2.60    5.63
  32349.521    67.249     8.33    6.88
  32725.694    70.315     8.15   11.27
  33101.867    75.234    13.08   16.14
  33478.040    87.366    32.25   21.48
  33854.213   100.396    34.64   23.46
  34230.387   112.186    31.34   22.77
  34606.562   121.520    24.81   20.75
  34982.737   121.532     0.03   18.57
  35358.912   116.328   -13.83   17.70
  35735.088   105.725   -28.19   17.63
  36111.264    96.494   -24.54   13.77
  36487.440    88.423   -21.45   10.63
  36863.617    84.249   -11.10   10.17
  37239.795    82.883    -3.63    9.25
  37615.972    80.099    -7.40    9.20
  37992.151    77.045    -8.12    8.52
  38368.329    76.927    -0.31    9.36
  38744.508    76.392    -1.42    9.70
  39120.688    74.597    -4.77    9.27
  39496.868    75.552     2.54    7.87
  39873.048    75.545    -0.02    8.32
  40249.229    79.663    10.95    9.40
  40625.410    82.622     7.87    7.90
  41001.591    84.460     4.88    6.98
  41377.774    86.072     4.29    6.53
  41753.956    85.667    -1.08    9.30
  42130.139    86.597     2.47   10.14
  42506.322    85.143    -3.86   10.97
  42882.506    79.552   -14.86   10.81
  43258.690    77.065    -6.61    9.62
  43634.875    75.640    -3.79    8.07
  44011.060    75.369    -0.72    9.22
  44387.246    74.234    -3.02    9.50
  44763.432    73.573    -1.76    9.08
  45139.618    73.776     0.54    7.66
  45515.805    76.052     6.05    8.81
  45891.993    78.802     7.31    9.84
  46268.181    85.186    16.97   11.05
  46644.369    92.218    18.69   11.96
  47020.558    91.618    -1.60   13.02
  47396.747    91.725     0.29   12.41
  47772.937    88.407    -8.82   12.96
  48149.127    79.385   -23.98   10.33
  48525.318    79.486     0.27   10.78
  48901.447    78.699    -2.09    8.93
  49277.549    81.913     8.54    8.97
  49653.652    85.315     9.04    6.29
  50029.755    84.118    -3.18    7.26
  50405.859    83.802    -0.84    7.14
  50781.963    81.937    -4.96    7.59
  51158.068    80.748    -3.16    7.89
  51534.173    80.186    -1.49    6.82
  51910.279    81.102     2.43    6.94
  52286.385    83.099     5.31    7.81
  52662.491    83.227     0.34    7.50
  53038.599    82.854    -0.99    7.70
  53414.706    83.460     1.61    7.77
  53790.814    84.559     2.92    8.08
  54166.923    87.902     8.89    8.03
  54543.032    91.441     9.41    6.27
  54919.141    91.586     0.39    5.92
  55295.251    89.486    -5.58    8.09
  55671.362    87.524    -5.22    9.04
  56047.473    89.084     4.15   10.64
  56423.585    89.571     1.30   12.46
  56799.697    87.330    -5.96   14.71
  57175.809    87.477     0.39   15.21
  57551.922    86.532    -2.52   13.81
  57928.036    89.854     8.83   14.08
  58304.150    97.252    19.67   10.45
  58680.265   100.856     9.58    8.19
  59056.380   100.828    -0.07    8.05
  59432.496   100.749    -0.21    8.50
  59808.612   100.381    -0.98    7.07
  60184.728    98.423    -5.20    8.09
  60560.846    99.877     3.86    8.63
  60936.963   101.486     4.28    7.91
  61313.082   100.191    -3.44    8.00
  61689.200    97.450    -7.29   10.43
  62065.320    96.630    -2.18    9.38
  62441.440    97.263     1.68    9.30
  62817.560   100.494     8.59    9.26
  63193.681   103.214     7.23    8.17
  63569.802   105.532     6.16    7.76
  63945.924   106.559     2.73    7.94
  64322.047   105.450    -2.95    7.30
  64698.170   108.366     7.75    5.84
  65074.294   109.261     2.38    5.39
  65450.418   108.725    -1.43    6.22
  65826.542   110.289     4.16    6.43
  66202.668   111.392     2.93    6.35
  66578.794   111.694     0.80    6.93
  66954.920   112.727     2.75    7.04
  67331.047   112.802     0.20    7.51
  67707.174   113.080     0.74    8.51
  68083.302   113.964     2.35    7.86
  68459.431   113.180    -2.08    9.52
  68835.560   112.532    -1.72    9.72
  69211.690   113.494     2.56    9.56
  69587.820   115.272     4.73    9.79
  69963.951   118.007     7.27    6.79
  70340.082   118.644     1.69    6.68
  70716.214   117.941    -1.87    6.63
  71092.346   116.674    -3.37    5.68
  71468.480   115.910    -2.03    5.35
  71844.613   116.118     0.55    5.80
  72220.747   114.644    -3.92    6.24
  72596.882   112.699    -5.17    6.20
  72973.018   109.802    -7.70    7.25
  73349.154   107.930    -4.98    7.50
  73725.290   105.527    -6.39    7.70
  74101.427   104.774    -2.00    6.88
  74477.565   103.613    -3.09    6.60
  74853.703   101.640    -5.25    6.13
  75229.842   100.532    -2.95    5.91
  75605.981    99.315    -3.23    6.28
  75982.122    98.773    -1.44    6.50
  76358.262    98.227    -1.45    6.03
  76734.403    98.223    -0.01    6.04
  77110.545    98.234     0.03    5.82
  77486.688    98.776     1.44    5.65
  77862.831    98.223    -1.47    6.52
  78238.974    99.407     3.15    6.45
  78615.119    98.721    -1.82    7.33
  78991.263    97.263    -3.87    9.09
  79367.409    95.663    -4.25    8.72
  79743.555    95.212    -1.20    8.40
  80119.702    95.699     1.30    7.90
  80495.849    98.052     6.25    7.46
  80871.997    95.960    -5.56    7.87
  81248.145    93.667    -6.10    8.30
  81624.294    92.218    -3.85    8.24
  82000.444    90.532    -4.48    7.35
  82376.594    89.218    -3.49    6.92
  82752.745    86.854    -6.28    7.30
  83128.897    85.392    -3.89    7.07
  83505.049    84.802    -1.57    7.56
  83881.202    85.084     0.75    7.55
  84257.356    84.468    -1.64    7.38
  84633.510    82.725    -4.64    7.31
  85009.664    81.261    -3.89    7.32
  85385.820    81.058    -0.54    7.40
  85761.976    80.721    -0.90    7.47
  86138.132    78.991    -4.60    8.03
  86514.290    77.613    -3.66    7.53
  86890.448    77.396    -0.58    6.89
  87266.606    79.058     4.42    5.50
  87642.765    80.644     4.22    5.21
  88018.925    80.635    -0.02    6.51
  88395.086    81.369     1.95    7.53
  88771.247    81.857     1.30    8.25
  89147.409    83.039     3.14    8.96
  89523.571    82.622    -1.11    8.89
  89899.734    81.829    -2.11    9.11
  90275.898    79.197    -7.00    9.07
  90652.062    78.263    -2.48    7.50
  91028.227    75.828    -6.47    7.60
  91404.393    73.667    -5.75    7.49
  91780.559    73.007    -1.75    6.83
  92156.726    70.613    -6.37    7.79
  92532.894    70.126    -1.29    6.78
  92909.063    68.559    -4.17    6.93
  93285.232    66.002    -6.80    8.45
  93661.401    65.007    -2.64    9.01
  94037.572    62.494    -6.68    9.72
  94413.743    61.746    -1.99    8.63
  94789.914    60.750    -2.65    8.01
  95166.087    60.635    -0.31    6.98
  95542.260    62.964     6.19    5.42
  95918.434    63.802     2.23    5.60
  96294.608    63.775    -0.07    5.89
  96670.783    62.854    -2.45    5.49
  97046.959    62.302    -1.47    5.95
  97423.136    63.527     3.26    6.45
  97799.313    65.964     6.48    5.19
  98175.491    64.577    -3.69    5.64
  98551.669    61.930    -7.04    6.42
  98927.848    59.746    -5.81    5.46
  99304.028    57.640    -5.60    4.51
  99680.209    55.691    -5.18    4.73
 100056.390    53.354    -6.21    4.40
 100432.572    51.777    -4.19    3.02
 100808.755    51.413    -0.97    2.68
 101184.939    50.402    -2.69    3.27
 101561.123    49.933    -1.25    2.83
 101937.308    50.829     2.38    3.58
 102313.493    51.828     2.66    3.87
 102689.680    53.776     5.18    3.44
 103065.867    53.802     0.07    3.14
 103442.054    53.913     0.30    3.27
 103818.243    52.750    -3.09    3.18
 104194.432    52.748    -0.01    2.83
 104570.622    51.677    -2.85    3.28
 104946.812    50.853    -2.19    2.89
 105323.004    51.487     1.69    2.73
 105699.196    52.018     1.41    2.56
 106075.388    50.964    -2.80    3.35
 106451.582    48.144    -7.50    5.73
 106827.776    44.263   -10.32    5.95
 107203.971    41.559    -7.19    4.31
 107580.167    40.402    -3.07    2.87
 107956.363    40.827     1.13    3.05
 108332.560    40.065    -2.03    3.37
 108708.758    36.315    -9.97    7.19
 109084.957    31.443   -12.95    8.27
 109461.156    29.674    -4.70    6.91
 109837.356    28.996    -1.80    6.21
 110213.557    34.109    13.59    7.08
 110589.759    39.941    15.50    5.45
 110965.961    42.933     7.96    4.74
 111342.164    45.315     6.33    3.97
 111718.368    46.208     2.37    2.65
 112094.572    44.964    -3.31    3.91
 112470.778    43.153    -4.81    4.08
 112846.984    41.991    -3.09    4.02
 113223.191    43.750     4.68    6.07
 113599.398    48.180    11.77    9.04
 113975.607    55.417    19.24   11.59
 114351.816    62.725    19.42    8.78
 114728.026    65.186     6.54    7.88
 115104.236    66.802     4.29    8.01
 115480.448    68.648     4.91    8.92
 115856.660    70.571     5.11    8.22
 116232.873    71.357     2.09    8.19
 116609.087    67.775    -9.52    8.64
 116985.301    66.072    -4.53    8.74
 117361.517    67.099     2.73    8.65
 117737.733    70.699     9.57    7.43
 118113.949    72.552     4.92    7.52
 118490.167    73.340     2.10    6.94
 118866.386    73.443     0.27    7.21
 119242.605    74.968     4.06    6.84
 119618.825    75.468     1.33    6.45
 119995.045    77.153     4.48    5.51
 120371.267    77.315     0.43    5.27
 120747.489    76.539    -2.06    5.47
 121123.713    76.039    -1.33    5.97
 121499.936    76.856     2.17    6.27
 121876.161    76.699    -0.42    6.56
 122252.387    73.952    -7.30    8.59
 122628.613    66.691   -19.30   12.67
 123004.840    61.477   -13.86   12.02
 123381.068    57.613   -10.27    8.84
 123757.295    58.099     1.29    9.26
 124133.368    64.207    16.24    8.37
 124509.443    67.919     9.87    7.13
 124885.518    71.443     9.37    7.56
 125261.594    73.930     6.61    6.57
 125637.671    75.274     3.57    7.64
 126013.749    78.033     7.34    7.35
 126389.827    78.607     1.53    8.26
 126765.907    80.828     5.91    9.79
 127141.987    83.170     6.23   10.72
 127518.068    85.699     6.72    9.71
 127894.150    85.748     0.13    9.43
 128270.232    86.144     1.05    8.01
 128646.316    87.648     4.00    8.98
 129022.400    92.691    13.41   10.99
 129398.485    96.828    11.00    9.70
 129774.571   102.532    15.17    6.53
 130150.658   104.910     6.32    4.91
 130526.745   101.586    -8.84    9.85
 130902.834    98.607    -7.92   10.50
 131278.923    96.417    -5.82   10.95
 131655.013    98.227     4.81   12.44
 132031.104   103.802    14.82   12.58
 132407.196   107.545     9.95    9.59
 132783.288   107.775     0.61    9.60
 133159.382   103.802   -10.57   12.13
 133535.476    98.223   -14.83   11.71
 133911.571    95.161    -8.14   11.47
 134287.667    94.218    -2.51   10.83
 134663.764    94.477     0.69    9.40
 135039.862    92.853    -4.32    8.32
 135415.961    92.545    -0.82    7.38
 135792.060    94.109     4.16    8.06
 136168.160    95.907     4.78    7.72
 136544.262    97.441     4.08    7.71
 136920.364    99.018     4.19    7.66
 137296.466   102.885    10.28    8.59
 137672.570   108.539    15.03   11.50
 138048.675   119.577    29.35   18.26
 138424.780   133.207    36.24   22.50
 138800.887   149.186    42.49   21.90
 139176.994   162.723    35.99   13.61
 139553.102   167.697    13.22    8.31
 139929.211   166.829    -2.31    9.51
 140305.321   163.627    -8.51   11.12
 140681.432   161.670    -5.20   10.83
 141057.543   158.802    -7.63    9.97
 141433.656   153.640   -13.73   12.18
 141809.769   143.859   -26.00   16.86
 142185.884   136.674   -19.10   16.05
 142561.999   136.468    -0.55   18.71
 142938.115   142.802    16.84   23.46
 143314.232   152.694    26.30   21.78
 143690.350   159.964    19.33   19.35
 144066.468   161.559     4.24   19.18
 144442.588   166.027    11.88   15.71
 144818.708   167.802     4.72   12.73
 145194.830   162.144   -15.04   17.05
 145570.952   148.170   -37.15   23.78
 145947.075   139.648   -22.66   19.90
 146323.200   135.694   -10.51   15.56
 146699.325   139.302     9.59   17.08
 147075.451   145.986    17.77   16.27
 147451.577   151.857    15.61   15.69
 147827.705   158.694    18.18   11.77
 148203.834   158.468    -0.60   14.65
 148579.964   153.520   -13.16   15.71
 148956.094   152.725    -2.11   15.15
 149332.226   154.945     5.90   13.89
 149708.358   156.956     5.35   16.19
 150084.491   159.153     5.84   16.13
 150460.625   160.996     4.90   17.07
 150836.761   164.648     9.71   19.41
 151212.897   170.118    14.54   19.56
 151589.034   167.802    -6.16   20.44
 151965.171   167.802     0.00   19.36
 152341.310   166.956    -2.25   17.35
 152717.450   166.635    -0.85   13.90
 153093.591   172.443    15.44   14.62
 153469.732   181.315    23.59   18.86
 153845.875   192.191    28.92   15.20
 154222.019   196.721    12.04   12.11
 154598.163   194.072    -7.04   16.50
 154974.309   186.126   -21.12   18.76
 155350.455   186.460     0.89   16.12
 155726.602   192.885    17.08   16.32
 156102.750   202.927    26.70   14.49
 156478.900   210.354    19.75   12.06
 156855.050   212.856     6.65   11.22
 157231.201   211.622    -3.28   11.98
 157607.353   207.644   -10.58   12.12
 157983.506   202.723   -13.08   13.12
 158359.660   197.369   -14.23   11.45
 158735.815   195.443    -5.12   16.20
 159111.971   197.126     4.48   18.63
 159488.128   201.340    11.20   15.99
 159864.286   204.002     7.08   11.96
 160240.444   201.802    -5.85   10.92
 160616.604   192.721   -24.14   15.09
 160992.765   185.126   -20.19   14.82
 161368.927   181.045   -10.85   15.61
 161745.089   184.342     8.77   16.83
 162121.253   189.716    14.29   13.11
 162497.418   190.956     3.30   13.38
 162873.583   191.802     2.25   13.59
 163249.750   190.018    -4.74   11.12
 163625.917   182.802   -19.18   13.54
 164002.086   177.591   -13.85   14.18
 164378.256   176.699    -2.37   13.20
 164754.426   177.856     3.07   13.62
 165130.598   182.725    12.94    8.60
 165506.770   181.024    -4.52    9.20
 165882.944   177.366    -9.72   10.77
 166259.118   173.956    -9.07   11.45
 166635.294   168.864   -13.53   12.55
 167011.470   166.109    -7.32   14.74
 167387.648   162.667    -9.15   15.65
 167763.826   156.802   -15.59   13.68
 168140.006   152.477   -11.50   11.21
 168516.186   150.246    -5.93    9.76
 168892.368   152.144     5.04    9.65
 169268.550   152.529     1.02    8.01
