#  338.205  -1.034   3.490 ;Mean Elev.(m), Avg Gradient(m/km), RMS Gradient(m/km) - SRTM1     
#  352.955  -1.165   4.276 ;Mean Elev.(m), Avg Gradient(m/km), RMS Gradient(m/km) - ASTER GDEM
#  340.132  -1.054   3.562 ;Mean Elev.(m), Avg Gradient(m/km), RMS Gradient(m/km) - GMTED2010 
  7  21.252530   1.974307   338.508   338.436  3 52467.85687975 22.072
  8  21.252306   1.974928   336.970   337.017  3 52502.85686972 53.397
  9  21.253271   1.976834   337.670   337.670  2 52537.85685482 52.808
 10  21.251287   1.973131   337.933   337.942  3 52572.85689344 53.212
 11  21.255326   1.978497   339.077   339.077  2 52607.85685208 45.434
 12  21.252362   1.975188   339.279   339.288  3 52642.85684844 52.067
 13  21.256040   1.978741   338.080   338.080  2 52677.85683302 55.047
 14  21.251678   1.974480   337.077   337.077  2 52712.85686811 52.924
 15  21.246178   1.966916   337.266   337.266  2 52747.85689283 53.141
 16  21.251890   1.973138   337.832   337.830  3 52782.85683425 47.558
 17  21.251242   1.973382   337.080   337.073  3 52817.85691257 52.564
 18  21.253999   1.978213   337.531   337.525  3 52852.85696338 52.561
 20  21.253103   1.976057   338.243   338.203  3 52922.85695147 52.869
 21  21.258068   1.981480   338.574   338.574  2 52957.85691807 53.732
 22  21.255957   1.980439   338.953   338.953  2 52992.85694196 51.920
 23  21.257729   1.981241   337.799   337.787  3 53027.85690756 52.782
 24  21.258552   1.981539   337.289   337.289  2 53062.85691604 52.017
 25  21.249027   1.971968   336.600   336.636  3 53097.85693356 22.520
 26  21.259858   1.983815   337.843   337.847  3 53132.85691422 44.802
 28  21.252490   1.974759   336.046   336.046  2 53202.85698866 50.425
 29  21.258732   1.982751   336.773   336.770  3 53237.85695850 52.119
 30  21.255396   1.978813   336.760   336.726  3 53272.85691649 53.884
 31  21.248890   1.972399   336.718   336.619  3 53307.85697666 27.022
 32  21.253368   1.975875   338.402   338.402  2 53342.85694393 54.264
 33  21.256617   1.980936   338.365   338.384  3 53377.85688326 51.821
 34  21.256803   1.980773   337.352   337.349  3 53412.85692068 51.361
 35  21.253505   1.976300   336.665   336.596  3 53447.85690661 38.211
 37  21.254234   1.976977   337.478   337.478  2 53517.85699296 52.793
 38  21.248327   1.969945   336.836   336.794  3 53552.85701311 54.007
 39  21.256917   1.981369   336.478   336.478  2 53587.85696586 52.633
 40  21.248018   1.970766   336.893   336.892  4 53622.85693389 50.117
 41  21.252192   1.973399   337.093   336.987  3 53657.85696174 52.887
 42  21.252307   1.976183   338.541   338.570  3 53692.85694482 53.492
 43  21.256072   1.979294   337.723   337.686  3 53727.85686867 52.374
 44  21.259151   1.983588   336.976   336.976  2 53762.85682624 52.560
 45  21.256716   1.980718   336.799   336.782  3 53797.85683624 43.401
 47  21.251996   1.974084   338.617   338.617  2 53867.85689463 48.776
 48  21.252326   1.975268   336.908   336.908  2 53902.85692618 53.516
 49  21.245557   1.965388   336.389   336.389  2 53937.85696148 54.001
 50  21.250673   1.974142   336.768   336.769  3 53972.85692592 52.802
 51  21.254719   1.978897   337.210   337.210  2 54007.85691432 23.616
 52  21.257205   1.982289   337.980   337.980  2 54042.85693841 51.930
 53  21.253980   1.976868   339.608   339.608  2 54077.85693098 52.925
 54  21.253574   1.976329   338.619   338.644  3 54112.85686973 53.568
 55  21.253132   1.975815   337.949   337.949  2 54147.85687509 51.152
 56  21.253554   1.977689   337.727   337.727  2 54182.85685847 53.319
 57  21.252664   1.975205   337.717   337.724  3 54217.85688329 52.318
 58  21.252867   1.975613   337.559   337.567  3 54252.85690934 54.211
 59  21.254851   1.978958   337.300   337.298  3 54287.85691422 52.823
 60  21.254927   1.978185   337.347   337.347  2 54322.85691103 54.169
 61  21.254743   1.978617   337.754   337.754  2 54357.85686893 52.072
 62  21.254208   1.978371   338.478   338.461  3 54392.85685145 50.155
 63  21.254854   1.978705   338.901   338.901  2 54427.85681884 51.673
 64  21.254503   1.978034   339.113   339.138  3 54462.85682949 51.325
 65  21.254912   1.978581   338.294   338.294  2 54497.85682761 52.139
 66  21.255346   1.978151   337.537   337.537  2 54532.85684287 51.870
 67  21.254530   1.977560   337.751   337.730  3 54567.85683213 50.398
 68  21.253158   1.977214   337.282   337.282  3 54602.85683846 51.313
 69  21.252771   1.976584   337.657   337.657  2 54637.85684907 53.587
 70  21.252934   1.975782   336.782   336.757  3 54672.85685202 53.873
 71  21.255266   1.979402   337.506   337.506  2 54707.85681186 51.694
 72  21.253600   1.977556   337.598   337.601  3 54742.85681796 50.084
 73  21.255218   1.979099   338.423   338.423  2 54777.85679307 53.234
 74  21.253864   1.977358   338.351   338.351  2 54812.85681097 52.087
 75  21.253947   1.977977   337.688   337.688  2 54847.85679338 53.431
 76  21.252895   1.976241   337.960   337.960  2 54882.85681417 52.599
 77  21.252538   1.974672   337.631   337.629  3 54917.85679490 52.697
 78  21.252740   1.975788   338.113   338.113  2 54952.85680864 52.625
 79  21.251738   1.973419   338.078   338.072  3 54987.85683255 52.286
 80  21.254930   1.978860   337.505   337.513  3 55022.85682529 52.034
 81  21.254116   1.977728   336.758   336.758  2 55057.85682106 53.790
 82  21.253518   1.977240   337.181   337.181  3 55092.85677647 51.704
 83  21.254037   1.976770   338.084   338.084  2 55127.85676080 51.926
 84  21.254155   1.976783   338.721   338.721  2 55162.85673731 52.800
 85  21.253299   1.976473   338.597   338.597  2 55197.85675228 53.457
 86  21.253516   1.976426   338.196   338.202  3 55232.85674157 52.198
 87  21.254036   1.977747   338.437   338.437  2 55267.85674672 52.477
 88  21.255141   1.978657   339.100   339.094  3 55302.85672215 51.025
 89  21.253595   1.977042   338.557   338.557  2 55337.85672124 53.429
 90  21.254587   1.978570   338.067   338.074  3 55372.85671135 52.053
 91  21.255028   1.978439   337.601   337.598  3 55407.85673189 53.247
 92  21.254240   1.977960   337.118   337.118  2 55442.85673013 54.779
 93  21.255270   1.978508   337.358   337.385  3 55477.85666963 53.563
