#  272.010 -11.398  57.301 ;Mean Elev.(m), Avg Gradient(m/km), RMS Gradient(m/km) - SRTM1     
#  268.028 -12.028  57.523 ;Mean Elev.(m), Avg Gradient(m/km), RMS Gradient(m/km) - ASTER GDEM
#  272.036  -9.752  55.526 ;Mean Elev.(m), Avg Gradient(m/km), RMS Gradient(m/km) - GMTED2010 
 13   277.702 52673.87370824 22.74  16.027508  -3.668891  9.926
 13   277.725 52673.87370888 20.50  16.026778  -3.665591  9.926
 13   277.441 52673.87370953 18.96  16.026058  -3.662281  9.926
 13   277.356 52673.87371017 19.24  16.025328  -3.658981  9.926
 13   276.894 52673.87371082 22.18  16.024598  -3.655671  9.926
 13   277.614 52673.87371146 20.67  16.023868  -3.652371  9.926
 17   275.007 52813.87376911 50.35  16.026310  -3.673668 21.407
 17   275.156 52813.87376976 55.60  16.025580  -3.670358 21.407
 17   275.004 52813.87377040 47.34  16.024850  -3.667058 21.407
 17   275.016 52813.87377105 43.38  16.024120  -3.663748 21.407
 17   274.766 52813.87377169 48.13  16.023390  -3.660448 21.407
 17   274.845 52813.87377234 48.75  16.022660  -3.657138 21.407
 18   276.061 52848.87382276 42.28  16.028323  -3.671152 18.272
 18   275.932 52848.87382340 31.85  16.027593  -3.667842 18.272
 18   275.434 52848.87382404 30.03  16.026863  -3.664542 18.272
 18   275.396 52848.87382469 28.99  16.026133  -3.661232 18.272
 18   275.509 52848.87382533 27.40  16.025403  -3.657932 18.272
 18   275.539 52848.87382598 38.35  16.024673  -3.654622 18.272
 25   284.416 53093.87380680  7.57  16.020078  -3.665992 17.373
 25   284.546 53093.87380744 15.74  16.019358  -3.662682 17.373
 28   274.065 53198.87384614 44.96  16.028424  -3.668526 18.323
 28   273.967 53198.87384679 35.48  16.027694  -3.665226 18.323
 28   273.513 53198.87384743 29.18  16.026964  -3.661916 18.323
 28   273.608 53198.87384808 27.56  16.026234  -3.658616 18.323
 28   273.604 53198.87384872 29.86  16.025504  -3.655306 18.323
 28   273.771 53198.87384937 45.24  16.024784  -3.652006 18.323
 35   274.530 53443.87377078 28.33  16.027800  -3.667680 15.986
 35   274.015 53443.87377143 27.38  16.027080  -3.664370 15.986
 35   273.819 53443.87377207 26.22  16.026350  -3.661070 15.986
 35   273.872 53443.87377272 28.44  16.025620  -3.657760 15.986
 35   274.216 53443.87377336 29.08  16.024890  -3.654460 15.986
 36   275.222 53478.87384600 42.41  16.023908  -3.675517 17.716
 36   275.231 53478.87384664 45.61  16.023178  -3.672217 17.716
 36   275.100 53478.87384729 50.18  16.022448  -3.668907 17.716
 36   275.150 53478.87384793 43.23  16.021718  -3.665607 17.716
 36   275.124 53478.87384858 44.66  16.020988  -3.662297 17.716
 36   275.268 53478.87384922 46.76  16.020258  -3.658997 17.716
 38   274.769 53548.87387368 12.98  16.024234  -3.675992  7.591
 38   274.577 53548.87387433 14.78  16.023514  -3.672692  7.591
 38   274.653 53548.87387497 14.93  16.022784  -3.669382  7.591
 38   274.754 53548.87387562 14.22  16.022054  -3.666082  7.591
 38   274.878 53548.87387626 14.79  16.021324  -3.662772  7.591
 38   278.184 53548.87387691 15.76  16.020594  -3.659472  7.591
 48   275.408 53898.87378083 50.26  16.028161  -3.668650 27.761
 48   275.360 53898.87378148 50.62  16.027431  -3.665350 27.761
 48   275.270 53898.87378212 51.62  16.026701  -3.662040 27.761
 48   275.220 53898.87378276 47.46  16.025971  -3.658740 27.761
 48   275.251 53898.87378341 49.01  16.025241  -3.655430 27.761
 48   275.384 53898.87378405 48.22  16.024521  -3.652130 27.761
 56   275.647 54178.87372723 48.83  16.027205  -3.668831 24.987
 56   275.447 54178.87372788 48.78  16.026485  -3.665521 24.987
 56   275.511 54178.87372852 52.56  16.025755  -3.662221 24.987
 56   275.485 54178.87372916 52.71  16.025025  -3.658911 24.987
 56   275.523 54178.87372981 50.26  16.024295  -3.655611 24.987
 56   275.592 54178.87373045 48.13  16.023565  -3.652301 24.987
 57   275.141 54213.87374092 15.23  16.027817  -3.671035  6.138
 57   274.911 54213.87374157 17.69  16.027087  -3.667725  6.138
 57   274.872 54213.87374221 18.15  16.026357  -3.664425  6.138
 57   274.751 54213.87374286 17.81  16.025627  -3.661115  6.138
 57   274.604 54213.87374350 17.12  16.024897  -3.657815  6.138
 57   274.537 54213.87374415 16.53  16.024167  -3.654505  6.138
 60   274.360 54318.87377590 19.58  16.029238  -3.666148 11.099
 60   274.291 54318.87377655 20.12  16.028508  -3.662848 11.099
 60   274.312 54318.87377719 18.67  16.027778  -3.659538 11.099
 60   274.142 54318.87377784 19.18  16.027048  -3.656238 11.099
 60   274.233 54318.87377848 17.20  16.026318  -3.652928 11.099
 60   274.522 54318.87377913 20.16  16.025598  -3.649628 11.099
 70   273.575 54668.87371648 22.36  16.027301  -3.669995  9.173
 70   273.665 54668.87371713 22.80  16.026571  -3.666685  9.173
 70   273.666 54668.87371777 22.91  16.025841  -3.663385  9.173
 70   273.842 54668.87371842 21.71  16.025111  -3.660075  9.173
 70   273.941 54668.87371906 20.15  16.024391  -3.656775  9.173
 70   273.981 54668.87371971 18.47  16.023661  -3.653465  9.173
 80   274.706 55018.87368952 24.14  16.029094  -3.668892 11.295
 80   274.597 55018.87369017 24.25  16.028364  -3.665582 11.295
 80   274.602 55018.87369081 23.85  16.027634  -3.662282 11.295
 80   274.449 55018.87369146 22.70  16.026904  -3.658972 11.295
 80   274.092 55018.87369210 24.94  16.026184  -3.655672 11.295
 80   274.323 55018.87369275 25.08  16.025454  -3.652362 11.295
 81   274.389 55053.87368559 34.75  16.029401  -3.669381 13.714
 81   274.065 55053.87368624 25.94  16.028671  -3.666071 13.714
 81   273.755 55053.87368688 27.03  16.027941  -3.662771 13.714
 81   273.690 55053.87368753 27.48  16.027211  -3.659461 13.714
 81   273.464 55053.87368817 26.42  16.026491  -3.656161 13.714
 81   273.816 55053.87368882 27.13  16.025761  -3.652851 13.714
 81   274.272 55053.87368946 32.80  16.025031  -3.649551 13.714
 86   277.285 55228.87360943 39.44  16.027295  -3.669406 18.065
 86   277.173 55228.87361008 31.53  16.026565  -3.666096 18.065
 86   276.964 55228.87361072 30.24  16.025835  -3.662796 18.065
 86   277.048 55228.87361137 27.80  16.025105  -3.659486 18.065
 86   277.211 55228.87361201 36.48  16.024385  -3.656186 18.065
 86   277.302 55228.87361266 45.56  16.023655  -3.652876 18.065
 90   276.186 55368.87357679 43.12  16.029104  -3.669558 18.401
 90   276.038 55368.87357743 45.42  16.028374  -3.666248 18.401
 90   275.859 55368.87357807 46.89  16.027644  -3.662948 18.401
 90   275.880 55368.87357872 47.06  16.026914  -3.659638 18.401
 90   275.832 55368.87357936 45.56  16.026194  -3.656338 18.401
 90   275.906 55368.87358001 47.21  16.025464  -3.653028 18.401
 91   275.336 55403.87359321 52.85  16.029302  -3.669031 23.805
 91   275.212 55403.87359385 50.00  16.028572  -3.665721 23.805
 91   274.977 55403.87359450 49.18  16.027842  -3.662421 23.805
 91   275.128 55403.87359514 39.71  16.027122  -3.659111 23.805
 91   275.011 55403.87359579 35.73  16.026392  -3.655811 23.805
 91   274.842 55403.87359643 40.48  16.025662  -3.652501 23.805
 92   275.381 55438.87359593 54.36  16.028947  -3.666093 23.010
 92   275.197 55438.87359657 46.88  16.028217  -3.662793 23.010
 92   275.176 55438.87359721 39.73  16.027487  -3.659483 23.010
 92   275.051 55438.87359786 37.80  16.026767  -3.656183 23.010
 92   274.850 55438.87359850 43.07  16.026037  -3.652873 23.010
 92   275.160 55438.87359915 49.16  16.025307  -3.649573 23.010
