#  369.003   0.214  11.865 ;Mean Elev.(m), Avg Gradient(m/km), RMS Gradient(m/km) - SRTM1     
#  357.385  -0.088  12.797 ;Mean Elev.(m), Avg Gradient(m/km), RMS Gradient(m/km) - ASTER GDEM
#  371.850   0.132  11.341 ;Mean Elev.(m), Avg Gradient(m/km), RMS Gradient(m/km) - GMTED2010 
 13   368.024 52673.35022476 50.08  24.084593   1.007845 13.860
 13   367.535 52673.35022541 51.19  24.083863   1.004535 13.860
 14   367.214 52708.35023421 53.10  24.084915   1.005504 25.813
 14   367.230 52708.35023485 46.69  24.084185   1.002194 25.813
 15   366.665 52743.35026370 39.09  24.080228   1.009538 22.862
 15   367.403 52743.35026434 41.75  24.079498   1.006238 22.862
 15   366.532 52743.35026499 39.23  24.078778   1.002928 22.862
 18   367.394 52848.35033754 51.30  24.084716   1.006947  8.945
 18   367.571 52848.35033819 49.64  24.083996   1.003647  8.945
 22   369.058 52988.35030301 51.37  24.093583   1.003637  7.183
 22   368.164 52988.35030366 50.38  24.092853   1.000325 30.647
 24   368.364 53058.35028498 49.04  24.092610   1.005132 13.550
 24   366.746 53058.35028562 51.52  24.091890   1.001822 13.550
 25   367.046 53093.35032209 45.46  24.078456   1.010058 15.709
 25   366.607 53093.35032274 44.65  24.077736   1.006758 15.709
 25   366.495 53093.35032338 44.38  24.077006   1.003448 15.709
 28   366.870 53198.35036005 45.60  24.086108   1.007529 15.641
 28   366.855 53198.35036069 45.86  24.085378   1.004219 15.641
 30   367.217 53268.35030134 48.19  24.084657   1.008084 10.224
 30   367.006 53268.35030198 52.72  24.083937   1.004774 10.224
 31   365.600 53303.35035871 10.22  24.078392   1.012756  3.743
 31   365.613 53303.35035936 10.59  24.077662   1.009456  3.743
 31   365.523 53303.35036000 13.39  24.076932   1.006146  3.743
 32   367.209 53338.35032879 52.42  24.084930   1.008546 16.769
 32   368.705 53338.35032943 50.30  24.084200   1.005236 16.769
 33   368.689 53373.35026246 50.97  24.087569   1.006927 16.939
 33   368.702 53373.35026311 51.92  24.086849   1.003617 16.939
 34   368.152 53408.35030263 51.98  24.087529   1.005362 15.111
 34   366.710 53408.35030328 47.39  24.086809   1.002052 15.111
 35   367.265 53443.35028655 48.99  24.085630   1.007842 15.277
 35   367.233 53443.35028720 48.91  24.084910   1.004542 15.277
 38   366.133 53548.35038864 45.40  24.081100   1.011156 16.249
 38   365.740 53548.35038929 51.25  24.080380   1.007846 16.249
 38   365.893 53548.35038993 51.89  24.079650   1.004536 16.249
 39   365.970 53583.35035570 50.78  24.086049   1.007269 17.930
 39   365.155 53583.35035634 50.54  24.085329   1.003959 17.930
 40   365.924 53618.35031151 27.91  24.082576   1.008316 10.453
 40   365.866 53618.35031216 38.02  24.081856   1.005006 10.453
 41   365.681 53653.35033324 11.55  24.085563   1.009334  3.125
 41   365.530 53653.35033388 12.01  24.084833   1.006024  3.125
 41   365.525 53653.35033453 12.39  24.084113   1.002714  3.125
 42   368.239 53688.35033299 49.72  24.082073   1.008120 15.466
 42   368.003 53688.35033364 53.00  24.081353   1.004810 15.466
 45   367.776 53793.35021774 38.30  24.088764   1.004648  6.115
 45   367.466 53793.35021839 34.86  24.088034   1.001338  6.115
 46   366.844 53828.35018736 40.00  24.089867   1.007636  8.851
 46   368.381 53828.35018800 38.16  24.089137   1.004326  8.851
 46   367.554 53828.35018865 36.14  24.088417   1.001016  8.851
 48   367.503 53898.35029434 52.39  24.085698   1.007075 14.721
 48   366.997 53898.35029498 51.46  24.084978   1.003765 14.721
 49   365.362 53933.35033979 50.66  24.076741   1.012781 22.412
 49   366.521 53933.35034043 52.31  24.076021   1.009471 22.412
 49   365.236 53933.35034108 50.26  24.075291   1.006171 22.412
 50   366.730 53968.35031281 49.30  24.080351   1.010478 21.965
 50   365.356 53968.35031346 51.78  24.079631   1.007168 21.965
 50   365.217 53968.35031410 51.06  24.078901   1.003868 21.965
 51   366.696 54003.35028234 49.18  24.088175   1.006172 17.259
 51   365.848 54003.35028299 50.74  24.087445   1.002872 17.259
 53   370.351 54073.35031259 50.32  24.086527   1.006847 20.055
 53   369.016 54073.35031324 51.49  24.085797   1.003547 20.055
 54   369.193 54108.35025930 48.80  24.084647   1.009010 22.236
 54   369.400 54108.35025994 51.40  24.083927   1.005700 22.236
 55   367.350 54143.35024825 47.79  24.085582   1.008562 18.925
 55   368.575 54143.35024890 53.21  24.084852   1.005262 18.925
 56   367.402 54178.35024316 36.27  24.084861   1.008993 14.236
 56   367.329 54178.35024380 33.20  24.084141   1.005693 14.236
 57   368.501 54213.35025537 38.16  24.084756   1.008761 16.404
 57   369.553 54213.35025602 33.13  24.084026   1.005451 16.404
 61   366.250 54353.35025508  7.61  24.086514   1.008316  4.159
 61   366.364 54353.35025572  8.65  24.085784   1.005016  4.159
 62   369.066 54388.35023113 50.68  24.086290   1.005832 14.846
 62   367.461 54388.35023177 48.61  24.085570   1.002522 14.846
 64   369.208 54458.35020553 48.81  24.086495   1.006411 15.389
 64   367.997 54458.35020617 51.47  24.085775   1.003101 15.389
 65   367.873 54493.35020883 45.83  24.086786   1.008825 13.287
 65   368.812 54493.35020947 47.97  24.086056   1.005525 13.287
 65   367.972 54493.35021012 46.99  24.085336   1.002215 13.287
 66   368.365 54528.35021834 50.89  24.087356   1.005899 22.619
 66   367.465 54528.35021899 51.81  24.086626   1.002589 22.619
 67   369.533 54563.35021586 47.98  24.085614   1.008777 27.425
 67   368.970 54563.35021651 51.38  24.084884   1.005467 27.425
 68   367.816 54598.35021317 41.35  24.085864   1.008785  9.961
 68   366.436 54598.35021382 45.93  24.085135   1.005474 22.129
 68   366.872 54598.35021446 47.94  24.084405   1.002174 22.129
 69   366.589 54633.35022670 51.10  24.084390   1.008166 22.073
 69   368.215 54633.35022734 51.57  24.083670   1.004866 22.073
 71   367.380 54703.35019706 51.79  24.086765   1.006044  8.986
 71   367.237 54703.35019770 49.59  24.086035   1.002744  8.986
 72   366.059 54738.35019336  9.08  24.086253   1.009009  2.153
 72   366.116 54738.35019400  9.74  24.085521   1.005699 15.207
 72   366.129 54738.35019465 10.26  24.084801   1.002399 15.207
 73   368.522 54773.35017879 49.79  24.086316   1.005697 30.649
 73   367.002 54773.35017943 51.42  24.085586   1.002397 30.649
 74   368.755 54808.35018671 47.56  24.085253   1.008409 27.385
 74   367.256 54808.35018735 49.26  24.084533   1.005109 27.385
 76   367.069 54878.35019032 20.05  24.084076   1.006955 18.402
 76   367.264 54878.35019096 23.91  24.083346   1.003655 18.402
 77   367.027 54913.35017979 49.51  24.083929   1.008243 10.607
 77   367.121 54913.35018044 52.06  24.083205   1.004928 26.626
 82   365.623 55088.35016273 12.88  24.084964   1.007962  2.601
 82   365.651 55088.35016338 13.54  24.084234   1.004662  2.601
 84   369.543 55158.35012369 49.85  24.084453   1.007139  8.874
 84   368.246 55158.35012433 51.85  24.083728   1.003826 30.143
 85   369.111 55193.35012661 48.28  24.085687   1.008862 34.996
 85   369.256 55193.35012725 50.36  24.084967   1.005562 34.996
 85   367.923 55193.35012789 51.48  24.084237   1.002252 34.996
 86   369.124 55228.35012577 52.19  24.084366   1.007092 31.375
 86   367.593 55228.35012641 51.84  24.083636   1.003792 31.375
 87   368.304 55263.35012238 21.95  24.086252   1.007135 17.814
 87   368.272 55263.35012303 28.27  24.085522   1.003825 17.814
 88   368.378 55298.35010808 50.40  24.086389   1.008929 12.369
 88   370.053 55298.35010872 49.88  24.085669   1.005619 12.369
 88   368.562 55298.35010937 48.13  24.084939   1.002319 12.369
 89   368.972 55333.35010071 50.35  24.084320   1.007588  9.064
 89   367.872 55333.35010136 51.58  24.083593   1.004278 31.829
 90   367.147 55368.35009266 48.72  24.086101   1.007168  8.763
 90   367.111 55368.35009330 49.02  24.085374   1.003856 29.592
 91   367.686 55403.35010817 49.57  24.085986   1.006072 30.293
 91   367.497 55403.35010881 52.58  24.085266   1.002772 30.293
