# NaN NaN NaN ;Mean Elev.(m), Avg Gradient(m/km), RMS Gradient(m/km) - SRTM1     
# NaN NaN NaN ;Mean Elev.(m), Avg Gradient(m/km), RMS Gradient(m/km) - ASTER GDEM
#  294.318  -0.107   2.261 ;Mean Elev.(m), Avg Gradient(m/km), RMS Gradient(m/km) - GMTED2010 
  6  17.538281  -0.783136   296.422   296.404  5 52441.86833324 51.443
  7  17.542478  -0.780427   296.046   296.057  4 52476.86832970 51.240
  8  17.552330  -0.767747   296.450   296.439  5 52511.86827912 52.272
  9  17.547741  -0.778597   297.261   297.310  3 52546.86830699 33.552
 10  17.547539  -0.775659   298.249   298.238  4 52581.86832209 40.808
 11  17.543937  -0.780397   298.833   298.832  4 52616.86829262 50.857
 12  17.552621  -0.769301   298.433   298.394  5 52651.86827025 51.851
 13  17.548914  -0.772652   296.580   296.580  4 52686.86826390 46.859
 14  17.546748  -0.778200   296.084   296.100  4 52721.86831146 50.175
 15  17.537178  -0.786713   295.885   295.910  5 52756.86833255 42.158
 17  17.549681  -0.771460   296.552   296.576  4 52826.86835468 51.679
 18  17.551050  -0.770087   296.836   296.826  4 52861.86840030 52.055
 19  17.545486  -0.779130   297.563   297.564  4 52896.86842870 51.711
 20  17.544491  -0.779677   298.063   298.066  4 52931.86837570 51.444
 21  17.548637  -0.773331   298.439   298.437  4 52966.86837752 53.308
 22  17.541566  -0.782577   298.066   298.073  4 53001.86840346 52.643
 23  17.544393  -0.780094   296.822   296.818  3 53036.86835338 52.359
 24  17.546717  -0.779440   295.911   295.934  3 53071.86837687 50.448
 25  17.544449  -0.780951   295.557   295.566  4 53106.86835382 50.287
 26  17.547313  -0.777472   295.942   295.931  3 53141.86838563 37.657
 27  17.547775  -0.775659   295.713   295.695  5 53176.86841258 49.143
 28  17.545472  -0.779122   295.386   295.421  3 53211.86843148 23.143
 29  17.547661  -0.774762   296.637   296.643  4 53246.86840053 51.517
 30  17.544906  -0.779331   296.763   296.755  4 53281.86838728 42.012
 31  17.548426  -0.773800   297.956   297.957  5 53316.86839547 52.293
 32  17.550231  -0.770353   298.178   298.177  4 53351.86836163 52.738
 33  17.546907  -0.778031   297.230   297.227  4 53386.86834919 50.766
 34  17.552464  -0.767572   295.680   295.709  4 53421.86835327 46.712
 35  17.550193  -0.771498   295.614   295.620  4 53456.86835797 51.519
 36  17.541125  -0.783507   295.770   295.762  4 53491.86844130 51.462
 37  17.550079  -0.770591   296.268   296.274  4 53526.86842504 52.452
 38  17.541685  -0.782668   296.189   296.178  4 53561.86845159 52.161
 39  17.550530  -0.770788   296.159   296.177  4 53596.86839261 51.888
 40  17.543494  -0.781071   296.926   296.927  4 53631.86838576 52.049
 41  17.543819  -0.781471   297.386   297.386  3 53666.86840816 50.579
 42  17.550026  -0.771847   298.251   298.253  5 53701.86835791 52.299
 43  17.551020  -0.770388   297.168   297.154  5 53736.86826827 53.017
 44  17.552029  -0.770840   295.968   295.967  4 53771.86827550 48.141
 45  17.550210  -0.772665   295.754   295.755  4 53806.86826498 51.844
 47  17.549039  -0.772675   295.780   295.772  5 53876.86833346 51.522
 48  17.541850  -0.780568   296.133   296.153  4 53911.86838259 49.051
 49  17.539620  -0.783009   295.857   295.874  4 53946.86839893 51.898
 50  17.546299  -0.778450   296.582   296.588  4 53981.86834310 52.120
 51  17.548754  -0.774385   297.297   297.294  5 54016.86836865 52.037
 52  17.552942  -0.764622   298.044   298.043  6 54051.86836747 52.810
 53  17.548298  -0.774963   298.697   298.697  4 54086.86835732 52.883
 54  17.547602  -0.777193   297.493   297.490  4 54121.86828189 53.304
 55  17.547128  -0.778187   296.239   296.260  4 54156.86831787 51.098
 56  17.547674  -0.776424   295.995   296.022  5 54191.86828044 52.357
 57  17.547168  -0.777952   295.421   295.465  3 54226.86832937 20.128
 58  17.547688  -0.776020   296.466   296.442  5 54261.86834965 52.040
 59  17.547867  -0.774612   296.281   296.291  4 54296.86835417 52.273
 60  17.548685  -0.774061   296.819   296.810  4 54331.86834502 52.062
 61  17.547544  -0.776124   297.239   297.230  5 54366.86828692 31.819
 62  17.548157  -0.774116   298.349   298.351  5 54401.86828749 49.513
 63  17.547673  -0.778510   298.649   298.645  4 54436.86824371 40.854
 64  17.549167  -0.772535   298.366   298.365  4 54471.86827258 51.620
 65  17.547713  -0.775167   297.071   297.018  5 54506.86825643 51.764
 66  17.548554  -0.773749   296.024   296.063  5 54541.86828685 51.063
 67  17.547561  -0.775322   296.093   296.083  5 54576.86825860 51.892
 68  17.547857  -0.774595   296.069   296.065  5 54611.86827868 51.699
 69  17.547411  -0.777529   296.385   296.379  4 54646.86828485 51.659
 70  17.547811  -0.778281   296.034   296.023  4 54681.86828565 51.763
 71  17.548184  -0.774693   297.225   297.228  4 54716.86823520 52.291
 72  17.547615  -0.777971   297.490   297.466  3 54751.86825752 52.284
 73  17.547539  -0.775105   298.128   298.130  5 54786.86822429 52.785
 74  17.548143  -0.775506   298.238   298.239  4 54821.86825174 53.334
 75  17.547990  -0.774065   296.111   296.164  4 54856.86822115 33.386
 76  17.546740  -0.778626   296.495   296.495  4 54891.86825414 53.069
 77  17.546610  -0.778529   295.875   295.886  3 54926.86821823 51.901
 78  17.546860  -0.778155   296.489   296.530  3 54961.86825382 50.083
 79  17.545892  -0.780201   296.682   296.676  4 54996.86827446 50.543
 80  17.547306  -0.778152   296.300   296.311  4 55031.86826403 51.884
 81  17.547979  -0.774603   296.201   296.215  4 55066.86825429 52.505
 82  17.546418  -0.778122   296.962   296.965  3 55101.86819403 51.313
 83  17.547880  -0.776083   297.706   297.721  5 55136.86819955 49.013
 84  17.547762  -0.775161   298.443   298.465  5 55171.86816183 52.471
 85  17.547560  -0.775991   297.567   297.566  4 55206.86819392 52.084
 86  17.547208  -0.777950   296.862   296.873  3 55241.86816647 52.326
 87  17.547526  -0.777663   296.468   296.455  4 55276.86818699 51.537
 88  17.547443  -0.775078   296.957   296.945  5 55311.86815245 52.629
 89  17.548156  -0.775355   296.963   296.967  5 55346.86815786 50.945
 90  17.547907  -0.777896   296.650   296.656  4 55381.86814862 51.405
 91  17.547860  -0.775286   296.599   296.587  4 55416.86817685 30.608
 92  17.547993  -0.774031   296.818   296.827  4 55451.86816011 52.242
 93  17.548605  -0.774922   297.330   297.332  4 55486.86808247 50.227
