#  324.000  -1.663   7.380 ;Mean Elev.(m), Avg Gradient(m/km), RMS Gradient(m/km) - SRTM1     
#  314.416  -1.418   9.837 ;Mean Elev.(m), Avg Gradient(m/km), RMS Gradient(m/km) - ASTER GDEM
#  324.424  -1.140   4.010 ;Mean Elev.(m), Avg Gradient(m/km), RMS Gradient(m/km) - GMTED2010 
  7  19.964343   1.892544   326.056   326.032  4 52472.36206930 41.915
  8  19.968736   1.896395   325.275   325.289  5 52507.36204283 25.412
  9  19.978173   1.905119   326.635   326.633  4 52542.36202342 51.442
 10  19.964340   1.893204   326.643   326.642  4 52577.36207655 52.988
 11  19.966583   1.896016   327.697   327.719  5 52612.36203985 50.629
 12  19.970463   1.897559   327.988   327.993  5 52647.36202377 51.437
 14  19.966290   1.895400   325.767   325.689  5 52717.36205441 34.288
 15  19.957894   1.899405   326.287   326.278  3 52752.36207877 51.133
 16  19.967784   1.895897   326.449   326.457  6 52787.36202403 41.374
 17  19.969121   1.896550   325.811   325.831  6 52822.36209643 18.789
 18  19.973146   1.901922   326.065   326.080  4 52857.36214232 47.419
 19  19.965221   1.894904   326.718   326.726  3 52892.36217597 52.141
 20  19.966222   1.895192   326.797   326.821  4 52927.36212769 42.394
 21  19.978458   1.905453   327.301   327.304  4 52962.36209662 50.637
 22  19.964952   1.892766   327.573   327.567  4 52997.36214087 47.146
 23  19.966990   1.895396   326.467   326.500  5 53032.36209808 20.883
 24  19.973036   1.902270   326.006   326.000  4 53067.36210768 51.248
 25  19.965216   1.895008   325.552   325.573  5 53102.36210192 26.695
 26  19.974875   1.903427   326.586   326.584  4 53137.36210984 50.035
 27  19.967113   1.896734   325.261   325.235  4 53172.36215847 19.162
 28  19.966983   1.895717   324.931   324.997  5 53207.36217340 51.217
 29  19.973391   1.902470   325.806   325.808  4 53242.36213944 50.486
 30  19.969557   1.896656   325.510   325.481  6 53277.36211412 52.203
 31  19.966401   1.895737   326.468   326.478  5 53312.36214950 51.735
 32  19.970766   1.896967   327.202   327.193  6 53347.36211497 50.245
 33  19.970729   1.896498   326.939   326.962  5 53382.36207862 51.203
 34  19.978036   1.904670   326.192   326.198  3 53417.36209207 51.714
 35  19.972008   1.899255   325.597   325.573  4 53452.36209361 52.042
 36  19.961607   1.897573   325.975   325.975  2 53487.36217915 42.657
 37  19.972754   1.901049   326.117   326.115  4 53522.36216904 43.501
 38  19.962090   1.897839   325.750   325.750  2 53557.36219545 55.112
 39  19.978488   1.904411   325.501   325.502  4 53592.36213060 50.570
 40  19.963190   1.897770   325.397   325.397  2 53627.36212260 34.681
 41  19.966130   1.895525   325.757   325.730  5 53662.36214839 30.749
 42  19.969165   1.895557   327.286   327.298  5 53697.36211367 51.991
 43  19.974538   1.902733   326.289   326.291  4 53732.36203474 51.023
 45  19.974307   1.901286   325.744   325.746  4 53802.36201064 51.243
 46  19.969208   1.896490   326.175   326.176  6 53837.36202314 49.542
 47  19.969525   1.897023   325.804   325.752  5 53872.36207554 39.770
 48  19.964381   1.892574   325.693   325.695  4 53907.36211694 51.242
 49  19.959814   1.897748   325.261   325.259  3 53942.36214307 51.129
 50  19.966480   1.895084   325.740   325.744  4 53977.36209696 51.910
 51  19.971786   1.899840   326.078   326.073  5 54012.36210176 52.745
 52  19.977805   1.905581   326.992   327.012  4 54047.36211214 48.516
 54  19.969401   1.896508   327.382   327.384  5 54117.36203784 52.516
 55  19.967787   1.895335   326.441   326.458  6 54152.36205927 29.366
 56  19.969481   1.896807   325.329   325.442  5 54187.36203143 16.606
 57  19.967908   1.895112   326.484   326.485  5 54222.36206845 53.068
 58  19.969214   1.895766   326.091   326.100  6 54257.36209075 25.823
 59  19.971371   1.899317   326.046   326.027  4 54292.36209282 51.733
 60  19.972380   1.900736   326.390   326.397  4 54327.36208846 51.802
 61  19.969848   1.896571   326.499   326.506  5 54362.36203886 52.441
 62  19.971891   1.899903   327.236   327.260  4 54397.36202872 51.603
 63  19.971792   1.899631   327.646   327.641  4 54432.36198826 51.140
 64  19.972468   1.899960   327.557   327.581  4 54467.36201024 27.130
 65  19.970417   1.896746   326.998   326.988  5 54502.36200385 50.015
 66  19.971248   1.897538   326.257   326.252  6 54537.36202605 50.589
 67  19.970623   1.896486   326.244   326.241  6 54572.36200494 45.483
 68  19.969264   1.895977   326.001   326.026  5 54607.36201977 51.862
 69  19.968951   1.896325   326.069   326.060  5 54642.36202874 51.044
 70  19.968143   1.895430   325.694   325.698  6 54677.36203050 51.390
 71  19.972263   1.899808   326.114   326.127  4 54712.36198366 49.748
 72  19.968787   1.896261   326.175   326.247  5 54747.36199952 34.220
 73  19.970789   1.896672   327.176   327.186  5 54782.36197092 50.478
 74  19.969778   1.895932   327.206   327.225  5 54817.36199181 49.693
 75  19.970341   1.896256   326.277   326.265  5 54852.36196849 50.635
 77  19.967431   1.895175   326.213   326.219  6 54922.36196882 49.389
 78  19.968162   1.894771   326.658   326.651  6 54957.36199257 47.492
 79  19.966655   1.895824   326.652   326.627  4 54992.36201582 51.553
 80  19.970103   1.896711   325.932   325.932  5 55027.36200598 43.103
 81  19.970260   1.897171   325.654   325.673  6 55062.36199830 51.222
 82  19.968339   1.895130   325.939   325.967  5 55097.36194718 52.092
 83  19.969032   1.896023   326.901   326.909  5 55132.36194250 42.698
 84  19.971724   1.898852   327.501   327.491  5 55167.36190842 50.760
 85  19.968933   1.896590   327.325   327.332  6 55202.36193452 51.275
 86  19.968756   1.895942   326.764   326.768  6 55237.36191671 48.884
 87  19.969225   1.896075   327.134   327.110  6 55272.36192853 49.173
 88  19.970656   1.896573   327.688   327.668  5 55307.36189784 50.171
 89  19.970391   1.896438   327.139   327.094  5 55342.36189825 29.763
 90  19.970233   1.897258   326.700   326.735  5 55377.36189187 50.733
 91  19.970783   1.897858   326.284   326.265  6 55412.36191506 50.842
 92  19.970921   1.897995   326.024   325.994  5 55447.36190607 51.843
 93  19.971012   1.897933   325.913   325.911  6 55482.36183663 49.854
