#  361.240  -1.357   3.648 ;Mean Elev.(m), Avg Gradient(m/km), RMS Gradient(m/km) - SRTM1     
#  340.096  -1.259   4.834 ;Mean Elev.(m), Avg Gradient(m/km), RMS Gradient(m/km) - ASTER GDEM
#  362.895  -1.206   3.653 ;Mean Elev.(m), Avg Gradient(m/km), RMS Gradient(m/km) - GMTED2010 
  9   359.313 52517.35214377 51.82  23.450142   1.375014 37.502
  9   359.472 52517.35214441 48.97  23.449422   1.371704 37.502
  9   359.401 52517.35214506 52.91  23.448692   1.368394 37.502
 10   359.555 52552.35219160 41.41  23.443642   1.382863 39.905
 10   359.704 52552.35219225 47.82  23.442912   1.379563 39.905
 11   360.525 52587.35217021 34.05  23.451881   1.375384 25.635
 11   360.181 52587.35217086 25.04  23.451151   1.372084 25.635
 11   360.179 52587.35217150 23.58  23.450431   1.368774 25.635
 12   361.276 52622.35213508 51.77  23.447386   1.375970 46.623
 12   361.299 52622.35213572 50.96  23.446666   1.372660 46.623
 13   360.463 52657.35214383 50.41  23.450722   1.374380 35.202
 13   360.557 52657.35214447 46.13  23.449992   1.371080 35.202
 13   360.633 52657.35214512 47.11  23.449262   1.367770 35.202
 15   360.082 52727.35216959 49.94  23.449391   1.373520 27.202
 15   360.071 52727.35217023 48.94  23.448661   1.370210 27.202
 17   359.646 52797.35214676 49.91  23.453877   1.372252 35.364
 17   359.509 52797.35214741 56.31  23.453147   1.368942 35.364
 17   359.638 52797.35214805 51.39  23.452417   1.365632 35.364
 18   360.127 52832.35221842 49.28  23.453165   1.372503 31.755
 18   360.170 52832.35221906 51.72  23.452445   1.369203 31.755
 18   360.194 52832.35221971 51.91  23.451715   1.365893 31.755
 19   359.649 52867.35226172 52.81  23.454555   1.370599 46.643
 19   359.668 52867.35226236 52.93  23.453825   1.367299 46.643
 19   359.750 52867.35226301 50.70  23.453105   1.363989 46.643
 20   360.416 52902.35228113 52.30  23.447300   1.377641 46.300
 20   360.448 52902.35228178 52.91  23.446570   1.374331 46.300
 21   360.133 52937.35222044 51.92  23.446848   1.377409 44.154
 21   360.136 52937.35222108 50.13  23.446118   1.374109 44.154
 23   360.337 53007.35226017 49.05  23.443822   1.383318 43.481
 23   360.401 53007.35226082 48.75  23.443092   1.380008 43.481
 25   359.771 53077.35224861 50.86  23.444372   1.381158 38.985
 25   359.661 53077.35224926 51.19  23.443642   1.377858 38.985
 26   359.833 53112.35221811 48.98  23.443684   1.383713 35.712
 26   359.818 53112.35221875 48.65  23.442954   1.380403 35.712
 27   359.497 53147.35226258 48.57  23.445124   1.380216 39.517
 27   359.579 53147.35226322 46.73  23.444404   1.376906 39.517
 28   359.049 53182.35226665 46.34  23.452155   1.372369 36.142
 28   358.891 53182.35226730 44.50  23.451425   1.369059 36.142
 28   358.946 53182.35226794 36.09  23.450695   1.365759 36.142
 29   358.643 53217.35228963 26.80  23.446911   1.377149 23.986
 29   358.723 53217.35229028 21.02  23.446181   1.373839 23.986
 30   358.799 53252.35226704 49.11  23.444861   1.380645 22.697
 30   358.671 53252.35226769 52.49  23.444136   1.377331 35.657
 31   359.683 53287.35226445 48.21  23.442979   1.382939 31.652
 31   359.478 53287.35226510 45.18  23.442249   1.379639 31.652
 32   360.434 53322.35224245 50.33  23.454561   1.371387 35.370
 32   360.460 53322.35224310 48.89  23.453831   1.368077 35.370
 32   360.521 53322.35224374 50.77  23.453111   1.364767 35.370
 33   360.977 53357.35220882 50.47  23.452720   1.372464 37.722
 33   361.001 53357.35220946 51.47  23.451990   1.369154 37.722
 33   361.042 53357.35221011 52.19  23.451260   1.365854 37.722
 35   359.180 53427.35221810 44.81  23.451785   1.375307 29.491
 35   359.317 53427.35221875 43.55  23.451065   1.371997 29.491
 35   359.273 53427.35221939 42.46  23.450335   1.368687 29.491
 36   360.194 53462.35223372 42.21  23.451525   1.375994 28.954
 36   360.319 53462.35223436 44.31  23.450795   1.372694 28.954
 36   360.285 53462.35223501 35.88  23.450065   1.369384 28.954
 37   359.607 53497.35230601 50.74  23.442296   1.384746 40.638
 37   359.537 53497.35230666 49.25  23.441576   1.381446 40.638
 38   359.360 53532.35228819 33.70  23.451602   1.375055 24.921
 38   359.254 53532.35228883 23.34  23.450882   1.371745 24.921
 38   358.911 53532.35228947 22.51  23.450152   1.368445 24.921
 39   358.773 53567.35230829 29.59  23.443518   1.384723 28.218
 39   358.557 53567.35230893 23.54  23.442798   1.381413 28.218
 39   358.283 53567.35230958 24.85  23.442068   1.378113 28.218
 40   359.522 53602.35225427 45.92  23.449605   1.376250 27.339
 40   359.412 53602.35225491 47.13  23.448885   1.372940 27.339
 40   359.435 53602.35225556 43.01  23.448155   1.369630 27.339
 42   360.160 53672.35227220 49.60  23.443500   1.381220 38.116
 42   360.161 53672.35227284 49.52  23.442770   1.377920 38.116
 43   360.461 53707.35220531 54.04  23.453280   1.372424 34.160
 43   360.543 53707.35220595 50.89  23.452550   1.369114 34.160
 43   360.600 53707.35220659 51.09  23.451820   1.365814 34.160
 44   359.626 53742.35211664 49.11  23.451346   1.375422 33.553
 44   359.583 53742.35211729 51.16  23.450626   1.372122 33.553
 44   359.624 53742.35211793 52.04  23.449896   1.368812 33.553
 45   359.349 53777.35214228 50.41  23.452532   1.373106 31.418
 45   359.379 53777.35214292 48.62  23.451812   1.369796 31.418
 45   359.391 53777.35214357 51.05  23.451082   1.366496 31.418
 46   359.677 53812.35211917 53.51  23.450103   1.373628 35.737
 46   359.756 53812.35211982 49.53  23.449373   1.370318 35.737
 49   358.591 53917.35225219 50.42  23.441984   1.384266 39.789
 49   358.448 53917.35225284 53.50  23.441254   1.380966 39.789
 52   359.220 54022.35223715 50.63  23.448752   1.375251 37.786
 52   359.243 54022.35223779 53.12  23.448022   1.371951 37.786
 53   361.479 54057.35223014 50.02  23.454664   1.371729 34.844
 53   361.489 54057.35223078 51.77  23.453934   1.368419 34.844
 53   361.508 54057.35223143 49.34  23.453214   1.365109 34.844
 54   361.486 54092.35221175 38.52  23.448487   1.376173 33.313
 54   361.440 54092.35221239 36.72  23.447767   1.372863 33.313
 55   360.426 54127.35214600 49.27  23.449597   1.376167 39.269
 55   360.437 54127.35214664 51.43  23.448867   1.372867 39.269
 55   360.544 54127.35214728 50.82  23.448137   1.369557 39.269
 56   360.260 54162.35218057 51.37  23.447060   1.377254 42.636
 56   360.296 54162.35218122 49.31  23.446330   1.373954 42.636
 58   360.444 54232.35219349 49.36  23.448656   1.374764 31.461
 58   360.409 54232.35219413 46.33  23.447926   1.371464 31.461
 59   360.120 54267.35221210 52.27  23.448853   1.374721 44.574
 59   360.171 54267.35221274 51.23  23.448123   1.371421 44.574
 60   359.202 54302.35221649 50.67  23.449160   1.374649 42.225
 60   359.282 54302.35221713 51.37  23.448440   1.371339 42.225
 61   359.855 54337.35220251 34.66  23.448968   1.376227 34.274
 61   359.657 54337.35220315 22.61  23.448238   1.372927 34.274
 62   359.758 54372.35214912 49.00  23.449413   1.375807 41.929
 62   359.843 54372.35214976 50.22  23.448693   1.372497 41.929
 63   360.623 54407.35214799 45.82  23.447596   1.376388 42.000
 63   360.786 54407.35214863 46.49  23.446876   1.373078 42.000
 64   361.188 54442.35210879 51.24  23.449538   1.376031 44.801
 64   361.147 54442.35210944 53.92  23.448808   1.372721 44.801
 64   361.076 54442.35211008 50.64  23.448078   1.369411 44.801
 65   360.468 54477.35213697 51.84  23.449156   1.374559 34.457
 65   360.345 54477.35213761 53.48  23.448436   1.371249 34.457
 66   360.240 54512.35212485 48.94  23.448927   1.373413 38.885
 66   360.273 54512.35212549 52.93  23.448207   1.370103 38.885
 67   360.186 54547.35215031 32.53  23.448413   1.376255 30.167
 67   360.170 54547.35215095 28.96  23.447693   1.372955 30.167
 68   359.970 54582.35211997 51.19  23.449254   1.373273 37.561
 68   359.921 54582.35212062 50.71  23.448524   1.369963 37.561
 69   359.496 54617.35214074 51.15  23.449309   1.376387 23.275
 69   359.532 54617.35214139 51.49  23.448589   1.373087 23.275
 69   359.659 54617.35214203 50.00  23.447857   1.369776 37.214
 70   358.839 54652.35215311 49.56  23.446813   1.376178 41.697
 70   358.937 54652.35215375 49.90  23.446083   1.372868 41.697
 72   359.230 54722.35209997 50.92  23.449246   1.373874 42.399
 72   359.270 54722.35210062 53.35  23.448516   1.370574 42.399
 74   361.543 54792.35209299 49.12  23.447697   1.377211 39.240
 74   361.624 54792.35209364 48.40  23.446967   1.373911 39.240
 75   360.225 54827.35211663 53.23  23.448654   1.375860 46.480
 75   360.323 54827.35211728 50.73  23.447924   1.372550 46.480
 76   360.331 54862.35208729 52.48  23.449208   1.375997 42.253
 76   360.279 54862.35208794 51.84  23.448478   1.372697 42.253
 78   359.511 54932.35208254 30.70  23.447542   1.375454 27.317
 78   359.393 54932.35208318 32.38  23.446812   1.372154 27.317
 79   360.558 54967.35211741 51.64  23.448471   1.376752 41.803
 79   360.558 54967.35211806 48.89  23.447741   1.373442 41.803
 80   359.304 55002.35213765 50.44  23.445716   1.377852 39.605
 80   359.282 55002.35213829 48.97  23.444986   1.374552 39.605
 81   358.912 55037.35212434 51.35  23.449110   1.373487 43.452
 81   358.967 55037.35212499 50.75  23.448380   1.370177 43.452
 82   359.098 55072.35211089 51.15  23.447876   1.375125 46.890
 82   359.085 55072.35211153 52.32  23.447146   1.371825 46.890
 83   359.776 55107.35205669 48.74  23.447785   1.375770 43.201
 83   359.761 55107.35205733 51.36  23.447055   1.372460 43.201
 84   360.153 55142.35206152 44.03  23.447479   1.377712 39.317
 84   360.230 55142.35206217 45.98  23.446759   1.374412 39.317
 85   360.976 55177.35202732 50.12  23.449402   1.374675 43.818
 85   360.983 55177.35202797 50.42  23.448682   1.371365 43.818
 86   360.664 55212.35205636 50.30  23.448171   1.376839 42.681
 86   360.737 55212.35205701 50.25  23.447451   1.373539 42.681
 87   360.235 55247.35203020 49.94  23.448348   1.374128 31.239
 87   360.294 55247.35203085 48.39  23.447618   1.370828 31.239
 89   360.617 55317.35201825 48.86  23.447301   1.376608 41.771
 89   360.624 55317.35201889 47.85  23.446581   1.373308 41.771
 92   359.246 55422.35203980 49.24  23.449404   1.376357 44.399
 92   359.296 55422.35204045 50.08  23.448674   1.373047 44.399
 92   359.429 55422.35204109 48.23  23.447954   1.369747 44.399
 93   359.738 55457.35201366 51.26  23.448787   1.376549 43.798
 93   359.744 55457.35201431 51.08  23.448057   1.373249 43.798
