-208190.730    95.689     0.00    3.83
-207814.469    96.573     2.35    4.67
-207438.210    98.602     5.39    5.04
-207061.953    99.034     1.15    4.87
-206685.698    97.983    -2.79    5.61
-206309.445    92.880   -13.56    8.85
-205933.194    85.250   -20.28   11.52
-205556.945    76.265   -23.88   14.69
-205180.698    66.169   -26.83   12.31
-204804.453    59.403   -17.99    9.12
-204428.210    55.548   -10.25    5.36
-204051.969    54.659    -2.36    3.92
-203675.730    56.470     4.81    4.65
-203299.493    58.297     4.86    5.44
-202923.258    59.201     2.40    6.15
-202547.025    59.880     1.81    5.52
-202170.794    61.729     4.91    5.61
-201794.565    63.508     4.73    4.83
-201418.338    65.060     4.13    6.05
-201042.113    67.007     5.18    6.22
-200665.890    68.218     3.22    5.97
-200289.669    68.547     0.87    6.16
-199913.449    68.726     0.48    5.56
-199537.232    69.304     1.54    5.63
-199161.017    69.784     1.28    5.46
-198784.804    72.034     5.98    7.22
-198408.593    75.034     7.97   10.34
-198032.384    78.656     9.63   12.66
-197656.177    81.120     6.55   13.69
-197279.972    79.188    -5.14   11.33
-196903.768    78.649    -1.43    8.64
-196527.567    78.201    -1.19    5.98
-196151.368    79.906     4.53    6.65
-195775.170    83.673    10.01    9.17
-195398.975    85.932     6.00    9.47
-195022.782    87.598     4.43   10.12
-194646.590    89.304     4.54   10.10
-194270.401    91.245     5.16    8.87
-193894.213    94.350     8.25    7.42
-193518.028    95.984     4.34    7.30
-193141.844    98.088     5.59    7.06
-192765.663   102.521    11.78    8.88
-192389.483   107.624    13.56    9.39
-192013.305   109.645     5.37    9.11
-191637.129   111.331     4.48    9.69
-191260.956   113.645     6.15   12.26
-190884.784   113.376    -0.72   12.53
-190508.614   113.470     0.25   12.37
-190132.446   115.201     4.60   10.40
-189756.280   117.784     6.87   11.06
-189380.116   121.899    10.94   10.78
-189003.953   127.250    14.23    8.93
-188627.793   128.745     3.97    7.96
-188251.635   127.692    -2.80    8.30
-187875.478   125.666    -5.39    7.29
-187499.324   126.060     1.05    7.79
-187123.171   126.134     0.20    7.49
-186747.021   124.284    -4.92    8.07
-186370.872   122.259    -5.38    7.86
-185994.725   120.745    -4.03    8.26
-185618.581   119.340    -3.74    8.28
-185242.438   118.196    -3.04    8.30
-184866.297   115.548    -7.04    8.76
-184490.158   114.639    -2.41    7.32
-184114.021   111.009    -9.65    7.21
-183737.885   107.385    -9.63    6.02
-183361.752   108.234     2.26    7.57
-182985.621   108.726     1.31    8.54
-182609.491   109.745     2.71    7.91
-182233.363   110.297     1.47    7.67
-181857.238   106.957    -8.88    8.36
-181481.114   100.929   -16.03    6.95
-181104.992    97.423    -9.32    6.24
-180728.872    95.060    -6.28    4.37
-180352.754    94.451    -1.62    3.44
-179976.638    94.409    -0.11    4.29
-179600.523    95.316     2.41    4.33
-179224.411    96.720     3.73    5.39
-178848.301    99.439     7.23    6.48
-178472.192   102.304     7.62    5.76
-178096.085   102.876     1.52    5.65
-177719.980   101.316    -4.15    6.30
-177343.877    98.710    -6.93    6.38
-176967.776    98.498    -0.56    7.83
-176591.677   100.214     4.56   10.24
-176215.580   103.718     9.32    9.72
-175839.484   105.872     5.73    9.29
-175463.391   106.829     2.54    7.75
-175087.299   108.342     4.02    6.89
-174711.209   113.562    13.88    9.96
-174335.121   120.803    19.26   12.29
-173959.035   129.645    23.51   13.85
-173582.951   137.324    20.42   13.48
-173206.868   146.726    25.00   12.94
-172830.788   151.628    13.03   12.14
-172454.709   150.331    -3.45   16.07
-172078.633   150.508     0.47   16.94
-171702.558   147.791    -7.22   16.61
-171326.485   147.470    -0.85   14.17
-170950.413   146.953    -1.37   11.83
-170574.344   145.111    -4.90   13.56
-170198.277   142.598    -6.68   15.33
-169822.211   135.624   -18.55   15.89
-169446.147   127.358   -21.98   13.89
-169070.085   118.342   -23.98   11.08
-168694.025   114.778    -9.48    6.98
-168317.967   114.756    -0.06    8.80
-167941.910   113.470    -3.42    8.14
-167565.856   111.196    -6.05    8.77
-167189.803   107.903    -8.76    7.67
-166813.752   105.932    -5.24    6.18
-166437.703   103.722    -5.88    5.15
-166061.656   102.981    -1.97    5.00
-165685.610   101.393    -4.22    4.23
-165309.567   101.034    -0.95    4.79
-164933.525   100.829    -0.55    4.75
-164557.485   100.412    -1.11    4.86
-164181.447   104.034     9.63   10.45
-163805.411   108.060    10.71   11.67
-163429.376   110.534     6.58   10.93
-163053.344   111.560     2.73   11.76
-162677.313   107.291   -11.36   11.32
-162301.284   104.429    -7.61   10.01
-161925.257    99.006   -14.42   11.53
-161549.231    93.953   -13.44   10.18
-161173.208    88.845   -13.58    6.21
-160797.186    86.304    -6.76    4.93
-160421.166    88.007     4.53    7.24
-160045.148    92.159    11.04    9.18
-159669.131    97.829    15.08   10.85
-159293.117   101.675    10.23    8.62
-158917.104   105.784    10.93   11.26
-158541.093   112.521    17.92   14.31
-158165.084   118.710    16.46   13.50
-157789.077   126.829    21.59   14.24
-157413.071   131.876    13.42   14.72
-157037.067   132.675     2.12   14.61
-156661.065   133.007     0.88   13.82
-156285.065   130.481    -6.72   14.57
-155909.067   131.159     1.80   14.86
-155533.070   135.091    10.46   17.36
-155157.075   138.412     8.83   15.63
-154781.082   143.034    12.29   16.62
-154405.091   149.764    17.90   16.84
-154029.102   155.277    14.66   16.49
-153653.114   160.506    13.91   13.11
-153277.128   166.559    16.10    9.83
-152901.144   168.521     5.22    7.49
-152525.161   169.710     3.16    5.89
-152149.181   168.726    -2.62    5.67
-151773.202   168.008    -1.91    7.31
-151397.225   167.613    -1.05    9.18
-151021.249   166.639    -2.59   10.55
-150645.276   166.188    -1.20   10.46
-150269.304   163.979    -5.88    9.59
-149893.334   159.797   -11.12    9.65
-149517.366   155.009   -12.74    9.68
-149141.399   149.834   -13.76    7.63
-148765.435   147.560    -6.05    6.54
-148389.471   144.169    -9.02    6.60
-148013.510   139.061   -13.59    9.02
-147637.448   131.899   -19.05   10.17
-147261.136   123.451   -22.45   10.29
-146884.826   111.367   -32.11   14.03
-146508.518   104.367   -18.60   11.00
-146132.212   103.534    -2.21   10.80
-145755.907   110.367    18.16   14.39
-145379.604   116.752    16.97   14.50
-145003.303   123.162    17.04   16.32
-144627.004   131.192    21.34   16.79
-144250.706   138.803    20.23   14.50
-143874.410   146.479    20.40   13.54
-143498.116   154.271    20.71   14.30
-143121.824   161.342    18.79   13.71
-142745.533   168.806    19.84   11.28
-142369.244   171.008     5.85   12.08
-141992.957   169.718    -3.43   14.36
-141616.671   168.395    -3.52   14.31
-141240.387   165.980    -6.42   13.57
-140864.105   165.895    -0.23   13.65
-140487.825   170.324    11.77   12.64
-140111.546   172.559     5.94   12.08
-139735.269   172.845     0.76   10.73
-139358.994   172.419    -1.13    9.54
-138982.721   171.639    -2.07    7.80
-138606.449   174.771     8.32    8.41
-138230.179   179.250    11.90    8.04
-137853.910   183.909    12.38    7.84
-137477.644   188.304    11.68    6.14
-137101.379   190.764     6.54    6.31
-136725.116   191.980     3.23    6.28
-136348.854   193.577     4.24    5.90
-135972.594   196.111     6.73    5.11
-135596.336   198.983     7.63    4.70
-135220.079   202.006     8.03    4.04
-134843.825   203.250     3.31    4.10
-134467.572   202.061    -3.16    4.86
-134091.320   200.008    -5.46    5.76
-133715.071   197.159    -7.57    5.77
-133338.823   195.439    -4.57    6.23
-132962.576   194.166    -3.39    5.91
-132586.332   192.692    -3.92    5.43
-132210.089   192.829     0.36    4.15
-131833.847   192.385    -1.18    3.38
-131457.608   192.734     0.93    3.39
-131081.370   193.718     2.62    4.42
-130705.134   194.979     3.35    5.17
-130328.899   196.467     3.96    6.42
-129952.666   198.340     4.98    5.75
-129576.435   198.726     1.03    5.39
-129200.205   196.726    -5.32    6.86
-128823.978   193.806    -7.76    7.91
-128447.751   187.692   -16.25    9.10
-128071.527   182.142   -14.75    7.78
-127695.304   177.867   -11.36    5.51
-127319.083   175.342    -6.71    4.87
-126942.863   172.797    -6.76    5.87
-126566.645   168.983   -10.14    6.31
-126190.429   165.218   -10.01    5.70
-125814.214   161.111   -10.92    6.18
-125438.001   156.845   -11.34    8.01
-125061.790   152.180   -12.40   11.04
-124685.580   146.034   -16.34   11.95
-124309.372   140.812   -13.88   12.23
-123933.166   132.467   -22.18   13.18
-123556.961   123.521   -23.78   15.10
-123180.758   117.791   -15.23   16.88
-122804.557   111.137   -17.69   16.82
-122428.357   105.291   -15.54   14.24
-122052.159    99.444   -15.54   12.32
-121675.962    92.192   -19.28   12.07
-121299.767    87.923   -11.35   12.66
-120923.574    86.060    -4.95   10.55
-120547.383    86.192     0.35   12.60
-120171.193    88.245     5.46   11.88
-119795.004    87.455    -2.10   13.13
-119418.817    81.957   -14.62   14.42
-119042.632    80.980    -2.60   14.20
-118666.449    80.983     0.01   15.02
-118290.267    83.609     6.98   16.78
-117914.087    87.201     9.55   17.62
-117537.908    94.710    19.96   19.94
-117161.731   106.818    32.19   21.32
-116785.556   114.385    20.12   23.68
-116409.382   127.791    35.64   20.60
-116033.210   137.863    26.77   15.91
-115657.039   140.384     6.70   14.96
-115280.870   142.271     5.02   10.57
-114904.703   140.358    -5.08    7.63
-114528.537   136.547   -10.13    6.99
-114152.373   134.745    -4.79    5.54
-113776.210   136.824     5.53    7.47
-113400.049   140.467     9.68   10.31
-113023.890   144.367    10.37   10.17
-112647.732   145.201     2.22   11.80
-112271.576   141.218   -10.59   14.48
-111895.421   139.859    -3.61   12.56
-111519.268   142.064     5.86   10.82
-111143.117   146.764    12.49   11.32
-110766.967   152.331    14.80    9.39
-110390.819   152.439     0.29    8.36
-110014.672   151.250    -3.16    7.15
-109638.527   149.756    -3.97    7.37
-109262.383   148.342    -3.76    9.07
-108886.241   150.085     4.64   10.37
-108510.101   151.613     4.06   11.21
-108133.962   148.850    -7.35   12.34
-107757.825   147.265    -4.21   14.32
-107381.689   144.906    -6.27   13.26
-107005.555   144.142    -2.03   14.00
-106629.423   145.675     4.08   12.81
-106253.292   146.784     2.95   12.92
-105877.162   145.245    -4.09   14.54
-105501.034   143.034    -5.88   16.58
-105124.908   137.909   -13.63   17.28
-104748.783   134.932    -7.92   17.04
-104372.660   133.455    -3.93   14.45
-103996.539   132.142    -3.49   12.81
-103620.419   130.412    -4.60   12.84
-103244.300   127.090    -8.83   13.12
-102868.183   121.824   -14.00   12.33
-102492.068   116.850   -13.22   13.17
-102115.954   112.142   -12.52   13.35
-101739.842   105.778   -16.92   15.95
-101363.731   101.367   -11.73   17.28
-100987.622    96.521   -12.89   16.87
-100611.514    92.061   -11.86   16.58
-100235.408    89.957    -5.59   15.96
 -99859.303    88.980    -2.60   15.55
 -99483.200    88.223    -2.01   14.38
 -99107.099    88.223     0.00   12.50
 -98730.999    84.792    -9.12    9.82
 -98354.900    79.573   -13.88   11.39
 -97978.803    72.214   -19.57   13.94
 -97602.708    64.395   -20.79   13.78
 -97226.614    56.903   -19.92   10.21
 -96850.522    53.923    -7.92    7.00
 -96474.431    58.297    11.63   10.09
 -96098.341    64.598    16.75    9.87
 -95722.254    70.656    16.11    7.60
 -95346.167    75.850    13.81    5.55
 -94970.083    78.932     8.19    5.79
 -94593.999    83.752    12.82    5.84
 -94217.918    88.521    12.68    5.19
 -93841.837    93.470    13.16    7.62
 -93465.759    99.192    15.22    7.33
 -93089.681   104.506    14.13    6.58
 -92713.606   109.710    13.84    7.06
 -92337.531   115.645    15.78    6.62
 -91961.459   120.803    13.72    6.80
 -91585.387   127.752    18.48    7.07
 -91209.318   133.034    14.05    7.82
 -90833.249   138.573    14.73    6.64
 -90457.183   144.340    15.34    4.93
 -90081.117   148.639    11.43    6.20
 -89705.054   153.752    13.60    7.01
 -89328.991   158.981    13.91    6.92
 -88952.931   164.245    14.00    6.52
 -88576.871   167.666     9.10    5.87
 -88200.814   169.984     6.17    4.64
 -87824.757   170.169     0.49    4.52
 -87448.702   169.384    -2.09    4.40
 -87072.649   165.419   -10.54    5.87
 -86696.597   160.867   -12.10    6.32
 -86320.547   153.115   -20.62    9.22
 -85944.498   146.229   -18.31    8.62
 -85568.450   142.324   -10.38    8.58
 -85192.404   141.434    -2.37   10.06
 -84816.360   141.548     0.30   11.09
 -84440.317   137.584   -10.54   12.48
 -84064.275   134.403    -8.46   13.23
 -83688.235   123.324   -29.46   17.49
 -83312.196   108.718   -38.84   19.63
 -82936.159   104.957   -10.00   16.73
 -82560.123   109.139    11.12   18.75
 -82184.089   117.895    23.28   18.10
 -81808.056   128.291    27.64    8.93
 -81432.025   133.340    13.43    6.08
 -81055.995   134.159     2.18    7.15
 -80679.966   136.983     7.51    8.75
 -80303.939   140.312     8.85    9.26
 -79927.914   145.818    14.64    9.84
 -79551.889   150.673    12.91    9.29
 -79175.867   151.929     3.34    8.29
 -78799.845   152.726     2.12    7.30
 -78423.826   153.250     1.39    7.23
 -78047.807   153.434     0.49   10.86
 -77671.790   157.932    11.96   11.59
 -77295.775   163.745    15.46   11.81
 -76919.761   170.953    19.17   10.83
 -76543.748   176.008    13.44    8.63
 -76167.737   178.376     6.30    6.45
 -75791.727   178.006    -0.98    5.05
 -75415.718   177.214    -2.11    6.47
 -75039.712   174.840    -6.31    8.00
 -74663.706   171.291    -9.44   10.17
 -74287.702   167.957    -8.87   11.33
 -73911.699   161.597   -16.92   11.53
 -73535.698   157.250   -11.56   11.94
 -73159.698   153.764    -9.27   12.99
 -72783.700   150.953    -7.48   11.63
 -72407.532   148.137    -7.49    9.77
 -72031.265   145.818    -6.16    9.19
 -71654.998   138.932   -18.30   10.76
 -71278.733   134.419   -11.99    9.14
 -70902.469   135.419     2.66    9.63
 -70526.207   138.548     8.32    9.57
 -70149.946   142.085     9.40    9.14
 -69773.687   141.929    -0.42    9.12
 -69397.429   140.895    -2.75    7.94
 -69021.172   139.548    -3.58    8.26
 -68644.917   143.250     9.84   10.38
 -68268.663   147.903    12.36   11.85
 -67892.411   149.906     5.32   11.04
 -67516.160   146.565    -8.88   13.61
 -67139.910   142.824    -9.94   13.18
 -66763.662   142.393    -1.14    9.73
 -66387.415   143.229     2.22    9.48
 -66011.170   141.957    -3.38   11.07
 -65634.926   137.331   -12.29   12.86
 -65258.683   129.034   -22.05   11.16
 -64882.442   121.649   -19.63    9.60
 -64506.202   116.718   -13.11    9.49
 -64129.963   114.876    -4.90    8.90
 -63753.726   114.547    -0.88    9.06
 -63377.490   115.316     2.04    8.06
 -63001.256   113.590    -4.59    8.57
 -62625.023   109.656   -10.46    9.18
 -62248.791   105.358   -11.42    6.59
 -61872.561   105.142    -0.57    5.66
 -61496.332   111.034    15.66    9.91
 -61120.104   118.005    18.53   12.04
 -60743.878   126.111    21.55   11.66
 -60367.653   129.675     9.47    9.20
 -59991.429   131.145     3.91   10.48
 -59615.207   128.906    -5.95   11.93
 -59238.986   126.953    -5.19   12.19
 -58862.767   125.850    -2.93   11.49
 -58486.549   125.350    -1.33   10.17
 -58110.332   124.239    -2.95    8.35
 -57734.117   124.494     0.68    8.26
 -57357.903   128.376    10.32    8.00
 -56981.690   130.584     5.87    8.26
 -56605.479   132.784     5.85   10.76
 -56229.268   133.481     1.85   12.75
 -55853.060   137.088     9.59   12.86
 -55476.852   141.358    11.35    8.92
 -55100.646   140.953    -1.08    8.46
 -54724.442   139.145    -4.81    7.46
 -54348.238   140.484     3.56   10.17
 -53972.036   143.803     8.82   11.75
 -53595.836   145.845     5.43   12.05
 -53219.636   146.829     2.62   11.75
 -52843.438   143.467    -8.94   14.85
 -52467.242   141.429    -5.42   14.31
 -52091.046   137.880    -9.43   13.41
 -51714.852   139.419     4.09   13.95
 -51338.659   142.562     8.36   13.94
 -50962.468   143.403     2.23   13.84
 -50586.278   144.880     3.93   14.82
 -50210.089   148.256     8.97   15.52
 -49833.902   154.342    16.18   15.50
 -49457.715   157.358     8.02   13.73
 -49081.531   156.277    -2.87   13.48
 -48705.347   153.872    -6.39   17.71
 -48329.165   149.173   -12.49   19.47
 -47952.984   150.060     2.36   18.88
 -47576.804   154.509    11.83   21.06
 -47200.626   160.439    15.76   19.67
 -46824.449   165.188    12.62   17.23
 -46448.273   164.113    -2.86   21.04
 -46072.099   159.981   -10.98   21.70
 -45695.925   158.521    -3.88   20.96
 -45319.754   159.659     3.03   18.08
 -44943.583   157.818    -4.89   15.32
 -44567.414   150.683   -18.97   17.02
 -44191.246   139.192   -30.55   18.62
 -43815.079   125.673   -35.94   16.85
 -43438.914   116.726   -23.78   17.36
 -43062.749   107.291   -25.08   14.96
 -42686.587   103.063   -11.24   10.73
 -42310.425   103.629     1.50   11.88
 -41934.265   109.304    15.09   14.57
 -41558.106   115.824    17.33   16.34
 -41181.948   122.109    16.71   15.97
 -40805.791   123.980     4.97   13.81
 -40429.636   121.692    -6.08   15.45
 -40053.482   115.166   -17.35   17.24
 -39677.330   106.192   -23.86   14.49
 -39301.178    98.872   -19.46   12.68
 -38925.028    94.434   -11.80    9.56
 -38548.879    92.534    -5.05   11.76
 -38172.731    91.562    -2.58   11.68
 -37796.585    91.331    -0.61   13.98
 -37420.440    91.463     0.35   14.41
 -37044.296    90.188    -3.39   12.58
 -36668.154    86.393   -10.09   12.43
 -36292.012    84.181    -5.88   10.00
 -35915.872    81.656    -6.71    9.27
 -35539.733    79.629    -5.39    9.11
 -35163.596    76.980    -7.04    9.37
 -34787.459    74.008    -7.90    9.22
 -34411.324    72.818    -3.17    8.33
 -34035.190    66.649   -16.40   10.29
 -33659.058    62.297   -11.57    9.01
 -33282.926    61.470    -2.20    9.00
 -32906.796    65.277    10.12   11.75
 -32530.667    69.156    10.31    9.96
 -32154.539    73.649    11.95    8.03
 -31778.413    77.867    11.21    8.71
 -31402.288    79.980     5.62    7.85
 -31026.164    81.007     2.73    7.01
 -30650.041    79.953    -2.80    8.01
 -30273.919    78.111    -4.90    8.01
 -29897.799    76.006    -5.60    8.23
 -29521.680    72.470    -9.40    8.18
 -29145.562    71.087    -3.68    7.50
 -28769.445    68.756    -6.20    6.43
 -28393.330    65.829    -7.78    6.34
 -28017.216    64.467    -3.62    6.53
 -27641.103    62.324    -5.70    6.70
 -27264.991    59.297    -8.05    6.28
 -26888.880    57.829    -3.90    4.78
 -26512.771    56.142    -4.48    5.10
 -26136.663    55.521    -1.65    5.41
 -25760.556    55.534     0.03    5.18
 -25384.450    53.979    -4.14    5.24
 -25008.345    53.602    -1.00    5.11
 -24632.242    52.629    -2.59    5.33
 -24256.140    50.845    -4.74    5.27
 -23880.039    49.007    -4.89    3.98
 -23503.939    47.977    -2.74    4.35
 -23127.840    46.259    -4.57    4.93
 -22751.743    45.034    -3.26    4.75
 -22375.647    43.331    -4.53    4.01
 -21999.552    42.855    -1.27    3.80
 -21623.458    43.771     2.44    4.36
 -21247.365    45.876     5.60    5.57
 -20871.274    46.899     2.72    5.76
 -20495.184    46.983     0.22    5.66
 -20119.094    45.423    -4.15    4.08
 -19743.006    44.675    -1.99    3.48
 -19366.920    43.444    -3.27    4.13
 -18990.834    42.822    -1.65    4.17
 -18614.750    42.142    -1.81    5.04
 -18238.666    40.007    -5.68    4.91
 -17862.584    39.737    -0.72    5.23
 -17486.503    38.899    -2.23    4.69
 -17110.424    38.756    -0.38    4.97
 -16734.345    39.692     2.49    4.71
 -16358.268    38.906    -2.09    5.80
 -15982.191    38.113    -2.11    6.14
 -15606.116    38.087    -0.07    6.41
 -15230.042    36.393    -4.50    7.01
 -14853.970    33.393    -7.98    8.12
 -14477.898    30.169    -8.57    7.57
 -14101.827    28.778    -3.70    6.16
 -13725.758    26.256    -6.70    5.31
 -13349.690    25.573    -1.82    5.01
 -12973.623    24.903    -1.78    5.15
 -12597.557    22.347    -6.80    5.18
 -12221.492    21.265    -2.88    4.87
 -11845.429    18.955    -6.14    4.49
 -11469.366    16.656    -6.11    3.56
 -11093.305    14.534    -5.64    3.82
 -10717.245    13.951    -1.55    3.88
 -10341.186    15.316     3.63    5.92
  -9965.128    16.034     1.91    6.51
  -9589.071    16.764     1.94    6.81
  -9213.015    15.367    -3.71    6.95
  -8836.961    11.778    -9.55    5.91
  -8460.907    10.393    -3.68    5.02
  -8084.855     9.395    -2.65    4.00
  -7708.804     8.906    -1.30    3.37
  -7332.754     8.629    -0.74    3.13
  -6956.705     8.115    -1.37    2.74
  -6580.657     6.683    -3.81    3.16
  -6204.610     4.284    -6.38    3.45
  -5828.565     1.367    -7.76    3.70
  -5452.520     0.297    -2.85    3.61
  -5076.477    -0.077    -1.00    3.62
  -4700.435     1.932     5.34    4.85
  -4324.394     4.062     5.67    4.93
  -3948.354     3.573    -1.30    5.01
  -3572.315     3.137    -1.16    4.79
  -3196.277     1.899    -3.29    4.33
  -2820.240     1.008    -2.37    3.75
  -2444.205     2.752     4.64    4.32
  -2068.170     4.059     3.48    4.24
  -1692.137     2.521    -4.09    3.97
  -1316.104     1.573    -2.52    3.65
   -940.073     1.481    -0.24    4.18
   -564.043     1.439    -0.11    3.84
   -188.014     0.412    -2.73    3.47
    188.014    -0.509    -2.45    2.55
    564.041     0.675     3.15    4.82
    940.067     3.734     8.14    6.54
   1316.091     6.439     7.19    6.26
   1692.115     8.393     5.20    4.29
   2068.138     8.895     1.34    3.13
   2444.159     8.639    -0.68    3.05
   2820.389     8.649     0.03    2.48
   3196.626     9.113     1.23    2.22
   3572.863     8.617    -1.32    1.48
   3949.098     8.429    -0.50    1.33
   4325.332     9.109     1.81    1.90
   4701.565    10.284     3.12    2.86
   5077.797    11.726     3.83    3.10
   5454.028    10.797    -2.47    4.38
   5830.258     8.953    -4.90    4.74
   6206.487     7.223    -4.60    4.26
   6582.715     5.506    -4.56    4.29
   6958.942     7.778     6.04    7.26
   7335.167    12.084    11.45    9.57
   7711.392    16.034    10.50    9.06
   8087.616    20.309    11.36    5.42
   8463.838    22.087     4.72    2.88
   8840.060    22.087     0.00    2.27
   9216.280    21.926    -0.43    2.33
   9592.499    21.419    -1.35    2.15
   9968.718    21.575     0.41    1.71
  10344.935    22.229     1.74    1.92
  10721.151    23.675     3.85    2.23
  11097.366    24.673     2.65    2.32
  11473.581    25.778     2.94    2.45
  11849.794    26.342     1.50    2.34
  12226.006    27.091     1.99    2.18
  12602.217    28.007     2.43    1.69
  12978.427    28.115     0.29    1.64
  13354.636    28.494     1.01    1.73
  13730.844    29.444     2.53    1.97
  14107.051    30.575     3.00    2.55
  14483.257    31.797     3.25    2.35
  14859.462    33.393     4.24    2.08
  15235.666    34.455     2.82    1.84
  15611.869    34.439    -0.04    2.75
  15988.070    34.778     0.90    4.72
  16364.271    35.455     1.80    6.42
  16740.471    39.701    11.29   11.22
  17116.670    47.929    21.87   15.97
  17492.868    56.145    21.84   15.92
  17869.064    61.481    14.18   17.33
  18245.260    62.291     2.15   17.62
  18621.455    59.003    -8.74   15.91
  18997.649    60.737     4.61   15.57
  19373.841    59.385    -3.59   15.33
  19750.033    61.088     4.53   16.36
  20126.224    69.265    21.74   21.79
  20502.414    80.223    29.13   25.00
  20878.603    97.111    44.89   24.68
  21254.790   111.316    37.76   14.21
  21630.977   119.880    22.77   10.21
  22007.163   127.034    19.02    7.95
  22383.348   130.137     8.25    5.81
  22759.531   129.455    -1.81    6.12
  23135.714   126.673    -7.40    7.72
  23511.896   120.710   -15.85   10.11
  23888.077   113.006   -20.48    9.74
  24264.257   107.683   -14.15    9.81
  24640.436   102.547   -13.65   10.41
  25016.614    97.940   -12.25   11.35
  25392.791    91.419   -17.34   14.59
  25768.967    83.752   -20.38   13.10
  26145.142    78.284   -14.54   10.20
  26521.316    71.162   -18.93    9.32
  26897.489    65.385   -15.36   11.64
  27273.661    64.624    -2.02   11.14
  27649.832    66.113     3.96   12.93
  28026.002    74.342    21.88   17.86
  28402.171    88.656    38.05   18.61
  28778.339   100.113    30.46   16.48
  29154.507   109.434    24.78   15.21
  29530.673   115.806    16.94   12.67
  29906.838   119.521     9.88   10.07
  30283.003   120.818     3.45    8.64
  30659.166   117.710    -8.26   13.71
  31035.329   112.926   -12.72   15.48
  31411.490   106.720   -16.50   19.82
  31787.651    91.959   -39.24   24.78
  32163.810    79.521   -33.07   23.53
  32539.969    69.845   -25.72   20.19
  32916.127    64.701   -13.68   15.09
  33292.284    62.929    -4.71   12.14
  33668.440    65.587     7.07   13.41
  34044.595    76.534    29.10   15.93
  34420.749    86.367    26.14   17.45
  34796.902    91.534    13.74   19.06
  35173.054    97.587    16.09   20.29
  35549.205    98.649     2.83   18.67
  35925.355    99.234     1.55   16.33
  36301.505   102.855     9.63   16.30
  36677.653   110.250    19.66   17.38
  37053.801   119.710    25.15   16.35
  37429.947   125.115    14.37   14.02
  37806.093   130.229    13.59   12.95
  38182.238   138.803    22.80   13.24
  38558.382   144.778    15.88   11.77
  38934.525   146.872     5.57    8.47
  39310.667   143.983    -7.68    9.26
  39686.808   137.245   -17.91    9.94
  40062.948   128.701   -22.71   11.98
  40439.087   119.876   -23.46   16.06
  40815.225   112.060   -20.78   19.62
  41191.363    97.812   -37.88   23.56
  41567.500    86.926   -28.94   21.48
  41943.635    81.115   -15.45   17.63
  42319.770    78.091    -8.04   17.58
  42695.904    79.983     5.03   18.16
  43072.037    76.265    -9.88   18.41
  43448.169    66.979   -24.69   19.91
  43824.300    60.223   -17.96   17.42
  44200.430    57.034    -8.48   14.64
  44576.560    66.166    24.28   17.97
  44952.688    81.209    40.00   14.24
  45328.816    92.088    28.92   10.35
  45704.943   101.008    23.72    9.56
  46081.068   108.929    21.06    9.74
  46457.193   116.824    20.99   12.56
  46833.318   124.521    20.46   13.47
  47209.441   129.534    13.33   12.60
  47585.563   132.692     8.40    9.09
  47961.685   129.494    -8.50   10.70
  48337.805   124.007   -14.59   13.53
  48713.925   114.691   -24.77   15.60
  49090.044   103.239   -30.45   19.07
  49466.162    89.983   -35.25   21.04
  49842.279    85.173   -12.79   19.15
  50218.395    85.115    -0.15   16.45
  50594.510    89.845    12.58   18.15
  50970.625   100.008    27.02   14.98
  51346.739   108.509    22.60   14.97
  51722.851   116.764    21.95   14.27
  52098.963   123.929    19.05   13.31
  52475.074   128.245    11.47    9.88
  52851.185   122.316   -15.76   14.04
  53227.294   112.656   -25.69   18.68
  53603.403   107.009   -15.01   18.79
  53979.510   103.803    -8.52   20.58
  54355.617   105.169     3.63   22.40
  54731.723   119.007    36.79   22.00
  55107.828   131.602    33.49   15.84
  55483.933   133.903     6.12   12.73
  55860.036   132.855    -2.79   11.40
  56236.139   128.520   -11.53   12.34
  56612.241   117.675   -28.83   14.74
  56988.342   105.481   -32.42   17.65
  57364.442    87.784   -47.05   24.55
  57740.541    77.957   -26.13   19.63
  58116.639    77.778    -0.48   18.88
  58492.737    89.508    31.19   23.87
  58868.834   106.277    44.59   13.60
  59244.930   114.906    22.94    9.05
  59621.025   121.818    18.38    5.94
  59997.119   125.134     8.82    5.43
  60373.213   124.085    -2.79    7.23
  60749.306   121.606    -6.59    8.07
  61125.398   115.412   -16.47    8.81
  61501.489   105.980   -25.08   12.90
  61877.579    99.494   -17.25   14.80
  62253.668    95.113   -11.65   16.33
  62629.757    94.701    -1.10   19.54
  63005.845   101.008    16.77   19.46
  63381.932   103.771     7.35   15.04
  63758.018   104.223     1.20   11.60
  64134.104   100.829    -9.03    8.84
  64510.188    95.455   -14.29    9.75
  64886.272    86.745   -23.16   13.04
  65262.355    76.784   -26.48   12.71
  65638.437    66.752   -26.68   12.57
  66014.519    58.062   -23.11   11.46
  66390.600    49.573   -22.57   11.81
  66766.679    41.137   -22.43   11.65
  67142.759    33.722   -19.72    7.53
  67518.837    27.764   -15.84    6.27
  67894.914    26.737    -2.73    6.53
  68270.991    26.845     0.29    5.63
  68647.067    27.929     2.88    5.05
  69023.142    30.061     5.67    3.24
  69399.217    31.214     3.06    2.14
  69775.290    32.111     2.39    1.81
  70151.363    32.666     1.47    1.81
  70527.435    32.602    -0.17    1.74
  70903.506    32.929     0.87    1.64
  71279.577    32.880    -0.13    1.74
  71655.647    32.953     0.19    2.10
  72031.716    33.598     1.72    2.17
  72407.784    35.117     4.04    3.92
  72783.851    38.929    10.13    8.79
  73159.918    47.701    23.33   13.73
  73535.984    60.597    34.29   14.54
  73912.049    73.778    35.05   11.89
  74288.113    83.412    25.62    9.53
  74664.177    89.250    15.52    8.39
  75040.240    93.675    11.77    8.73
  75416.302    95.899     5.91   10.02
  75792.363    92.367    -9.39   11.80
  76168.424    86.932   -14.45   14.66
  76544.484    82.412   -12.02   14.83
  76920.543    78.192   -11.22   18.55
  77296.602    75.778    -6.42   22.22
  77672.702    70.803   -13.23   22.40
  78048.900    61.818   -23.88   23.87
  78425.097    54.429   -19.64   21.68
  78801.293    46.169   -21.96   14.14
  79177.489    43.683    -6.61    8.38
  79553.683    46.629     7.83   10.04
  79929.878    51.597    13.21   10.39
  80306.071    55.291     9.82   12.61
  80682.264    58.419     8.32   14.58
  81058.455    60.006     4.22   17.17
  81434.647    61.008     2.66   17.43
  81810.837    62.812     4.79   17.30
  82187.027    61.239    -4.18   14.83
  82563.216    62.587     3.58   12.30
  82939.404    66.304     9.88   11.63
  83315.592    64.683    -4.31   13.65
  83691.779    65.752     2.84   13.94
  84067.965    65.327    -1.13   12.23
  84444.150    63.395    -5.13   12.32
  84820.335    68.166    12.68   14.83
  85196.519    73.439    14.02   16.48
  85572.702    72.818    -1.65   18.10
  85948.885    77.250    11.78   18.95
  86325.067    79.491     5.96   20.48
  86701.248    76.209    -8.72   19.65
  87077.429    75.109    -2.92   18.38
  87453.608    71.412    -9.83   17.48
  87829.788    68.726    -7.14   16.20
  88205.966    69.412     1.82   15.16
  88582.144    70.008     1.58   14.51
  88958.321    76.778    18.00   17.13
  89334.497    87.981    29.78   17.44
  89710.673   100.173    32.41   14.50
  90086.848   104.218    10.75   14.10
  90463.022   106.265     5.44   13.94
  90839.196   101.201   -13.46   18.02
  91215.369    97.393   -10.12   19.82
  91591.541    91.403   -15.92   19.96
  91967.712    88.358    -8.09   17.17
  92343.883    90.521     5.75   19.98
  92720.053   101.494    29.17   22.23
  93096.223   115.496    37.22   18.18
  93472.392   127.384    31.60   12.87
  93848.560   135.980    22.85    8.15
  94224.728   140.684    12.51    5.15
  94600.894   141.350     1.77    4.50
  94977.061   135.692   -15.04   11.64
  95353.226   125.169   -27.97   16.66
  95729.391   113.316   -31.51   17.43
  96105.555   104.429   -23.63   16.14
  96481.719   103.423    -2.67   16.38
  96857.882   109.639    16.53   17.06
  97234.044   117.506    20.91    9.61
  97610.206   117.880     0.99    8.69
  97986.366   111.598   -16.70   14.50
  98362.527   105.606   -15.93   16.76
  98738.686   100.007   -14.88   15.46
  99114.845    95.385   -12.29   15.85
  99491.004    96.521     3.02   15.62
  99867.161    97.684     3.09   15.02
 100243.319    98.061     1.00   15.40
 100619.475    99.008     2.52   14.23
 100995.631    97.271    -4.62   15.61
 101371.786    92.598   -12.42   15.08
 101747.940    86.088   -17.31   15.84
 102124.094    75.829   -27.27   18.46
 102500.248    62.692   -34.92   18.59
 102876.400    53.340   -24.86   11.69
 103252.552    50.683    -7.06    9.38
 103628.703    53.951     8.69   11.14
 104004.854    55.087     3.02    9.79
 104381.004    51.701    -9.00   12.38
 104757.154    43.972   -20.55   12.35
 105133.303    35.223   -23.26    8.80
 105509.451    31.331   -10.35    5.61
 105885.599    30.062    -3.38    4.68
 106261.746    30.906     2.24    4.63
 106637.892    33.331     6.45    3.74
 107014.038    35.008     4.46    1.97
 107390.183    36.137     3.00    1.87
 107766.328    36.085    -0.14    2.08
 108142.472    35.791    -0.78    2.11
 108518.615    34.803    -2.63    2.71
 108894.758    34.162    -1.70    4.03
 109270.900    32.756    -3.74    4.58
 109647.042    33.007     0.67    5.11
 110023.183    32.142    -2.30    4.93
 110399.323    31.304    -2.23    4.13
 110775.463    32.245     2.50    4.86
 111151.602    32.887     1.71    4.85
 111527.740    35.259     6.31    6.09
 111903.878    37.192     5.14    6.10
 112280.016    37.951     2.02    4.80
 112656.153    38.624     1.79    4.67
 113032.289    38.899     0.73    3.95
 113408.425    40.481     4.21    5.09
 113784.560    44.060     9.52    7.36
 114160.694    48.932    12.95    9.41
 114536.828    56.926    21.25    8.25
 114912.962    63.876    18.48    8.42
 115289.094    70.734    18.23    9.39
 115665.227    78.291    20.09    9.30
 116041.358    85.439    19.00   11.12
 116417.489    93.250    20.77   10.51
 116793.620   100.115    18.25   10.77
 117169.750   106.277    16.38    9.95
 117545.879   108.979     7.18    8.67
 117922.008   109.259     0.75    9.01
 118298.136   105.245   -10.67   10.12
 118674.264    98.602   -17.66   11.63
 119050.391    89.419   -24.41   13.84
 119426.518    81.245   -21.73   14.95
 119802.644    73.085   -21.69   16.88
 120178.769    65.304   -20.69   16.28
 120554.894    62.573    -7.26   13.60
 120931.018    58.173   -11.70    9.24
 121307.142    59.797     4.32    9.43
 121683.266    62.444     7.04    9.60
 122059.388    67.878    14.45   11.15
 122435.510    76.060    21.75   11.16
 122811.632    83.521    19.84   10.37
 123187.753    89.840    16.80   10.51
 123563.874    95.629    15.39   12.40
 123939.994   101.090    14.52   10.17
 124316.113   106.692    14.90    9.47
 124692.232   110.085     9.02    9.31
 125068.351   114.196    10.93    7.65
 125444.469   112.932    -3.36    9.36
 125820.586   109.265    -9.75   13.40
 126196.703   106.932    -6.20   13.79
 126572.819   107.899     2.57   13.12
 126948.935   111.957    10.79   11.37
 127325.050   113.980     5.38    9.11
 127701.165   110.926    -8.12   10.43
 128077.280   105.872   -13.44   11.13
 128453.393   105.003    -2.31    8.31
 128829.507   107.855     7.58    8.88
 129205.619   111.192     8.87    8.15
 129581.731   111.840     1.72    9.07
 129957.843   112.250     1.09    9.76
 130333.954   111.173    -2.86    9.44
 130710.065   109.666    -4.01   10.17
 131086.175   107.675    -5.29   10.42
 131462.285   103.358   -11.48   11.90
 131838.394    98.613   -12.62   13.01
 132214.503    95.573    -8.08   13.49
 132590.611    93.547    -5.39   13.89
 132966.719    91.115    -6.47   15.79
 133342.826    92.624     4.01   16.58
 133718.933    97.250    12.30   13.66
 134095.039    97.953     1.87   13.02
 134471.145   101.467     9.34   14.24
 134847.250   106.491    13.36   14.07
 135223.355   105.111    -3.67   12.88
 135599.459   103.932    -3.14   10.85
 135975.563   101.423    -6.67   12.67
 136351.666    98.983    -6.49   12.99
 136727.769   101.673     7.15   13.21
 137103.871   102.629     2.54   11.31
 137479.973   101.393    -3.29   12.14
 137856.074    95.250   -16.33   11.71
 138232.175    88.271   -18.56   11.59
 138608.276    81.218   -18.75   12.01
 138984.376    71.109   -26.88   13.61
 139360.475    66.710   -11.70   12.06
 139736.575    70.809    10.90   14.47
 140112.673    81.214    27.66   16.96
 140488.771    93.534    32.76   12.16
 140864.869   102.629    24.18    9.27
 141240.966   106.673    10.75    6.61
 141617.063   103.745    -7.79    8.79
 141993.159    96.134   -20.24   12.82
 142369.255    88.284   -20.87   13.91
 142745.351    79.984   -22.07   13.37
 143121.446    74.903   -13.51   12.18
 143497.540    69.060   -15.53   13.22
 143873.634    61.534   -20.01   13.63
 144249.728    61.111    -1.12   12.43
 144625.821    61.087    -0.06   11.47
 145001.914    63.951     7.62   11.20
 145378.006    69.521    14.81    9.46
 145754.098    72.951     9.12    8.73
 146130.189    73.509     1.48   10.62
 146506.280    73.752     0.65   10.97
 146882.371    75.634     5.00   12.37
 147258.461    82.710    18.81   13.91
 147634.551    86.629    10.42   14.67
 148010.640    92.429    15.42   13.26
 148386.729    98.085    15.04   10.48
 148762.817    98.791     1.88    8.73
 149138.905    92.367   -17.08   12.51
 149514.993    88.521   -10.23   13.16
 149891.080    89.271     1.99   13.29
 150267.167    89.872     1.60   12.51
 150643.253    93.188     8.82   10.24
 151019.339    90.034    -8.39   11.01
 151395.424    85.840   -11.15    9.43
 151771.510    81.880   -10.53    9.37
 152147.594    82.590     1.89    9.78
 152523.678    84.613     5.38   10.47
 152899.817    85.470     2.28   10.94
 153275.985    82.003    -9.22   12.32
 153652.153    79.872    -5.66   12.04
 154028.321    80.718     2.25   12.72
 154404.488    84.250     9.39   12.43
 154780.655    87.701     9.17   10.71
 155156.821    86.818    -2.35   10.87
 155532.987    82.906   -10.40   10.02
 155909.153    78.393   -12.00    8.55
 156285.318    74.008   -11.66    9.41
 156661.483    71.196    -7.48    8.81
 157037.647    69.778    -3.77    8.93
 157413.811    68.455    -3.52    8.85
 157789.975    68.673     0.58    8.35
 158166.138    69.629     2.54    7.86
 158542.301    70.548     2.44    8.64
 158918.464    74.872    11.50    9.49
 159294.626    78.419     9.43   10.06
 159670.787    78.409    -0.03   10.38
 160046.949    78.983     1.53   10.27
 160423.110    81.957     7.91   10.18
 160799.270    84.534     6.85   10.39
 161175.431    87.367     7.53    9.79
 161551.591    87.061    -0.81    9.39
 161927.750    85.752    -3.48    9.44
 162303.909    83.692    -5.48    9.61
 162680.068    82.324    -3.64    9.41
 163056.227    79.277    -8.10    9.41
 163432.385    76.188    -8.21    7.66
 163808.542    74.316    -4.98    6.34
 164184.700    73.006    -3.48    7.13
 164560.857    73.196     0.51    8.09
 164937.013    76.250     8.12    9.73
 165313.170    79.953     9.84    9.31
 165689.326    78.899    -2.80    9.91
 166065.481    75.769    -8.32    9.78
 166441.637    71.734   -10.73    9.34
 166817.791    71.111    -1.66    8.92
 167193.946    73.358     5.97    9.46
 167570.100    74.932     4.18   10.44
 167946.254    78.929    10.63   10.65
 168322.408    78.771    -0.42   11.54
 168698.561    79.087     0.84   11.32
 169074.714    79.932     2.25   10.76
 169450.866    78.617    -3.49   10.79
 169827.019    76.876    -4.63    9.44
 170203.171    73.803    -8.17    8.00
 170579.322    71.348    -6.53    7.80
 170955.473    69.455    -5.03    8.01
 171331.624    67.439    -5.36    6.80
 171707.775    66.575    -2.30    7.00
 172083.925    64.683    -5.03    6.65
 172460.075    62.840    -4.90    6.75
 172836.225    59.957    -7.66    6.42
 173212.374    56.034   -10.43    7.48
 173588.523    53.791    -5.96    8.20
 173964.672    53.534    -0.68    8.85
 174340.820    55.692     5.74   10.49
 174716.968    58.496     7.45   10.45
 175093.116    61.455     7.87    8.26
 175469.264    64.265     7.47    9.59
 175845.411    65.617     3.60    9.45
 176221.558    64.845    -2.05    9.27
 176597.704    64.324    -1.39    9.69
 176973.851    59.206   -13.61    9.50
 177349.996    54.598   -12.25    9.48
 177726.142    53.188    -3.75    9.72
 178102.288    51.201    -5.28    9.64
 178478.433    51.277     0.20    7.53
 178854.577    52.590     3.49    6.17
 179230.722    48.955    -9.66    7.54
 179606.866    45.334    -9.63    5.85
 179983.010    43.818    -4.03    5.05
 180359.154    44.675     2.28    5.85
 180735.297    47.534     7.60    6.55
 181111.440    50.718     8.47    5.54
 181487.583    51.926     3.21    7.34
 181863.726    52.359     1.15    8.14
 182239.868    53.981     4.31    8.55
 182616.010    55.548     4.16    8.20
 182992.152    56.764     3.23    8.04
 183368.293    57.777     2.69    7.34
 183744.434    59.085     3.48    8.51
 184120.575    59.111     0.07    7.41
 184496.716    60.423     3.49    6.78
 184872.856    58.331    -5.56    7.23
 185248.996    57.980    -0.93    7.15
 185625.136    58.548     1.51    7.68
 186001.276    58.484    -0.17    7.87
 186377.415    60.223     4.62    7.39
 186753.554    59.218    -2.67    7.01
 187129.693    59.981     2.03    7.14
 187505.832    60.803     2.18    7.05
 187881.970    60.980     0.47    6.93
 188258.108    63.584     6.92    7.99
 188634.246    66.137     6.79    8.24
 189010.383    70.256    10.95    6.91
 189386.521    74.142    10.33    7.50
 189762.658    77.710     9.48    7.59
 190138.795    79.034     3.52    8.22
 190514.931    79.829     2.11    8.32
 190891.068    80.173     0.91    8.31
 191267.204    79.932    -0.64    8.34
 191643.340    78.324    -4.27    7.97
 192019.476    80.201     4.99    8.03
 192395.611    81.470     3.37    7.47
 192771.746    80.829    -1.70    6.21
 193147.881    83.008     5.79    6.40
 193524.016    84.115     2.94    6.80
 193900.151    84.829     1.90    5.75
 194276.285    85.088     0.69    5.28
 194652.419    85.573     1.29    5.73
 195028.553    85.934     0.96    5.58
 195404.687    86.891     2.54    5.56
 195780.820    87.331     1.17    4.71
 196156.953    85.331    -5.32    5.85
 196533.086    83.088    -5.96    5.47
 196909.219    81.929    -3.08    5.87
 197285.352    81.006    -2.45    6.93
 197661.484    79.209    -4.78    7.47
 198037.616    79.376     0.44    8.49
 198413.749    79.169    -0.55    9.45
 198789.880    78.957    -0.56    8.62
 199166.012    79.666     1.88    8.71
 199542.143    81.481     4.83    8.54
 199918.275    84.223     7.29    8.65
 200294.406    84.496     0.72    8.62
 200670.536    84.451    -0.12    9.39
 201046.667    84.598     0.39    8.79
 201422.798    81.880    -7.23    9.09
 201798.928    84.190     6.14    9.67
 202175.058    84.142    -0.13   10.35
 202551.188    83.548    -1.58    9.76
 202927.317    82.061    -3.95    9.43
 203303.447    80.142    -5.10    9.36
 203679.576    80.331     0.50    9.83
 204055.705    77.598    -7.27    9.63
 204431.834    76.957    -1.70   10.01
 204807.963    78.692     4.61   11.08
 205184.092    77.034    -4.41   12.19
 205560.220    78.085     2.80   11.97
 205936.349    80.265     5.79   11.02
 206312.477    79.331    -2.48    9.40
 206688.605    80.598     3.37    9.01
 207064.733    82.061     3.89    8.37
 207440.860    79.981    -5.53    8.92
 207816.988    78.587    -3.71    9.71
 208193.115    76.159    -6.45    9.50
 208569.242    77.649     3.96    9.31
 208945.369    82.903    13.97    9.23
 209321.496    85.479     6.85    8.47
 209697.623    86.419     2.50    7.49
 210073.749    87.201     2.08    6.63
 210449.876    86.983    -0.58    7.05
 210826.002    86.192    -2.10    8.82
 211202.128    87.926     4.61    8.56
 211578.254    86.797    -3.00    7.99
 211954.380    86.214    -1.55    8.20
 212330.506    80.906   -14.11   10.09
 212706.631    78.562    -6.23   10.93
 213082.757    77.929    -1.68   12.34
 213458.882    80.980     8.11   13.61
 213835.007    87.007    16.02   12.22
 214211.132    89.007     5.32   10.28
 214587.257    91.975     7.89    8.50
 214963.382    89.880    -5.57    9.98
 215339.506    88.829    -2.80   10.31
 215715.631    89.673     2.24   11.22
 216091.755    86.932    -7.29   12.67
 216467.879    82.256   -12.43   13.18
 216844.003    76.481   -15.35   12.81
 217220.127    68.726   -20.62   13.41
 217596.251    65.455    -8.70   11.83
 217972.375    61.575   -10.32   10.45
 218348.499    63.239     4.43   11.98
 218724.622    64.959     4.57   13.53
 219100.746    67.115     5.73   14.24
 219476.869    70.162     8.10   12.95
 219852.992    72.196     5.41   10.88
 220229.115    69.521    -7.11   13.03
 220605.238    64.926   -12.22   13.27
 220981.361    60.284   -12.34   12.12
 221357.484    58.855    -3.80   11.99
 221733.607    59.759     2.40   11.70
 222109.729    61.562     4.79    9.33
 222485.852    63.559     5.31    7.72
 222861.974    63.324    -0.63    6.75
 223238.097    61.085    -5.95    6.10
 223614.219    60.560    -1.40    7.04
 223990.341    60.324    -0.63    7.29
 224366.463    60.562     0.63    7.58
 224742.585    57.845    -7.22    8.79
 225118.707    56.342    -4.00    9.73
 225494.829    55.720    -1.65   11.18
 225870.950    56.265     1.45   12.47
 226247.072    52.470   -10.09   13.59
 226623.194    50.277    -5.83   12.90
 226999.315    47.710    -6.83   12.34
 227375.437    45.602    -5.60   13.07
 227751.558    44.111    -3.96   11.14
 228127.686    42.547    -4.16    9.59
 228503.814    40.250    -6.11    9.28
 228879.942    39.598    -1.73    9.76
 229256.071    40.534     2.49    9.49
 229632.199    41.481     2.52   13.49
 230008.326    39.196    -6.08   15.87
 230384.454    35.008   -11.13   17.07
 230760.582    27.166   -20.85   11.14
 231136.710    23.840    -8.84    4.21
 231512.838    21.955    -5.01    4.55
 231888.965    21.812    -0.38    4.62
 232265.093    20.060    -4.66    4.89
 232641.220    19.675    -1.02    4.08
 233017.348    19.799     0.33    3.85
 233393.475    21.169     3.64    4.09
 233769.603    23.872     7.19    2.74
 234145.730    25.304     3.81    2.84
 234521.857    26.496     3.17    1.70
 234897.985    26.521     0.07    1.73
 235274.112    25.726    -2.11    2.73
 235650.239    24.085    -4.36    3.32
 236026.366    23.778    -0.82    3.35
 236402.494    23.142    -1.69    2.90
 236778.621    24.659     4.03    3.00
 237154.748    25.324     1.77    2.56
 237530.875    26.256     2.48    2.74
 237907.002    27.899     4.37    3.00
 238283.129    29.145     3.31    3.13
 238659.256    30.494     3.58    2.66
 239035.383    31.085     1.57    2.14
 239411.510    32.034     2.52    2.78
 239787.637    32.955     2.45    3.38
 240163.763    34.455     3.99    3.61
 240539.890    35.562     2.94    3.49
 240916.017    35.829     0.71    3.58
 241292.144    36.007     0.47    3.37
 241668.271    36.111     0.28    3.45
 242044.398    36.455     0.91    3.32
 242420.525    36.701     0.65    3.18
 242796.651    37.683     2.61    3.58
 243172.778    38.060     1.00    3.64
 243548.905    38.085     0.07    3.15
 243925.032    38.617     1.41    4.12
 244301.159    38.737     0.32    4.45
 244677.286    41.034     6.11    6.36
 245053.412    44.088     8.12    8.54
 245429.539    45.758     4.44    9.33
