#  324.157  -2.315   7.005 ;Mean Elev.(m), Avg Gradient(m/km), RMS Gradient(m/km) - SRTM1     
#  318.141  -2.928   8.996 ;Mean Elev.(m), Avg Gradient(m/km), RMS Gradient(m/km) - ASTER GDEM
#  327.709  -2.031   6.633 ;Mean Elev.(m), Avg Gradient(m/km), RMS Gradient(m/km) - GMTED2010 
  7  19.843757   1.837734   325.077   325.050  3 52470.86085089 46.650
  8  19.845178   1.838715   322.572   322.602  3 52505.86083184 50.509
  9  19.850510   1.840815   325.463   325.463  2 52540.86081436 51.349
 10  19.842245   1.839684   325.670   325.685  3 52575.86086136 51.163
 11  19.845483   1.839819   326.446   326.435  3 52610.86082293 52.351
 12  19.846955   1.837220   326.909   326.911  3 52645.86081049 51.077
 13  19.853411   1.840464   325.718   325.743  3 52680.86078461 51.170
 16  19.844805   1.837312   325.518   325.528  3 52785.86080619 51.181
 17  19.845230   1.838463   324.999   325.047  3 52820.86088063 51.893
 18  19.848569   1.839352   325.165   325.129  3 52855.86092849 52.056
 19  19.842532   1.839030   325.487   325.494  3 52890.86096123 38.972
 20  19.845420   1.837009   325.738   325.752  3 52925.86091361 51.162
 21  19.853339   1.839853   326.113   326.113  2 52960.86088152 52.273
 22  19.845828   1.837844   326.413   326.427  3 52995.86091871 49.618
 23  19.845858   1.839955   325.480   325.498  3 53030.86088236 50.451
 24  19.849984   1.841184   324.950   324.919  3 53065.86088943 53.293
 25  19.842804   1.837638   324.869   324.875  3 53100.86089076 52.539
 26  19.851478   1.841038   325.478   325.478  2 53135.86089069 50.997
 28  19.844875   1.838503   324.090   324.090  2 53205.86095686 50.113
 29  19.850632   1.840260   324.726   324.731  3 53240.86092463 49.747
 30  19.847081   1.840100   324.435   324.414  3 53275.86089331 30.443
 31  19.843193   1.838076   325.274   325.234  3 53310.86093694 51.228
 32  19.847375   1.839359   325.994   326.037  3 53345.86090298 47.687
 33  19.848637   1.840096   325.928   325.912  3 53380.86085844 51.775
 34  19.852364   1.840793   325.033   325.033  2 53415.86088082 52.591
 35  19.847991   1.838349   324.576   324.580  3 53450.86087638 52.275
 36  19.838777   1.838943   325.039   325.039  2 53485.86096206 50.171
 37  19.848193   1.840527   325.010   324.996  3 53520.86095669 51.646
 38  19.839403   1.838710   324.707   324.707  2 53555.86098029 37.369
 39  19.853475   1.840630   324.429   324.429  2 53590.86092063 53.849
 40  19.839832   1.838285   324.755   324.709  3 53625.86090519 37.453
 41  19.844357   1.838130   324.962   324.947  3 53660.86093093 52.324
 42  19.846275   1.839865   326.132   326.148  3 53695.86090216 53.434
 43  19.850564   1.839459   325.323   325.329  3 53730.86082479 52.475
 44  19.852507   1.841485   324.222   324.222  2 53765.86079470 18.787
 45  19.850692   1.840663   324.748   324.748  2 53800.86079782 50.384
 46  19.846872   1.839630   325.218   325.183  3 53835.86080293 52.119
 47  19.845785   1.839507   324.895   324.842  3 53870.86086056 49.495
 48  19.844165   1.837166   324.807   324.766  3 53905.86089678 51.254
 49  19.837074   1.836618   324.381   324.381  2 53940.86092810 52.585
 50  19.844249   1.839371   324.650   324.658  3 53975.86088473 52.772
 51  19.847954   1.838715   325.108   325.133  3 54010.86088456 49.931
 52  19.852559   1.840786   325.444   325.444  2 54045.86090006 28.350
 53  19.846680   1.839815   327.248   327.239  3 54080.86089277 52.991
 54  19.847583   1.837500   326.262   326.262  3 54115.86082631 53.123
 55  19.845695   1.838626   325.543   325.580  3 54150.86084251 51.381
 56  19.847699   1.837636   325.317   325.307  3 54185.86081797 51.621
 57  19.845817   1.836977   325.350   325.348  3 54220.86085137 51.490
 58  19.846703   1.837091   325.258   325.272  3 54255.86087527 52.179
 59  19.848305   1.840588   325.050   325.055  3 54290.86087758 52.544
 60  19.848992   1.838330   325.115   325.139  3 54325.86087450 50.541
 61  19.848120   1.838358   325.167   325.153  3 54360.86082689 32.111
 62  19.848016   1.839821   326.082   326.091  3 54395.86081473 53.463
 63  19.849132   1.838041   326.502   326.481  3 54430.86077657 52.872
 64  19.848515   1.839476   326.582   326.571  3 54465.86079507 52.611
 65  19.848584   1.838331   325.752   325.787  3 54500.86078942 52.957
 66  19.848434   1.839723   325.141   325.158  3 54535.86080985 51.528
 67  19.848370   1.838642   325.158   325.161  3 54570.86079219 52.780
 68  19.846480   1.839057   324.867   324.850  3 54605.86080440 51.924
 69  19.846327   1.839549   324.761   324.802  3 54640.86081368 23.418
 70  19.845452   1.840044   324.542   324.551  3 54675.86081599 52.302
 71  19.849502   1.838238   325.043   325.022  3 54710.86077156 50.605
 72  19.846222   1.840122   325.199   325.185  3 54745.86078375 54.010
 73  19.848824   1.838523   325.971   326.013  3 54780.86075572 52.279
 74  19.847259   1.838565   326.051   326.050  4 54815.86077622 51.593
 75  19.848287   1.837276   325.216   325.188  3 54850.86075434 51.062
 76  19.845789   1.839343   325.383   325.403  3 54885.86078032 53.044
 77  19.845695   1.838275   325.276   325.334  3 54920.86075534 44.726
 78  19.845783   1.838580   325.537   325.507  3 54955.86077631 51.933
 79  19.844450   1.837528   325.556   325.542  3 54990.86079954 52.424
 80  19.847956   1.839682   324.919   324.914  3 55025.86079051 52.623
 81  19.847053   1.840064   324.569   324.397  3 55060.86078454 19.498
 82  19.847006   1.838195   324.783   324.762  3 55095.86073475 53.654
 83  19.846561   1.839897   325.583   325.611  3 55130.86072646 50.633
 84  19.848411   1.839604   326.154   326.128  3 55165.86069648 52.503
 85  19.846283   1.838589   326.202   326.200  3 55200.86071856 51.612
 86  19.847264   1.837347   325.610   325.631  3 55235.86070228 51.062
 87  19.847398   1.837541   325.881   325.870  3 55270.86071221 52.105
 88  19.848802   1.837640   326.444   326.440  3 55305.86068397 51.023
 89  19.847379   1.839143   325.958   325.926  3 55340.86068426 32.934
 90  19.847645   1.840217   325.533   325.522  3 55375.86067664 50.148
 91  19.848093   1.838883   325.293   325.308  3 55410.86069909 50.561
 92  19.848194   1.837236   324.772   324.775  3 55445.86069226 49.863
 93  19.848589   1.840339   324.810   324.805  3 55480.86062593 51.668
