-333079.477    65.015     0.00   11.10
-332703.290    68.276     8.67   13.01
-332327.103    73.412    13.65   12.06
-331950.917    75.475     5.48   10.99
-331574.731    77.171     4.51   10.58
-331198.546    70.972   -16.48   11.99
-330822.361    68.439    -6.73   12.11
-330446.177    69.361     2.45   12.39
-330069.993    73.601    11.27   11.83
-329693.810    75.763     5.75   10.60
-329317.627    75.969     0.55   10.30
-328941.445    73.434    -6.74   11.00
-328565.263    69.618   -10.14    9.85
-328189.082    69.778     0.42   10.44
-327812.901    69.122    -1.74   10.84
-327436.721    69.980     2.28   12.11
-327060.541    68.173    -4.80   13.11
-326684.362    70.461     6.08   11.76
-326308.183    70.788     0.87   10.95
-325932.005    67.899    -7.68    8.73
-325555.827    68.934     2.75    8.75
-325179.650    69.583     1.73    8.59
-324803.473    72.222     7.02    9.62
-324427.296    73.628     3.74    9.11
-324051.121    76.845     8.55    6.89
-323674.945    75.899    -2.51    6.55
-323298.770    71.872   -10.71    6.64
-322922.596    70.021    -4.92    7.11
-322546.422    67.000    -8.03    6.57
-322170.248    65.224    -4.72    6.06
-321794.075    64.061    -3.09    8.53
-321417.903    62.045    -5.36    9.97
-321041.730    59.434    -6.94   10.13
-320665.559    59.013    -1.12   10.44
-320289.388    59.304     0.77   10.10
-319913.217    61.891     6.88    9.82
-319537.046    62.778     2.36    9.21
-319160.877    63.224     1.19    8.97
-318784.707    60.475    -7.31    9.02
-318408.538    55.621   -12.90    6.48
-318032.370    55.115    -1.35    5.57
-317656.202    56.493     3.66    5.50
-317280.034    55.223    -3.38    4.83
-316903.867    54.764    -1.22    3.76
-316527.700    54.694    -0.18    3.51
-316151.534    54.532    -0.43    3.92
-315775.368    54.353    -0.48    4.12
-315399.203    53.092    -3.35    3.70
-315023.038    52.408    -1.82    4.49
-314646.873    52.583     0.47    4.30
-314270.709    52.071    -1.36    4.52
-313894.546    50.115    -5.20    4.58
-313518.382    48.968    -3.05    5.13
-313142.220    46.472    -6.63    5.37
-312766.057    43.709    -7.34    5.82
-312389.895    41.697    -5.35    6.19
-312013.734    37.406   -11.41    6.83
-311637.573    34.071    -8.87    5.64
-311261.412    34.224     0.41    6.64
-310885.252    38.222    10.63    9.50
-310509.092    44.736    17.32    9.85
-310132.933    49.250    12.00    7.72
-309756.774    51.513     6.02    6.09
-309380.615    51.327    -0.50    6.20
-309004.457    52.493     3.10    5.79
-308628.299    53.096     1.60    6.06
-308252.142    53.917     2.18    6.92
-307875.985    55.814     5.04    7.56
-307499.828    55.953     0.37    7.82
-307123.672    55.775    -0.47    8.30
-306747.516    56.088     0.83    8.39
-306371.361    55.926    -0.43    9.53
-305995.206    57.142     3.23    9.58
-305619.051    58.397     3.34   10.53
-305242.897    59.635     3.29   10.09
-304866.743    60.045     1.09   10.22
-304490.590    59.778    -0.71   10.90
-304114.437    58.434    -3.57    9.13
-303738.284    58.306    -0.34    8.91
-303362.132    58.803     1.32    8.37
-302985.980    58.327    -1.26    7.10
-302609.829    58.088    -0.64    6.08
-302233.678    57.987    -0.27    5.46
-301857.527    57.618    -0.98    3.93
-301481.377    58.075     1.21    3.69
-301105.227    59.115     2.76    4.28
-300729.077    59.199     0.22    4.65
-300352.928    60.353     3.07    5.27
-299976.779    61.333     2.61    5.36
-299600.630    61.250    -0.22    5.73
-299224.482    60.872    -1.01    6.21
-298848.335    60.750    -0.32    5.78
-298472.187    59.942    -2.15    5.92
-298096.040    59.083    -2.28    6.33
-297719.893    56.750    -6.20    7.14
-297343.747    54.092    -7.07    6.72
-296967.601    49.889   -11.17    7.66
-296591.456    46.329    -9.46    7.61
-296215.310    44.840    -3.96    7.45
-295839.165    42.355    -6.61    6.43
-295463.021    42.583     0.61    5.93
-295086.877    41.814    -2.05    5.15
-294710.733    40.972    -2.24    5.35
-294334.589    41.125     0.41    5.45
-293958.446    40.592    -1.42    5.56
-293582.303    43.621     8.05    7.60
-293206.161    48.061    11.80    9.24
-292830.019    53.899    15.52    8.44
-292453.877    55.682     4.74    7.43
-292077.735    55.045    -1.70    7.00
-291701.594    53.358    -4.48    6.98
-291325.453    49.975    -8.99    5.58
-290949.313    49.147    -2.20    5.71
-290573.173    47.574    -4.18    4.54
-290197.033    48.304     1.94    4.21
-289820.893    49.481     3.13    4.52
-289444.754    51.908     6.45    5.54
-289068.615    53.194     3.42    4.68
-288692.477    54.071     2.33    4.63
-288316.338    56.111     5.43    6.52
-287940.200    56.865     2.01    6.78
-287564.063    56.712    -0.41    6.91
-287187.926    54.375    -6.21    8.84
-286811.789    51.304    -8.16    6.91
-286435.652    52.277     2.59    7.43
-286059.516    54.791     6.68    7.64
-285683.379    57.224     6.47    6.44
-285307.244    57.194    -0.08    6.87
-284931.108    54.506    -7.15    6.00
-284554.973    50.994    -9.34    6.06
-284178.838    48.942    -5.45    5.30
-283802.704    49.169     0.60    6.22
-283426.569    49.434     0.71    5.85
-283050.435    48.942    -1.31    5.39
-282674.302    46.222    -7.23    6.24
-282298.168    42.250   -10.56    5.41
-281922.035    40.223    -5.39    5.60
-281545.902    37.829    -6.36    5.59
-281169.770    36.609    -3.24    5.19
-280793.638    36.094    -1.37    4.86
-280417.506    37.147     2.80    5.37
-280041.374    39.301     5.73    6.10
-279665.243    41.167     4.96    5.76
-279289.112    42.045     2.33    4.88
-278912.981    42.061     0.04    4.22
-278536.850    41.635    -1.13    3.37
-278160.720    41.583    -0.14    3.48
-277784.590    41.329    -0.68    3.60
-277408.460    42.303     2.59    3.83
-277032.331    43.378     2.86    3.63
-276656.201    44.942     4.16    3.83
-276280.072    46.818     4.99    2.93
-275903.944    48.385     4.17    3.06
-275527.815    49.277     2.37    3.37
-275151.687    49.953     1.80    3.33
-274775.559    50.142     0.50    4.15
-274399.431    50.062    -0.21    5.08
-274023.304    49.788    -0.73    5.01
-273647.177    48.609    -3.14    6.64
-273271.050    47.861    -1.99    6.37
-272894.923    46.122    -4.62    7.16
-272518.797    44.899    -3.25    6.21
-272142.671    46.039     3.03    5.65
-271766.545    46.513     1.26    6.19
-271390.419    48.506     5.30    6.99
-271014.293    52.709    11.17    6.19
-270638.168    56.197     9.27    6.12
-270262.043    58.775     6.85    5.84
-269885.919    60.000     3.26    5.89
-269509.794    59.776    -0.59    6.03
-269133.670    60.439     1.76    6.85
-268757.546    59.250    -3.16    6.67
-268381.422    59.899     1.72    7.11
-268005.298    60.778     2.34    6.97
-267629.175    61.583     2.14    7.51
-267253.052    62.147     1.50    7.29
-266876.929    62.520     0.99    6.38
-266500.806    62.840     0.85    5.62
-266124.684    62.520    -0.85    4.68
-265748.561    64.045     4.05    4.62
-265372.439    64.408     0.97    4.51
-264996.317    64.429     0.06    4.01
-264620.196    66.333     5.06    4.48
-264244.074    66.171    -0.43    4.72
-263867.953    66.942     2.05    4.56
-263491.818    66.564    -1.01    5.42
-263115.657    64.865    -4.52    5.22
-262739.496    64.539    -0.87    5.42
-262363.335    64.361    -0.47    4.44
-261987.174    62.628    -4.61    5.55
-261611.013    61.750    -2.34    5.29
-261234.853    61.671    -0.21    5.27
-260858.693    61.900     0.61    6.80
-260482.533    62.791     2.37    7.20
-260106.373    64.506     4.56    8.58
-259730.214    67.329     7.50    7.12
-259354.054    69.776     6.51    6.06
-258977.895    72.547     7.37    5.63
-258601.736    74.900     6.25    5.56
-258225.578    76.872     5.24    5.59
-257849.419    78.520     4.38    5.92
-257473.261    80.088     4.17    6.37
-257097.102    83.364     8.71    5.87
-256720.944    83.096    -0.71    6.08
-256344.786    82.712    -1.02    5.69
-255968.629    83.821     2.95    4.44
-255592.471    82.818    -2.67    5.64
-255216.314    83.736     2.44    5.17
-254840.156    83.908     0.46    6.16
-254463.999    83.375    -1.42    6.74
-254087.842    83.709     0.89    6.50
-253711.686    85.276     4.17    6.86
-253335.529    86.487     3.22    6.59
-252959.373    86.276    -0.56    6.22
-252583.216    86.385     0.29    6.29
-252207.060    85.900    -1.29    5.33
-251830.904    87.434     4.08    5.92
-251454.749    88.639     3.20    5.71
-251078.593    90.493     4.93    6.24
-250702.437    89.722    -2.05    8.73
-250326.282    88.532    -3.16    8.57
-249950.127    87.122    -3.75    8.36
-249573.972    86.936    -0.49    7.08
-249197.817    89.353     6.43    7.13
-248821.662    91.547     5.83    6.83
-248445.508    94.111     6.82    8.01
-248069.353    97.942    10.19    8.20
-247693.199   100.724     7.39    8.65
-247317.045   100.788     0.17    8.80
-246940.890    99.066    -4.58    8.65
-246564.736    97.019    -5.44    7.56
-246188.583    95.278    -4.63    7.29
-245812.429    94.968    -0.82    7.41
-245436.275    93.250    -4.57    6.89
-245060.122    91.667    -4.21    6.95
-244683.969    90.439    -3.26    6.59
-244307.815    89.682    -2.01    6.54
-243931.662    89.628    -0.14    6.71
-243555.509    87.566    -5.48    6.24
-243179.357    86.333    -3.28    6.01
-242803.204    82.650    -9.79    5.84
-242427.051    80.829    -4.84    5.74
-242050.899    81.169     0.90    5.76
-241674.746    82.404     3.28    6.25
-241298.594    83.961     4.14    6.54
-240922.442    86.197     5.95    6.83
-240546.290    88.818     6.97    6.66
-240170.138    91.404     6.88    5.78
-239793.986    94.111     7.20    7.45
-239417.834    97.660     9.44    7.28
-239041.682   101.625    10.54    8.33
-238665.531   110.279    23.01    9.99
-238289.379   120.034    25.93   17.98
-237913.228   138.980    50.37   27.08
-237537.077   154.034    40.02   26.00
-237160.925   163.007    23.85   19.53
-236784.774   156.861   -16.34   22.41
-236408.623   143.045   -36.73   23.34
-236032.472   129.327   -36.47   18.15
-235656.321   123.466   -15.58   11.38
-235280.170   123.776     0.82   11.06
-234904.020   127.566    10.07   12.06
-234527.869   132.506    13.13   14.55
-234151.719   132.655     0.40   16.04
-233775.568   132.429    -0.60   16.33
-233399.418   130.361    -5.50   16.10
-233023.267   135.763    14.36   18.99
-232647.117   145.814    26.72   21.51
-232270.967   154.781    23.84   19.55
-231894.817   167.096    32.74   22.19
-231518.667   177.926    28.79   20.74
-231142.516   185.682    20.62   17.86
-230766.367   195.007    24.79   11.27
-230390.217   193.611    -3.71   11.92
-230014.067   185.461   -21.67   21.85
-229637.917   177.609   -20.87   25.97
-229261.767   168.115   -25.24   26.86
-228885.618   167.122    -2.64   25.09
-228509.468   165.942    -3.14   27.67
-228133.318   170.173    11.25   25.01
-227757.169   167.528    -7.03   21.35
-227381.019   167.404    -0.33   19.26
-227004.870   173.709    16.76   16.13
-226628.720   175.513     4.80   16.39
-226252.571   171.277   -11.26   20.92
-225876.422   158.281   -34.55   26.36
-225500.272   140.891   -46.23   24.61
-225124.123   129.171   -31.16   18.14
-224747.974   121.667   -19.95   14.24
-224371.825   115.686   -15.90   12.83
-223995.676   113.250    -6.48   15.62
-223619.526   111.404    -4.91   16.84
-223243.377   109.378    -5.39   17.16
-222867.228   105.304   -10.83   13.31
-222491.079   103.566    -4.62    9.81
-222114.930   107.660    10.89   15.31
-221738.781   111.975    11.47   18.47
-221362.632   117.628    15.03   19.93
-220986.483   116.942    -1.82   20.34
-220610.334   113.618    -8.84   20.16
-220234.185   107.142   -17.22   17.77
-219858.036    98.007   -24.29   12.81
-219481.887    91.722   -16.71    7.44
-219105.738    89.968    -4.66    6.10
-218729.590    87.125    -7.56    4.88
-218353.441    84.444    -7.13    4.51
-217977.292    80.199   -11.29    7.01
-217601.143    76.750    -9.17    7.46
-217224.994    76.803     0.14    8.10
-216848.845    78.558     4.67   11.45
-216472.696    82.039     9.26   12.48
-216096.547    86.655    12.27   11.38
-215720.398    90.493    10.20   10.63
-215344.249    95.100    12.25   12.33
-214968.100   107.111    31.93   19.61
-214591.951   119.725    33.53   20.46
-214215.802   134.908    40.36   19.82
-213839.653   144.583    25.72   14.00
-213463.504   147.196     6.95   12.52
-213087.355   147.056    -0.37   16.53
-212711.206   142.763   -11.41   18.19
-212335.057   139.404    -8.93   21.63
-211958.908   136.061    -8.89   23.31
-211582.759   126.475   -25.48   24.56
-211206.610   115.934   -28.02   22.61
-210830.461   101.855   -37.43   21.35
-210454.312    94.466   -19.64   15.57
-210078.162    93.865    -1.60   13.79
-209702.013   102.953    24.16   18.78
-209325.864   118.583    41.55   20.77
-208949.715   135.558    45.13   25.84
-208573.565   154.028    49.10   22.53
-208197.416   164.865    28.81   18.08
-207821.266   173.737    23.59   10.15
-207445.117   175.856     5.63    6.55
-207068.967   171.791   -10.81   10.13
-206692.818   167.655   -10.99   12.77
-206316.668   165.385    -6.04   13.20
-205940.518   163.950    -3.82   17.11
-205564.369   163.493    -1.21   15.14
-205188.219   155.019   -22.53   22.19
-204812.069   140.250   -39.26   26.78
-204435.919   121.224   -50.58   29.65
-204059.769    99.953   -56.55   23.89
-203683.619    93.145   -18.10   15.65
-203307.469    96.329     8.47   19.00
-202931.319   113.333    45.21   27.70
-202555.169   130.088    44.54   28.69
-202179.018   152.500    59.58   20.63
-201802.868   164.408    31.66   16.51
-201426.718   176.276    31.55   13.95
-201050.567   186.156    26.27   10.46
-200674.417   190.513    11.58    7.53
-200298.266   193.750     8.61    5.97
-199922.115   192.472    -3.40    7.19
-199545.965   188.763    -9.86    9.18
-199169.814   185.601    -8.40   11.49
-198793.663   182.840    -7.34   12.17
-198417.512   180.019    -7.50   12.25
-198041.361   178.750    -3.37   11.46
-197665.209   181.224     6.58   10.01
-197289.058   178.609    -6.95   11.05
-196912.907   174.803   -10.12   12.22
-196536.755   173.472    -3.54   13.35
-196160.604   175.331     4.94   11.92
-195784.452   179.926    12.21   11.49
-195408.300   182.899     7.90   12.38
-195032.148   188.304    14.37   13.06
-194655.996   193.062    12.65   13.96
-194279.844   199.276    16.52   12.01
-193903.692   203.481    11.18    7.40
-193527.540   203.056    -1.13    5.39
-193151.387   199.173   -10.32    6.09
-192775.235   196.791    -6.33    5.19
-192399.082   193.066    -9.90    6.52
-192022.930   189.539    -9.37    9.77
-191646.777   187.506    -5.40   10.74
-191270.624   182.574   -13.11   12.30
-190894.471   175.250   -19.47   16.65
-190518.317   169.250   -15.95   17.09
-190142.164   164.821   -11.77   16.15
-189766.011   163.601    -3.24   16.35
-189389.857   162.115    -3.95   18.66
-189013.703   162.304     0.50   17.28
-188637.550   161.764    -1.44   14.56
-188261.410   159.694    -5.50   13.89
-187885.278   162.224     6.73   13.56
-187509.145   161.301    -2.45   14.28
-187133.012   156.764   -12.06   14.14
-186756.879   145.224   -30.68   19.23
-186380.746   128.145   -45.41   26.09
-186004.613   118.635   -25.28   23.33
-185628.480   114.007   -12.30   20.49
-185252.346   124.609    28.19   25.76
-184876.212   148.750    64.18   23.87
-184500.079   168.250    51.84   18.25
-184123.945   181.506    35.24   13.62
-183747.811   189.809    22.07    7.37
-183371.676   191.968     5.74    5.68
-182995.542   192.196     0.61    5.76
-182619.407   192.111    -0.23    5.68
-182243.273   192.953     2.24    4.77
-181867.138   191.861    -2.90    6.52
-181491.003   183.750   -21.56   12.96
-181114.868   175.591   -21.69   15.83
-180738.732   164.628   -29.15   16.75
-180362.597   155.660   -23.84   14.06
-179986.461   152.197    -9.21   17.01
-179610.325   153.250     2.80   17.03
-179234.189   161.655    22.35   16.12
-178858.053   169.788    21.62   16.21
-178481.917   178.980    24.44   14.53
-178105.780   185.358    16.96   11.14
-177729.643   189.709    11.57    8.30
-177353.506   188.821    -2.36    9.88
-176977.369   184.481   -11.54   12.43
-176601.232   175.942   -22.70   15.16
-176225.095   164.507   -30.40   17.69
-175848.957   153.142   -30.22   15.63
-175472.819   147.083   -16.11   13.18
-175096.681   148.039     2.54   15.49
-174720.543   156.375    22.16   16.96
-174344.405   165.304    23.74   14.22
-173968.266   173.276    21.19   12.32
-173592.127   177.145    10.28   10.03
-173215.988   175.994    -3.06    6.90
-172839.849   172.304    -9.81    6.96
-172463.710   170.100    -5.86    6.97
-172087.570   171.513     3.76    8.52
-171711.430   176.061    12.09    9.47
-171335.290   183.331    19.33    8.52
-170959.150   189.194    15.59    5.44
-170583.010   189.609     1.10    5.58
-170206.869   189.045    -1.50    6.33
-169830.728   187.079    -5.23    7.84
-169454.587   182.145   -13.12    9.53
-169078.446   175.277   -18.26   12.42
-168702.305   168.056   -19.20   17.39
-168326.163   158.788   -24.64   21.59
-167950.021   150.574   -21.84   22.72
-167573.879   139.404   -29.70   20.36
-167197.737   133.855   -14.75   19.24
-166821.594   130.275    -9.52   17.79
-166445.451   127.682    -6.89   18.72
-166069.308   125.325    -6.27   20.49
-165693.165   126.276     2.53   18.15
-165317.022   132.444    16.40   17.33
-164940.878   142.061    25.57   17.47
-164564.734   154.899    34.13   12.80
-164188.590   162.655    20.62    9.00
-163812.445   168.724    16.13    8.32
-163436.301   171.926     8.51    8.72
-163060.156   172.686     2.02    8.13
-162684.011   170.618    -5.50    8.35
-162307.865   165.088   -14.70    8.43
-161931.720   159.763   -14.16    8.06
-161555.574   156.840    -7.77    7.39
-161179.428   152.645   -11.15    7.41
-160803.281   148.361   -11.39    8.63
-160427.135   140.865   -19.93   13.56
-160050.988   130.778   -26.82   16.18
-159674.841   121.506   -24.65   13.67
-159298.693   111.891   -25.56   11.23
-158922.545   103.221   -23.05   10.95
-158546.398    98.223   -13.29   10.10
-158170.249    93.088   -13.65    7.60
-157794.101    91.034    -5.46    5.79
-157417.952    88.115    -7.76    5.25
-157041.803    85.056    -8.13    6.23
-156665.654    82.925    -5.66    6.45
-156289.504    80.968    -5.20    5.96
-155913.355    79.088    -5.00    5.70
-155537.204    77.829    -3.35    6.50
-155161.054    75.197    -7.00    5.84
-154784.903    71.917    -8.72    6.47
-154408.753    67.709   -11.18    8.18
-154032.601    63.865   -10.22    8.91
-153656.450    60.556    -8.80    7.60
-153280.298    58.968    -4.22    6.46
-152904.146    57.712    -3.34    4.47
-152527.994    58.188     1.27    4.10
-152151.841    61.013     7.51    6.00
-151775.688    68.682    20.39   13.08
-151399.535    80.034    30.18   19.47
-151023.381    98.481    49.04   26.28
-150647.227   118.061    52.05   26.51
-150271.073   134.122    42.70   21.69
-149894.919   147.583    35.79   16.82
-149518.764   159.196    30.87   12.57
-149142.609   167.724    22.67    9.75
-148766.454   174.250    17.35    7.51
-148390.298   178.840    12.20    7.11
-148014.142   181.872     8.06    4.54
-147637.986   181.276    -1.58    6.26
-147261.830   179.682    -4.24    6.61
-146885.673   177.088    -6.90    8.07
-146509.515   175.628    -3.88    8.29
-146133.358   177.938     6.14    7.06
-145757.200   181.917    10.58    5.48
-145381.042   184.199     6.07    7.01
-145004.883   185.278     2.87    7.69
-144628.725   188.173     7.70    6.08
-144252.566   189.444     3.38    5.91
-143876.406   187.917    -4.06    7.59
-143500.246   186.671    -3.31    6.28
-143124.086   185.520    -3.06    5.34
-142747.926   183.358    -5.75    7.45
-142371.765   182.712    -1.72    7.99
-141995.604   181.518    -3.17    8.09
-141619.442   180.556    -2.56    6.32
-141243.281   180.071    -1.29    6.55
-140867.118   178.250    -4.84    9.55
-140490.956   175.574    -7.11   12.03
-140114.793   169.872   -15.16   13.67
-139738.630   161.879   -21.25   16.32
-139362.467   153.968   -21.03   17.81
-138986.303   148.650   -14.14   16.97
-138610.138   149.872     3.25   18.96
-138233.974   157.865    21.25   19.21
-137857.809   162.500    12.32   13.76
-137481.644   160.171    -6.19   14.10
-137105.478   154.429   -15.26   16.04
-136729.312   150.908    -9.36   15.85
-136353.146   154.083     8.44   14.06
-135976.979   160.171    16.18   11.68
-135600.812   165.925    15.30    7.66
-135224.645   165.222    -1.87    9.58
-134848.477   158.045   -19.08   14.92
-134472.309   143.303   -39.19   21.52
-134096.140   132.331   -29.17   19.53
-133719.971   123.709   -22.92   14.88
-133343.802   118.972   -12.59   11.41
-132967.632   116.506    -6.56   11.74
-132591.462   111.600   -13.04   14.02
-132215.292   109.466    -5.67   16.10
-131839.121   108.925    -1.44   19.30
-131462.950   106.855    -5.50   18.86
-131086.778   102.224   -12.31   15.09
-130710.606    96.520   -15.16   11.39
-130334.434    92.455   -10.81    9.41
-129958.261    90.061    -6.36   10.64
-129582.088    88.972    -2.89   13.20
-129205.914    80.355   -22.91   15.46
-128829.740    76.389   -10.54   15.21
-128453.566    77.583     3.18   16.79
-128077.391    87.917    27.47   23.55
-127701.216   100.556    33.60   25.55
-127325.041   120.736    53.65   17.31
-126948.865   130.169    25.07   13.48
-126572.688   129.007    -3.09   19.06
-126196.512   120.125   -23.61   25.09
-125820.335   109.709   -27.69   23.71
-125444.157   102.118   -20.18   20.33
-125067.979    99.513    -6.93   18.08
-124691.801    95.592   -10.42   16.52
-124315.622    98.872     8.72   16.72
-123939.443   102.224     8.91   17.58
-123563.263   110.434    21.82   20.31
-123187.083   123.472    34.66   20.25
-122810.903   135.277    31.38   22.44
-122434.722   150.861    41.43   17.10
-122058.540   160.118    24.61   11.64
-121682.359   166.429    16.78    7.64
-121306.177   166.719     0.77    7.14
-120929.994   162.845   -10.30    8.81
-120553.811   157.412   -14.44    8.18
-120177.627   151.169   -16.60    9.08
-119801.444   143.840   -19.48   12.50
-119425.259   132.736   -29.52   18.77
-119049.075   115.122   -46.82   26.38
-118672.889   102.865   -32.58   22.18
-118296.704    98.609   -11.31   17.74
-117920.518   105.926    19.45   20.64
-117544.331   117.994    32.08   19.95
-117168.144   126.171    21.74   25.88
-116791.957   134.972    23.40   27.80
-116415.769   147.169    32.42   25.49
-116039.580   156.899    25.86   16.87
-115663.392   158.304     3.74    9.66
-115287.202   157.618    -1.82    8.65
-114911.013   157.432    -0.50    8.77
-114534.823   154.275    -8.39    9.70
-114158.632   152.618    -4.40    9.49
-113782.441   148.306   -11.46   10.44
-113406.250   138.686   -25.57   14.71
-113030.152   126.682   -31.92   18.16
-112654.054   108.750   -47.68   24.35
-112277.955    94.171   -38.76   20.25
-111901.856    89.173   -13.29   16.99
-111525.756    90.304     3.01   18.74
-111149.656    90.197    -0.28   18.44
-110773.556    94.600    11.71   17.27
-110397.455    98.479    10.31   18.52
-110021.353   107.872    24.97   20.67
-109645.251   116.412    22.71   16.12
-109269.149   114.980    -3.81   19.24
-108893.046   115.304     0.86   18.69
-108516.942   119.028     9.90   16.83
-108140.838   125.075    16.08   14.66
-107764.734   132.118    18.73   11.41
-107388.629   139.764    20.33   12.12
-107012.523   151.019    29.93   15.12
-106636.418   161.145    26.92   15.03
-106260.311   169.355    21.83   10.77
-105884.204   170.088     1.95   10.44
-105508.097   163.840   -16.61   14.65
-105131.989   151.972   -31.55   15.57
-104755.880   139.329   -33.62   15.13
-104379.772   133.725   -14.90   13.58
-104003.662   132.735    -2.63   12.15
-103627.552   126.481   -16.63   17.52
-103251.442   117.547   -23.75   20.55
-102875.331   108.694   -23.54   19.57
-102499.219    95.250   -35.75   14.63
-102123.107    92.389    -7.61   12.59
-101746.995    93.539     3.06   14.74
-101370.882    93.558     0.05   16.32
-100994.768    88.412   -13.68   15.37
-100618.654    87.583    -2.20   13.40
-100242.540    88.327     1.98   13.54
 -99866.425    95.583    19.29   15.04
 -99490.309   107.882    32.70   16.03
 -99114.193   115.763    20.95   15.03
 -98738.076   120.655    13.01   12.42
 -98361.959   118.845    -4.81   14.94
 -97985.841   113.655   -13.80   18.76
 -97609.723   107.250   -17.03   18.29
 -97233.604   112.788    14.73   19.43
 -96857.485   122.934    26.97   22.02
 -96481.365   134.111    29.72   21.27
 -96105.245   148.845    39.17   13.80
 -95729.124   155.333    17.25    6.70
 -95353.002   153.197    -5.68    7.88
 -94976.880   148.455   -12.61   10.98
 -94600.758   139.818   -22.96   13.84
 -94224.634   125.566   -37.89   23.29
 -93848.511   113.645   -31.69   23.39
 -93472.386   105.645   -21.27   20.19
 -93096.262   101.196   -11.83   18.47
 -92720.136   103.350     5.73   19.99
 -92344.010   111.196    20.86   21.77
 -91967.884   121.601    27.66   15.83
 -91591.757   128.169    17.46   10.37
 -91215.629   130.444     6.05    8.99
 -90839.501   126.942    -9.31   11.56
 -90463.372   117.763   -24.41   14.19
 -90087.243   109.833   -21.08   14.76
 -89711.113    97.566   -32.62   12.67
 -89334.983    88.056   -25.28   10.47
 -88958.852    79.736   -22.12   11.24
 -88582.720    71.712   -21.34   11.71
 -88206.588    65.466   -16.60   11.41
 -87830.455    59.197   -16.67    8.72
 -87454.322    54.908   -11.40    6.10
 -87078.188    50.475   -11.79    6.90
 -86702.054    46.682   -10.08    7.98
 -86325.919    45.225    -3.87    7.64
 -85949.783    45.122    -0.27    7.59
 -85573.647    47.417     6.10    9.34
 -85197.510    55.007    20.18   12.07
 -84821.372    64.169    24.36   16.26
 -84445.234    73.882    25.82   18.29
 -84069.096    90.865    45.15   22.86
 -83692.957   103.528    33.66   23.65
 -83316.817   115.225    31.10   21.00
 -82940.676   121.592    16.93   19.17
 -82564.535   118.750    -7.56   20.49
 -82188.394   111.461   -19.38   23.00
 -81812.252    98.994   -33.14   26.73
 -81436.109    86.329   -33.67   22.70
 -81059.965    82.361   -10.55   18.70
 -80683.821    91.583    24.52   25.66
 -80307.677   112.196    54.80   27.07
 -79931.532   127.775    41.42   20.56
 -79555.386   141.122    35.48   12.23
 -79179.239   148.621    19.94    5.78
 -78803.092   152.926    11.44    6.88
 -78426.944   158.088    13.72    5.92
 -78050.796   160.355     6.03    4.84
 -77674.647   161.122     2.04    4.23
 -77298.498   159.250    -4.98    7.18
 -76922.347   150.909   -22.18   14.09
 -76546.196   142.814   -21.52   16.38
 -76170.045   134.961   -20.88   15.60
 -75793.893   123.412   -30.70   21.31
 -75417.740   115.355   -21.42   22.50
 -75041.587   113.788    -4.17   19.53
 -74665.433   113.361    -1.14   18.63
 -74289.278   122.096    23.22   15.22
 -73913.123   132.694    28.18    9.43
 -73536.967   137.408    12.53    7.73
 -73160.810   140.840     9.12    5.96
 -72784.653   140.781    -0.16    7.31
 -72408.495   136.899   -10.32    9.20
 -72032.337   129.980   -18.39   14.97
 -71656.178   125.034   -13.15   17.39
 -71280.018   116.532   -22.60   20.18
 -70903.857   105.115   -30.35   20.44
 -70527.696    98.814   -16.75   17.08
 -70151.535   100.481     4.43   19.44
 -69775.372   104.583    10.91   22.67
 -69399.209   112.088    19.95   21.62
 -69023.045   111.404    -1.82   21.99
 -68646.881   109.763    -4.36   18.17
 -68270.716   106.500    -8.67   14.21
 -67894.550   102.724   -10.04   12.33
 -67518.384   101.764    -2.55    7.94
 -67142.217   100.872    -2.37    6.89
 -66766.049    97.404    -9.22    7.29
 -66389.880    93.344   -10.79    7.47
 -66013.711    86.788   -17.43   10.20
 -65637.542    81.429   -14.25   10.35
 -65261.371    77.361   -10.82   11.14
 -64885.200    73.019   -11.54   11.18
 -64509.028    67.007   -15.98   10.16
 -64132.856    60.199   -18.10   10.59
 -63756.682    54.724   -14.55   10.01
 -63380.509    55.566     2.24   12.77
 -63004.334    62.331    17.98   19.30
 -62628.159    75.173    34.14   21.66
 -62251.983    92.675    46.53   16.40
 -61875.806   107.083    38.30   12.69
 -61499.629   115.980    23.65   12.58
 -61123.451   125.872    26.30    9.56
 -60747.272   129.872    10.63    8.22
 -60371.093   131.764     5.03    9.38
 -59994.912   131.964     0.53   12.98
 -59618.732   128.071   -10.35   19.70
 -59242.550   132.917    12.88   18.09
 -58866.368   140.667    20.60   16.22
 -58490.185   151.199    28.00   11.62
 -58114.001   158.444    19.26    7.32
 -57737.817   160.250     4.80    6.09
 -57361.632   160.618     0.98    5.90
 -56985.446   156.583   -10.73    8.49
 -56609.259   148.736   -20.86   14.60
 -56233.072   138.224   -27.95   16.62
 -55856.884   128.660   -25.42   16.04
 -55480.696   123.439   -13.88   17.12
 -55104.506   129.145    15.17   18.28
 -54728.316   135.358    16.52   18.65
 -54352.125   136.034     1.80   23.12
 -53975.934   141.007    13.22   21.53
 -53599.741   146.083    13.49   18.14
 -53223.548   148.994     7.74   17.79
 -52847.354   152.400     9.05   16.19
 -52471.160   155.500     8.24   11.48
 -52094.965   155.900     1.06    8.55
 -51718.769   153.697    -5.85   10.11
 -51342.572   145.891   -20.75   15.99
 -50966.374   130.709   -40.36   26.18
 -50590.176   118.378   -32.78   25.88
 -50213.977   109.972   -22.34   19.60
 -49837.777   110.926     2.53   20.48
 -49461.577   117.303    16.95   20.19
 -49085.376   119.821     6.70   18.89
 -48709.174   121.763     5.16   17.99
 -48332.971   128.994    19.22   19.30
 -47956.768   138.278    24.68   20.64
 -47580.563   153.980    41.74   13.94
 -47204.358   162.277    22.06    7.41
 -46828.153   165.513     8.60    5.36
 -46451.946   170.175    12.39    7.16
 -46075.739   172.953     7.38    9.20
 -45699.531   176.609     9.72    8.45
 -45323.322   178.539     5.13    8.04
 -44947.112   173.908   -12.31   11.42
 -44570.902   165.791   -21.58   11.96
 -44194.691   159.925   -15.59    9.87
 -43818.479   152.566   -19.56    9.41
 -43442.266   148.306   -11.32   10.48
 -43066.053   144.061   -11.28   11.87
 -42689.839   140.611    -9.17   13.43
 -42313.623   137.609    -7.98   15.10
 -41937.408   130.865   -17.92   17.39
 -41561.191   128.136    -7.26   13.19
 -41184.974   119.736   -22.33   14.35
 -40808.756   107.169   -33.40   19.50
 -40432.537    94.628   -33.33   21.38
 -40056.317    92.917    -4.55   21.55
 -39680.096    97.736    12.81   24.47
 -39303.875   115.301    46.69   23.89
 -38927.653   132.071    44.57   13.48
 -38551.430   139.455    19.63   10.91
 -38175.258   146.574    18.93    7.66
 -37799.190   150.250     9.77    7.79
 -37423.121   152.434     5.81    8.68
 -37047.052   152.500     0.17   10.01
 -36670.982   146.791   -15.18   13.47
 -36294.911   138.389   -22.34   15.94
 -35918.839   133.655   -12.59   15.37
 -35542.766   126.481   -19.08   19.14
 -35166.693   121.705   -12.70   19.75
 -34790.619   124.122     6.43   19.24
 -34414.543   129.355    13.92   18.04
 -34038.468   138.222    23.58   13.40
 -33662.391   140.994     7.37    9.47
 -33286.313   135.736   -13.98   16.22
 -32910.235   122.173   -36.07   26.29
 -32534.156   108.487   -36.39   24.81
 -32158.076    96.147   -32.81   21.76
 -31781.995    86.872   -24.66   17.69
 -31405.913    81.404   -14.54   16.00
 -31029.831    73.250   -21.68   15.49
 -30653.748    62.389   -28.88   13.18
 -30277.663    57.412   -13.23   11.37
 -29901.578    58.358     2.52   15.64
 -29525.493    64.223    15.59   21.31
 -29149.406    64.331     0.29   20.25
 -28773.318    62.450    -5.00   17.57
 -28397.230    65.950     9.31   15.67
 -28021.141    70.934    13.25   17.93
 -27645.051    83.547    33.54   18.03
 -27268.960    95.660    32.21   16.17
 -26892.868   104.382    23.19   15.35
 -26516.776   114.618    27.22   12.40
 -26140.682   121.574    18.50   10.29
 -25764.588   125.660    10.86    9.28
 -25388.493   127.722     5.48   11.29
 -25012.397   128.506     2.09   15.96
 -24636.300   132.425    10.42   18.26
 -24260.202   139.993    20.12   13.13
 -23884.103   144.196    11.18    9.70
 -23508.004   146.034     4.89    8.81
 -23131.904   147.331     3.45    6.91
 -22755.803   145.223    -5.61    7.99
 -22379.700   140.472   -12.63   12.73
 -22003.598   134.917   -14.77   17.65
 -21627.494   124.147   -28.63   24.02
 -21251.389   111.223   -34.36   28.08
 -20875.283    98.697   -33.30   27.24
 -20499.177    91.855   -18.19   25.65
 -20123.070    89.968    -5.02   23.92
 -19746.961    91.142     3.12   22.86
 -19370.852    87.686    -9.19   20.20
 -18994.742    82.222   -14.53   19.40
 -18618.632    70.566   -30.99   18.31
 -18242.520    59.671   -28.97    9.96
 -17866.407    54.188   -14.58    5.33
 -17490.294    51.455    -7.26    4.13
 -17114.179    48.466    -7.95    3.23
 -16738.064    47.466    -2.66    3.17
 -16361.948    46.034    -3.81    4.08
 -15985.831    42.889    -8.36    6.22
 -15609.713    40.329    -6.81    6.60
 -15233.594    37.429    -7.71    5.53
 -14857.474    35.088    -6.23    4.56
 -14481.353    33.635    -3.86    4.62
 -14105.232    32.712    -2.45    4.78
 -13729.109    33.071     0.95    4.71
 -13352.986    32.167    -2.40    5.07
 -12976.861    31.763    -1.07    5.67
 -12600.736    31.007    -2.01    5.86
 -12224.610    31.115     0.29    5.59
 -11848.483    31.845     1.94    4.69
 -11472.355    33.062     3.24    3.07
 -11096.226    31.737    -3.52    3.25
 -10720.096    30.671    -2.83    3.35
 -10343.965    29.722    -2.52    3.43
  -9967.833    28.173    -4.12    3.62
  -9591.701    27.083    -2.90    3.56
  -9215.567    26.697    -1.03    3.20
  -8839.433    27.224     1.40    2.79
  -8463.297    27.574     0.93    1.94
  -8087.161    27.671     0.26    1.59
  -7711.024    26.942    -1.94    2.09
  -7334.885    26.429    -1.36    2.37
  -6958.746    26.115    -0.84    2.08
  -6582.606    25.558    -1.48    1.99
  -6206.465    24.829    -1.94    2.09
  -5830.323    24.083    -1.98    2.57
  -5454.180    22.196    -5.02    2.98
  -5078.036    20.722    -3.92    2.65
  -4701.891    19.250    -3.91    2.73
  -4325.746    16.814    -6.48    4.21
  -3949.599    14.021    -7.42    6.05
  -3573.451    11.173    -7.57    5.58
  -3197.302     8.389    -7.40    3.83
  -2821.153     7.013    -3.66    3.20
  -2445.002     6.481    -1.42    2.55
  -2068.851     6.618     0.37    2.59
  -1692.698     5.829    -2.10    3.11
  -1316.545     4.855    -2.59    3.87
   -940.390     2.575    -6.06    3.50
   -564.235     1.028    -4.11    2.78
   -188.079     0.000    -2.73    1.48
    188.079    -0.250    -0.66    0.80
    564.237    -0.056     0.52    0.98
    940.396     0.250     0.81    1.33
   1316.556     1.444     3.18    2.71
   1692.718     2.829     3.68    3.45
   2068.880     3.450     1.65    3.74
   2445.043     3.899     1.19    3.97
   2821.207     3.650    -0.66    4.44
   3197.372     1.968    -4.47    4.24
   3573.539     0.329    -4.36    3.11
   3949.706    -0.724    -2.80    1.52
   4325.874    -0.417     0.82    1.78
   4702.043    -0.566    -0.40    1.69
   5078.213    -0.417     0.40    1.60
   5454.384    -0.109     0.82    1.58
   5830.556    -0.222    -0.30    2.08
   6206.729    -0.050     0.46    2.30
   6582.903     0.429     1.27    2.54
   6959.079     0.397    -0.09    2.84
   7335.255     0.601     0.54    2.61
   7711.432     1.223     1.65    2.83
   8087.610     1.697     1.26    3.16
   8463.789     2.276     1.54    3.49
   8839.969     3.061     2.09    4.01
   9216.150     2.865    -0.52    4.72
   9592.332     2.686    -0.48    5.46
   9968.516     1.776    -2.42    5.02
  10344.700     1.088    -1.83    4.58
  10720.885     0.461    -1.67    3.46
  11097.071     0.276    -0.49    2.97
  11473.258     0.361     0.23    3.05
  11849.447    -0.237    -1.59    2.28
  12225.636    -0.778    -1.44    1.56
  12601.826    -0.776     0.00    1.75
  12978.018    -0.750     0.07    1.61
  13354.210    -0.875    -0.33    1.54
  13730.403    -1.074    -0.53    1.38
  14106.598    -1.171    -0.26    1.33
  14482.793    -1.588    -1.11    1.01
  14858.990    -1.160     1.14    2.00
  15235.187    -0.561     1.59    2.58
  15611.386     0.429     2.63    3.24
  15987.586     1.224     2.11    3.48
  16363.786     1.481     0.68    3.84
  16739.988     2.142     1.76    4.04
  17116.191     1.968    -0.46    3.76
  17492.395     2.660     1.84    3.74
  17868.599     3.306     1.72    3.90
  18244.805     5.513     5.87    4.31
  18621.012     6.818     3.47    3.69
  18997.220     7.926     2.95    3.23
  19373.429     9.513     4.22    4.56
  19749.640    11.281     4.70    6.36
  20125.851    15.327    10.75    8.28
  20502.063    17.583     6.00    7.91
  20878.276    19.306     4.58    6.64
  21254.491    20.173     2.31    6.52
  21630.706    19.628    -1.45    7.22
  22006.923    18.071    -4.14    7.04
  22383.140    17.066    -2.67    7.42
  22759.359    16.882    -0.49    7.05
  23135.579    17.142     0.69    7.21
  23511.800    19.147     5.33    7.40
  23888.021    21.300     5.72    6.86
  24264.244    23.278     5.26    5.72
  24640.468    23.818     1.43    5.26
  25016.694    22.899    -2.44    5.00
  25392.920    21.520    -3.66    4.32
  25769.147    21.466    -0.14    3.05
  26145.376    22.164     1.86    2.44
  26521.605    22.122    -0.11    2.56
  26897.836    22.224     0.27    2.79
  27274.067    22.845     1.65    3.23
  27650.300    23.276     1.15    3.01
  28026.534    23.278     0.01    3.11
  28402.769    23.908     1.67    2.68
  28779.005    23.840    -0.18    3.14
  29155.242    23.788    -0.14    3.80
  29531.480    23.493    -0.78    3.66
  29907.720    23.803     0.82    3.62
  30283.960    23.045    -2.01    2.61
  30660.202    23.520     1.26    3.87
  31036.444    24.250     1.94    4.17
  31412.688    24.926     1.80    5.10
  31788.933    26.223     3.45    5.17
  32165.179    26.899     1.80    4.89
  32541.426    28.083     3.15    5.02
  32917.675    30.378     6.10    5.27
  33293.924    33.550     8.43    6.66
  33670.174    35.439     5.02    6.20
  34046.426    35.800     0.96    5.38
  34422.679    35.882     0.22    5.58
  34798.933    34.994    -2.36    5.24
  35175.188    36.007     2.69    6.18
  35551.444    38.429     6.44    6.65
  35927.701    41.278     7.57    5.90
  36303.960    42.818     4.09    5.35
  36680.219    43.118     0.80    4.93
  37056.336    40.821    -6.11    5.30
  37432.374    40.019    -2.13    4.90
  37808.414    38.071    -5.18    4.96
  38184.455    37.056    -2.70    5.80
  38560.498    37.385     0.88    6.03
  38936.541    37.818     1.15    5.63
  39312.585    38.882     2.83    5.48
  39688.631    39.125     0.65    5.45
  40064.678    40.304     3.14    6.07
  40440.726    39.763    -1.44    5.49
  40816.775    39.697    -0.17    5.11
  41192.825    39.066    -1.68    3.37
  41568.877    38.439    -1.67    3.90
  41944.929    38.525     0.23    4.21
  42320.983    38.776     0.67    4.68
  42697.038    39.083     0.82    4.58
  43073.094    39.385     0.80    4.37
  43449.151    40.222     2.23    4.06
  43825.210    40.712     1.30    3.95
  44201.269    41.763     2.80    3.69
  44577.330    43.279     4.03    4.99
  44953.392    46.304     8.05    5.11
  45329.455    49.628     8.84    6.07
  45705.519    53.709    10.85    6.77
  46081.584    57.450     9.95    7.17
  46457.651    59.439     5.29    6.73
  46833.719    60.122     1.82    6.95
  47209.788    59.566    -1.48    6.61
  47585.858    58.301    -3.36    5.70
  47961.929    56.574    -4.59    4.51
  48338.002    57.079     1.34    4.76
  48714.075    58.013     2.48    4.97
  49090.150    60.944     7.79    5.53
  49466.226    61.709     2.03    6.00
  49842.304    64.444     7.27    6.60
  50218.382    68.358    10.41    7.77
  50594.462    73.968    14.92    9.03
  50970.543    79.132    13.73    8.71
  51346.625    87.122    21.24    8.68
  51722.708    93.618    17.27    9.00
  52098.792    98.639    13.35    9.66
  52474.878   102.686    10.76    7.78
  52850.965   101.961    -1.93    8.50
  53227.053    99.737    -5.91    8.48
  53603.142    96.147    -9.54    8.80
  53979.233    96.096    -0.14    8.76
  54355.324    95.304    -2.11    9.26
  54731.417    96.250     2.52    8.33
  55107.511    98.199     5.18    9.26
  55483.607   100.861     7.08    9.40
  55859.703   102.872     5.35    6.70
  56235.801    99.791    -8.19   10.24
  56611.900   100.223     1.15    9.67
  56988.000    98.382    -4.90    8.37
  57364.102    97.500    -2.34    7.34
  57740.204    92.500   -13.29    8.53
  58116.308    86.803   -15.15    8.30
  58492.414    85.818    -2.62    8.67
  58868.520    85.865     0.13    9.06
  59244.628    88.092     5.92   10.24
  59620.736    91.934    10.22   10.11
  59996.847    94.034     5.58   10.21
  60372.958    96.096     5.48    9.15
  60749.070    98.385     6.09    8.27
  61125.184    99.942     4.14    6.94
  61501.299   102.200     6.00    6.78
  61877.416   105.162     7.87    4.48
  62253.533   104.655    -1.35    6.65
  62629.652   103.926    -1.94    9.48
  63005.772   101.953    -5.25    9.51
  63381.893   101.709    -0.65    8.84
  63758.016   103.278     4.17    7.78
  64134.140   101.712    -4.16    6.62
  64510.265    99.788    -5.11    7.30
  64886.391    96.061    -9.91    7.47
  65262.519    90.566   -14.61    8.96
  65638.648    83.618   -18.47   12.87
  66014.778    76.917   -17.82   11.84
  66390.909    75.007    -5.08   11.53
  66767.042    77.891     7.67   12.89
  67143.176    86.444    22.74   11.40
  67519.311    92.224    15.37    6.75
  67895.448    94.404     5.79    5.16
  68271.585    91.406    -7.97    8.30
  68647.724    83.968   -19.78   11.95
  69023.865    80.791    -8.45    9.60
  69400.006    82.818     5.39   10.27
  69776.149    85.791     7.90   10.83
  70152.293    84.139    -4.39   12.92
  70528.439    80.145   -10.62   13.59
  70904.586    76.429    -9.88   12.18
  71280.734    76.709     0.74   11.77
  71656.883    79.327     6.96   12.97
  72033.033    84.276    13.16   11.26
  72409.185    89.327    13.43   10.37
  72785.339    94.520    13.81   10.91
  73161.493   101.071    17.41   10.85
  73537.649   106.115    13.41    9.23
  73913.806   111.118    13.30    7.36
  74289.964   116.980    15.58    9.11
  74666.124   122.875    15.67    9.47
  75042.285   127.968    13.54    8.50
  75418.447   129.145     3.13    8.62
  75794.611   127.611    -4.08   10.15
  76170.776   122.660   -13.16   11.74
  76546.942   118.583   -10.84    9.91
  76923.110   116.566    -5.36    8.94
  77299.279   116.891     0.86    8.94
  77675.449   120.899    10.65    9.91
  78051.620   126.961    16.11   11.01
  78427.793   132.353    14.33    8.09
  78803.967   133.071     1.91    5.99
  79180.143   129.466    -9.58    7.68
  79556.320   126.122    -8.89    9.41
  79932.498   123.439    -7.13   11.21
  80308.677   122.778    -1.76   13.04
  80684.858   121.655    -2.98   11.34
  81061.040   119.964    -4.50    9.00
  81437.224   113.096   -18.26   14.76
  81813.409   104.942   -21.68   14.13
  82189.595   101.806    -8.34   14.20
  82565.782   104.660     7.59   16.83
  82941.971   112.167    19.95   13.47
  83318.161   114.276     5.61    8.50
  83694.353   111.481    -7.43   10.02
  84070.546   106.277   -13.83   11.81
  84446.740    96.487   -26.02   14.99
  84822.935    87.697   -23.36   15.62
  85199.132    78.600   -24.18   14.18
  85575.330    75.953    -7.04   11.52
  85951.530    79.300     8.90   13.65
  86327.731    84.763    14.52   16.99
  86703.933    90.639    15.62   18.31
  87080.137    98.574    21.09   15.06
  87456.342   105.528    18.48   10.20
  87832.549   108.461     7.80    9.52
  88208.756   109.550     2.90    9.23
  88584.965   112.000     6.51    8.29
  88961.176   116.650    12.36   10.79
  89337.388   123.461    18.10   12.95
  89713.601   128.961    14.62   10.94
  90089.816   132.961    10.63    7.59
  90466.032   132.763    -0.53    7.10
  90842.249   132.197    -1.50    5.91
  91218.468   133.500     3.46    7.24
  91594.688   139.404    15.69   10.32
  91970.910   147.953    22.72   10.78
  92347.133   155.175    19.20    9.54
  92723.357   161.455    16.69    6.68
  93099.583   165.421    10.54    5.30
  93475.810   167.034     4.29    4.41
  93852.038   167.953     2.44    6.19
  94228.268   168.408     1.21    8.81
  94604.499   170.404     5.31    9.61
  94980.732   172.845     6.49    9.88
  95356.966   176.100     8.65   11.00
  95733.201   181.096    13.28   10.54
  96109.438   186.303    13.84    9.28
  96485.676   189.412     8.26    8.06
  96861.916   189.353    -0.16    8.77
  97238.157   185.096   -11.31    9.06
  97614.400   180.306   -12.73    8.12
  97990.643   176.788    -9.35    6.12
  98366.889   173.778    -8.00    4.20
  98743.135   171.558    -5.90    4.27
  99119.384   171.481    -0.20    3.81
  99495.633   172.406     2.46    4.02
  99871.884   173.926     4.04    3.90
 100248.136   174.736     2.15    4.04
 100624.390   172.601    -5.67    5.60
 101000.645   168.013   -12.19    6.38
 101376.902   164.818    -8.49    5.51
 101753.160   164.045    -2.05    6.83
 102129.420   164.147     0.27   10.27
 102505.681   161.635    -6.68   13.66
 102881.943   156.169   -14.53   17.35
 103258.207   145.891   -27.32   17.82
 103634.472   134.353   -30.67   18.39
 104010.739   126.917   -19.76   13.24
 104387.007   130.404     9.27   16.06
 104763.276   139.709    24.73   19.22
 105139.547   153.382    36.34   16.93
 105515.820   165.712    32.77   11.75
 105892.093   173.812    21.53    7.35
 106268.369   175.635     4.84    6.08
 106644.646   171.583   -10.77    8.73
 107020.924   167.528   -10.78   11.65
 107397.203   163.301   -11.23   12.35
 107773.485   162.682    -1.64   16.10
 108149.767   167.994    14.11   18.27
 108526.051   171.712     9.88   19.07
 108902.337   171.223    -1.30   17.87
 109278.624   166.355   -12.94   17.15
 109654.912   156.840   -25.29   16.23
 110031.202   146.019   -28.76   17.23
 110407.493   135.872   -26.97   13.95
 110783.786   130.092   -15.36   11.30
 111160.080   125.493   -12.22   10.79
 111536.376   121.764    -9.91   11.69
 111912.673   122.115     0.93   11.14
 112288.692   124.875     7.34   11.50
 112664.700   131.942    18.80   13.44
 113040.710   138.891    18.48   11.15
 113416.722   142.194     8.79   10.09
 113792.735   140.635    -4.15    9.62
 114168.749   137.806    -7.52    8.50
 114544.765   134.712    -8.23    7.49
 114920.782   130.171   -12.08    5.62
 115296.801   126.566    -9.59    6.73
 115672.822   121.466   -13.56    8.26
 116048.844   114.814   -17.69   10.78
 116424.867   104.201   -28.22   15.15
 116800.892    91.694   -33.26   16.51
 117176.918    79.829   -31.56   17.52
 117552.946    68.358   -30.51   13.81
 117928.975    62.466   -15.67   10.84
 118305.006    58.196   -11.36    9.26
 118681.039    56.479    -4.57    9.07
 119057.073    58.650     5.77   11.50
 119433.108    65.550    18.35   18.24
 119809.145    71.791    16.60   20.31
 120185.183    77.694    15.70   20.52
 120561.223    84.865    19.07   18.47
