#  352.979  -2.008   3.624 ;Mean Elev.(m), Avg Gradient(m/km), RMS Gradient(m/km) - SRTM1     
#  355.154  -1.708   5.911 ;Mean Elev.(m), Avg Gradient(m/km), RMS Gradient(m/km) - ASTER GDEM
#  357.496  -2.049   3.139 ;Mean Elev.(m), Avg Gradient(m/km), RMS Gradient(m/km) - GMTED2010 
  7  22.684715   2.007246   350.126   350.183  3 52464.85288604 52.803
  8  22.684492   2.006904   349.535   349.545  3 52499.85288181 17.560
  9  22.680099   2.011282   350.478   350.478  2 52534.85287013 50.426
 10  22.683921   2.007863   350.889   350.888  3 52569.85289972 53.009
 11  22.682536   2.009071   351.882   351.881  4 52604.85287888 52.036
 12  22.681109   2.010271   352.217   352.233  3 52639.85286300 52.192
 13  22.684161   2.007406   350.985   350.989  4 52674.85285672 52.378
 14  22.682656   2.007808   350.037   350.033  3 52709.85287516 45.488
 15  22.675443   2.014097   350.355   350.355  2 52744.85290472 51.221
 16  22.681152   2.010945   350.908   350.931  3 52779.85284046 50.870
 17  22.679543   2.011551   350.101   350.117  3 52814.85292376 50.664
 18  22.683246   2.008381   350.508   350.516  4 52849.85297550 50.989
 19  22.679074   2.012593   350.918   350.918  2 52884.85301156 52.319
 20  22.684440   2.007581   351.067   351.094  4 52919.85296657 49.981
 21  22.690441   2.000942   351.470   351.482  4 52954.85292868 50.874
 22  22.694027   1.998350   351.973   352.018  3 52989.85293898 49.756
 23  22.693649   1.998951   350.894   350.939  3 53024.85291724 50.619
 24  22.694667   1.997720   350.535   350.535  2 53059.85291737 50.120
 25  22.675658   2.014935   349.963   349.963  2 53094.85295690 51.545
 26  22.691161   2.001118   350.872   350.901  3 53129.85292617 52.148
 28  22.683684   2.007330   349.135   349.123  3 53199.85299880 38.741
 29  22.694599   1.997367   349.786   349.786  2 53234.85296621 50.253
 30  22.682658   2.009980   349.731   349.734  3 53269.85293333 50.989
 31  22.674784   2.015087   350.072   350.089  3 53304.85299631 51.682
 32  22.683075   2.008494   351.231   351.229  4 53339.85296330 51.176
 33  22.688227   2.002519   351.288   351.242  3 53374.85289301 51.775
 34  22.687810   2.003269   350.412   350.416  3 53409.85293636 49.831
 35  22.684499   2.007919   349.800   349.807  3 53444.85292023 51.438
 36  22.676185   2.013763   350.137   350.137  2 53479.85300177 37.820
 37  22.683586   2.007776   350.484   350.480  3 53514.85300759 51.497
 38  22.676901   2.013957   349.897   349.897  2 53549.85302811 50.892
 39  22.686324   2.005112   349.273   349.266  3 53584.85298720 50.328
 40  22.680574   2.010306   349.912   349.888  3 53619.85294533 51.054
 41  22.682241   2.009890   349.993   349.999  3 53654.85297249 51.004
 42  22.680732   2.010432   351.453   351.507  3 53689.85296643 50.334
 43  22.687656   2.003498   350.808   350.827  4 53724.85288930 51.953
 44  22.693439   1.997839   350.211   350.222  3 53759.85283197 50.982
 45  22.689152   2.001871   349.851   349.854  4 53794.85285099 51.697
 46  22.688311   2.002834   350.604   350.609  4 53829.85282876 50.313
 47  22.680245   2.011159   350.073   350.083  3 53864.85290881 49.669
 48  22.683077   2.009205   350.000   350.017  3 53899.85293454 51.259
 49  22.671708   2.016716   349.499   349.490  3 53934.85297940 51.001
 50  22.677797   2.013044   349.673   349.670  3 53969.85294774 49.913
 51  22.686719   2.005425   350.221   350.223  4 54004.85292145 51.653
 52  22.688313   2.003150   350.854   350.875  3 54039.85295230 52.550
 53  22.685202   2.007342   352.754   352.717  3 54074.85294722 51.121
 54  22.683002   2.009148   351.573   351.538  3 54109.85289207 50.796
 55  22.683754   2.007154   350.864   350.838  3 54144.85288627 51.902
 56  22.683394   2.008336   350.799   350.799  4 54179.85287714 50.778
 57  22.682579   2.008812   350.658   350.662  3 54214.85289412 52.407
 58  22.682738   2.008772   350.476   350.536  3 54249.85292212 21.592
 59  22.685366   2.006144   350.288   350.292  4 54284.85292877 52.077
 60  22.686081   2.005488   350.347   350.358  4 54319.85292559 51.666
 61  22.685485   2.006551   349.678   349.840  3 54354.85288854 12.651
 62  22.685334   2.006399   351.418   351.407  4 54389.85286613 52.388
 63  22.684801   2.006526   351.561   351.598  3 54424.85283824 21.686
 64  22.685355   2.006173   351.891   351.883  4 54459.85284186 51.420
 65  22.685698   2.006290   351.227   351.233  3 54494.85284346 51.407
 66  22.686831   2.004832   350.401   350.403  3 54529.85285429 50.955
 67  22.684528   2.006618   350.731   350.733  3 54564.85285024 52.914
 68  22.683927   2.007024   350.242   350.245  3 54599.85285090 53.457
 69  22.682706   2.007736   350.582   350.581  3 54634.85286317 52.104
 70  22.682873   2.008388   349.660   349.626  3 54669.85286772 53.142
 71  22.686117   2.005594   350.382   350.380  4 54704.85283021 51.481
 72  22.684546   2.006595   350.546   350.552  3 54739.85283047 51.793
 73  22.686068   2.006263   351.229   351.246  4 54774.85281091 43.394
 74  22.683668   2.008286   351.151   351.144  3 54809.85282381 50.188
 75  22.684373   2.007564   350.650   350.658  3 54844.85281040 50.414
 76  22.682399   2.009688   350.862   350.867  3 54879.85282752 52.476
 77  22.681932   2.010486   350.525   350.507  3 54914.85281422 51.868
 79  22.681607   2.008957   350.983   351.039  3 54984.85284547 52.338
 80  22.685647   2.006032   350.278   350.283  3 55019.85283944 49.851
 81  22.685220   2.007236   349.719   349.722  4 55054.85283638 50.686
 82  22.683148   2.009464   349.926   349.907  3 55089.85279672 50.599
 83  22.685359   2.006474   350.856   350.839  4 55124.85277355 51.399
 84  22.683628   2.007258   351.674   351.674  3 55159.85275678 51.511
 85  22.683635   2.008224   351.555   351.555  4 55194.85276448 49.864
 86  22.683083   2.009019   350.697   350.647  3 55229.85275981 17.235
 87  22.684976   2.007330   351.537   351.554  4 55264.85275889 50.384
 88  22.685215   2.006392   351.908   351.935  4 55299.85274190 50.580
 89  22.683234   2.007333   351.622   351.609  3 55334.85273680 50.574
 90  22.685308   2.006035   350.845   350.843  3 55369.85272687 51.876
 91  22.685287   2.006623   350.340   350.346  4 55404.85274452 52.053
 92  22.685811   2.005511   349.863   349.850  3 55439.85274557 51.157
 93  22.685776   2.005992   350.474   350.466  4 55474.85269071 50.965
