#  321.051  -1.365   2.529 ;Mean Elev.(m), Avg Gradient(m/km), RMS Gradient(m/km) - SRTM1     
#  308.569  -1.580   3.999 ;Mean Elev.(m), Avg Gradient(m/km), RMS Gradient(m/km) - ASTER GDEM
#  321.080  -1.360   2.365 ;Mean Elev.(m), Avg Gradient(m/km), RMS Gradient(m/km) - GMTED2010 
  7  19.183704   1.599870   319.012   319.013 13 52456.36411277 51.182
 10  19.187731   1.608551   319.528   319.529  8 52561.36411273 53.198
 12  19.188711   1.609609   321.272   321.274  9 52631.36406333 49.863
 15  19.191925   1.614227   319.379   319.381 11 52736.36409505 50.102
 17  19.184015   1.600182   318.976   318.986 13 52806.36412137 52.114
 18  19.188746   1.610555   319.304   319.315  9 52841.36417900 52.399
 19  19.184989   1.600188   319.135   319.134 13 52876.36421987 49.091
 20  19.198721   1.626597   320.331   320.356  6 52911.36417764 51.102
 23  19.184489   1.599940   320.036   320.041 12 53016.36417200 52.395
 24  19.190978   1.612914   319.495   319.474  9 53051.36414694 52.446
 25  19.174925   1.587584   318.496   318.489  7 53086.36418865 26.156
 26  19.184235   1.599723   319.044   319.058 13 53121.36415579 30.841
 28  19.196238   1.624187   318.623   318.627  6 53191.36419755 50.393
 29  19.192004   1.613950   317.833   317.843 11 53226.36420408 20.894
 30  19.182095   1.599506   318.417   318.409 13 53261.36418090 51.952
 31  19.174215   1.586997   318.764   318.764  7 53296.36421660 52.438
 32  19.188692   1.610901   320.168   320.176  9 53331.36418411 50.696
 34  19.187489   1.609478   318.941   318.959  8 53401.36415820 51.704
 35  19.190102   1.611831   318.306   318.306 10 53436.36414721 48.831
 36  19.182759   1.599895   319.156   319.143 13 53471.36419933 48.453
 37  19.182374   1.598462   318.777   318.771 13 53506.36423327 52.853
 38  19.182794   1.599460   318.556   318.566 13 53541.36423770 33.082
 39  19.183314   1.600118   317.734   317.709 13 53576.36422783 25.065
 40  19.183429   1.600157   318.871   318.814 13 53611.36417922 21.687
 41  19.188986   1.610384   319.026   319.038  9 53646.36418141 51.526
 42  19.179682   1.597795   319.751   319.756 13 53681.36420050 51.584
 43  19.191991   1.613499   320.114   320.127 10 53716.36412479 43.279
 44  19.197201   1.624228   319.007   319.012  6 53751.36404077 51.900
 45  19.194165   1.619974   318.474   318.512  9 53786.36407189 49.610
 46  19.192030   1.614547   318.409   318.411 10 53821.36402913 28.206
 47  19.181545   1.598794   318.860   318.890 12 53856.36412070 25.939
 48  19.196776   1.624697   319.817   319.835  7 53891.36412708 51.298
 49  19.172239   1.584854   317.821   317.829  7 53926.36419749 51.095
 50  19.177765   1.594664   318.340   318.350 12 53961.36418187 51.745
 51  19.191761   1.613296   318.552   318.540 10 53996.36411824 49.497
 52  19.191516   1.614451   319.078   319.065 10 54031.36417197 51.301
 53  19.191148   1.613251   320.749   320.746 10 54066.36416623 51.375
 54  19.187536   1.609182   321.166   321.160  8 54101.36412887 51.226
 55  19.187715   1.608513   319.733   319.727  8 54136.36409382 37.760
 57  19.185118   1.601067   318.892   318.899 13 54206.36410023 30.350
 58  19.188955   1.610779   319.640   319.650  8 54241.36413108 47.528
 59  19.188603   1.610577   319.492   319.533  9 54276.36414651 43.399
 61  19.189409   1.611879   319.068   319.133  9 54346.36412092 28.634
 62  19.188577   1.609570   319.570   319.568  9 54381.36408455 49.524
 63  19.187564   1.608456   320.423   320.423  8 54416.36407086 52.118
 64  19.188087   1.609657   320.831   320.831  8 54451.36405319 51.282
 65  19.190254   1.612098   319.832   319.833  9 54486.36406650 40.202
 66  19.189780   1.611456   318.955   318.948  9 54521.36406618 24.265
 67  19.187799   1.609099   319.464   319.483  9 54556.36407737 51.913
 69  19.187794   1.609658   318.997   319.003  8 54626.36407861 51.676
 70  19.183883   1.600012   318.255   318.247 13 54661.36408822 51.042
 71  19.189690   1.611750   319.004   319.011  9 54696.36406251 52.385
 72  19.188478   1.610670   318.694   318.769  8 54731.36404212 25.270
 73  19.188276   1.609783   319.766   319.775  9 54766.36404241 51.281
 74  19.185065   1.600267   320.772   320.767 12 54801.36403788 49.458
 75  19.187848   1.608750   319.613   319.624  8 54836.36403421 52.137
 76  19.188005   1.609328   319.389   319.423  8 54871.36403468 27.131
 77  19.183808   1.599700   318.944   318.954 12 54906.36404428 19.563
 78  19.187532   1.609929   319.382   319.381  8 54941.36402609 50.985
 79  19.185062   1.600375   319.773   319.769 13 54976.36405693 51.579
 80  19.185455   1.601300   318.751   318.748 13 55011.36406657 46.985
 81  19.188773   1.610341   318.009   318.189  9 55046.36405582 28.095
 82  19.188442   1.609958   318.347   318.401  8 55081.36402932 25.244
 83  19.189017   1.611129   319.378   319.391  9 55116.36398835 46.317
 84  19.184859   1.599666   319.966   319.967 12 55151.36398891 51.921
 85  19.187166   1.608262   320.503   320.503  8 55186.36397434 49.716
 86  19.185093   1.599988   320.093   320.093 13 55221.36398747 50.977
 87  19.189420   1.611640   319.623   319.620  9 55256.36396995 51.548
 88  19.187067   1.607954   320.144   320.146  8 55291.36397374 51.560
 89  19.183922   1.599742   319.967   319.914 12 55326.36395686 39.089
 90  19.187273   1.608701   319.604   319.617  7 55361.36395219 51.921
 91  19.187799   1.609620   319.230   319.240  8 55396.36395811 51.411
 92  19.190506   1.612946   319.060   319.069 10 55431.36396604 18.530
 93  19.189934   1.611750   319.436   319.436  9 55466.36392715 52.004
