-341070.384   203.733     0.00   46.96
-340694.044   202.229    -4.00   41.95
-340317.707   199.735    -6.63   34.43
-339941.372   202.994     8.66   34.36
-339565.040   205.430     6.47   33.50
-339188.711   194.047   -30.25   29.07
-338812.383   192.024    -5.38   27.41
-338436.059   201.287    24.62   29.84
-338059.737   204.810     9.36   34.13
-337683.417   206.021     3.22   39.25
-337307.100   191.434   -38.76   40.15
-336930.785   172.693   -49.81   37.93
-336554.473   163.102   -25.49   33.99
-336178.164   159.099   -10.64   25.67
-335801.857   156.395    -7.19   18.84
-335425.552   163.071    17.74   19.10
-335049.250   163.680     1.62   18.18
-334672.951   156.485   -19.12   26.78
-334296.654   144.152   -32.78   30.99
-333920.360   132.124   -31.97   22.99
-333544.068   129.415    -7.20   21.67
-333167.778   139.476    26.74   24.65
-332791.491   148.855    24.92   30.43
-332415.207   158.677    26.10   39.76
-332038.925   166.071    19.65   40.33
-331662.645   186.284    53.72   46.49
-331286.368   201.205    39.66   43.76
-330910.094   211.627    27.70   47.85
-330533.822   212.395     2.04   43.85
-330157.553   208.713    -9.79   46.81
-329781.286   198.537   -27.05   41.24
-329405.021   184.347   -37.72   40.17
-329028.759   175.017   -24.80   42.51
-328652.500   158.341   -44.32   33.85
-328276.243   151.229   -18.90   23.97
-327899.988   161.716    27.87   31.18
-327523.736   173.381    31.00   30.77
-327147.486   172.819    -1.49   30.15
-326771.239   173.178     0.96   29.39
-326394.994   164.180   -23.92   28.57
-326018.752   157.152   -18.68   25.77
-325642.512   167.468    27.42   32.63
-325266.275   170.280     7.48   35.90
-324890.040   171.678     3.72   38.28
-324513.808   160.752   -29.04   38.87
-324137.578   141.558   -51.02   25.35
-323761.351   140.277    -3.40   28.59
-323385.126   144.101    10.16   28.87
-323008.903   150.458    16.90   23.60
-322632.683   163.585    34.89   28.27
-322256.466   167.395    10.13   29.27
-321880.250   164.314    -8.19   33.50
-321504.038   160.870    -9.16   45.03
-321127.827   154.763   -16.23   51.49
-320751.620   142.588   -32.36   45.26
-320375.414   134.599   -21.24   34.38
-319999.211   126.422   -21.74   17.32
-319623.011   138.537    32.20   26.28
-319246.813   153.863    40.74   34.81
-318870.617   161.152    19.38   32.19
-318494.424   162.257     2.94   30.24
-318118.233   152.306   -26.45   28.13
-317742.045   145.044   -19.31   27.59
-317365.859   151.152    16.24   33.06
-316989.676   165.152    37.22   34.40
-316613.495   177.124    31.83   40.42
-316237.316   188.612    30.54   47.42
-315861.140   193.585    13.22   54.18
-315484.966   193.098    -1.29   53.24
-315108.795   189.774    -8.84   47.04
-314732.626   179.266   -27.93   49.74
-314356.459   174.202   -13.46   51.45
-313980.295   174.363     0.43   48.38
-313604.134   181.774    19.70   47.86
-313227.974   189.332    20.09   44.71
-312851.817   181.310   -21.33   44.58
-312475.663   166.784   -38.62   44.71
-312099.511   147.422   -51.47   41.02
-311723.361   134.050   -35.55   33.42
-311347.214   128.402   -15.01   26.46
-310971.069   129.511     2.95   31.36
-310594.927   134.002    11.94   34.35
-310218.787   122.593   -30.33   28.69
-309842.649   111.828   -28.62   25.79
-309466.514   102.612   -24.50   21.69
-309090.381   102.017    -1.58   20.67
-308714.251   101.666    -0.93   20.63
-308338.122    98.958    -7.20   18.46
-307961.997    98.691    -0.71   17.95
-307585.873    99.870     3.14   17.32
-307209.753    99.909     0.10   16.11
-306833.634   108.716    23.42   21.74
-306457.518   128.678    53.08   40.26
-306081.404   147.870    51.03   44.76
-305705.293   158.206    27.48   38.69
-305329.184   158.203    -0.01   36.75
-304953.077   138.874   -51.40   35.43
-304576.973   117.434   -57.01   26.49
-304200.871   107.896   -25.36   22.31
-303824.771   111.996    10.90   26.91
-303448.674   135.126    61.50   44.00
-303072.579   151.720    44.12   44.15
-302696.487   156.395    12.43   41.46
-302320.397   162.179    15.38   40.64
-301944.309   163.402     3.25   40.74
-301568.223   167.494    10.88   44.26
-301192.140   173.998    17.30   41.36
-300816.060   179.098    13.56   39.66
-300439.981   174.998   -10.90   41.92
-300063.905   174.973    -0.07   47.28
-299687.832   197.178    59.05   58.68
-299311.761   219.233    58.65   53.44
-298935.692   233.588    38.17   47.66
-298559.625   243.909    27.45   40.19
-298183.561   241.784    -5.65   38.34
-297807.499   224.547   -45.84   48.01
-297431.439   198.871   -68.28   50.86
-297055.382   177.357   -57.21   46.89
-296679.327   158.363   -50.51   35.27
-296303.275   164.449    16.19   35.49
-295927.224   168.855    11.72   31.88
-295551.177   165.485    -8.96   35.44
-295175.131   173.731    21.93   36.03
-294799.088   176.665     7.80   37.11
-294423.047   173.558    -8.26   38.29
-294047.008   182.409    23.54   39.91
-293670.972   201.101    49.71   41.62
-293294.938   209.793    23.12   41.06
-292918.906   210.985     3.17   41.53
-292542.877   205.255   -15.24   40.81
-292166.850   189.206   -42.68   40.41
-291790.825   176.863   -32.83   37.78
-291414.803   174.017    -7.57   35.61
-291038.783   184.496    27.87   43.98
-290662.765   207.203    60.39   46.28
-290286.750   227.863    54.95   33.07
-289910.737   234.235    16.95   23.37
-289534.726   214.921   -51.37   40.12
-289158.717   194.263   -54.94   42.33
-288782.711   182.203   -32.07   36.47
-288406.707   167.203   -39.90   31.84
-288030.705   155.666   -30.69   32.91
-287654.706   158.021     6.26   28.40
-287278.709   161.409     9.01   31.85
-286902.714   169.302    20.99   37.92
-286526.721   177.558    21.96   39.99
-286150.731   189.229    31.04   45.27
-285774.743   199.810    28.14   44.68
-285398.758   201.017     3.21   43.34
-285022.774   199.395    -4.31   41.26
-284646.793   199.038    -0.95   36.94
-284270.814   212.819    36.66   45.14
-283894.838   234.102    56.61   47.33
-283518.864   261.013    71.58   27.57
-283142.892   267.409    17.01   16.13
-282766.922   263.708    -9.84   16.59
-282390.954   250.626   -34.80   26.95
-282014.989   231.716   -50.30   31.00
-281639.026   214.994   -44.48   31.44
-281263.066   192.178   -60.69   31.53
-280887.107   184.485   -20.46   33.10
-280511.151   187.252     7.36   39.54
-280135.197   197.639    27.63   44.21
-279759.246   198.383     1.98   41.38
-279383.296   184.784   -36.17   40.87
-279007.349   169.990   -39.35   35.17
-278631.404   169.990     0.00   31.95
-278255.462   165.324   -12.41   32.41
-277879.522   163.588    -4.62   33.27
-277503.583   156.252   -19.51   30.98
-277127.648   150.449   -15.44   28.80
-276751.714   148.947    -4.00   31.38
-276375.783   155.819    18.28   32.82
-275999.853   151.284   -12.06   29.19
-275623.927   140.870   -27.70   28.43
-275248.002   131.442   -25.08   24.60
-274872.080   125.449   -15.94   18.36
-274496.159   131.547    16.22   23.40
-274120.241   142.002    27.81   23.84
-273744.326   152.368    27.58   29.40
-273368.412   165.409    34.69   32.96
-272992.501   185.757    54.13   30.80
-272616.592   197.287    30.67   22.88
-272240.685   199.909     6.97   14.87
-271864.780   187.847   -32.09   23.43
-271488.878   184.434    -9.08   30.03
-271112.978   183.702    -1.95   30.40
-270737.080   182.449    -3.33   24.94
-270361.184   179.202    -8.64   23.20
-269985.291   171.494   -20.51   22.44
-269609.399   160.178   -30.11   19.80
-269233.510   158.784    -3.71   21.46
-268857.623   164.742    15.85   22.19
-268481.522   177.013    32.63   23.16
-268105.198   178.882     4.97   19.69
-267728.877   173.101   -15.36   23.00
-267352.558   167.638   -14.52   21.69
-266976.241   168.896     3.34   22.67
-266599.926   180.152    29.91   30.37
-266223.614   200.612    54.37   40.91
-265847.304   205.693    13.50   39.00
-265470.996   194.801   -28.95   39.19
-265094.690   187.921   -18.28   31.07
-264718.386   185.665    -6.00   28.54
-264342.085   191.449    15.37   35.46
-263965.786   197.552    16.22   36.85
-263589.488   200.678     8.31   35.30
-263213.194   206.126    14.48   32.64
-262836.901   224.206    48.05   37.17
-262460.610   247.075    60.78   32.12
-262084.322   266.152    50.70   28.33
-261708.036   278.708    33.37   28.51
-261331.752   293.915    40.42   24.33
-260955.470   304.763    28.83   25.99
-260579.190   307.921     8.39   29.03
-260202.913   312.716    12.74   27.48
-259826.638   309.211    -9.32   22.27
-259450.365   303.287   -15.74   23.77
-259074.094   294.125   -24.35   31.48
-258697.825   282.693   -30.38   35.60
-258321.558   268.502   -37.72   32.43
-257945.294   259.503   -23.92   28.46
-257569.032   256.793    -7.20   30.44
-257192.771   258.332     4.09   35.24
-256816.513   263.229    13.02   38.92
-256440.258   258.395   -12.85   43.83
-256064.004   266.665    21.98   40.20
-255687.752   280.968    38.02   32.14
-255311.503   290.985    26.63   25.48
-254935.256   300.468    25.20   22.15
-254559.011   302.985     6.69   22.90
-254182.768   296.757   -16.55   28.13
-253806.527   292.255   -11.97   31.27
-253430.289   291.746    -1.35   34.57
-253054.052   300.994    24.58   39.97
-252677.818   321.909    55.59   39.67
-252301.586   341.801    52.87   36.10
-251925.355   361.588    52.60   19.77
-251549.128   367.666    16.15    8.70
-251172.902   364.024    -9.68   10.82
-250796.678   355.614   -22.36   12.00
-250420.456   346.203   -25.01   13.41
-250044.237   334.206   -31.89   13.99
-249668.020   322.203   -31.91   14.20
-249291.805   310.573   -30.91   17.78
-248915.592   296.124   -38.41   18.04
-248539.381   285.585   -28.02   14.73
-248163.172   279.639   -15.81   10.50
-247786.965   282.017     6.32   16.35
-247410.760   290.896    23.60   22.09
-247034.558   301.808    29.01   21.48
-246658.358   293.126   -23.08   28.47
-246282.159   274.101   -50.58   31.38
-245905.963   252.874   -56.43   31.76
-245529.769   222.280   -81.33   35.05
-245153.577   207.693   -38.78   34.24
-244777.387   199.075   -22.91   35.01
-244401.200   193.731   -14.21   38.72
-244025.014   195.363     4.34   37.68
-243648.831   193.368    -5.30   34.28
-243272.649   187.152   -16.53   31.34
-242896.470   177.562   -25.49   29.10
-242520.293   168.152   -25.02   27.09
-242144.117   158.314   -26.15   23.28
-241767.944   160.314     5.32   25.99
-241391.773   166.774    17.17   27.08
-241015.604   182.287    41.24   22.56
-240639.438   189.476    19.11   21.96
-240263.273   192.427     7.85   16.33
-239887.110   184.126   -22.07   23.26
-239510.950   174.958   -24.38   28.09
-239134.791   163.203   -31.25   28.94
-238758.635   152.098   -29.52   28.48
-238382.480   143.284   -23.43   27.84
-238006.328   136.047   -19.24   24.29
-237630.178   130.614   -14.44   22.88
-237254.030   126.341   -11.36   22.22
-236877.884   123.942    -6.38   23.74
-236501.740   118.302   -14.99   25.39
-236125.598   100.930   -46.19   32.59
-235749.458    81.626   -51.32   33.80
-235373.320    67.314   -38.05   24.61
-234997.184    68.909     4.24   26.75
-234621.051    85.963    45.34   36.30
-234244.919   106.041    53.38   33.97
-233868.789   123.352    46.03   27.75
-233492.662   126.332     7.92   32.57
-233116.536   126.801     1.25   32.15
-232740.413   126.485    -0.84   32.27
-232364.291   135.336    23.53   35.27
-231988.172   152.915    46.74   40.15
-231612.055   174.178    56.54   30.97
-231235.939   179.332    13.70   28.08
-230859.826   170.097   -24.55   36.51
-230483.715   163.231   -18.25   40.31
-230107.606   160.844    -6.35   36.92
-229731.499   165.838    13.28   33.59
-229355.394   177.639    31.38   25.88
-228979.290   190.368    33.85   19.70
-228603.189   200.044    25.73   12.11
-228227.090   205.098    13.44    9.13
-227850.993   207.402     6.13   11.44
-227474.898   212.460    13.45   13.63
-227098.806   218.027    14.80   13.88
-226722.715   222.314    11.40   12.02
-226346.626   228.302    15.92   10.21
-225970.539   228.731     1.14    9.13
-225594.454   228.357    -0.99    8.63
-225218.371   223.968   -11.67    9.56
-224842.290   218.691   -14.03   11.51
-224466.211   210.319   -22.26   13.00
-224090.135   200.368   -26.46   12.61
-223714.060   185.562   -39.37   22.50
-223337.987   161.752   -63.31   34.43
-222961.916   143.973   -47.28   32.39
-222585.847   128.050   -42.34   22.08
-222209.780   129.485     3.82   24.15
-221833.716   144.936    41.09   28.63
-221457.653   161.485    44.01   25.46
-221081.592   174.073    33.47   20.10
-220705.533   181.702    20.29   10.61
-220329.476   183.368     4.43    7.41
-219953.421   179.511   -10.26   13.71
-219577.369   173.994   -14.67   17.99
-219201.318   170.863    -8.33   18.87
-218825.269   164.233   -17.63   20.17
-218449.222   157.077   -19.03   21.53
-218073.177   142.666   -38.33   23.88
-217697.134   125.990   -44.35   20.36
-217321.093   117.206   -23.36   11.76
-216945.054   121.981    12.70   16.55
-216569.017   134.050    32.10   20.57
-216192.982   150.101    42.69   20.34
-215816.949   160.981    28.93   21.68
-215440.918   167.585    17.56   20.57
-215064.889   170.449     7.62   16.31
-214688.861   169.284    -3.10   15.83
-214312.836   160.302   -23.89   19.62
-213936.813   157.855    -6.51   19.10
-213560.792   154.942    -7.75   18.44
-213184.772   156.205     3.36   19.33
-212808.755   155.973    -0.62   19.80
-212432.740   151.855   -10.95   21.35
-212056.726   148.927    -7.79   21.00
-211680.715   151.626     7.18   18.45
-211304.705   154.152     6.72   16.79
-210928.697   158.612    11.86   14.54
-210552.692   167.097    22.57   11.31
-210176.688   172.973    15.63    7.70
-209800.686   180.485    19.98   10.73
-209424.686   188.552    21.45   13.05
-209048.688   201.152    33.51   14.98
-208672.692   213.558    32.99   13.27
-208296.698   223.693    26.96   10.35
-207920.706   230.977    19.37    7.15
-207544.716   232.666     4.49    6.22
-207168.728   228.257   -11.72   10.59
-206792.742   219.284   -23.87   13.59
-206416.757   208.627   -28.34   15.03
-206040.775   197.801   -28.80   13.63
-205664.794   189.152   -23.00   12.64
-205288.816   182.229   -18.41   10.90
-204912.839   183.597     3.64   13.93
-204536.864   190.963    19.59   20.24
-204160.891   201.152    27.10   16.91
-203784.920   203.021     4.97   14.61
-203408.951   198.485   -12.06   17.47
-203032.984   193.874   -12.27   16.23
-202657.019   188.024   -15.56   12.47
-202281.056   184.126   -10.37   14.12
-201905.094   177.624   -17.29   16.56
-201529.135   165.562   -32.08   16.88
-201153.177   154.819   -28.58   14.25
-200777.222   146.768   -21.42    9.87
-200401.268   144.178    -6.89    7.09
-200025.316   148.485    11.46    9.54
-199649.366   155.930    19.80    8.17
-199273.418   162.177    16.62    7.43
-198897.472   170.126    21.15    8.89
-198521.528   177.781    20.36    9.99
-198145.585   186.125    22.20    9.75
-197769.645   191.693    14.81    9.03
-197393.706   193.720     5.39   11.63
-197017.769   191.810    -5.08   13.62
-196641.834   188.530    -8.72   13.66
-196265.901   183.602   -13.11   12.82
-195889.970   173.409   -27.12   15.70
-195514.041   165.503   -21.03   14.75
-195138.114   158.021   -19.91   12.92
-194762.188   151.050   -18.54   15.33
-194386.265   142.757   -22.06   20.43
-194010.343   129.624   -34.94   23.81
-193634.423   119.588   -26.70   23.77
-193258.176   115.097   -11.94   22.30
-192881.875   117.844     7.30   23.56
-192505.576   120.921     8.18   24.01
-192129.278   126.895    15.88   24.63
-191752.983   126.422    -1.26   23.86
-191376.689   126.233    -0.50   23.13
-191000.397   125.678    -1.47   22.74
-190624.107   123.284    -6.36   19.18
-190247.819   119.124   -11.05   18.25
-189871.533   105.128   -37.20   24.79
-189495.248    90.280   -39.46   20.71
-189118.966    84.774   -14.63   16.00
-188742.685    89.206    11.78   19.58
-188366.406    99.599    27.62   20.99
-187990.129   112.306    33.77   17.21
-187613.854   119.708    19.67   14.71
-187237.581   125.357    15.01   14.68
-186861.309   130.680    14.15    9.59
-186485.040   129.075    -4.26   12.09
-186108.772   123.024   -16.08   16.99
-185732.506   109.340   -36.37   20.38
-185356.242    99.071   -27.29   18.15
-184979.979    98.368    -1.87   20.03
-184603.719   107.855    25.21   21.98
-184227.460   123.152    40.66   15.42
-183851.204   131.666    22.63    7.55
-183474.949   134.665     7.97    5.94
-183098.695   132.921    -4.63    9.76
-182722.444   127.363   -14.77   14.38
-182346.195   126.152    -3.22   16.30
-181969.947   125.947    -0.55   17.01
-181593.701   126.280     0.89   18.60
-181217.457   125.287    -2.64   21.73
-180841.215   117.716   -20.12   24.24
-180464.974   105.990   -31.17   25.72
-180088.736    98.494   -19.92   24.70
-179712.499    96.942    -4.13   23.16
-179336.264    99.558     6.96   25.11
-178960.031   100.716     3.08   26.02
-178583.800    98.994    -4.58   23.92
-178207.570    93.041   -15.82   20.36
-177831.342    93.152     0.30   22.06
-177455.116   103.680    27.98   27.36
-177078.892   120.434    44.53   29.62
-176702.670   137.626    45.70   20.85
-176326.449   148.963    30.13   11.72
-175950.230   145.947    -8.02   14.85
-175574.013   142.562    -9.00   16.71
-175197.798   139.614    -7.84   15.83
-174821.585   136.708    -7.72   14.98
-174445.373   144.494    20.70    9.22
-174069.163   147.936     9.15    4.73
-173692.955   148.747     2.16    3.44
-173316.749   147.828    -2.44    5.07
-172940.545   144.879    -7.84    8.61
-172564.342   137.947   -18.43   15.54
-172188.141   133.870   -10.84   16.73
-171811.942   136.763     7.69   16.54
-171435.744   140.126     8.94   16.27
-171059.549   147.152    18.68    9.38
-170683.355   148.537     3.68    6.88
-170307.163   149.383     2.25    5.31
-169930.972   149.044    -0.90    6.12
-169554.784   148.521    -1.39   10.36
-169178.597   148.306    -0.57   11.93
-168802.412   142.027   -16.69   18.51
-168426.229   136.017   -15.98   19.28
-168050.047   127.844   -21.73   19.72
-167673.868   125.757    -5.55   19.41
-167297.690   133.314    20.09   16.73
-166921.513   137.882    12.14   14.80
-166545.339   140.347     6.55   12.77
-166169.166   136.203   -11.01   17.91
-165792.995   126.327   -26.26   22.32
-165416.826   116.485   -26.16   26.24
-165040.658   102.101   -38.24   25.60
-164664.493    91.152   -29.11   15.32
-164288.328    96.836    15.11   18.76
-163912.166   114.870    47.94   26.11
-163536.006   129.099    37.83   21.54
-163159.847   136.098    18.61   17.26
-162783.690   136.152     0.14   18.74
-162407.534   134.477    -4.45   20.79
-162031.381   128.124   -16.89   25.34
-161655.229   114.352   -36.61   30.34
-161279.079   100.731   -36.21   28.46
-160902.930    90.708   -26.65   18.65
-160526.783    92.314     4.27   17.83
-160150.638   102.569    27.26   21.89
-159774.495   107.485    13.07   20.11
-159398.354   116.402    23.71   20.23
-159022.214   120.909    11.98   19.24
-158646.076   127.202    16.73   19.10
-158269.939   138.073    28.90   14.06
-157893.805   143.942    15.60    7.39
-157517.672   146.126     5.81    4.46
-157141.540   144.126    -5.32    6.20
-156765.411   141.468    -7.07    5.87
-156389.283   139.847    -4.31    5.07
-156013.157   140.332     1.29    4.38
-155637.032   141.513     3.14    5.72
-155260.909   141.716     0.54    7.27
-154884.788   141.998     0.75    8.52
-154508.669   140.735    -3.36    9.85
-154132.551   141.341     1.61    9.31
-153756.435   142.585     3.31    8.16
-153380.321   146.626    10.74   11.32
-153004.208   151.870    13.94   10.77
-152628.097   152.098     0.61   10.79
-152251.988   150.973    -2.99   10.02
-151875.881   150.075    -2.39    8.36
-151499.775   152.784     7.20    9.96
-151123.670   149.720    -8.15   12.28
-150747.568   145.921   -10.10   13.02
-150371.467   144.468    -3.86   13.06
-149995.368   138.124   -16.87    9.52
-149619.270   134.942    -8.46    8.26
-149243.175   131.597    -8.89    7.58
-148867.081   129.205    -6.36    6.18
-148490.988   129.844     1.70    5.85
-148114.897   133.371     9.38    6.66
-147738.808   135.530     5.74    6.86
-147362.721   138.341     7.47    7.26
-146986.635   134.693    -9.70    8.22
-146610.551   132.691    -5.32    9.09
-146234.468   131.430    -3.35    7.98
-145858.387   134.332     7.72   10.20
-145482.308   137.588     8.66    9.86
-145106.231   142.537    13.16    9.91
-144730.155   147.179    12.34    8.69
-144354.080   145.229    -5.19    8.86
-143978.008   143.231    -5.31    8.87
-143601.937   140.930    -6.12    8.73
-143225.868   138.882    -5.45    8.85
-142849.800   137.395    -3.95    8.60
-142473.734   139.476     5.53   12.16
-142097.670   141.332     4.93   12.43
-141721.607   140.402    -2.47   15.59
-141345.546   135.363   -13.40   17.87
-140969.486   126.599   -23.30   18.64
-140593.428   117.930   -23.05   19.39
-140217.372   111.870   -16.11   21.04
-139841.318   104.693   -19.09   19.01
-139465.265   108.742    10.77   18.96
-139089.213   116.998    21.96   20.18
-138713.164   126.942    26.44   15.78
-138337.116   135.994    24.07    7.51
-137961.069   138.793     7.44    6.71
-137585.024   138.921     0.34    6.81
-137208.981   136.708    -5.89    7.94
-136832.940   135.855    -2.27    6.10
-136456.900   135.747    -0.29    8.83
-136080.861   134.206    -4.10   13.47
-135704.824   129.098   -13.58   16.99
-135328.789   123.152   -15.81   19.23
-134952.756   114.677   -22.54   23.22
-134576.724   113.915    -2.03   24.90
-134200.694   100.485   -35.72   26.73
-133824.665    90.255   -27.21   22.82
-133448.638    85.639   -12.28   24.99
-133072.612    79.415   -16.55   23.52
-132696.588    77.863    -4.13   25.17
-132320.566    69.716   -21.67   20.55
-131944.545    60.774   -23.78   13.71
-131568.526    55.942   -12.85    9.62
-131192.508    57.827     5.01   15.00
-130816.492    63.581    15.30   21.96
-130440.478    76.990    35.66   29.20
-130064.465    91.693    39.10   25.08
-129688.454    96.071    11.64   27.69
-129312.444    97.422     3.59   30.18
-128936.436    97.624     0.54   30.86
-128560.430    89.777   -20.87   28.90
-128184.425    87.284    -6.63   27.49
-127808.422    79.503   -20.69   24.59
-127432.420    74.255   -13.96   25.00
-127056.420    77.099     7.57   28.45
-126680.421    84.257    19.04   28.05
-126304.424    89.990    15.25   25.69
-125928.429    87.716    -6.05   22.41
-125552.435    81.513   -16.50   19.24
-125176.442    68.126   -35.61   19.14
-124800.452    52.077   -42.68   19.21
-124424.462    38.299   -36.65   16.54
-124048.475    30.332   -21.19   10.79
-123672.489    23.612   -17.87    6.65
-123296.504    19.855    -9.99    7.86
-122920.521    13.666   -16.46    8.63
-122544.540     7.208   -17.18    6.95
-122168.560     2.409   -12.76    5.39
-121792.581    -0.617    -8.05    2.55
-121416.605    -1.821    -3.20    0.55
-121040.629    -2.006    -0.49    0.37
-120664.656    -2.079    -0.19    0.63
-120288.683    -2.207    -0.34    0.71
-119912.713    -2.226    -0.05    0.79
-119536.744    -2.284    -0.15    0.88
-119160.776    -2.209     0.20    0.80
-118784.810    -0.983     3.26    4.58
-118408.781     4.494    14.57   11.01
-118032.521    14.090    25.50   15.23
-117656.262    26.768    33.70   15.60
-117280.005    40.863    37.46   15.77
-116903.749    48.314    19.80   17.06
-116527.495    52.071     9.98   19.20
-116151.243    50.458    -4.29   21.03
-115774.992    49.126    -3.54   19.69
-115398.742    48.870    -0.68   17.62
-115022.495    52.395     9.37   15.92
-114646.248    55.357     7.87   16.57
-114270.003    59.178    10.15   15.38
-113893.760    62.306     8.31   15.28
-113517.518    71.125    23.44   21.90
-113141.278    86.977    42.13   27.73
-112765.039   102.666    41.70   25.60
-112388.801   115.260    33.48   18.39
-112012.566   122.314    18.75    8.52
-111636.331   123.682     3.63    6.18
-111260.098   119.152   -12.04   11.92
-110883.867   113.280   -15.61   16.31
-110507.637   113.069    -0.56   15.27
-110131.409   109.389    -9.78   17.61
-109755.182   109.124    -0.70   20.25
-109378.957   111.389     6.02   18.15
-109002.733   103.844   -20.05   20.62
-108626.511   103.152    -1.84   22.14
-108250.290    96.784   -16.93   25.25
-107874.070    92.336   -11.82   25.64
-107497.852    99.562    19.21   25.09
-107121.636   109.530    26.50   21.29
-106745.421   113.255     9.90   16.49
-106369.208   110.255    -7.97   21.28
-105992.996   104.098   -16.36   22.23
-105616.785   100.044   -10.78   21.63
-105240.576   105.990    15.81   22.04
-104864.369   114.819    23.47   18.79
-104488.163   123.998    24.40   11.70
-104111.958   127.466     9.22    7.53
-103735.755   131.870    11.71    5.47
-103359.553   133.990     5.64    3.45
-102983.353   133.569    -1.12    4.14
-102607.154   129.915    -9.71    7.19
-102230.957   126.415    -9.30    6.80
-101854.761   124.665    -4.65    5.97
-101478.567   125.073     1.09    5.44
-101102.374   127.177     5.59    5.14
-100726.182   129.013     4.88    4.23
-100349.992   130.402     3.69    3.81
 -99973.804   133.357     7.86    4.61
 -99597.617   135.266     5.08    5.82
 -99221.431   137.990     7.24    6.64
 -98845.247   139.612     4.31    5.78
 -98469.064   139.341    -0.72    5.50
 -98092.883   141.178     4.88    5.49
 -97716.703   141.585     1.08    5.46
 -97340.525   143.352     4.70    5.92
 -96964.348   143.599     0.66    6.23
 -96588.172   141.855    -4.64    7.23
 -96211.998   141.073    -2.08    7.24
 -95835.825   139.742    -3.54    6.87
 -95459.654   140.968     3.26    7.00
 -95083.484   142.263     3.44    7.67
 -94707.316   141.716    -1.45    7.55
 -94331.149   139.930    -4.75    8.03
 -93954.984   138.998    -2.48    7.01
 -93578.819   140.768     4.70    8.55
 -93202.657   141.895     3.00    9.85
 -92826.495   139.314    -6.86   12.34
 -92450.336   134.152   -13.72   14.93
 -92074.177   134.442     0.77   15.44
 -91698.020   133.547    -2.38   13.89
 -91321.865   133.708     0.43   12.87
 -90945.710   136.225     6.69   12.53
 -90569.558   140.537    11.46   12.33
 -90193.406   142.125     4.22   12.44
 -89817.256   142.882     2.01   10.78
 -89441.108   139.994    -7.68   10.46
 -89064.960   136.639    -8.92    7.87
 -88688.815   135.930    -1.89    6.32
 -88312.670   136.973     2.77    6.59
 -87936.527   137.597     1.66    6.66
 -87560.386   138.280     1.82    7.26
 -87184.246   139.178     2.39    8.21
 -86808.107   138.121    -2.81    8.56
 -86431.969   138.314     0.51    8.63
 -86055.833   140.476     5.75    8.63
 -85679.699   138.828    -4.38    7.17
 -85303.566   138.915     0.23    7.47
 -84927.434   139.558     1.71    7.43
 -84551.303   137.793    -4.69    7.01
 -84175.174   137.768    -0.07    6.58
 -83799.047   136.231    -4.08    5.31
 -83422.920   134.801    -3.80    6.22
 -83046.795   134.973     0.46    5.87
 -82670.672   135.998     2.73    5.87
 -82294.549   138.260     6.01    6.60
 -81918.429   140.306     5.44    7.14
 -81542.309   142.368     5.48    9.93
 -81166.191   141.990    -1.01   11.13
 -80790.074   142.389     1.06   11.96
 -80413.959   143.308     2.44   11.07
 -80037.845   145.075     4.70   10.37
 -79661.732   148.614     9.41   10.62
 -79285.621   150.235     4.31    8.75
 -78909.511   150.255     0.05    7.63
 -78533.403   152.680     6.45    7.73
 -78157.295   152.203    -1.27    7.92
 -77781.189   151.757    -1.19    8.16
 -77405.085   150.720    -2.76    7.72
 -77028.982   147.260    -9.20    7.68
 -76652.880   146.383    -2.33    8.35
 -76276.779   147.511     3.00    9.13
 -75900.680   144.874    -7.01    8.30
 -75524.582   148.705    10.18    8.71
 -75148.486   149.442     1.96    8.44
 -74772.391   150.341     2.39    7.39
 -74396.297   152.206     4.96    7.73
 -74020.205   154.952     7.30    9.62
 -73644.114   155.203     0.67    9.66
 -73268.024   154.203    -2.66    9.78
 -72891.935   152.874    -3.53    8.44
 -72515.848   151.255    -4.31    8.24
 -72139.762   152.263     2.68    9.17
 -71763.678   152.889     1.66    9.42
 -71387.595   152.998     0.29    9.83
 -71011.513   152.742    -0.68    9.30
 -70635.432   150.233    -6.67    8.35
 -70259.353   148.442    -4.76    8.71
 -69883.275   145.902    -6.75    7.17
 -69507.199   144.963    -2.50    6.44
 -69131.124   145.126     0.43    6.75
 -68755.050   146.044     2.44    5.85
 -68378.977   148.612     6.83    6.82
 -68002.906   148.422    -0.50    7.30
 -67626.836   147.381    -2.77    7.10
 -67250.767   148.870     3.96    5.54
 -66874.700   148.427    -1.18    4.47
 -66498.633   148.485     0.16    5.29
 -66122.569   149.562     2.86    5.90
 -65746.505   148.547    -2.70    6.86
 -65370.443   149.665     2.97    8.19
 -64994.382   152.203     6.75    9.34
 -64618.322   153.126     2.45   10.78
 -64242.264   161.180    21.42   13.58
 -63866.207   168.415    19.24   15.40
 -63490.151   172.793    11.64   15.29
 -63114.097   176.266     9.24   13.07
 -62738.044   175.742    -1.39   14.31
 -62361.992   172.626    -8.29   12.86
 -61985.941   169.963    -7.08   12.19
 -61609.892   169.639    -0.86   11.79
 -61233.844   168.206    -3.81    8.94
 -60857.797   168.075    -0.35    7.53
 -60481.751   166.652    -3.78    6.79
 -60105.707   164.990    -4.42    6.99
 -59729.664   163.280    -4.55    6.73
 -59353.622   161.178    -5.59    6.13
 -58977.582   161.310     0.35    6.53
 -58601.543   162.017     1.88    5.86
 -58225.505   160.327    -4.49    5.47
 -57849.468   158.395    -5.14    6.95
 -57473.433   155.801    -6.90    6.01
 -57097.399   152.963    -7.55    5.59
 -56721.366   152.402    -1.49    5.26
 -56345.334   154.511     5.61    5.88
 -55969.304   154.716     0.55    5.33
 -55593.275   155.581     2.30    5.02
 -55217.247   156.558     2.60    5.88
 -54841.220   156.747     0.50    6.65
 -54465.195   157.468     1.92    6.86
 -54089.171   156.527    -2.50    6.23
 -53713.148   157.828     3.46    7.17
 -53337.126   162.442    12.27    9.01
 -52961.106   164.757     6.16    8.35
 -52585.087   163.460    -3.45    7.89
 -52209.069   161.341    -5.63    7.65
 -51833.052   160.102    -3.30    6.64
 -51457.037   160.547     1.18    8.99
 -51081.022   162.347     4.79    8.81
 -50705.009   162.017    -0.88    8.27
 -50328.998   160.541    -3.93    8.72
 -49952.987   156.434   -10.92    7.74
 -49576.978   150.434   -15.96    7.79
 -49200.970   147.838    -6.91    8.38
 -48824.963   143.801   -10.74    8.96
 -48448.957   138.260   -14.74   10.35
 -48072.953   136.680    -4.20   14.74
 -47696.950   135.255    -3.79   18.20
 -47320.948   133.612    -4.37   20.17
 -46944.947   125.819   -20.73   21.95
 -46568.947   122.363    -9.19   22.69
 -46192.949   113.742   -22.93   23.29
 -45816.952   106.936   -18.10   24.20
 -45440.956   100.452   -17.24   22.10
 -45064.961    90.178   -27.33   19.32
 -44688.968    79.652   -27.99   15.79
 -44312.975    71.747   -21.03   13.13
 -43936.984    66.720   -13.37    9.13
 -43560.994    64.801    -5.10    6.80
 -43184.861    64.896     0.25    7.72
 -42808.622    63.069    -4.86    6.90
 -42432.384    63.383     0.83    7.44
 -42056.148    65.915     6.73    8.99
 -41679.912    68.374     6.54    7.95
 -41303.678    68.691     0.84    9.12
 -40927.444    65.793    -7.70   10.21
 -40551.213    63.284    -6.67    8.05
 -40174.982    61.476    -4.80    8.61
 -39798.752    62.229     2.00    8.72
 -39422.524    62.395     0.44    7.73
 -39046.296    58.075   -11.48    8.69
 -38670.070    55.627    -6.51    7.07
 -38293.845    56.374     1.99    8.22
 -37917.622    58.368     5.30    9.01
 -37541.399    59.801     3.81    9.49
 -37165.178    60.666     2.30   10.85
 -36788.958    62.503     4.89    8.55
 -36412.739    65.152     7.04    7.24
 -36036.521    64.152    -2.66    8.92
 -35660.304    61.442    -7.20    9.41
 -35284.088    58.693    -7.31   10.67
 -34907.874    56.716    -5.25   11.53
 -34531.661    57.468     2.00   11.88
 -34155.449    56.968    -1.33   11.58
 -33779.238    56.098    -2.31   10.71
 -33403.028    55.896    -0.54   10.67
 -33026.819    56.319     1.12   11.54
 -32650.612    59.101     7.40   12.85
 -32274.406    61.126     5.38   12.35
 -31898.200    62.996     4.97    8.93
 -31521.996    59.666    -8.85   10.38
 -31145.794    54.693   -13.22   11.07
 -30769.592    52.847    -4.91   10.92
 -30393.391    48.071   -12.69   13.01
 -30017.192    44.624    -9.16   13.53
 -29640.993    44.073    -1.47   15.09
 -29264.796    42.152    -5.11   15.14
 -28888.600    42.731     1.54   13.77
 -28512.405    42.889     0.42   13.79
 -28136.211    40.357    -6.73   13.69
 -27760.019    37.075    -8.72   13.57
 -27383.827    32.558   -12.01   13.13
 -27007.637    28.691   -10.28   12.53
 -26631.448    30.395     4.53   14.59
 -26255.259    33.310     7.75   15.84
 -25879.072    39.415    16.23   17.51
 -25502.886    42.777     8.94   18.19
 -25126.702    44.998     5.90   19.04
 -24750.518    41.810    -8.48   17.39
 -24374.335    39.341    -6.56   16.24
 -23998.154    38.071    -3.38   14.51
 -23621.974    37.374    -1.85   13.66
 -23245.794    36.521    -2.27   12.38
 -22869.616    34.731    -4.76   11.73
 -22493.439    32.260    -6.57   10.59
 -22117.263    28.280   -10.58   10.63
 -21741.088    23.460   -12.81    9.86
 -21364.915    20.126    -8.86    8.24
 -20988.742    16.125   -10.64    5.13
 -20612.570    14.562    -4.15    3.32
 -20236.400    14.503    -0.16    3.77
 -19860.231    14.774     0.72    3.77
 -19484.062    19.206    11.78   10.59
 -19107.895    25.213    15.97   15.47
 -18731.729    29.460    11.29   18.28
 -18355.564    35.280    15.47   19.02
 -17979.400    38.013     7.27   17.16
 -17603.237    42.665    12.37   15.31
 -17227.076    43.819     3.07   13.19
 -16850.915    44.921     2.93   13.17
 -16474.755    46.998     5.52   11.57
 -16098.597    47.828     2.21   10.47
 -15722.439    46.863    -2.57   10.77
 -15346.283    47.537     1.79    9.62
 -14970.128    46.202    -3.55    8.90
 -14593.973    41.530   -12.42   10.72
 -14217.820    35.255   -16.68   13.17
 -13841.668    27.024   -21.88    9.98
 -13465.517    25.985    -2.76    9.34
 -13089.367    29.260     8.71    9.79
 -12713.218    35.430    16.40    8.47
 -12337.070    38.468     8.08    8.35
 -11960.924    41.302     7.53    9.00
 -11584.778    44.069     7.36    8.60
 -11208.633    45.027     2.55    9.18
 -10832.490    46.152     2.99    8.36
 -10456.347    48.693     6.75    9.02
 -10080.206    47.968    -1.93    8.59
  -9704.065    45.731    -5.95    8.89
  -9327.926    43.206    -6.71    9.16
  -8951.787    40.233    -7.90    8.39
  -8575.650    38.527    -4.54   10.30
  -8199.514    35.735    -7.42   10.40
  -7823.378    32.502    -8.60   10.89
  -7447.244    26.415   -16.18   13.70
  -7071.111    19.735   -17.76   15.45
  -6694.979    10.747   -23.90   13.01
  -6318.848     2.958   -20.71    3.45
  -5942.717     2.203    -2.01    2.15
  -5566.588     1.819    -1.02    2.07
  -5190.460     1.341    -1.27    1.68
  -4814.333     0.777    -1.50    1.39
  -4438.207     0.537    -0.64    1.16
  -4062.082     0.152    -1.02    0.00
  -3685.958     0.152     0.00    0.00
  -3309.835     0.152     0.00    0.00
  -2933.714     0.178     0.07    0.16
  -2557.593     0.124    -0.14    0.38
  -2181.473     0.050    -0.20    0.50
  -1805.354     0.041    -0.02    0.52
  -1429.236     0.024    -0.05    0.47
  -1053.119     0.075     0.14    0.35
   -677.003     0.061    -0.04    0.29
   -300.888     0.017    -0.12    0.35
     75.225     0.047     0.08    0.31
    451.338     0.044    -0.01    0.39
    827.450    -0.216    -0.69    0.59
   1203.561    -0.226    -0.03    0.59
   1579.671    -0.335    -0.29    0.60
   1955.780    -0.181     0.41    1.36
   2331.887     0.383     1.50    1.95
   2707.994     0.828     1.18    2.10
   3084.100     0.810    -0.05    1.92
   3460.205     0.652    -0.42    1.57
   3836.309     0.485    -0.44    0.68
   4212.412     0.229    -0.68    0.35
   4588.514     0.124    -0.28    0.29
   4964.615     0.126     0.00    0.37
   5340.715     0.178     0.14    0.28
   5716.814     0.371     0.51    0.71
   6092.912     0.942     1.52    1.19
   6469.009     1.336     1.05    1.16
   6845.105     3.801     6.55    5.15
   7221.200     6.768     7.89    6.72
   7597.294     7.449     1.81    6.55
   7973.387     7.665     0.57    6.24
   8349.479     7.383    -0.75    6.47
   8725.571     6.784    -1.59    6.21
   9101.661     6.599    -0.49    5.63
   9477.750     7.203     1.61    5.61
   9853.839     7.942     1.96    6.01
  10229.926     8.402     1.22    5.84
  10606.012     7.612    -2.10    5.75
  10982.098     7.958     0.92    5.61
  11358.182     7.422    -1.42    4.94
  11734.266     6.612    -2.16    4.93
  12110.349     4.933    -4.46    4.23
  12486.430     2.998    -5.15    2.23
  12862.511     2.203    -2.11    1.47
  13238.591     1.958    -0.65    1.26
  13614.670     1.793    -0.44    1.18
  13990.748     1.774    -0.05    1.09
  14366.825     1.547    -0.60    1.44
  14742.901     1.652     0.28    1.41
  15118.976     1.409    -0.65    1.58
  15495.050     1.693     0.76    2.56
  15871.123     2.626     2.48    3.43
  16247.195     4.427     4.79    5.41
  16623.267     6.666     5.95    6.24
  16999.337     8.179     4.02    6.38
  17375.407     8.314     0.36    6.37
  17751.475     6.720    -4.24    6.33
  18127.543     3.639    -8.19    5.38
  18503.610     0.985    -7.05    2.59
  18879.675     0.502    -1.29    1.33
  19255.740     1.229     1.93    2.56
  19631.804     2.449     3.25    3.64
  20007.867     3.511     2.82    3.80
  20383.930     4.257     1.98    3.73
  20759.991     4.836     1.54    3.16
  21136.051     4.828    -0.02    2.82
  21512.111     6.126     3.45    2.73
  21888.169     6.513     1.03    2.84
  22264.227     6.205    -0.82    2.87
  22640.283     6.101    -0.28    3.17
  23016.339     5.299    -2.13    3.05
  23392.394     4.870    -1.14    3.15
  23768.448     3.774    -2.92    3.03
  24144.501     2.828    -2.52    2.96
  24520.554     1.855    -2.59    1.73
  24896.605     1.763    -0.24    1.69
  25272.655     1.614    -0.40    1.52
  25648.705     1.777     0.43    1.61
  26024.754     2.233     1.21    1.55
  26400.801     2.357     0.33    1.42
  26776.848     2.485     0.34    1.61
  27152.894     2.691     0.55    1.43
  27528.939     2.836     0.39    1.40
  27904.984     3.203     0.98    1.52
  28281.027     3.374     0.45    1.27
  28657.070     3.395     0.06    1.26
  29033.111     4.071     1.80    1.99
  29409.152     5.593     4.05    3.70
  29785.192     8.562     7.90    5.20
  30161.231    11.863     8.78    4.60
  30537.269    14.324     6.54    3.78
  30913.306    16.422     5.58    2.05
  31289.343    17.235     2.16    2.25
  31665.378    17.968     1.95    1.94
  32041.576    18.050     0.22    1.76
  32417.785    18.098     0.13    1.58
  32793.993    17.863    -0.63    1.35
  33170.200    17.415    -1.19    1.43
  33546.407    16.942    -1.26    1.53
  33922.612    16.774    -0.45    1.44
  34298.817    16.827     0.14    1.51
  34675.021    17.233     1.08    1.91
  35051.224    17.666     1.15    2.46
  35427.426    17.828     0.43    2.75
  35803.628    18.581     2.00    2.91
  36179.828    18.537    -0.12    3.88
  36556.028    20.075     4.09    3.72
  36932.227    21.319     3.31    4.13
  37308.425    21.942     1.66    4.42
  37684.622    23.963     5.37    2.72
  38060.818    23.828    -0.36    2.76
  38437.014    23.002    -2.19    3.63
  38813.209    23.503     1.33    3.92
  39189.403    23.099    -1.07    4.38
  39565.596    21.099    -5.32    6.26
  39941.788    17.052   -10.76    6.22
  40317.979    14.314    -7.28    5.66
  40694.170    12.627    -4.48    5.00
  41070.359    10.921    -4.53    2.81
  41446.548    10.558    -0.97    2.77
  41822.737    11.152     1.58    3.48
  42198.924    12.855     4.53    4.30
  42575.110    13.626     2.05    4.30
  42951.296    14.152     1.40    3.98
  43327.481    14.263     0.30    3.65
  43703.665    13.665    -1.59    3.67
  44079.848    12.810    -2.27    3.51
  44456.031    12.985     0.47    3.66
  44832.212    12.819    -0.44    3.21
  45208.393    12.870     0.14    3.17
  45584.573    12.126    -1.98    2.05
  45960.752    11.639    -1.30    1.61
  46336.931    11.588    -0.13    1.64
  46713.108    11.855     0.71    1.58
  47089.285    12.002     0.39    1.41
  47465.461    12.052     0.13    1.37
  47841.637    12.009    -0.11    0.81
  48217.811    12.206     0.52    1.00
  48593.985    12.558     0.93    1.24
  48970.158    12.774     0.57    1.40
  49346.330    12.731    -0.11    1.35
  49722.501    12.791     0.16    1.36
  50098.672    12.811     0.05    1.09
  50474.841    13.050     0.64    1.17
  50851.010    13.341     0.78    1.05
  51227.179    13.363     0.06    1.21
  51603.346    13.705     0.91    1.39
  51979.513    13.639    -0.17    1.39
  52355.679    13.763     0.33    1.18
  52731.844    13.819     0.15    0.96
  53108.008    14.013     0.52    1.20
  53484.172    14.229     0.57    1.26
  53860.335    14.357     0.34    1.20
  54236.497    14.465     0.29    1.09
  54612.658    14.558     0.25    0.90
  54988.819    15.179     1.65    2.06
  55364.978    16.017     2.23    2.69
  55741.138    16.468     1.20    2.74
  56117.296    16.774     0.81    2.44
  56493.453    16.357    -1.11    2.09
  56869.610    16.152    -0.55    2.12
  57245.766    15.731    -1.12    1.46
  57621.922    15.784     0.14    1.28
  57998.076    15.947     0.43    0.95
  58374.230    16.126     0.48    1.18
  58750.383    16.395     0.71    1.30
  59126.535    16.485     0.24    1.24
  59502.687    16.612     0.34    1.50
  59878.838    16.389    -0.59    1.48
  60254.988    16.021    -0.98    1.47
  60631.137    15.996    -0.07    1.11
  61007.286    16.203     0.55    0.97
  61383.434    16.336     0.35    1.01
  61759.581    16.347     0.03    1.31
  62135.728    18.793     6.50    5.25
  62511.873    22.513     9.89    6.79
  62888.018    22.896     1.02    6.46
  63264.163    23.599     1.87    6.28
  63640.306    21.476    -5.64    6.17
  64016.449    19.099    -6.32    4.89
  64392.591    17.768    -3.54    4.04
  64768.733    17.229    -1.43    2.34
  65144.874    17.041    -0.50    1.19
  65521.014    17.126     0.23    1.22
  65897.153    17.233     0.29    1.16
  66273.291    17.503     0.72    1.34
  66649.429    17.909     1.08    1.55
  67025.567    17.849    -0.16    1.61
  67401.703    18.768     2.44    2.18
  67777.839    18.742    -0.07    2.23
  68153.974    18.819     0.20    2.44
  68530.108    18.973     0.41    1.80
  68906.242    18.902    -0.19    1.99
  69282.375    18.784    -0.31    2.01
  69658.507    18.998     0.57    1.90
  70034.639    18.626    -0.99    1.48
  70410.770    18.963     0.90    1.35
  70786.900    18.921    -0.11    1.18
  71163.030    18.952     0.08    1.07
  71539.159    18.990     0.10    1.12
  71915.287    19.073     0.22    1.17
  72291.414    19.260     0.50    1.13
  72667.541    19.422     0.43    1.15
  73043.667    19.693     0.72    1.17
  73419.793    19.866     0.46    1.54
  73795.918    19.819    -0.13    1.77
  74172.042    20.227     1.09    2.70
  74548.165    20.597     0.98    3.57
  74924.288    22.588     5.29    5.01
  75300.410    25.705     8.29    5.34
  75676.532    27.998     6.10    4.91
  76052.652    30.588     6.89    2.75
  76428.772    31.757     3.11    2.32
  76804.892    31.874     0.31    3.07
  77181.011    31.310    -1.50    3.80
  77557.129    30.306    -2.67    4.29
  77933.246    29.838    -1.24    3.98
  78309.363    29.511    -0.87    3.41
  78685.479    29.468    -0.11    2.68
  79061.595    29.855     1.03    1.90
  79437.710    29.395    -1.22    2.74
  79813.824    28.693    -1.87    4.10
  80189.938    27.511    -3.14    5.02
  80566.051    26.639    -2.32    5.40
  80942.163    25.855    -2.09    5.39
  81318.275    24.793    -2.82    5.22
  81694.386    24.442    -0.93    4.62
  82070.496    23.494    -2.52    4.21
  82446.606    22.422    -2.85    3.61
  82822.715    22.050    -0.99    3.01
  83198.823    21.389    -1.76    2.20
  83574.931    20.985    -1.07    1.21
  83951.039    21.099     0.30    1.11
  84327.145    21.485     1.03    1.31
  84703.251    22.075     1.57    1.95
  85079.357    22.588     1.36    1.98
  85455.461    23.152     1.50    2.13
  85831.565    23.071    -0.22    1.83
  86207.669    22.747    -0.86    1.36
  86583.772    22.774     0.07    1.21
  86959.874    22.602    -0.46    1.01
  87335.976    22.774     0.46    1.01
  87712.077    23.152     1.01    1.85
  88088.177    23.705     1.47    2.68
  88464.277    24.306     1.60    3.14
  88840.376    24.314     0.02    3.26
  89216.475    23.927    -1.03    3.20
  89592.573    23.521    -1.08    2.52
  89968.670    23.124    -1.05    1.40
  90344.767    23.693     1.51    2.12
  90720.863    23.930     0.63    2.45
  91096.959    24.547     1.64    3.01
  91473.054    24.793     0.65    3.41
  91849.148    25.371     1.54    3.71
  92225.242    25.310    -0.16    3.43
  92601.335    24.530    -2.07    2.23
  92977.428    24.180    -0.93    1.72
  93353.520    24.229     0.13    2.09
  93729.612    24.341     0.30    2.11
  94105.703    24.229    -0.30    1.88
  94481.793    24.306     0.20    1.93
  94857.883    24.257    -0.13    1.96
  95233.972    24.855     1.59    2.46
  95610.060    24.973     0.31    2.27
  95986.148    25.126     0.41    2.55
  96362.236    25.541     1.10    2.59
  96738.323    24.936    -1.61    2.81
  97114.409    25.368     1.15    3.08
  97490.495    25.017    -0.93    2.79
  97866.580    24.442    -1.53    1.84
  98242.664    24.695     0.67    2.19
  98618.748    26.002     3.48    3.72
  98994.832    26.178     0.47    3.82
  99370.915    26.402     0.59    3.93
  99746.997    26.793     1.04    3.97
 100123.079    26.494    -0.79    3.71
 100499.160    26.889     1.05    4.20
 100875.241    30.836    10.50    7.27
 101251.321    34.562     9.91    7.55
 101627.401    37.585     8.04    6.69
 102003.480    39.152     4.17    3.77
 102379.558    39.127    -0.07    2.42
 102755.636    39.209     0.22    2.34
 103131.714    38.855    -0.94    2.27
 103507.790    38.882     0.07    2.24
 103883.867    38.936     0.14    2.46
 104259.943    39.125     0.50    3.77
 104636.018    38.624    -1.33    5.40
 105012.093    37.050    -4.19    6.66
 105388.167    34.896    -5.73    7.25
 105764.240    33.287    -4.28    7.57
 106140.313    33.810     1.39    8.32
 106516.386    35.415     4.27    8.54
 106892.487    36.537     2.98    8.71
 107268.661    35.990    -1.45    8.52
 107644.834    33.178    -7.48    8.20
 108021.007    30.180    -7.97    6.88
 108397.180    28.178    -5.32    4.33
 108773.352    29.255     2.86    4.39
 109149.523    31.933     7.12    5.06
 109525.694    34.460     6.72    3.93
 109901.865    36.017     4.14    3.33
 110278.035    36.666     1.72    3.44
 110654.204    38.314     4.38    3.89
 111030.373    37.208    -2.94    5.29
 111406.541    35.547    -4.42    5.81
 111782.709    34.409    -3.03    6.65
 112158.877    32.503    -5.06    6.15
 112535.044    31.716    -2.09    6.14
 112911.210    29.947    -4.70    4.97
 113287.376    29.896    -0.14    5.03
 113663.541    30.458     1.49    5.98
 114039.706    32.101     4.37    6.20
 114415.871    33.287     3.15    6.36
 114792.034    33.801     1.37    7.33
 115168.198    34.585     2.08    7.62
 115544.361    34.715     0.35    8.55
 115920.523    33.973    -1.97    8.33
 116296.685    34.047     0.20    7.76
 116672.847    34.152     0.28    7.29
 117049.008    34.863     1.89    7.50
 117425.168    34.430    -1.15    7.42
 117801.328    31.757    -7.10    6.12
 118177.488    29.768    -5.29    5.12
 118553.647    27.909    -4.94    3.15
 118929.806    27.994     0.23    3.06
 119305.964    30.947     7.85    6.22
 119682.122    33.998     8.11    7.19
 120058.279    35.044     2.78    7.42
 120434.435    34.255    -2.10    7.26
 120810.592    33.968    -0.76    7.22
 121186.748    32.430    -4.09    5.50
 121562.903    33.666     3.29    5.63
 121939.058    34.458     2.11    6.07
 122315.212    33.562    -2.38    6.67
 122691.366    31.332    -5.93    5.82
 123067.520    30.581    -2.00    5.83
 123443.673    29.409    -3.12    4.42
 123819.826    29.569     0.43    3.85
 124195.978    31.021     3.86    5.08
 124572.130    34.537     9.35    7.18
 124948.281    37.626     8.21    7.30
 125324.432    38.784     3.08    6.45
 125700.582    38.521    -0.70    7.12
 126076.732    36.527    -5.30    7.89
 126452.882    34.624    -5.06    7.55
 126829.031    33.052    -4.18    7.38
 127205.179    30.284    -7.36    5.03
 127581.328    29.208    -2.86    3.90
 127957.475    29.774     1.50    4.84
 128333.623    33.569    10.09    7.45
 128709.770    34.521     2.53    7.43
 129085.916    34.427    -0.25    7.28
 129462.062    32.530    -5.04    6.55
 129838.208    29.527    -7.98    2.66
 130214.353    29.178    -0.93    2.01
 130590.498    29.994     2.17    3.15
 130966.642    32.073     5.53    5.63
 131342.786    34.588     6.69    7.19
 131718.930    36.047     3.88    7.10
 132095.073    35.819    -0.61    6.70
 132471.216    34.075    -4.64    6.22
 132847.358    32.874    -3.19    5.14
 133223.500    33.677     2.13    5.80
 133599.641    37.485    10.12    7.76
 133975.783    41.211     9.90    7.29
 134351.923    42.233     2.72    6.76
 134728.063    42.558     0.86    6.53
 135104.203    42.963     1.08    5.63
 135480.343    44.152     3.16    4.84
 135856.482    45.179     2.73    3.48
 136232.621    45.511     0.88    2.47
 136608.759    46.024     1.36    2.93
 136984.897    46.442     1.11    2.89
 137361.034    43.612    -7.52    7.08
 137737.172    40.652    -7.87    8.09
 138113.308    37.357    -8.76    7.36
 138489.445    34.791    -6.82    5.70
 138865.581    34.998     0.55    5.97
 139241.716    34.374    -1.66    6.53
 139617.852    32.915    -3.88    6.53
 139993.986    30.050    -7.62    3.97
 140370.121    30.277     0.61    3.64
 140746.255    32.205     5.12    5.33
 141122.389    34.863     7.07    6.64
 141498.522    37.179     6.16    7.08
 141874.655    38.460     3.40    7.21
 142250.788    38.801     0.91    6.95
 142626.920    37.050    -4.66    7.44
 143003.052    34.229    -7.50    6.85
 143379.183    32.047    -5.80    5.13
 143755.314    32.233     0.50    4.45
 144131.445    34.152     5.10    5.13
 144507.576    33.626    -1.40    5.16
 144883.706    33.735     0.29    5.24
 145259.835    32.206    -4.07    4.70
 145635.965    32.098    -0.29    4.58
 146012.094    34.422     6.18    6.07
 146388.222    37.395     7.90    6.61
 146764.351    41.058     9.74    4.86
 147140.479    41.973     2.43    3.49
 147516.606    41.921    -0.14    2.79
 147892.734    42.208     0.76    2.93
 148268.861    42.742     1.42    3.10
 148644.987    44.152     3.75    3.13
 149021.113    45.229     2.86    2.99
 149397.239    46.021     2.10    2.47
 149773.365    45.768    -0.67    2.42
 150149.490    45.368    -1.06    4.15
 150525.615    43.915    -3.86    5.44
 150901.740    41.302    -6.95    7.37
 151277.864    38.695    -6.93    8.42
 151653.988    36.422    -6.04    8.06
 152030.111    33.476    -7.83    6.31
 152406.235    33.314    -0.43    5.83
 152782.358    34.125     2.16    6.29
 153158.480    33.374    -2.00    6.26
 153534.603    35.277     5.06    6.58
 153910.725    37.255     5.26    6.37
 154286.846    38.909     4.40    6.11
 154662.968    40.537     4.33    5.34
 155039.089    42.626     5.55    3.77
 155415.210    43.257     1.68    3.34
 155791.330    43.521     0.70    3.79
 156167.450    44.768     3.32    3.56
 156543.570    46.152     3.68    3.32
 156919.690    45.468    -1.82    4.80
 157295.809    45.178    -0.77    4.98
 157671.928    42.952    -5.92    7.91
 158048.047    38.973   -10.58    8.99
 158424.165    37.044    -5.13    8.55
 158800.283    34.828    -5.89    7.28
 159176.401    33.206    -4.31    5.72
 159552.518    33.791     1.55    6.19
 159928.635    33.126    -1.77    6.33
 160304.752    32.627    -1.33    6.19
 160680.869    33.693     2.83    6.36
 161056.985    32.280    -3.76    4.38
 161433.101    32.784     1.34    4.36
 161809.217    32.383    -1.07    4.06
 162185.332    31.990    -1.04    3.58
 162561.448    31.691    -0.80    3.16
 162937.563    33.069     3.66    5.13
 163313.677    33.233     0.44    4.71
 163689.792    34.639     3.74    5.62
 164065.906    33.976    -1.76    4.49
 164442.020    33.742    -0.62    4.03
 164818.133    33.460    -0.75    3.62
 165194.246    33.095    -0.97    3.49
 165570.360    32.368    -1.93    2.55
 165946.472    32.430     0.16    1.85
 166322.585    34.073     4.37    3.74
 166698.697    35.327     3.33    4.29
 167074.809    35.639     0.83    4.49
 167450.921    34.363    -3.39    3.86
 167827.032    32.599    -4.69    1.93
 168203.144    34.021     3.78    4.21
 168579.255    34.639     1.64    4.50
 168955.365    34.627    -0.03    4.59
 169331.476    35.968     3.56    4.79
 169707.586    35.098    -2.31    4.57
 170083.696    37.422     6.18    5.95
 170459.806    38.541     2.97    5.97
 170835.915    37.691    -2.26    5.79
 171212.025    36.434    -3.34    5.37
 171588.134    35.924    -1.36    5.91
 171964.242    37.889     5.23    6.70
 172340.351    41.233     8.89    6.97
 172716.459    44.347     8.28    4.66
 173092.567    45.639     3.44    5.32
 173468.675    45.152    -1.30    5.96
 173844.783    44.836    -0.84    6.54
 174220.890    44.389    -1.19    6.94
 174596.998    44.327    -0.16    6.61
 174973.105    44.341     0.04    6.67
 175349.211    46.227     5.01    6.63
 175725.318    48.409     5.80    6.11
 176101.424    50.513     5.60    3.42
 176477.530    51.720     3.21    2.36
 176853.636    52.044     0.86    2.26
 177229.742    52.909     2.30    2.36
 177605.847    53.870     2.56    1.79
 177981.953    54.180     0.82    2.59
 178358.058    54.819     1.70    3.16
 178734.163    54.942     0.33    3.01
 179110.267    55.124     0.49    2.61
 179486.372    54.768    -0.95    2.34
 179862.476    54.562    -0.55    2.01
 180238.580    54.757     0.52    2.33
 180614.684    53.930    -2.20    2.66
 180990.787    54.229     0.80    2.61
 181366.891    54.395     0.44    2.74
 181742.994    54.639     0.65    2.89
 182119.126    55.357     1.91    2.89
 182495.274    56.152     2.11    2.62
 182871.422    56.558     1.08    2.54
 183247.570    56.341    -0.57    2.17
 183623.718    56.233    -0.29    2.03
 183999.865    56.017    -0.57    2.10
 184376.013    55.985    -0.08    2.10
 184752.160    55.372    -1.63    2.08
 185128.307    55.434     0.17    2.09
 185504.454    55.828     1.05    2.15
 185880.601    56.099     0.72    2.18
 186256.747    56.994     2.38    1.75
 186632.894    57.383     1.03    1.56
 187009.040    57.179    -0.54    1.42
 187385.186    56.665    -1.37    1.57
 187761.332    56.374    -0.77    1.77
 188137.477    55.947    -1.14    1.69
 188513.623    56.409     1.23    1.85
 188889.768    56.840     1.15    2.73
 189265.914    56.395    -1.18    3.78
 189642.059    55.612    -2.08    4.29
 190018.204    55.395    -0.57    3.70
 190394.348    55.442     0.12    2.54
 190770.493    55.666     0.60    1.87
 191146.637    55.485    -0.48    1.83
 191522.782    54.947    -1.43    1.69
 191898.926    54.639    -0.82    1.71
 192275.070    54.731     0.25    2.46
 192651.214    54.511    -0.58    2.69
 193027.357    55.280     2.05    2.47
 193403.501    55.368     0.23    2.66
 193779.644    55.768     1.06    1.99
 194155.788    55.422    -0.92    1.98
 194531.931    55.585     0.43    1.83
 194908.074    55.099    -1.29    1.64
 195284.217    54.933    -0.44    1.68
 195660.360    54.024    -2.42    2.10
 196036.502    53.047    -2.60    1.84
 196412.645    52.374    -1.79    1.53
 196788.787    51.844    -1.41    1.56
 197164.930    51.597    -0.66    1.32
 197541.072    51.793     0.52    1.55
 197917.214    52.573     2.07    1.98
 198293.356    53.612     2.76    2.22
 198669.497    54.341     1.94    1.75
 199045.639    54.562     0.59    1.77
 199421.781    54.588     0.07    1.76
 199797.922    54.402    -0.49    1.83
 200174.064    54.573     0.45    1.83
 200550.205    54.389    -0.49    1.99
 200926.346    54.071    -0.85    2.40
 201302.487    53.125    -2.51    3.40
 201678.628    52.581    -1.45    3.22
 202054.769    53.075     1.31    3.25
 202430.909    52.691    -1.02    4.23
 202807.050    51.124    -4.16    5.70
 203183.191    48.562    -6.81    7.55
 203559.331    46.569    -5.30    8.13
 203935.471    42.705   -10.27    6.08
 204311.612    42.075    -1.67    5.63
 204687.752    41.336    -1.96    3.50
 205063.892    41.179    -0.42    2.62
 205440.032    42.205     2.73    3.10
 205816.172    42.977     2.05    3.10
 206192.312    45.125     5.71    4.66
 206568.451    45.768     1.71    4.33
 206944.591    47.206     3.82    4.39
 207320.731    51.368    11.07    7.11
 207696.870    58.314    18.47   13.20
 208073.010    67.847    25.34   14.14
 208449.149    76.511    23.04   13.18
 208825.288    84.627    21.58   11.99
 209201.427    91.017    16.99    9.10
 209577.567    92.377     3.62    7.39
 209953.706    89.126    -8.64   10.99
 210329.845    80.678   -22.46   13.98
 210705.984    70.558   -26.91   12.33
 211082.123    62.363   -21.79    8.32
 211458.261    57.402   -13.19    6.92
 211834.400    54.990    -6.41    5.85
 212210.539    57.942     7.85    9.93
 212586.678    66.666    23.20   15.91
 212962.816    75.255    22.83   14.96
 213338.955    84.588    24.81    8.90
 213715.093    87.847     8.66    5.71
 214091.232    81.368   -17.22   10.73
 214467.370    75.395   -15.88   10.93
 214843.508    69.994   -14.36    8.83
 215219.647    65.177   -12.81    6.30
 215595.785    64.612    -1.50    4.21
 215971.923    67.819     8.53    8.41
 216348.062    71.521     9.84   11.99
 216724.200    77.757    16.58   13.82
 217100.338    81.287     9.38   12.99
 217476.476    82.921     4.34    9.84
 217852.614    81.547    -3.65    8.87
 218228.752    76.902   -12.35    7.17
 218604.890    74.963    -5.16    7.28
 218981.028    71.319    -9.69    9.09
 219357.166    69.152    -5.76   10.90
 219733.304    63.460   -15.13   12.41
 220109.442    56.682   -18.02    9.89
 220485.580    53.774    -7.73    7.75
 220861.718    53.233    -1.44    6.40
 221237.856    53.558     0.86    4.76
 221613.994    53.537    -0.06    3.73
 221990.131    52.287    -3.32    3.88
 222366.269    51.383    -2.40    3.79
 222742.407    51.357    -0.07    4.27
 223118.545    52.255     2.39    5.04
 223494.683    57.612    14.24    8.37
 223870.820    60.952     8.88   10.26
 224246.958    63.363     6.41    9.35
 224623.096    61.430    -5.14   11.37
 224999.234    54.017   -19.71   13.38
 225375.372    46.124   -20.98    9.68
 225751.510    42.909    -8.55    6.24
 226127.647    42.765    -0.38    4.98
