-295275.259    12.390     0.00    4.31
-294899.083    12.918     1.40    4.11
-294522.906    12.777    -0.38    4.19
-294146.731    12.463    -0.83    3.56
-293770.555    12.532     0.18    3.28
-293394.381    12.556     0.06    3.47
-293018.206    12.108    -1.19    3.85
-292642.033    12.398     0.77    4.29
-292265.859    11.923    -1.26    4.29
-291889.687    12.028     0.28    4.15
-291513.515    13.366     3.56    3.91
-291137.343    13.402     0.10    3.52
-290761.172    13.056    -0.92    3.92
-290385.001    13.560     1.34    4.08
-290008.831    13.193    -0.98    4.44
-289632.661    13.274     0.22    4.12
-289256.492    14.058     2.08    3.74
-288880.323    14.259     0.53    3.67
-288504.155    14.409     0.40    3.01
-288127.987    15.477     2.84    3.90
-287751.820    15.310    -0.44    4.81
-287375.653    14.950    -0.96    5.20
-286999.486    13.923    -2.73    4.48
-286623.320    14.131     0.55    4.40
-286247.155    14.319     0.50    3.15
-285870.990    14.143    -0.47    3.21
-285494.826    14.925     2.08    3.80
-285118.662    14.616    -0.82    3.64
-284742.498    14.924     0.82    3.54
-284366.335    14.541    -1.02    3.46
-283990.173    15.008     1.24    3.07
-283614.011    15.517     1.35    3.09
-283237.849    16.031     1.37    3.40
-282861.688    16.625     1.58    3.10
-282485.527    16.556    -0.19    2.79
-282109.367    16.254    -0.80    2.86
-281733.207    15.848    -1.08    3.21
-281357.048    15.515    -0.89    3.27
-280980.889    14.515    -2.66    3.40
-280604.730    14.193    -0.86    3.25
-280228.572    14.214     0.05    3.69
-279852.415    15.592     3.66    3.11
-279476.258    16.366     2.06    2.42
-279100.101    16.105    -0.69    2.63
-278723.945    15.760    -0.92    2.24
-278347.789    15.450    -0.82    1.90
-277971.634    15.259    -0.51    1.64
-277595.479    15.227    -0.09    1.76
-277219.324    14.871    -0.94    1.57
-276843.170    15.214     0.91    1.65
-276467.017    15.366     0.40    1.48
-276090.863    15.566     0.53    1.65
-275714.711    15.706     0.37    1.66
-275338.558    14.823    -2.35    3.61
-274962.406    13.669    -3.07    4.49
-274586.255    12.029    -4.36    5.39
-274210.104     9.871    -5.74    6.03
-273833.953    10.413     1.44    5.45
-273457.803    10.450     0.10    6.40
-273081.653    10.393    -0.15    6.72
-272705.504    11.463     2.84    6.16
-272329.355    11.544     0.22    5.86
-271953.206    11.679     0.36    5.21
-271577.058    12.328     1.72    3.23
-271200.910    11.039    -3.43    2.75
-270824.763    10.054    -2.62    2.19
-270448.616     9.464    -1.57    1.45
-270072.470     9.754     0.77    1.79
-269696.324    10.182     1.14    1.64
-269320.178    10.409     0.60    1.68
-268944.033    10.240    -0.45    1.66
-268567.888    10.450     0.56    1.54
-268191.743    10.746     0.79    1.51
-267815.599    10.842     0.25    1.70
-267439.455    11.503     1.76    2.05
-267063.312    11.952     1.19    2.12
-266687.169    12.727     2.06    2.20
-266311.026    13.529     2.13    1.97
-265934.884    14.139     1.62    1.61
-265558.743    14.517     1.01    1.61
-265182.601    14.760     0.65    1.47
-264806.460    15.060     0.80    1.68
-264430.319    13.695    -3.63    3.10
-264054.179    13.105    -1.57    3.38
-263678.039    12.382    -1.92    3.29
-263301.900    12.541     0.42    3.91
-262925.761    13.598     2.81    3.60
-262549.622    14.259     1.76    4.04
-262173.483    15.266     2.68    3.53
-261797.345    15.541     0.73    3.10
-261421.208    16.866     3.52    2.35
-261045.070    17.582     1.90    3.21
-260668.933    18.746     3.09    3.88
-260292.797    20.377     4.34    5.00
-259916.660    21.541     3.09    5.34
-259540.525    24.056     6.69    6.09
-259164.389    26.598     6.76    5.25
-258788.254    28.274     4.46    4.82
-258412.119    29.588     3.49    4.49
-258035.985    28.898    -1.83    5.15
-257659.850    25.802    -8.23    5.22
-257283.717    23.193    -6.94    4.75
-256907.583    21.669    -4.05    3.76
-256531.450    20.819    -2.26    3.05
-256155.317    20.135    -1.82    2.06
-255779.185    20.842     1.88    2.80
-255403.053    21.977     3.02    4.35
-255026.921    24.625     7.04    6.34
-254650.790    26.869     5.96    6.93
-254274.659    28.409     4.10    6.27
-253898.528    29.434     2.72    6.55
-253522.398    30.592     3.08    6.74
-253146.267    32.874     6.07    6.28
-252770.138    32.377    -1.32    6.35
-252394.008    30.706    -4.44    7.70
-252017.879    26.328   -11.64    7.34
-251641.750    21.503   -12.83    5.60
-251265.622    19.327    -5.79    3.29
-250889.494    19.544     0.58    4.36
-250513.366    21.898     6.26    5.82
-250137.238    24.108     5.88    5.83
-249761.111    24.515     1.08    5.80
-249384.984    25.787     3.38    5.72
-249008.858    28.327     6.75    8.33
-248632.731    33.266    13.13    9.64
-248256.606    38.699    14.44    8.31
-247880.480    40.139     3.83    6.34
-247504.354    38.449    -4.49    7.30
-247128.229    37.284    -3.10    7.66
-246752.105    35.284    -5.32    7.83
-246375.980    32.577    -7.20    7.86
-245999.856    31.259    -3.50    7.21
-245623.732    29.571    -4.49    6.32
-245247.609    28.171    -3.72    6.09
-244871.485    26.592    -4.20    5.77
-244495.362    24.266    -6.18    5.07
-244119.240    23.259    -2.68    4.28
-243743.117    24.371     2.96    6.22
-243366.995    25.951     4.20    7.20
-242990.873    28.921     7.90    8.01
-242614.752    31.177     6.00    8.21
-242238.630    34.797     9.63    6.73
-241862.509    37.310     6.68    3.30
-241486.389    37.436     0.34    2.75
-241110.268    36.220    -3.23    3.77
-240734.148    32.625    -9.56    6.07
-240358.028    26.792   -15.51    8.39
-239981.908    23.060    -9.92    7.94
-239605.789    19.797    -8.67    4.90
-239229.670    18.029    -4.70    2.25
-238853.551    17.652    -1.00    2.07
-238477.432    16.848    -2.14    2.56
-238101.314    16.029    -2.18    2.65
-237725.196    15.766    -0.70    2.83
-237349.078    15.760    -0.02    2.72
-236972.961    15.848     0.23    2.63
-236596.843    17.004     3.07    3.53
-236220.726    18.669     4.43    5.23
-235844.610    20.643     5.25    5.54
-235468.493    22.330     4.48    5.87
-235092.377    22.977     1.72    5.48
-234716.261    22.787    -0.50    5.44
-234340.145    21.787    -2.66    6.63
-233964.029    21.193    -1.58    6.94
-233587.914    20.143    -2.79    6.07
-233211.799    17.977    -5.76    4.19
-232835.684    17.848    -0.34    3.20
-232459.569    18.193     0.92    2.68
-232083.455    19.845     4.39    4.23
-231707.341    22.135     6.09    6.20
-231331.227    25.720     9.53    7.11
-230955.113    29.220     9.30    5.56
-230579.000    30.772     4.13    4.87
-230202.887    30.782     0.03    5.24
-229826.755    30.695    -0.23    5.40
-229450.594    31.054     0.95    5.59
-229074.433    32.508     3.87    5.47
-228698.272    32.720     0.56    5.63
-228322.112    32.301    -1.11    6.73
-227945.951    31.544    -2.01    7.75
-227569.791    28.819    -7.25    8.75
-227193.631    28.116    -1.87    7.99
-226817.471    25.900    -5.89    6.31
-226441.312    23.823    -5.52    3.59
-226065.153    24.220     1.06    3.00
-225688.993    26.925     7.19    6.20
-225312.835    30.592     9.75    7.65
-224936.676    34.874    11.38    7.25
-224560.517    37.544     7.10    5.89
-224184.359    37.848     0.81    5.47
-223808.201    38.112     0.70    6.00
-223432.043    36.004    -5.60    7.24
-223055.885    31.382   -12.29    7.47
-222679.728    28.289    -8.22    6.98
-222303.570    26.772    -4.03    5.37
-221927.413    26.608    -0.43    5.27
-221551.256    27.282     1.79    5.91
-221175.099    28.002     1.91    5.81
-220798.943    27.977    -0.07    6.53
-220422.786    29.541     4.16    5.98
-220046.630    30.489     2.52    6.42
-219670.474    30.706     0.58    6.27
-219294.318    27.371    -8.87    6.88
-218918.163    24.079    -8.75    6.74
-218542.007    22.977    -2.93    6.01
-218165.852    23.815     2.23    7.07
-217789.697    26.541     7.25    8.33
-217413.541    29.187     7.04    8.67
-217037.387    28.815    -0.99   10.04
-216661.232    24.896   -10.42   10.53
-216285.077    19.891   -13.30    8.17
-215908.923    16.797    -8.22    5.71
-215532.769    14.127    -7.10    2.74
-215156.615    13.382    -1.98    3.18
-214780.461    11.797    -4.21    3.32
-214404.307    10.282    -4.03    3.27
-214028.154     8.792    -3.96    3.25
-213652.000     7.182    -4.28    2.38
-213275.847     6.161    -2.71    1.80
-212899.694     5.754    -1.08    1.68
-212523.541     6.292     1.43    2.30
-212147.388     7.802     4.01    3.07
-211771.235     9.060     3.35    2.75
-211395.083     9.515     1.21    2.69
-211018.930     8.240    -3.39    4.14
-210642.778     5.598    -7.02    4.75
-210266.626     2.463    -8.33    4.53
-209890.474     1.810    -1.74    5.44
-209514.322     3.105     3.44    6.47
-209138.170     5.127     5.37    6.90
-208762.019     5.923     2.12    7.01
-208385.867     4.877    -2.78    7.20
-208009.716     3.450    -3.79    7.33
-207633.565     2.082    -3.64    7.28
-207257.414     0.490    -4.23    6.20
-206881.263     1.156     1.77    6.70
-206505.112     2.923     4.70    7.23
-206128.961     4.782     4.94    7.25
-205752.810     5.720     2.49    7.44
-205376.660     6.393     1.79    7.77
-205000.510     5.874    -1.38    8.03
-204624.359     3.541    -6.20    8.15
-204248.209     1.388    -5.72    7.16
-203872.059     1.004    -1.02    5.57
-203495.909     2.193     3.16    4.79
-203119.759     4.490     6.11    3.69
-202743.610     6.202     4.55    3.41
-202367.460     8.220     5.37    2.51
-201991.310    10.266     5.44    2.40
-201615.161    11.489     3.25    2.02
-201239.012    12.371     2.34    1.73
-200862.862    12.896     1.39    1.52
-200486.713    12.951     0.15    1.53
-200110.564    13.003     0.14    1.70
-199734.415    12.921    -0.22    1.79
-199358.266    12.787    -0.36    1.82
-198982.117    12.504    -0.75    1.80
-198605.969    12.398    -0.28    1.67
-198229.820    12.515     0.31    1.71
-197853.671    12.602     0.23    1.72
-197477.523    12.792     0.51    1.64
-197101.375    12.598    -0.52    1.55
-196725.226    12.679     0.22    1.66
-196349.078    12.848     0.45    1.94
-195972.930    12.896     0.13    2.01
-195596.782    12.310    -1.56    2.37
-195220.634    11.977    -0.89    2.50
-194844.486    12.845     2.31    3.19
-194468.338    14.652     4.80    4.67
-194092.190    18.105     9.18    5.36
-193716.042    21.240     8.33    5.25
-193339.895    23.616     6.32    6.00
-192963.747    25.274     4.41    5.96
-192587.599    26.598     3.52    5.51
-192211.452    26.869     0.72    5.41
-191835.304    26.766    -0.27    5.38
-191459.157    27.258     1.31    5.66
-191083.010    27.252    -0.02    7.42
-190706.862    27.477     0.60    8.01
-190330.715    26.893    -1.55    7.20
-189954.568    25.336    -4.14    6.03
-189578.420    24.571    -2.03    4.54
-189202.273    24.187    -1.02    3.99
-188826.126    25.424     3.29    4.91
-188449.979    27.284     4.95    6.10
-188073.832    29.166     5.00    7.64
-187697.685    30.950     4.74    7.94
-187321.538    33.402     6.52    7.65
-186945.391    35.348     5.17    6.22
-186569.244    33.274    -5.51    6.79
-186193.098    31.977    -3.45    7.00
-185816.951    30.869    -2.95    5.43
-185440.804    30.896     0.07    4.63
-185064.657    32.532     4.35    4.55
-184688.510    36.327    10.09    5.29
-184312.364    38.477     5.72    4.61
-183936.217    38.706     0.61    4.45
-183560.070    38.182    -1.39    3.97
-183183.923    37.266    -2.43    4.71
-182807.777    37.156    -0.29    4.26
-182431.630    37.625     1.25    4.10
-182055.484    37.233    -1.04    3.38
-181679.337    37.727     1.31    4.56
-181303.190    36.898    -2.20    6.35
-180927.044    36.336    -1.49    7.24
-180550.897    33.401    -7.80    7.19
-180174.750    32.464    -2.49    5.54
-179798.604    32.652     0.50    5.22
-179422.457    34.616     5.22    5.91
-179046.311    37.869     8.65    6.55
-178670.164    39.782     5.09    6.22
-178294.017    41.056     3.39    5.58
-177917.871    41.635     1.54    5.13
-177541.724    41.112    -1.39    5.04
-177165.577    39.772    -3.56    5.61
-176789.431    38.772    -2.66    6.07
-176413.284    36.592    -5.79    5.85
-176037.137    35.031    -4.15    5.43
-175660.991    35.182     0.40    5.23
-175284.844    36.490     3.48    5.80
-174908.697    37.977     3.95    5.64
-174532.550    38.706     1.94    6.37
-174156.403    39.359     1.74    5.86
-173780.257    39.387     0.07    5.36
-173404.110    38.592    -2.11    5.71
-173027.963    37.504    -2.89    5.46
-172651.816    34.950    -6.79    4.84
-172275.669    33.699    -3.33    5.25
-171899.522    31.977    -4.58    3.98
-171523.375    31.952    -0.07    5.37
-171147.228    34.950     7.97    7.54
-170771.081    40.661    15.18    8.40
-170394.934    44.871    11.19    5.24
-170018.786    45.720     2.26    5.63
-169642.639    42.301    -9.09    7.30
-169266.492    40.227    -5.51    6.53
-168890.345    37.740    -6.61    5.56
-168514.197    35.977    -4.69    3.62
-168138.050    38.490     6.68    6.30
-167761.902    43.949    14.51    8.59
-167385.755    48.002    10.78    6.93
-167009.607    50.695     7.16    4.70
-166633.460    48.862    -4.87    6.46
-166257.312    47.108    -4.66    7.60
-165881.164    45.436    -4.45    7.51
-165505.016    45.143    -0.78    7.13
-165128.868    41.925    -8.56    8.94
-164752.720    36.950   -13.23    9.39
-164376.572    33.135   -10.14    7.81
-164000.424    29.766    -8.96    4.55
-163624.276    28.677    -2.90    3.01
-163248.128    27.869    -2.15    3.46
-162871.980    27.927     0.15    3.54
-162495.831    27.105    -2.18    3.38
-162119.683    26.177    -2.47    3.42
-161743.534    25.058    -2.97    3.34
-161367.386    24.085    -2.59    3.53
-160991.237    24.544     1.22    4.46
-160615.088    25.515     2.58    5.70
-160238.939    25.679     0.44    5.79
-159862.790    25.077    -1.60    5.52
-159486.641    24.977    -0.27    5.34
-159110.492    25.409     1.15    5.72
-158734.343    25.056    -0.94    6.06
-158358.193    24.566    -1.30    5.94
-157982.044    22.792    -4.72    4.53
-157605.894    22.004    -2.09    3.43
-157229.745    20.925    -2.87    3.46
-156853.595    20.282    -1.71    2.25
-156477.445    19.695    -1.56    2.61
-156101.295    19.618    -0.20    3.21
-155725.145    20.605     2.63    5.53
-155348.995    23.274     7.09    7.09
-154972.845    27.058    10.06    7.37
-154596.712    28.345     3.42    5.89
-154220.586    24.687    -9.73    7.55
-153844.460    22.449    -5.95    7.70
-153468.334    22.577     0.34    7.00
-153092.207    24.489     5.09    8.24
-152716.081    28.517    10.71    8.02
-152339.954    29.679     3.09    6.72
-151963.828    30.003     0.86    6.73
-151587.701    29.746    -0.68    7.08
-151211.574    30.254     1.35    6.91
-150835.447    31.028     2.06    6.82
-150459.320    28.643    -6.34    7.62
-150083.192    26.618    -5.39    7.26
-149707.065    24.746    -4.98    6.69
-149330.937    22.039    -7.20    6.18
-148954.810    19.319    -7.23    6.47
-148578.682    16.842    -6.59    4.56
-148202.554    15.652    -3.16    1.76
-147826.426    15.336    -0.84    1.58
-147450.297    15.301    -0.09    1.76
-147074.169    14.848    -1.20    2.09
-146698.040    13.925    -2.45    2.49
-146321.911    12.733    -3.17    2.83
-145945.783    11.869    -2.30    2.40
-145569.654    11.259    -1.62    1.75
-145193.524    11.618     0.95    1.88
-144817.395    11.977     0.95    1.96
-144441.266    11.845    -0.35    2.11
-144065.136    11.950     0.28    1.96
-143689.006    11.409    -1.44    1.79
-143312.876    11.544     0.36    1.89
-142936.746    11.539    -0.01    1.63
-142560.616    11.797     0.69    2.48
-142184.485    12.259     1.23    2.48
-141808.354    12.393     0.36    2.43
-141432.224    11.336    -2.81    3.79
-141056.093     9.733    -4.26    4.08
-140679.962     7.823    -5.08    4.08
-140303.830     6.556    -3.37    3.27
-139927.699     6.556     0.00    3.00
-139551.567     7.355     2.13    2.99
-139175.435     8.182     2.20    2.94
-138799.303     9.221     2.76    2.21
-138423.171     9.421     0.53    1.99
-138047.038     9.950     1.41    1.91
-137670.906    11.112     3.09    2.18
-137294.773    12.301     3.16    2.16
-136918.640    13.220     2.44    1.80
-136542.507    13.662     1.18    1.64
-136166.373    14.951     3.43    2.86
-135790.240    16.489     4.09    3.75
-135414.106    18.733     5.97    5.68
-135037.972    22.669    10.46    7.18
-134661.838    25.199     6.73    7.03
-134285.704    25.450     0.67    6.57
-133909.569    24.361    -2.90    6.38
-133533.434    24.259    -0.27    6.65
-133157.299    23.921    -0.90    6.79
-132781.164    26.714     7.42    8.09
-132405.029    27.566     2.27    6.92
-132028.893    27.866     0.80    6.46
-131652.757    29.541     4.45    6.07
-131276.621    29.463    -0.21    5.84
-130900.485    30.139     1.80    6.06
-130524.348    31.247     2.95    5.67
-130148.212    31.088    -0.42    6.73
-129772.075    31.874     2.09    6.48
-129395.938    32.627     2.00    6.86
-129019.800    32.409    -0.58    6.85
-128643.663    30.127    -6.07    8.58
-128267.525    26.898    -8.58    8.56
-127891.387    25.477    -3.78    8.41
-127515.248    27.247     4.71    8.86
-127139.110    29.874     6.98    8.89
-126762.971    32.032     5.74    8.46
-126386.832    31.815    -0.58    8.19
-126010.693    30.292    -4.05    7.69
-125634.553    27.405    -7.68    6.27
-125258.414    26.772    -1.68    4.99
-124882.274    25.207    -4.16    2.91
-124506.133    25.393     0.49    2.25
-124129.993    26.139     1.98    1.88
-123753.852    26.733     1.58    2.79
-123377.711    27.950     3.24    4.10
-123001.570    30.602     7.05    5.56
-122625.429    32.490     5.02    6.12
-122249.287    34.635     5.70    6.18
-121873.145    36.266     4.34    5.71
-121497.003    38.871     6.93    4.68
-121120.860    40.004     3.01    5.12
-120744.717    40.852     2.25    4.22
-120368.574    40.477    -1.00    4.71
-119992.431    38.088    -6.35    6.11
-119616.288    36.166    -5.11    6.75
-119240.144    36.862     1.85    7.44
-118864.000    36.900     0.10    7.60
-118487.855    39.002     5.59    6.85
-118111.711    40.006     2.67    6.93
-117735.566    40.166     0.42    7.54
-117359.420    39.923    -0.65    8.30
-116983.275    36.652    -8.69    9.74
-116607.129    34.874    -4.73    9.77
-116230.983    35.571     1.85    9.98
-115854.837    38.336     7.35    9.57
-115478.690    40.398     5.48    8.79
-115102.543    38.925    -3.91    9.12
-114726.396    34.382   -12.08    8.55
-114350.249    30.757    -9.64    6.60
-113974.101    29.336    -3.78    4.18
-113597.953    29.727     1.04    5.05
-113221.804    31.301     4.19    6.11
-112845.656    33.301     5.32    6.11
-112469.507    32.571    -1.94    4.60
-112093.357    33.233     1.76    4.21
-111717.208    34.888     4.40    5.45
-111341.058    37.182     6.10    7.06
-110964.908    40.608     9.11    7.13
-110588.757    43.838     8.59    8.26
-110212.606    45.643     4.80    8.52
-109836.455    47.787     5.70    9.11
-109460.304    49.977     5.82    8.82
-109084.152    52.661     7.14    8.18
-108708.000    54.874     5.88    8.72
-108331.848    56.409     4.08    7.47
-107955.695    56.566     0.42    9.39
-107579.542    55.327    -3.30   10.46
-107203.389    50.727   -12.23   11.93
-106827.235    46.355   -11.62   11.33
-106451.081    43.085    -8.69   10.23
-106074.927    41.166    -5.10    9.05
-105698.772    42.247     2.87   10.04
-105322.617    45.834     9.54   11.87
-104946.462    49.602    10.02   10.08
-104570.306    49.345    -0.68    9.28
-104194.150    49.301    -0.12    7.48
-103817.994    47.951    -3.59    5.59
-103441.837    47.477    -1.26    5.45
-103065.680    44.687    -7.42    8.08
-102689.523    39.544   -13.67    8.25
-102313.365    35.541   -10.64    7.40
-101937.207    32.338    -8.51    3.57
-101561.049    32.310    -0.07    2.62
-101184.890    33.207     2.39    3.06
-100808.731    34.945     4.62    4.38
-100432.571    36.424     3.93    6.97
-100056.412    37.463     2.76    7.94
 -99680.251    38.088     1.66    8.34
 -99304.091    39.490     3.73    8.44
 -98927.930    43.227     9.93    9.31
 -98551.769    46.345     8.29    8.46
 -98175.607    48.259     5.09    6.66
 -97799.445    46.923    -3.55    7.97
 -97423.283    43.566    -8.92    7.79
 -97047.120    41.259    -6.13    7.56
 -96670.957    40.489    -2.04    7.41
 -96294.794    37.058    -9.12    7.02
 -95918.630    33.900    -8.40    5.62
 -95542.466    31.247    -7.05    3.22
 -95166.301    30.409    -2.23    1.80
 -94790.136    30.058    -0.93    1.44
 -94413.971    30.789     1.94    1.64
 -94037.805    32.131     3.57    3.21
 -93661.639    34.319     5.82    4.78
 -93285.473    36.532     5.88    5.77
 -92909.306    40.571    10.74    7.14
 -92533.138    42.616     5.43    8.04
 -92156.971    42.398    -0.58    9.00
 -91780.803    42.618     0.58    9.03
 -91404.634    42.112    -1.34    9.28
 -91028.466    39.819    -6.10    9.50
 -90652.296    37.874    -5.17    9.71
 -90276.127    35.635    -5.95    9.26
 -89899.957    33.058    -6.85    7.60
 -89523.786    30.900    -5.74    4.78
 -89147.615    30.544    -0.95    2.94
 -88771.444    31.112     1.51    2.80
 -88395.273    31.490     1.01    2.32
 -88019.101    31.405    -0.23    2.08
 -87642.928    31.900     1.31    2.29
 -87266.755    32.823     2.45    2.65
 -86890.582    32.393    -1.14    2.95
 -86514.408    32.797     1.07    4.99
 -86138.234    32.754    -0.11    5.58
 -85762.060    31.896    -2.28    5.60
 -85385.885    32.105     0.56    4.48
 -85009.709    32.301     0.52    2.94
 -84633.533    32.398     0.26    2.38
 -84257.357    32.635     0.63    1.88
 -83881.181    32.627    -0.02    1.85
 -83505.003    33.112     1.29    2.07
 -83128.826    33.452     0.90    2.58
 -82752.648    35.156     4.53    4.48
 -82376.470    36.421     3.36    5.24
 -82000.291    38.436     5.36    6.03
 -81624.112    39.760     3.52    6.05
 -81247.932    40.108     0.92    6.35
 -80871.752    43.027     7.76    6.63
 -80495.571    45.838     7.47    6.51
 -80119.390    47.277     3.82    6.31
 -79743.212    45.477    -4.78    6.74
 -79367.116    44.214    -3.36    7.05
 -78991.020    43.792    -1.12    8.39
 -78614.922    40.797    -7.96    8.98
 -78238.825    39.687    -2.95    9.33
 -77862.727    38.560    -3.00    8.32
 -77486.629    40.566     5.33    8.85
 -77110.530    43.616     8.11    8.84
 -76734.430    43.227    -1.03    9.88
 -76358.331    39.746    -9.25    9.86
 -75982.230    35.920   -10.17    5.93
 -75606.130    33.571    -6.24    4.21
 -75230.028    32.787    -2.08    3.87
 -74853.927    31.582    -3.21    3.42
 -74477.825    30.515    -2.84    2.92
 -74101.722    29.815    -1.86    2.98
 -73725.619    29.702    -0.30    3.92
 -73349.515    29.028    -1.79    4.27
 -72973.411    28.398    -1.68    3.37
 -72597.307    28.598     0.53    2.93
 -72221.202    28.977     1.01    2.35
 -71845.096    29.336     0.95    2.41
 -71468.990    29.477     0.37    2.73
 -71092.884    29.464    -0.03    2.52
 -70716.777    29.477     0.03    2.14
 -70340.670    29.345    -0.35    1.58
 -69964.562    29.207    -0.37    1.42
 -69588.453    29.289     0.22    1.31
 -69212.345    28.679    -1.62    1.76
 -68836.235    28.766     0.23    1.79
 -68460.125    28.787     0.06    1.93
 -68084.015    29.207     1.12    2.16
 -67707.904    30.004     2.12    2.24
 -67331.793    29.797    -0.55    2.43
 -66955.681    30.105     0.82    2.94
 -66579.568    30.182     0.20    3.16
 -66203.456    30.652     1.25    3.00
 -65827.342    31.413     2.02    3.04
 -65451.228    32.292     2.34    3.01
 -65075.114    32.338     0.12    3.43
 -64698.999    32.760     1.12    3.73
 -64322.884    33.247     1.29    4.27
 -63946.768    33.598     0.93    4.40
 -63570.651    34.131     1.42    4.40
 -63194.534    33.570    -1.49    5.57
 -62818.417    32.720    -2.26    5.52
 -62442.299    30.669    -5.45    5.67
 -62066.180    28.393    -6.05    5.33
 -61690.061    27.259    -3.02    4.15
 -61313.941    26.166    -2.91    2.98
 -60937.821    26.464     0.79    2.29
 -60561.701    25.740    -1.92    2.83
 -60185.579    24.977    -2.03    2.70
 -59809.458    24.382    -1.58    2.48
 -59433.335    23.464    -2.44    2.23
 -59057.213    23.259    -0.55    1.93
 -58681.089    22.560    -1.86    1.98
 -58304.965    21.977    -1.55    2.07
 -57928.841    21.355    -1.65    2.13
 -57552.716    20.598    -2.01    2.24
 -57176.590    20.409    -0.50    1.91
 -56800.464    20.241    -0.45    1.68
 -56424.338    19.877    -0.97    1.60
 -56048.211    19.336    -1.44    1.74
 -55672.083    18.588    -1.99    2.54
 -55295.955    17.618    -2.58    3.62
 -54919.826    16.463    -3.07    5.15
 -54543.696    16.503     0.11    5.10
 -54167.566    15.898    -1.61    4.93
 -53791.436    16.772     2.32    3.50
 -53415.305    16.896     0.33    2.92
 -53039.173    14.924    -5.24    4.83
 -52663.041    13.752    -3.12    5.96
 -52286.908    11.810    -5.16    5.88
 -51910.775    11.266    -1.45    5.52
 -51534.641    10.652    -1.63    5.64
 -51158.506     9.517    -3.02    6.19
 -50782.371    10.139     1.65    7.04
 -50406.236    11.560     3.78    7.19
 -50030.099    12.105     1.45    7.35
 -49653.963    11.951    -0.41    7.41
 -49277.825    10.366    -4.22    7.37
 -48901.687     8.720    -4.37    7.21
 -48525.549     8.661    -0.16    7.40
 -48149.410     8.592    -0.18    7.46
 -47773.270    11.477     7.67    7.75
 -47397.130    13.438     5.21    7.42
 -47020.989    15.727     6.08    5.38
 -46644.847    16.679     2.53    3.55
 -46268.705    17.284     1.61    1.84
 -45892.562    16.891    -1.05    1.88
 -45516.419    16.746    -0.39    1.84
 -45140.275    16.746     0.00    1.48
 -44764.131    16.699    -0.12    1.60
 -44387.986    16.652    -0.12    1.63
 -44011.840    16.671     0.05    1.86
 -43635.694    16.424    -0.66    1.72
 -43259.547    15.802    -1.65    2.24
 -42883.399    14.085    -4.56    3.22
 -42507.251    11.592    -6.63    4.06
 -42131.102     9.556    -5.41    3.16
 -41754.953     8.319    -3.29    1.86
 -41378.803     8.058    -0.69    1.23
 -41002.652     8.527     1.25    1.45
 -40626.501     8.706     0.48    1.35
 -40250.349     8.679    -0.07    1.51
 -39874.197     8.544    -0.36    1.57
 -39498.044     8.520    -0.07    1.31
 -39121.890     8.515    -0.01    1.29
 -38745.735     8.233    -0.75    1.41
 -38369.580     7.949    -0.76    1.56
 -37993.425     7.490    -1.22    1.45
 -37617.269     7.247    -0.65    1.26
 -37241.112     7.266     0.05    1.37
 -36864.954     7.127    -0.37    1.27
 -36488.796     7.301     0.46    1.25
 -36112.637     7.714     1.10    1.33
 -35736.478     8.161     1.19    1.37
 -35360.318     8.566     1.08    1.41
 -34984.157     9.004     1.16    1.24
 -34607.996     9.452     1.19    1.63
 -34231.834     9.792     0.91    1.54
 -33855.671    10.338     1.45    1.59
 -33479.508    10.598     0.69    1.60
 -33103.344    11.220     1.65    1.72
 -32727.179    12.214     2.64    1.94
 -32351.014    13.079     2.30    1.64
 -31974.848    13.291     0.56    1.39
 -31598.681    13.823     1.41    1.57
 -31222.514    14.240     1.11    1.54
 -30846.346    14.866     1.66    1.26
 -30470.177    15.233     0.98    1.09
 -30094.008    15.371     0.37    1.13
 -29717.838    15.464     0.25    1.12
 -29341.667    15.371    -0.25    1.20
 -28965.496    15.310    -0.16    1.20
 -28589.324    15.382     0.19    1.19
 -28213.151    15.182    -0.53    1.13
 -27836.978    15.464     0.75    1.12
 -27460.804    15.699     0.62    1.26
 -27084.629    16.004     0.81    1.17
 -26708.454    15.950    -0.14    1.44
 -26332.278    15.733    -0.57    1.40
 -25956.101    15.503    -0.61    1.43
 -25579.924    15.366    -0.37    1.63
 -25203.746    14.652    -1.90    1.65
 -24827.567    14.108    -1.44    1.83
 -24451.387    13.139    -2.58    1.91
 -24075.207    12.592    -1.45    1.58
 -23699.026    12.345    -0.66    1.36
 -23322.845    12.266    -0.21    1.33
 -22946.662    12.355     0.24    1.32
 -22570.479    12.336    -0.05    1.25
 -22194.296    12.032    -0.81    1.29
 -21818.111    12.002    -0.08    1.20
 -21441.926    11.951    -0.14    1.16
 -21065.740    12.241     0.77    1.21
 -20689.554    12.139    -0.27    1.32
 -20313.367    12.598     1.22    1.40
 -19937.179    12.328    -0.72    1.36
 -19560.990    12.112    -0.57    1.44
 -19184.801    12.060    -0.14    1.48
 -18808.611    11.740    -0.85    1.58
 -18432.420    11.310    -1.14    1.68
 -18056.228    10.687    -1.66    1.68
 -17680.036    10.135    -1.47    1.48
 -17303.843    10.105    -0.08    1.59
 -16927.649    10.489     1.02    1.64
 -16551.455    11.409     2.44    1.68
 -16175.260    12.028     1.65    1.39
 -15799.064    11.921    -0.28    1.33
 -15422.867    11.900    -0.06    1.16
 -15046.670    11.450    -1.19    1.16
 -14670.472    11.008    -1.18    1.28
 -14294.273    10.823    -0.49    1.46
 -13918.073    10.139    -1.82    1.28
 -13541.873     9.977    -0.43    1.33
 -13165.672    10.029     0.14    1.31
 -12789.470    10.227     0.52    1.38
 -12413.268    10.259     0.09    1.30
 -12037.064    10.398     0.37    1.08
 -11660.860    10.490     0.25    0.96
 -11284.656    10.207    -0.75    1.11
 -10908.450    10.156    -0.14    1.14
 -10532.244    10.207     0.14    1.27
 -10156.037    10.116    -0.24    1.36
  -9779.829    10.438     0.86    1.48
  -9403.620    11.193     2.01    1.70
  -9027.411    11.529     0.89    1.70
  -8651.201    11.598     0.18    1.75
  -8274.990    11.289    -0.82    1.75
  -7898.778    11.310     0.06    1.71
  -7522.566    12.056     1.98    1.95
  -7146.353    12.477     1.12    1.95
  -6770.139    12.464    -0.03    1.64
  -6393.924    12.254    -0.56    1.54
  -6017.708    12.310     0.15    1.58
  -5641.492    12.772     1.23    1.75
  -5265.275    12.652    -0.32    2.12
  -4889.057    13.082     1.14    2.50
  -4512.894    13.131     0.13    3.14
  -4136.824    12.377    -2.00    3.54
  -3760.753    11.950    -1.14    4.54
  -3384.681     9.079    -7.63    5.71
  -3008.609     6.661    -6.43    6.52
  -2632.536     3.949    -7.21    5.40
  -2256.462     1.815    -5.68    1.98
  -1880.387     1.727    -0.23    1.96
  -1504.311     1.135    -1.57    1.90
  -1128.235     0.302    -2.21    0.94
   -752.158     0.060    -0.64    0.28
   -376.080     0.002    -0.15    0.16
     -0.001     0.060     0.15    0.37
    376.079     0.108     0.13    0.47
    752.159     0.002    -0.28    0.67
   1128.240    -0.260    -0.70    0.88
   1504.322     0.274     1.42    1.78
   1880.405     2.031     4.67    3.69
   2256.489     4.077     5.44    4.19
   2632.573     4.616     1.43    4.02
   3008.659     3.602    -2.70    4.04
   3384.745     1.924    -4.46    3.09
   3760.832     3.032     2.95    5.42
   4136.919     5.517     6.61    5.75
   4513.008     8.532     8.02    5.07
   4889.097     9.823     3.43    4.09
   5265.187     8.054    -4.70    3.52
   5641.278     7.760    -0.78    4.08
   6017.370     9.752     5.29    5.88
   6393.463    11.266     4.03    7.13
   6769.556    12.450     3.15    7.47
   7145.651    10.842    -4.28    8.15
   7521.746     7.233    -9.59    8.39
   7897.842     4.220    -8.01    7.27
   8273.939     1.282    -7.81    4.26
   8650.036     0.387    -2.38    3.72
   9026.135    -0.357    -1.98    2.29
   9402.234     0.951     3.48    4.35
   9778.335     2.310     3.61    5.30
  10154.436     3.330     2.71    4.72
  10530.538     3.679     0.93    4.61
  10906.640     5.544     4.96    5.37
  11282.744     7.139     4.24    6.39
  11658.848    11.177    10.74    7.89
  12034.954    15.274    10.89    6.91
  12411.060    18.746     9.23    5.40
  12787.167    21.131     6.34    3.38
  13163.275    21.398     0.71    2.98
  13539.384    21.220    -0.47    2.95
  13915.493    21.131    -0.24    2.75
  14291.604    21.003    -0.34    2.49
  14667.715    21.671     1.78    1.91
  15043.827    22.274     1.60    1.82
  15419.940    22.671     1.06    1.51
  15796.054    22.687     0.04    1.68
  16172.169    22.464    -0.59    1.70
  16548.285    22.070    -1.05    1.42
  16924.402    22.214     0.38    1.38
  17300.519    22.355     0.38    1.34
  17676.637    22.517     0.43    1.22
  18052.757    22.848     0.88    1.22
  18428.877    22.842    -0.02    1.49
  18804.998    22.900     0.15    1.56
  19181.120    22.900     0.00    1.66
  19557.243    22.592    -0.82    1.44
  19933.366    22.355    -0.63    1.32
  20309.491    22.002    -0.94    1.18
  20685.616    21.845    -0.42    1.32
  21061.743    21.560    -0.76    1.81
  21437.870    21.544    -0.04    2.01
  21813.998    22.085     1.44    2.20
  22190.127    22.544     1.22    1.86
  22566.257    22.661     0.31    1.61
  22942.388    22.727     0.17    1.37
  23318.520    22.552    -0.47    1.24
  23694.652    22.608     0.15    1.20
  24070.786    22.699     0.24    1.28
  24446.921    22.566    -0.35    1.39
  24823.056    22.463    -0.27    1.28
  25199.192    22.371    -0.24    1.17
  25575.330    22.319    -0.14    1.10
  25951.468    22.233    -0.23    1.19
  26327.607    21.923    -0.83    1.31
  26703.747    21.792    -0.35    1.45
  27079.888    21.827     0.09    1.37
  27456.030    21.605    -0.59    1.35
  27832.172    21.733     0.34    1.28
  28208.316    21.923     0.50    1.31
  28584.461    22.058     0.36    1.69
  28960.606    22.517     1.22    1.57
  29336.753    22.477    -0.11    1.48
  29712.900    22.452    -0.07    1.40
  30089.049    22.371    -0.21    1.35
  30465.198    22.328    -0.12    1.23
  30841.348    22.438     0.29    1.52
  31217.499    22.503     0.17    1.59
  31593.651    22.424    -0.21    1.66
  31969.804    22.328    -0.26    1.46
  32345.959    22.413     0.22    1.54
  32722.113    22.004    -1.08    1.16
  33098.269    22.003    -0.00    1.33
  33474.426    21.797    -0.55    1.48
  33850.584    22.094     0.79    1.45
  34226.743    22.028    -0.18    1.69
  34602.903    22.058     0.08    1.72
  34979.063    22.355     0.79    1.44
  35355.225    22.436     0.22    1.32
  35731.388    22.504     0.18    1.16
  36107.551    22.797     0.78    1.12
  36483.716    23.102     0.81    0.88
  36859.881    23.058    -0.12    0.98
  37236.048    23.310     0.67    1.24
  37612.215    23.413     0.27    1.47
  37988.384    23.489     0.20    1.54
  38364.553    23.582     0.25    1.65
  38740.723    23.310    -0.72    1.66
  39116.895    23.274    -0.10    1.63
  39493.067    23.220    -0.14    1.62
  39869.240    23.328     0.29    1.42
  40245.415    23.594     0.71    1.04
  40621.590    23.464    -0.35    1.27
  40997.766    23.592     0.34    1.46
  41373.943    23.520    -0.19    1.44
  41750.122    23.328    -0.51    1.48
  42126.301    23.004    -0.86    1.36
  42502.481    22.477    -1.40    1.78
  42878.662    21.877    -1.59    2.06
  43254.845    21.328    -1.46    2.41
  43631.028    21.135    -0.51    2.46
  44007.212    20.977    -0.42    2.77
  44383.397    21.135     0.42    2.62
  44759.583    21.085    -0.13    2.45
  45135.771    20.802    -0.75    2.82
  45511.959    20.477    -0.86    2.37
  45888.148    20.463    -0.04    2.26
  46264.338    20.598     0.36    2.13
  46640.529    21.062     1.23    1.82
  47016.722    20.566    -1.32    2.27
  47392.915    20.207    -0.95    2.30
  47769.109    19.838    -0.98    2.76
  48145.305    19.450    -1.03    2.61
  48521.501    18.436    -2.70    2.40
  48897.698    17.517    -2.44    2.35
  49273.897    16.052    -3.90    2.41
  49650.096    15.328    -1.92    3.12
  50026.296    13.635    -4.50    4.30
  50402.498    12.529    -2.94    4.53
  50778.700    11.105    -3.79    4.37
  51154.904    10.355    -1.99    3.97
  51531.108    11.727     3.65    4.32
  51907.314    12.951     3.25    3.93
  52283.521    14.477     4.06    4.42
  52659.728    16.517     5.42    4.84
  53035.937    17.950     3.81    4.69
  53412.147    18.924     2.59    4.14
  53788.357    19.977     2.80    3.03
  54164.569    18.449    -4.06    3.34
  54540.782    15.592    -7.59    3.27
  54916.996    13.661    -5.13    2.90
  55293.211    12.282    -3.66    2.15
  55669.427    11.361    -2.45    2.03
  56045.644    11.182    -0.48    1.87
  56421.862    11.345     0.43    1.75
  56798.081    11.058    -0.76    2.29
  57174.301    10.233    -2.19    4.48
  57550.523    11.220     2.62    5.62
  57926.745    12.592     3.65    6.13
  58302.968    15.427     7.53    4.99
  58679.193    17.748     6.17    2.12
  59055.418    17.896     0.39    1.93
  59431.645    17.679    -0.57    1.94
  59807.873    16.706    -2.59    2.63
  60184.101    15.582    -2.99    2.62
  60560.331    14.254    -3.53    3.19
  60936.562    12.952    -3.46    3.37
  61312.794    12.661    -0.77    3.58
  61689.027    12.896     0.62    3.71
  62065.261    13.464     1.51    3.09
  62441.497    13.950     1.29    2.50
  62817.733    13.240    -1.89    2.13
  63193.970    12.436    -2.14    1.80
  63570.209    12.618     0.48    1.72
  63946.448    12.532    -0.23    1.65
  64322.689    12.566     0.09    1.73
  64698.931    12.361    -0.55    1.74
  65075.173    11.664    -1.85    1.26
  65451.417    12.004     0.90    1.38
  65827.662    12.436     1.15    1.45
  66203.909    12.977     1.44    1.56
  66580.156    13.625     1.72    1.77
  66956.404    14.171     1.45    1.60
  67332.653    14.187     0.04    1.65
  67708.904    14.207     0.05    1.66
  68085.156    14.714     1.35    1.98
  68461.408    14.608    -0.28    2.39
  68837.662    14.823     0.57    2.58
  69213.917    15.233     1.09    2.28
  69590.173    15.247     0.04    1.68
  69966.431    14.464    -2.08    2.21
  70342.689    13.810    -1.74    2.42
  70718.792    13.661    -0.40    2.24
  71094.827    14.608     2.52    1.89
  71470.863    14.883     0.73    1.67
  71846.900    13.566    -3.50    3.36
  72222.939    11.766    -4.79    3.68
  72598.978    10.896    -2.32    3.21
  72975.019    10.207    -1.83    2.62
  73351.061    10.310     0.27    2.11
  73727.104    10.541     0.61    1.96
  74103.148    11.292     2.00    2.29
  74479.193    12.436     3.04    2.17
  74855.239    13.336     2.39    2.21
  75231.287    14.079     1.98    2.21
  75607.335    14.695     1.64    2.01
  75983.385    14.754     0.16    1.88
  76359.436    15.266     1.36    1.86
  76735.488    15.436     0.45    1.56
  77111.541    15.436     0.00    1.54
  77487.596    15.436     0.00    1.63
  77863.651    15.195    -0.64    1.62
  78239.708    15.156    -0.10    1.59
  78615.766    15.284     0.34    1.64
  78991.825    15.754     1.25    1.73
  79367.885    15.772     0.05    1.82
  79743.946    15.532    -0.64    2.58
  80120.008    14.618    -2.43    2.78
  80496.072    14.259    -0.95    2.99
  80872.137    13.923    -0.89    3.34
  81248.203    14.661     1.96    2.89
  81624.270    15.079     1.11    2.64
  82000.338    14.927    -0.41    3.00
  82376.407    14.463    -1.23    3.51
  82752.478    13.772    -1.84    3.52
  83128.550    12.977    -2.11    3.71
  83504.623    12.950    -0.07    4.02
  83880.697    13.301     0.93    4.20
  84256.772    13.120    -0.48    4.15
  84632.849    12.002    -2.97    4.06
  85008.926    11.727    -0.73    3.87
  85385.005    11.869     0.38    3.64
  85761.085    12.515     1.72    3.62
  86137.166    13.338     2.19    3.12
  86513.249    14.740     3.73    2.89
  86889.332    15.823     2.88    2.66
  87265.417    17.108     3.42    3.05
  87641.503    18.282     3.12    3.64
  88017.590    20.398     5.63    4.16
  88393.679    21.877     3.93    3.28
  88769.768    20.338    -4.09    5.45
  89145.859    19.541    -2.12    5.60
  89521.951    19.871     0.88    6.30
  89898.044    21.571     4.52    6.38
  90274.139    25.652    10.85    3.57
  90650.234    28.227     6.84    2.61
  91026.331    30.438     5.88    3.42
  91402.429    32.377     5.15    3.32
  91778.528    33.760     3.68    2.35
  92154.629    33.602    -0.42    3.03
  92530.730    30.556    -8.10    5.89
  92906.833    28.187    -6.30    5.71
  93282.937    26.085    -5.59    4.86
  93659.042    25.848    -0.63    3.95
  94035.149    27.328     3.93    2.76
  94411.257    27.977     1.72    3.57
  94787.366    32.187    11.20    7.08
  95163.476    38.504    16.80    9.47
  95539.587    43.464    13.19    9.05
  95915.700    48.259    12.75    6.80
  96291.814    52.227    10.55    7.24
  96667.929    55.436     8.53    5.97
  97044.045    56.490     2.80    6.07
  97420.163    53.193    -8.77    7.29
  97796.282    48.052   -13.67    6.90
  98172.402    42.625   -14.43    7.15
  98548.523    37.371   -13.97    6.43
  98924.646    34.292    -8.19    5.33
  99300.770    31.871    -6.44    3.96
  99676.895    30.490    -3.67    3.89
 100053.021    30.772     0.75    5.15
 100429.149    35.161    11.67   10.08
 100805.277    42.504    19.52   11.47
 101181.407    50.085    20.15    8.49
 101557.539    55.227    13.67    4.22
 101933.671    57.284     5.47    3.43
 102309.805    57.977     1.84    3.45
 102685.940    58.695     1.91    4.14
 103062.077    61.139     6.50    7.16
 103438.214    62.220     2.87    7.64
 103814.353    64.787     6.83    8.29
 104190.493    64.566    -0.59    7.44
 104566.635    65.292     1.93    6.97
 104942.777    66.387     2.91    6.24
 105318.921    64.207    -5.79    9.03
 105695.067    56.233   -21.20   16.07
 106071.213    44.328   -31.65   17.16
 106447.361    36.464   -20.91   11.88
 106823.510    31.977   -11.93    5.26
 107199.660    32.449     1.26    2.40
 107575.812    32.598     0.40    2.11
 107951.965    33.782     3.15    6.22
 108328.119    38.301    12.01   11.45
 108704.275    44.541    16.59   14.45
 109080.432    51.852    19.44   12.73
 109456.590    52.424     1.52   13.84
 109832.749    51.635    -2.10   14.37
 110208.910    47.393   -11.28   13.21
 110585.072    42.951   -11.81   12.62
 110961.235    38.409   -12.07   10.32
 111337.400    35.848    -6.81    7.03
 111713.565    35.108    -1.97    4.73
 112089.733    35.643     1.42    4.26
 112465.901    36.139     1.32    3.08
 112842.071    36.398     0.69    4.01
 113218.242    36.477     0.21    5.60
 113594.414    38.754     6.06    9.23
 113970.588    39.544     2.10   10.59
 114346.763    41.571     5.39   13.01
 114722.939    45.815    11.28   15.96
 115099.117    49.247     9.12   16.56
 115475.296    53.120    10.29   17.08
 115851.476    60.827    20.49   18.35
 116227.658    67.003    16.42   18.41
 116603.841    73.815    18.11   16.01
 116980.025    81.413    20.20   12.11
 117356.211    86.450    13.39   11.35
 117732.398    93.082    17.63   10.36
 118108.586    98.056    13.22    8.59
 118484.776   100.823     7.36    5.69
 118860.967   101.366     1.44    4.69
 119237.159    98.766    -6.91    5.65
 119613.352    94.052   -12.53    6.33
 119989.547    87.491   -17.44    7.11
 120365.744    79.977   -19.97   10.39
 120741.941    67.490   -33.19   16.60
 121118.140    55.301   -32.40   16.48
 121494.341    45.274   -26.65   10.76
 121870.542    42.060    -8.54    6.48
 122246.745    44.079     5.37    7.32
 122622.950    51.187    18.89   12.36
 122999.155    60.792    25.53   15.29
 123375.362    73.131    32.80   16.77
 123751.571    83.772    28.29   11.83
 124127.781    92.336    22.76    7.93
 124503.992    97.328    13.27    6.02
 124880.204    99.566     5.95    5.95
 125256.418   100.393     2.20    6.97
 125632.633    98.740    -4.40    9.09
 126008.850    96.766    -5.25   10.35
 126385.068    93.098    -9.75    8.84
 126761.287    91.515    -4.21    9.26
 127137.508    92.477     2.56   10.66
 127513.730    95.477     7.97   12.68
 127889.953   100.328    12.90   12.84
 128266.178   104.671    11.54   11.50
 128642.404   108.214     9.42    9.29
 129018.632   113.277    13.46    9.03
 129394.861   116.112     7.54    8.61
 129771.091   117.541     3.80    8.64
 130147.323   117.450    -0.24    9.17
 130523.556   118.371     2.45    7.72
 130899.791   118.787     1.11    6.89
 131276.027   115.052    -9.93    9.88
 131652.264   109.166   -15.64   11.74
 132028.503   102.031   -18.96   11.37
 132404.743    97.085   -13.15   10.15
 132780.984    91.920   -13.73    7.09
 133157.227    88.797    -8.30    5.88
 133533.471    87.105    -4.50    6.51
 133909.717    85.866    -3.29    6.41
 134285.964    82.896    -7.89    8.03
 134662.213    77.760   -13.65   10.00
 135038.462    70.792   -18.52   10.85
 135414.714    63.127   -20.37   11.23
 135790.966    57.544   -14.84   10.98
 136167.221    51.266   -16.69   10.19
 136543.476    45.792   -14.55    7.81
 136919.733    43.002    -7.42    4.83
 137295.991    43.112     0.29    4.35
 137672.251    43.177     0.17    3.79
 138048.512    42.345    -2.21    3.25
 138424.775    41.652    -1.84    2.66
 138801.039    41.112    -1.44    2.58
 139177.305    40.116    -2.65    2.36
 139553.572    39.772    -0.91    2.75
 139929.840    40.028     0.68    2.88
 140306.110    40.405     1.00    3.18
 140682.381    41.002     1.59    3.40
 141058.653    41.652     1.73    3.20
 141434.928    42.366     1.90    2.53
 141811.203    42.259    -0.28    1.96
 142187.480    41.792    -1.24    2.25
 142563.758    41.054    -1.96    2.31
 142940.038    40.687    -0.97    2.18
 143316.319    40.327    -0.96    2.46
 143692.602    39.544    -2.08    2.54
 144068.886    38.827    -1.91    2.48
 144445.172    38.028    -2.12    2.60
 144821.459    37.366    -1.76    2.21
 145197.748    36.869    -1.32    2.21
 145574.033    35.977    -2.37    1.76
 145950.039    35.112    -2.30    1.84
 146326.045    33.898    -3.23    2.39
 146702.054    32.421    -3.93    2.90
 147078.063    30.977    -3.84    2.75
 147454.074    29.845    -3.01    2.11
 147830.087    29.977     0.35    2.01
 148206.101    31.002     2.73    1.87
 148582.117    31.082     0.21    2.00
 148958.133    31.424     0.91    2.26
 149334.152    32.556     3.01    3.33
 149710.172    34.054     3.98    3.84
 150086.193    35.193     3.03    4.10
 150462.216    35.618     1.13    4.29
 150838.240    36.402     2.08    4.74
 151214.266    37.462     2.82    4.96
 151590.294    38.733     3.38    4.07
 151966.322    39.815     2.88    2.79
 152342.353    40.490     1.80    2.23
 152718.384    40.328    -0.43    2.30
 153094.417    40.199    -0.34    2.52
 153470.452    40.052    -0.39    2.93
 153846.488    39.259    -2.11    3.07
 154222.526    38.490    -2.04    3.83
 154598.565    36.477    -5.35    4.67
 154974.606    34.556    -5.11    3.93
 155350.648    32.772    -4.74    2.81
 155726.692    32.625    -0.39    2.36
 156102.737    33.438     2.16    2.28
 156478.784    33.310    -0.34    2.91
 156854.832    32.618    -1.84    3.85
 157230.882    32.669     0.14    4.88
 157606.933    33.539     2.31    7.18
 157982.985    37.571    10.72    8.93
 158359.040    40.443     7.64    9.61
