#  354.001  -2.712   8.968 ;Mean Elev.(m), Avg Gradient(m/km), RMS Gradient(m/km) - SRTM1     
#  366.846  -2.777   9.790 ;Mean Elev.(m), Avg Gradient(m/km), RMS Gradient(m/km) - ASTER GDEM
#  354.750  -2.765   7.699 ;Mean Elev.(m), Avg Gradient(m/km), RMS Gradient(m/km) - GMTED2010 
  7  22.699980   1.937831   350.684   350.703  3 52464.85287250 44.297
  8  22.699391   1.939139   350.381   350.381  2 52499.85286859 37.301
  9  22.695733   1.940209   351.059   351.085  3 52534.85285627 51.249
 10  22.699187   1.938445   351.407   351.378  3 52569.85288619 51.151
 11  22.697795   1.939653   352.507   352.507  2 52604.85286534 51.234
 12  22.696379   1.940855   352.714   352.662  3 52639.85284946 50.937
 13  22.699421   1.937988   351.619   351.619  2 52674.85284318 52.883
 14  22.697563   1.940047   350.896   350.896  2 52709.85286194 50.045
 15  22.690341   1.946332   351.108   351.103  3 52744.85289150 51.758
 16  22.696789   1.939872   351.556   351.556  2 52779.85282660 53.094
 17  22.694815   1.942136   350.663   350.661  3 52814.85291022 52.801
 18  22.698517   1.938965   351.164   351.164  2 52849.85296196 54.185
 19  22.694702   1.941523   351.503   351.484  3 52884.85299770 52.104
 20  22.699701   1.938163   351.580   351.580  2 52919.85295303 53.837
 21  22.704984   1.934831   352.019   352.019  2 52954.85291578 52.704
 22  22.708203   1.933892   352.387   352.387  2 52989.85292641 52.966
 23  22.707821   1.934494   351.464   351.464  2 53024.85290466 51.950
 24  22.708482   1.934913   350.973   350.973  2 53059.85290512 52.912
 25  22.691281   1.943865   350.624   350.629  3 53094.85294304 51.481
 26  22.706068   1.933355   351.392   351.392  2 53129.85291295 53.347
 28  22.698588   1.939565   349.782   349.782  2 53199.85298558 35.476
 29  22.708404   1.934560   350.203   350.203  2 53234.85295396 51.811
 30  22.698299   1.938911   350.340   350.340  2 53269.85291947 49.783
 31  22.690049   1.945671   350.593   350.572  3 53304.85298278 52.640
 32  22.698338   1.939076   351.779   351.779  2 53339.85294976 51.068
 33  22.702758   1.936406   351.850   351.840  3 53374.85288012 50.742
 34  22.702711   1.935505   350.923   350.923  2 53409.85292315 53.128
 35  22.699755   1.938500   350.631   350.651  3 53444.85290669 50.794
 36  22.691819   1.942691   351.001   350.956  3 53479.85298791 50.263
 37  22.698850   1.938360   351.089   351.076  3 53514.85299405 52.356
 38  22.692525   1.942882   350.486   350.490  3 53549.85301425 51.950
 39  22.701222   1.937347   349.923   349.923  2 53584.85297398 52.525
 40  22.695830   1.940889   350.722   350.771  3 53619.85293179 50.396
 41  22.697512   1.940472   350.595   350.566  3 53654.85295895 52.570
 42  22.695995   1.941015   352.035   352.021  3 53689.85295289 52.686
 43  22.702184   1.937385   351.380   351.380  2 53724.85287640 52.891
 44  22.707617   1.933380   350.768   350.768  2 53759.85281940 53.443
 45  22.703685   1.935759   350.514   350.514  2 53794.85283810 49.721
 46  22.702859   1.936724   351.227   351.227  2 53829.85281587 54.005
 47  22.695513   1.941741   350.800   350.808  3 53864.85289527 52.084
 48  22.698346   1.939788   350.607   350.621  3 53899.85292100 51.105
 49  22.686973   1.947296   350.190   350.184  3 53934.85296586 52.188
 50  22.693058   1.943624   350.332   350.337  3 53969.85293421 51.728
 51  22.701992   1.936009   350.787   350.787  2 54004.85290791 50.516
 52  22.703214   1.935385   351.277   351.277  2 54039.85293909 53.867
 53  22.700465   1.937923   353.261   353.266  3 54074.85293368 51.185
 54  22.698259   1.939729   352.295   352.255  3 54109.85287853 51.234
 55  22.698658   1.939389   351.547   351.547  2 54144.85287306 51.380
 56  22.698654   1.938918   351.472   351.472  2 54179.85286360 52.159
 57  22.697846   1.939393   351.221   351.201  3 54214.85288058 52.345
 58  22.698004   1.939356   351.169   351.114  3 54249.85290858 31.961
 59  22.700628   1.936726   350.857   350.857  2 54284.85291523 50.637
 60  22.701343   1.936071   350.936   350.936  2 54319.85291205 52.580
 61  22.700744   1.937134   351.153   351.201  3 54354.85287500  9.315
 62  22.700598   1.936981   352.043   352.043  2 54389.85285260 51.057
 63  22.699702   1.938761   352.054   352.054  2 54424.85282502 28.261
 64  22.700622   1.936756   352.400   352.400  2 54459.85282833 52.435
 65  22.700596   1.938524   351.845   351.845  2 54494.85283025 53.908
 66  22.701736   1.937068   350.975   350.975  2 54529.85284107 52.040
 67  22.699422   1.938853   351.399   351.399  2 54564.85283703 53.200
 68  22.698829   1.939256   350.894   350.894  2 54599.85283769 52.069
 69  22.697607   1.939968   351.150   351.150  2 54634.85284995 51.083
 70  22.698135   1.938972   350.296   350.301  3 54669.85285418 50.488
 71  22.701379   1.936176   350.900   350.900  2 54704.85281667 52.409
 72  22.699446   1.938827   351.054   351.054  2 54739.85281726 53.128
 73  22.701330   1.936846   351.780   351.780  2 54774.85279737 48.923
 74  22.698938   1.938872   351.657   351.659  3 54809.85281027 51.609
 75  22.699635   1.938145   351.162   351.196  3 54844.85279687 51.409
 76  22.697666   1.940269   351.525   351.532  3 54879.85281398 51.193
 77  22.697552   1.939418   351.254   351.254  2 54914.85280036 51.481
 79  22.696873   1.939538   351.535   351.513  3 54984.85283193 51.117
 80  22.700546   1.938267   350.818   350.818  2 55019.85282623 52.785
 81  22.700480   1.937819   350.306   350.306  2 55054.85282284 51.892
 82  22.698769   1.938390   350.542   350.542  2 55089.85278285 53.144
 83  22.700623   1.937057   351.106   351.106  2 55124.85276001 33.547
 84  22.698525   1.939493   352.135   352.135  2 55159.85274356 53.741
 85  22.698903   1.938806   352.146   352.146  2 55194.85275094 51.908
 86  22.698342   1.939601   351.479   351.521  3 55229.85274627 26.340
 87  22.700241   1.937914   352.044   352.044  2 55264.85274536 53.117
 88  22.700474   1.936975   352.361   352.361  2 55299.85272836 53.161
 89  22.698134   1.939564   352.137   352.137  2 55334.85272359 51.723
 90  22.700206   1.938269   351.366   351.366  2 55369.85271366 51.827
 91  22.700552   1.937207   350.877   350.877  2 55404.85273099 51.771
 92  22.700709   1.937745   350.363   350.363  2 55439.85273235 51.490
 93  22.701036   1.936573   350.964   350.964  2 55474.85267717 51.567
