#  281.166   0.109   2.451 ;Mean Elev.(m), Avg Gradient(m/km), RMS Gradient(m/km) - SRTM1     
#  264.249   0.086   3.188 ;Mean Elev.(m), Avg Gradient(m/km), RMS Gradient(m/km) - ASTER GDEM
#  280.977  -0.013   0.287 ;Mean Elev.(m), Avg Gradient(m/km), RMS Gradient(m/km) - GMTED2010 
  8   282.082 52478.37088364 53.57  16.156253  -2.349232 49.352
  8   282.069 52478.37088428 53.95  16.155523  -2.352542 49.352
  8   282.064 52478.37088493 53.62  16.154793  -2.355842 49.352
  8   282.061 52478.37088557 52.99  16.154073  -2.359152 49.352
  8   282.058 52478.37088622 53.73  16.153343  -2.362452 49.352
  8   282.051 52478.37088686 54.23  16.152613  -2.365762 49.352
  8   282.040 52478.37088751 52.95  16.151891  -2.369063 43.597
  8   282.037 52478.37088815 52.31  16.151161  -2.372373 43.597
  8   282.031 52478.37088880 53.28  16.150431  -2.375673 43.597
  8   282.028 52478.37088944 52.11  16.149711  -2.378983 43.597
  8   282.027 52478.37089009 50.87  16.148981  -2.382283 43.597
  8   282.024 52478.37089073 50.78  16.148251  -2.385593 43.597
  8   281.988 52478.37089138 48.88  16.147531  -2.388893 43.597
  8   281.970 52478.37089202 51.60  16.146801  -2.392203 43.597
  9   282.086 52513.37083168 37.42  16.164151  -2.375357 22.140
  9   282.079 52513.37083233 25.80  16.163421  -2.378667 22.140
  9   281.879 52513.37083297 22.66  16.162691  -2.381967 22.140
  9   282.198 52513.37083362 26.95  16.161971  -2.385277 22.140
  9   282.217 52513.37083426 38.39  16.161241  -2.388577 22.140
 10   283.587 52548.37086987 36.70  16.158553  -2.350653 20.252
 10   283.389 52548.37087052 36.49  16.157823  -2.353963 20.252
 10   283.381 52548.37087116 34.70  16.157093  -2.357263 20.252
 10   283.401 52548.37087181 31.90  16.156363  -2.360573 20.252
 10   283.180 52548.37087245 25.87  16.155643  -2.363873 20.252
 10   282.853 52548.37087310 24.73  16.154913  -2.367183 20.252
 10   282.837 52548.37087374 22.91  16.154183  -2.370483 20.252
 10   282.813 52548.37087439 23.45  16.153463  -2.373793 20.252
 10   282.836 52548.37087503 23.48  16.152733  -2.377093 20.252
 10   283.011 52548.37087568 24.26  16.152003  -2.380403 20.252
 10   283.137 52548.37087632 26.78  16.151275  -2.383703 26.041
 10   283.250 52548.37087696 32.46  16.150545  -2.387013 26.041
 10   283.232 52548.37087761 32.37  16.149825  -2.390313 26.041
 10   283.181 52548.37087825 30.47  16.149095  -2.393623 26.041
 11   284.482 52583.37087141 43.47  16.160820  -2.367449 40.517
 11   284.546 52583.37087206 48.48  16.160100  -2.370759 40.517
 11   284.557 52583.37087270 48.83  16.159370  -2.374059 40.517
 11   284.581 52583.37087335 48.39  16.158640  -2.377369 40.517
 11   284.605 52583.37087399 44.01  16.157920  -2.380669 40.517
 12   286.070 52618.37084299 53.00  16.158150  -2.348628 52.812
 12   286.037 52618.37084363 52.25  16.157415  -2.351930 44.551
 12   286.030 52618.37084428 53.26  16.156695  -2.355240 44.551
 12   286.011 52618.37084492 54.06  16.155965  -2.358540 44.551
 12   286.001 52618.37084557 52.13  16.155235  -2.361850 44.551
 12   285.992 52618.37084621 54.29  16.154515  -2.365150 44.551
 12   285.988 52618.37084686 51.32  16.153785  -2.368460 44.551
 12   285.987 52618.37084750 53.32  16.153055  -2.371760 44.551
 12   285.979 52618.37084815 52.57  16.152335  -2.375070 44.551
 12   285.975 52618.37084879 53.26  16.151605  -2.378370 44.551
 12   286.006 52618.37084944 52.57  16.150875  -2.381680 44.551
 12   286.009 52618.37085008 51.27  16.150155  -2.384980 44.551
 12   285.954 52618.37085073 53.03  16.149425  -2.388290 44.551
 12   285.931 52618.37085137 50.37  16.148695  -2.391590 44.551
 12   285.939 52618.37085202 50.84  16.147975  -2.394900 44.551
 13   285.052 52653.37082430 24.26  16.163844  -2.378442 21.806
 13   285.187 52653.37082495 24.93  16.163114  -2.381752 21.806
 13   285.324 52653.37082559 27.46  16.162384  -2.385052 21.806
 13   285.379 52653.37082624 31.27  16.161664  -2.388362 21.806
 14   282.994 52688.37082166 44.23  16.159113  -2.366216 47.791
 14   282.979 52688.37082231 45.41  16.158393  -2.369526 47.791
 14   282.932 52688.37082295 45.60  16.157663  -2.372826 47.791
 14   282.923 52688.37082360 45.59  16.156933  -2.376136 47.791
 14   282.914 52688.37082424 45.66  16.156213  -2.379436 47.791
 15   282.219 52723.37086683 34.50  16.159106  -2.360120 12.673
 15   281.944 52723.37086748 28.27  16.158376  -2.363420 12.673
 15   281.853 52723.37086812 24.18  16.157646  -2.366730 12.673
 15   281.748 52723.37086876 21.24  16.156926  -2.370030 12.673
 15   281.568 52723.37086941 20.88  16.156196  -2.373340 12.673
 15   281.610 52723.37087005 20.01  16.155466  -2.376640 12.673
 15   281.794 52723.37087070 19.21  16.154736  -2.379950 12.673
 16   282.420 52758.37088499 51.59  16.150515  -2.345933 54.929
 16   282.484 52758.37088564 48.58  16.149785  -2.349233 54.929
 16   282.548 52758.37088693 51.02  16.148335  -2.355843 54.929
 16   282.547 52758.37088757 52.03  16.147605  -2.359153 54.929
 16   282.360 52758.37088821 51.95  16.146875  -2.362453 54.929
 16   282.272 52758.37089144 51.07  16.143245  -2.378983 54.929
 16   282.263 52758.37089208 53.01  16.142515  -2.382283 54.929
 16   282.252 52758.37089273 53.88  16.141795  -2.385593 54.929
 16   282.228 52758.37089337 53.56  16.141065  -2.388893 54.929
 16   282.190 52758.37089402 50.46  16.140335  -2.392203 54.929
 17   282.711 52793.37084186 51.47  16.160063  -2.368534 43.954
 17   282.660 52793.37084251 50.96  16.159343  -2.371834 43.954
 17   282.671 52793.37084315 52.86  16.158613  -2.375144 43.954
 17   282.718 52793.37084380 51.42  16.157883  -2.378444 43.954
 17   282.733 52793.37084444 50.80  16.157153  -2.381754 43.954
 18   282.540 52828.37091008 47.29  16.161497  -2.371247 28.218
 18   282.450 52828.37091072 47.41  16.160777  -2.374547 28.218
 18   282.422 52828.37091137 50.35  16.160047  -2.377857 28.218
 18   282.418 52828.37091201 48.59  16.159317  -2.381157 28.218
 18   282.413 52828.37091266 45.76  16.158587  -2.384467 28.218
 19   282.532 52863.37095534 22.05  16.162960  -2.372860 24.030
 19   282.495 52863.37095598 19.20  16.162240  -2.376160 24.030
 19   282.260 52863.37095663 19.20  16.161510  -2.379470 24.030
 19   282.676 52863.37095727 22.30  16.160780  -2.382770 24.030
 19   282.729 52863.37095792 35.47  16.160060  -2.386080 24.030
 20   283.363 52898.37098207 50.72  16.157979  -2.357567 54.336
 20   283.345 52898.37098271 49.53  16.157249  -2.360867 54.336
 20   283.329 52898.37098336 50.67  16.156529  -2.364177 54.336
 20   283.325 52898.37098400 53.26  16.155799  -2.367477 54.336
 20   283.299 52898.37098465 52.27  16.155069  -2.370787 54.336
 20   283.296 52898.37098529 54.05  16.154349  -2.374087 54.336
 20   283.294 52898.37098594 53.20  16.153619  -2.377397 54.336
 20   283.333 52898.37098658 53.32  16.152889  -2.380697 54.336
 20   283.316 52898.37098723 51.27  16.152169  -2.384007 54.336
 20   283.273 52898.37098787 52.62  16.151439  -2.387307 54.336
 20   283.226 52898.37098852 52.71  16.150709  -2.390617 54.336
 20   283.195 52898.37098916 52.28  16.149979  -2.393917 54.336
 21   284.231 52933.37092571 51.56  16.158906  -2.348587 52.988
 21   284.220 52933.37092636 52.91  16.158186  -2.351897 52.988
 21   284.203 52933.37092700 52.81  16.157456  -2.355197 52.988
 21   284.177 52933.37092765 51.33  16.156726  -2.358507 52.988
 21   284.168 52933.37092829 52.18  16.156006  -2.361807 52.988
 21   284.154 52933.37092894 52.04  16.155276  -2.365117 52.988
 21   284.142 52933.37092958 51.98  16.154546  -2.368417 52.988
 21   284.129 52933.37093023 54.02  16.153826  -2.371727 52.988
 21   284.124 52933.37093087 51.76  16.153096  -2.375027 52.988
 21   284.120 52933.37093151 55.51  16.152366  -2.378337 52.988
 21   284.110 52933.37093216 52.20  16.151646  -2.381637 52.988
 21   284.103 52933.37093280 52.39  16.150916  -2.384947 52.988
 21   284.097 52933.37093345 51.78  16.150186  -2.388247 52.988
 21   284.080 52933.37093409 51.91  16.149466  -2.391557 52.988
 21   284.065 52933.37093474 54.13  16.148736  -2.394857 52.988
 22   285.168 52968.37093756 46.38  16.159459  -2.361723 42.923
 22   285.198 52968.37093821 47.65  16.158729  -2.365023 42.923
 22   285.179 52968.37093885 47.35  16.157999  -2.368333 42.923
 22   285.181 52968.37093950 47.50  16.157279  -2.371633 42.923
 22   285.150 52968.37094014 47.55  16.156549  -2.374943 42.923
 22   285.152 52968.37094079 46.27  16.155819  -2.378243 42.923
 23   284.820 53003.37095731 42.45  16.154973  -2.348053 31.278
 23   284.807 53003.37095795 45.37  16.154243  -2.351353 31.278
 23   284.732 53003.37095860 45.16  16.153513  -2.354663 31.278
 23   284.797 53003.37095924 46.73  16.152793  -2.357963 31.278
 23   284.747 53003.37095989 45.19  16.152063  -2.361273 31.278
 23   284.752 53003.37096053 44.85  16.151333  -2.364573 31.278
 23   284.684 53003.37096118 42.58  16.150603  -2.367883 31.278
 23   284.675 53003.37096182 41.71  16.149883  -2.371183 31.278
 23   284.644 53003.37096247 41.79  16.149153  -2.374493 31.278
 23   284.661 53003.37096311 43.61  16.148423  -2.377793 31.278
 23   284.697 53003.37096376 45.70  16.147703  -2.381103 31.278
 23   284.680 53003.37096440 41.37  16.146973  -2.384403 31.278
 23   284.662 53003.37096505 39.71  16.146243  -2.387713 31.278
 23   284.597 53003.37096569 40.37  16.145513  -2.391013 31.278
 23   284.521 53003.37096634 37.61  16.144793  -2.394323 31.278
 24   283.322 53038.37090657 53.38  16.157762  -2.348730 52.929
 24   283.232 53038.37090722 51.30  16.157042  -2.352030 52.929
 24   283.195 53038.37090786 52.42  16.156312  -2.355340 52.929
 24   283.245 53038.37090850 51.81  16.155582  -2.358640 52.929
 24   283.264 53038.37090915 51.10  16.154862  -2.361950 52.929
 24   283.243 53038.37090979 51.95  16.154132  -2.365250 52.929
 24   283.248 53038.37091044 52.09  16.153402  -2.368560 52.929
 24   283.228 53038.37091108 51.61  16.152682  -2.371860 52.929
 24   283.233 53038.37091173 53.10  16.151952  -2.375170 52.929
 24   283.124 53038.37091237 52.75  16.151222  -2.378470 52.929
 24   283.071 53038.37091302 48.54  16.150502  -2.381780 52.929
 24   283.061 53038.37091366 47.70  16.149772  -2.385080 52.929
 24   283.009 53038.37091431 46.82  16.149042  -2.388390 52.929
 24   283.000 53038.37091495 50.44  16.148322  -2.391690 52.929
 24   282.980 53038.37091560 51.56  16.147592  -2.395000 52.929
 25   282.062 53073.37093535 53.30  16.158240  -2.353786 52.232
 25   282.047 53073.37093599 51.49  16.157510  -2.357096 52.232
 25   282.028 53073.37093664 51.44  16.156790  -2.360396 52.232
 25   282.015 53073.37093728 52.21  16.156060  -2.363706 52.232
 25   282.004 53073.37093793 51.53  16.155330  -2.367006 52.232
 25   281.983 53073.37093857 53.74  16.154610  -2.370316 52.232
 25   281.973 53073.37093922 52.94  16.153880  -2.373616 52.232
 25   281.960 53073.37093986 52.26  16.153150  -2.376926 52.232
 25   281.944 53073.37094050 53.00  16.152420  -2.380226 52.232
 25   281.932 53073.37094115 52.43  16.151700  -2.383536 52.232
 25   281.918 53073.37094179 53.24  16.150970  -2.386836 52.232
 25   281.900 53073.37094244 51.33  16.150240  -2.390146 52.232
 25   281.880 53073.37094308 53.43  16.149519  -2.393447 31.253
 26   281.834 53108.37090702 51.78  16.157643  -2.350551 50.283
 26   281.773 53108.37090767 50.38  16.156923  -2.353851 50.283
 26   281.819 53108.37090831 49.32  16.156193  -2.357161 50.283
 26   281.815 53108.37090896 48.97  16.155463  -2.360461 50.283
 26   281.809 53108.37090960 47.58  16.154743  -2.363771 50.283
 26   281.781 53108.37091025 46.76  16.154013  -2.367071 50.283
 26   281.793 53108.37091089 50.09  16.153283  -2.370381 50.283
 26   281.769 53108.37091154 50.60  16.152563  -2.373681 50.283
 26   281.757 53108.37091218 52.02  16.151833  -2.376991 50.283
 26   281.711 53108.37091283 49.18  16.151103  -2.380291 50.283
 26   281.686 53108.37091347 46.75  16.150383  -2.383601 50.283
 26   281.608 53108.37091411 43.91  16.149653  -2.386901 50.283
 26   281.464 53108.37091476 40.46  16.148923  -2.390211 50.283
 26   281.568 53108.37091540 40.54  16.148203  -2.393511 50.283
 27   282.171 53143.37094579 52.31  16.157950  -2.360041 47.241
 27   282.156 53143.37094644 50.16  16.157220  -2.363351 47.241
 27   282.148 53143.37094708 53.33  16.156490  -2.366651 47.241
 27   282.125 53143.37094773 52.78  16.155760  -2.369961 47.241
 27   282.114 53143.37094837 51.68  16.155040  -2.373261 47.241
 27   282.094 53143.37094902 50.84  16.154310  -2.376571 47.241
 27   282.083 53143.37094966 49.72  16.153580  -2.379871 47.241
 27   282.086 53143.37095031 52.26  16.152860  -2.383181 47.241
 27   282.069 53143.37095095 51.45  16.152130  -2.386481 47.241
 27   282.042 53143.37095160 49.68  16.151400  -2.389791 47.241
 27   282.003 53143.37095224 47.18  16.150676  -2.393091 29.350
 27   281.975 53143.37095288 50.86  16.149946  -2.396401 29.350
 28   281.906 53178.37096696 47.70  16.159976  -2.365882 41.392
 28   281.881 53178.37096760 51.43  16.159246  -2.369192 41.392
 28   281.836 53178.37096825 51.76  16.158516  -2.372492 41.392
 28   281.816 53178.37096889 50.14  16.157796  -2.375802 41.392
 28   281.827 53178.37096954 52.61  16.157066  -2.379102 41.392
 29   281.618 53213.37098594 28.64  16.158033  -2.355317 10.277
 29   281.660 53213.37098658 24.81  16.157303  -2.358627 10.277
 29   281.420 53213.37098723 21.80  16.156583  -2.361927 10.277
 29   281.237 53213.37098787 20.12  16.155853  -2.365237 10.277
 29   281.193 53213.37098852 19.96  16.155123  -2.368537 10.277
 29   281.083 53213.37098916 21.76  16.154393  -2.371847 10.277
 29   281.064 53213.37098981 21.04  16.153673  -2.375147 10.277
 29   281.054 53213.37099045 18.92  16.152943  -2.378457 10.277
 29   281.103 53213.37099110 18.56  16.152213  -2.381757 10.277
 29   281.301 53213.37099174 18.82  16.151493  -2.385067 10.277
 29   281.340 53213.37099239 20.82  16.150763  -2.388367 10.277
 29   281.409 53213.37099303 24.03  16.150033  -2.391677 10.277
 29   281.440 53213.37099368 25.54  16.149303  -2.394977 10.277
 30   282.447 53248.37095669 40.38  16.158861  -2.364585 34.725
 30   282.468 53248.37095733 42.73  16.158131  -2.367895 34.725
 30   282.469 53248.37095798 44.83  16.157411  -2.371195 34.725
 30   282.437 53248.37095862 39.97  16.156681  -2.374505 34.725
 30   282.349 53248.37095927 35.67  16.155951  -2.377805 34.725
 31   283.108 53283.37094579 51.34  16.157524  -2.348328 51.604
 31   283.101 53283.37094644 52.34  16.156794  -2.351628 51.604
 31   282.962 53283.37094708 52.57  16.156064  -2.354938 51.604
 31   282.978 53283.37094773 53.28  16.155344  -2.358238 51.604
 31   282.968 53283.37094837 50.34  16.154614  -2.361548 51.604
 31   282.981 53283.37094902 52.43  16.153884  -2.364848 51.604
 31   282.991 53283.37094966 52.63  16.153154  -2.368158 51.604
 31   282.946 53283.37095031 52.64  16.152434  -2.371458 51.604
 31   282.971 53283.37095095 52.43  16.151704  -2.374768 51.604
 31   282.975 53283.37095160 52.41  16.150974  -2.378068 51.604
 31   282.958 53283.37095224 49.66  16.150244  -2.381378 51.604
 31   282.933 53283.37095289 48.83  16.149524  -2.384678 51.604
 31   282.875 53283.37095353 47.00  16.148794  -2.387988 51.604
 31   282.907 53283.37095418 52.41  16.148064  -2.391288 51.604
 31   282.851 53283.37095482 50.87  16.147334  -2.394598 51.604
 32   284.350 53318.37094681 47.29  16.161246  -2.368697 51.493
 32   284.371 53318.37094745 50.83  16.160516  -2.372007 51.493
 32   284.334 53318.37094810 51.43  16.159786  -2.375307 51.493
 32   284.336 53318.37094874 51.71  16.159056  -2.378617 51.493
 32   284.380 53318.37094939 49.05  16.158336  -2.381917 51.493
 33   284.779 53353.37091359 31.83  16.162003  -2.371160 25.066
 33   284.542 53353.37091424 29.55  16.161273  -2.374470 25.066
 33   284.408 53353.37091488 27.44  16.160553  -2.377770 25.066
 33   284.480 53353.37091553 24.70  16.159823  -2.381080 25.066
 33   284.944 53353.37091617 24.60  16.159093  -2.384380 25.066
 34   283.473 53388.37090877 52.68  16.158143  -2.359540 50.411
 34   283.456 53388.37090941 51.29  16.157413  -2.362850 50.411
 34   283.434 53388.37091006 50.25  16.156683  -2.366150 50.411
 34   283.414 53388.37091070 51.59  16.155953  -2.369460 50.411
 34   283.398 53388.37091135 51.98  16.155233  -2.372760 50.411
 34   283.381 53388.37091199 51.32  16.154503  -2.376070 50.411
 34   283.369 53388.37091263 53.66  16.153773  -2.379370 50.411
 34   283.356 53388.37091328 50.49  16.153043  -2.382680 50.411
 34   283.344 53388.37091392 53.34  16.152323  -2.385980 50.411
 34   283.324 53388.37091457 50.57  16.151593  -2.389290 50.411
 34   283.304 53388.37091521 53.02  16.150863  -2.392590 50.411
 34   283.285 53388.37091586 53.97  16.150133  -2.395900 50.411
 35   281.948 53423.37091162 28.28  16.162488  -2.374482 23.282
 35   281.651 53423.37091226 26.45  16.161758  -2.377792 23.282
 35   281.657 53423.37091291 26.05  16.161028  -2.381092 23.282
 35   281.914 53423.37091355 30.41  16.160308  -2.384402 23.282
 35   281.883 53423.37091419 31.19  16.159578  -2.387702 23.282
 36   281.737 53458.37091606 52.35  16.161423  -2.371225 45.188
 36   281.706 53458.37091670 51.88  16.160703  -2.374525 45.188
 36   281.661 53458.37091735 51.60  16.159973  -2.377835 45.188
 36   281.624 53458.37091799 50.98  16.159243  -2.381135 45.188
 36   281.618 53458.37091864 47.01  16.158513  -2.384445 45.188
 37   281.965 53493.37099712 51.50  16.154001  -2.349548 54.841
 37   281.988 53493.37099777 51.57  16.153271  -2.352848 54.841
 37   281.973 53493.37099841 50.36  16.152541  -2.356158 54.841
 37   281.960 53493.37099906 49.50  16.151821  -2.359458 54.841
 37   281.977 53493.37099970 50.34  16.151091  -2.362768 54.841
 37   281.952 53493.37100035 50.23  16.150361  -2.366068 54.841
 37   281.948 53493.37100164 52.23  16.148911  -2.372678 54.841
 37   281.911 53493.37100228 52.00  16.148181  -2.375988 54.841
 37   281.878 53493.37100293 52.88  16.147451  -2.379288 54.841
 37   281.853 53493.37100357 53.66  16.146731  -2.382598 54.841
 37   281.807 53493.37100421 51.79  16.146001  -2.385898 54.841
 37   281.776 53493.37100486 50.80  16.145271  -2.389208 54.841
 37   281.694 53493.37100550 49.83  16.144541  -2.392508 54.841
 38   282.176 53528.37097931 27.85  16.161707  -2.372970 22.102
 38   282.076 53528.37097995 23.71  16.160987  -2.376270 22.102
 38   281.959 53528.37098060 22.96  16.160257  -2.379580 22.102
 38   282.158 53528.37098124 27.98  16.159527  -2.382880 22.102
 38   282.304 53528.37098189 42.88  16.158807  -2.386190 22.102
 39   282.123 53563.37100493 18.22  16.155444  -2.347960  9.888
 39   281.804 53563.37100558 17.42  16.154724  -2.351270  9.888
 39   281.684 53563.37100622 21.04  16.153994  -2.354570  9.888
 39   281.754 53563.37100687 23.21  16.153264  -2.357880  9.888
 39   281.921 53563.37100751 24.97  16.152534  -2.361180  9.888
 39   282.076 53563.37100816 26.47  16.151814  -2.364490  9.888
 39   281.984 53563.37100880 27.00  16.151084  -2.367790  9.888
 39   281.959 53563.37100945 25.18  16.150354  -2.371100  9.888
 39   282.027 53563.37101009 19.27  16.149634  -2.374400  9.888
 39   281.778 53563.37101074 17.07  16.148904  -2.377710  9.888
 39   281.741 53563.37101138 16.21  16.148174  -2.381010  9.888
 39   281.731 53563.37101202 15.67  16.147454  -2.384320  9.888
 39   281.501 53563.37101267 17.59  16.146724  -2.387620  9.888
 39   282.120 53563.37101331 18.25  16.145994  -2.390930  9.888
 39   282.080 53563.37101396 17.74  16.145264  -2.394230  9.888
 40   281.682 53598.37094960 25.88  16.160593  -2.371158 22.813
 40   281.587 53598.37095024 20.93  16.159873  -2.374458 22.813
 40   281.445 53598.37095088 18.61  16.159143  -2.377768 22.813
 40   281.558 53598.37095153 22.76  16.158413  -2.381068 22.813
 41   282.931 53633.37094144 27.27  16.157066  -2.349718 13.509
 41   282.746 53633.37094208 27.70  16.156336  -2.353018 13.509
 41   282.756 53633.37094273 27.22  16.155606  -2.356328 13.509
 41   282.658 53633.37094337 24.91  16.154886  -2.359628 13.509
 41   282.550 53633.37094402 22.86  16.154156  -2.362938 13.509
 41   282.510 53633.37094466 22.76  16.153426  -2.366238 13.509
 41   282.600 53633.37094531 24.18  16.152696  -2.369548 13.509
 41   282.654 53633.37094595 22.67  16.151976  -2.372848 13.509
 41   282.557 53633.37094659 23.35  16.151246  -2.376158 13.509
 41   282.410 53633.37094724 25.14  16.150516  -2.379458 13.509
 41   282.434 53633.37094788 24.50  16.149786  -2.382768 13.509
 41   282.664 53633.37094853 24.77  16.149066  -2.386068 13.509
 41   282.969 53633.37094917 37.74  16.148336  -2.389378 13.509
 41   282.961 53633.37094982 35.72  16.147606  -2.392678 13.509
 42   283.541 53668.37096361 43.82  16.156515  -2.349514 28.844
 42   283.529 53668.37096426 45.96  16.155785  -2.352814 28.844
 42   283.517 53668.37096490 49.12  16.155055  -2.356124 28.844
 42   283.509 53668.37096555 51.61  16.154325  -2.359424 28.844
 42   283.494 53668.37096619 50.77  16.153605  -2.362734 28.844
 42   283.478 53668.37096683 49.98  16.152875  -2.366034 28.844
 42   283.373 53668.37096748 37.36  16.152145  -2.369344 28.844
 42   283.020 53668.37096812 33.16  16.151425  -2.372644 28.844
 42   282.770 53668.37096877 31.20  16.150695  -2.375954 28.844
 42   282.587 53668.37096941 29.51  16.149965  -2.379254 28.844
 42   282.803 53668.37097006 27.51  16.149235  -2.382564 28.844
 42   283.504 53668.37097070 27.72  16.148515  -2.385864 28.844
 42   283.488 53668.37097135 42.46  16.147785  -2.389174 28.844
 42   283.382 53668.37097199 31.11  16.147055  -2.392474 28.844
 43   284.776 53703.37091015 51.73  16.161928  -2.371436 45.616
 43   284.752 53703.37091080 49.91  16.161198  -2.374746 45.616
 43   284.741 53703.37091144 50.60  16.160478  -2.378046 45.616
 43   284.732 53703.37091209 52.45  16.159748  -2.381356 45.616
 43   284.712 53703.37091273 48.89  16.159018  -2.384656 45.616
 44   283.303 53738.37082011 22.34  16.161911  -2.374191 16.720
 44   283.042 53738.37082076 21.28  16.161181  -2.377501 16.720
 44   283.119 53738.37082140 21.66  16.160461  -2.380801 16.720
 44   283.456 53738.37082204 25.84  16.159731  -2.384111 16.720
 45   282.089 53773.37083426 25.48  16.162268  -2.373022 19.351
 45   281.891 53773.37083490 23.62  16.161538  -2.376332 19.351
 45   281.707 53773.37083555 19.99  16.160818  -2.379632 19.351
 45   281.911 53773.37083619 21.97  16.160088  -2.382942 19.351
 45   281.971 53773.37083684 30.51  16.159358  -2.386242 19.351
 46   281.785 53808.37081981 26.70  16.161097  -2.368970 23.739
 46   281.718 53808.37082046 19.73  16.160377  -2.372280 23.739
 46   281.449 53808.37082110 18.71  16.159647  -2.375580 23.739
 46   281.288 53808.37082175 22.85  16.158917  -2.378890 23.739
 46   281.595 53808.37082239 24.86  16.158197  -2.382190 23.739
 48   281.828 53878.37088921 50.29  16.160697  -2.368365 38.396
 48   281.851 53878.37088986 52.11  16.159967  -2.371675 38.396
 48   281.844 53878.37089050 49.96  16.159247  -2.374975 38.396
 48   281.799 53878.37089115 52.46  16.158517  -2.378285 38.396
 48   281.756 53878.37089179 49.88  16.157787  -2.381585 38.396
 49   282.392 53913.37093921 51.06  16.154861  -2.350212 54.208
 49   282.330 53913.37093985 51.06  16.154141  -2.353522 54.208
 49   282.358 53913.37094050 50.77  16.153411  -2.356822 54.208
 49   282.347 53913.37094114 51.06  16.152681  -2.360132 54.208
 49   282.363 53913.37094179 51.28  16.151951  -2.363432 54.208
 49   282.345 53913.37094243 51.33  16.151231  -2.366742 54.208
 49   282.350 53913.37094308 53.86  16.150501  -2.370042 54.208
 49   282.252 53913.37094372 53.27  16.149771  -2.373352 54.208
 49   282.161 53913.37094436 53.31  16.149051  -2.376652 54.208
 49   282.134 53913.37094501 53.92  16.148321  -2.379962 54.208
 49   282.117 53913.37094565 52.86  16.147591  -2.383262 54.208
 49   282.098 53913.37094630 54.10  16.146861  -2.386572 54.208
 49   282.061 53913.37094694 51.40  16.146141  -2.389872 54.208
 49   282.045 53913.37094759 52.41  16.145411  -2.393182 54.208
 51   282.390 53983.37089564 49.55  16.158447  -2.360895 48.462
 51   282.367 53983.37089628 48.19  16.157717  -2.364205 48.462
 51   282.357 53983.37089693 50.10  16.156987  -2.367505 48.462
 51   282.334 53983.37089757 49.63  16.156267  -2.370815 48.462
 51   282.330 53983.37089822 51.23  16.155537  -2.374115 48.462
 51   282.308 53983.37089886 50.20  16.154807  -2.377425 48.462
 51   282.293 53983.37089951 51.10  16.154087  -2.380725 48.462
 51   282.281 53983.37090015 50.51  16.153357  -2.384035 48.462
 52   283.046 54018.37092667 34.32  16.159757  -2.365205 33.945
 52   282.840 54018.37092732 27.53  16.159027  -2.368515 33.945
 52   282.731 54018.37092796 28.24  16.158297  -2.371815 33.945
 52   282.413 54018.37092861 26.48  16.157567  -2.375125 33.945
 52   282.167 54018.37092925 27.02  16.156847  -2.378425 33.945
 53   284.139 54053.37092239 33.56  16.164189  -2.378302 25.521
 53   284.068 54053.37092303 29.93  16.163469  -2.381602 25.521
 53   283.955 54053.37092368 28.17  16.162739  -2.384912 25.521
 53   284.178 54053.37092432 31.87  16.162009  -2.388212 25.521
 54   285.515 54088.37091148 54.54  16.159804  -2.365456 44.727
 54   285.495 54088.37091213 50.58  16.159074  -2.368756 44.727
 54   285.495 54088.37091277 52.26  16.158354  -2.372066 44.727
 54   285.495 54088.37091342 51.42  16.157624  -2.375366 44.727
 54   285.493 54088.37091406 51.65  16.156894  -2.378676 44.727
 55   284.013 54123.37083324 38.91  16.159098  -2.363012 28.937
 55   283.718 54123.37083388 28.51  16.158368  -2.366322 28.937
 55   283.553 54123.37083453 22.91  16.157648  -2.369622 28.937
 55   283.246 54123.37083517 20.41  16.156918  -2.372932 28.937
 55   283.198 54123.37083582 21.08  16.156188  -2.376232 28.937
 55   283.922 54123.37083646 22.27  16.155458  -2.379542 28.937
 56   282.482 54158.37087411 34.94  16.158916  -2.359380 12.511
 56   282.237 54158.37087475 27.38  16.158186  -2.362680 12.511
 56   282.054 54158.37087540 21.74  16.157466  -2.365990 12.511
 56   281.934 54158.37087604 23.31  16.156736  -2.369290 12.511
 56   281.830 54158.37087669 22.30  16.156006  -2.372600 12.511
 56   282.070 54158.37087733 18.83  16.155276  -2.375900 12.511
 56   282.348 54158.37087798 21.80  16.154556  -2.379210 12.511
 56   282.274 54158.37087862 20.03  16.153826  -2.382510 12.511
 57   282.001 54193.37083440 48.84  16.158876  -2.363256 51.459
 57   281.998 54193.37083505 49.76  16.158146  -2.366566 51.459
 57   281.991 54193.37083569 50.21  16.157416  -2.369866 51.459
 57   281.981 54193.37083634 51.85  16.156686  -2.373176 51.459
 57   281.989 54193.37083698 51.26  16.155966  -2.376476 51.459
 57   281.946 54193.37083762 49.82  16.155236  -2.379786 51.459
 58   282.304 54228.37088569 50.10  16.159199  -2.361021 49.698
 58   282.298 54228.37088633 51.82  16.158469  -2.364331 49.698
 58   282.182 54228.37088698 50.30  16.157749  -2.367631 49.698
 58   282.216 54228.37088762 50.83  16.157019  -2.370941 49.698
 58   282.230 54228.37088827 52.80  16.156289  -2.374241 49.698
 58   282.197 54228.37088891 51.36  16.155569  -2.377551 49.698
 59   282.466 54263.37090519 26.40  16.159292  -2.363978 13.355
 59   282.316 54263.37090584 19.33  16.158562  -2.367278 13.355
 59   282.007 54263.37090648 17.74  16.157832  -2.370588 13.355
 59   281.799 54263.37090713 17.95  16.157102  -2.373888 13.355
 59   281.706 54263.37090777 17.15  16.156382  -2.377198 13.355
 59   281.770 54263.37090841 16.31  16.155652  -2.380498 13.355
 60   282.158 54298.37091074 45.95  16.159083  -2.366514 47.894
 60   282.166 54298.37091139 47.28  16.158353  -2.369824 47.894
 60   282.166 54298.37091203 49.59  16.157623  -2.373124 47.894
 60   282.196 54298.37091268 49.95  16.156903  -2.376434 47.894
 60   282.134 54298.37091332 46.61  16.156173  -2.379734 47.894
 61   282.475 54333.37090022 25.95  16.159813  -2.366138  7.281
 61   282.345 54333.37090086 20.74  16.159083  -2.369448  7.281
 61   282.247 54333.37090151 18.65  16.158353  -2.372748  7.281
 61   282.129 54333.37090215 19.09  16.157633  -2.376058  7.281
 61   282.140 54333.37090280 19.86  16.156903  -2.379358  7.281
 63   284.665 54403.37084341 53.17  16.159345  -2.363537 46.602
 63   284.653 54403.37084405 49.92  16.158615  -2.366847 46.602
 63   284.647 54403.37084470 49.65  16.157885  -2.370147 46.602
 63   284.618 54403.37084534 51.16  16.157165  -2.373457 46.602
 63   284.618 54403.37084599 49.66  16.156435  -2.376757 46.602
 63   284.623 54403.37084663 49.31  16.155705  -2.380067 46.602
 65   285.005 54473.37082967 52.42  16.160371  -2.366006 52.335
 65   285.001 54473.37083032 49.53  16.159641  -2.369316 52.335
 65   284.991 54473.37083096 50.58  16.158921  -2.372616 52.335
 65   284.982 54473.37083161 51.20  16.158191  -2.375926 52.335
 65   284.986 54473.37083225 52.65  16.157461  -2.379226 52.335
 66   283.199 54508.37081161 51.42  16.158746  -2.364988 48.349
 66   283.162 54508.37081226 50.10  16.158016  -2.368298 48.349
 66   283.118 54508.37081290 52.35  16.157296  -2.371598 48.349
 66   283.059 54508.37081355 51.91  16.156566  -2.374908 48.349
 66   283.089 54508.37081419 52.29  16.155836  -2.378208 48.349
 67   282.138 54543.37084393 20.85  16.159543  -2.366173 12.041
 67   281.996 54543.37084457 21.29  16.158813  -2.369473 12.041
 67   281.955 54543.37084522 19.41  16.158083  -2.372783 12.041
 67   282.069 54543.37084586 19.79  16.157363  -2.376083 12.041
 67   282.035 54543.37084651 21.68  16.156633  -2.379393 12.041
 68   282.071 54578.37081279 24.82  16.159106  -2.363360 14.118
 68   281.921 54578.37081344 20.81  16.158376  -2.366670 14.118
 68   281.840 54578.37081408 20.59  16.157656  -2.369970 14.118
 68   281.709 54578.37081472 20.06  16.156926  -2.373280 14.118
 68   281.881 54578.37081537 17.97  16.156196  -2.376580 14.118
 68   281.955 54578.37081601 16.85  16.155466  -2.379890 14.118
 69   282.219 54613.37083428 27.41  16.159758  -2.364996 17.411
 69   282.074 54613.37083493 23.67  16.159028  -2.368306 17.411
 69   281.958 54613.37083557 24.51  16.158298  -2.371606 17.411
 69   282.074 54613.37083622 26.23  16.157578  -2.374916 17.411
 69   282.249 54613.37083686 27.39  16.156848  -2.378216 17.411
 70   282.521 54648.37084103 49.50  16.158666  -2.362261 38.218
 70   282.521 54648.37084168 50.11  16.157936  -2.365571 38.218
 70   282.498 54648.37084232 46.94  16.157206  -2.368871 38.218
 70   282.514 54648.37084297 47.90  16.156476  -2.372181 38.218
 70   282.487 54648.37084361 44.87  16.155756  -2.375481 38.218
 70   282.419 54648.37084426 42.50  16.155026  -2.378791 38.218
 71   282.150 54683.37084113 52.65  16.158895  -2.364639 40.852
 71   282.122 54683.37084177 51.10  16.158175  -2.367939 40.852
 71   282.180 54683.37084242 51.58  16.157445  -2.371249 40.852
 71   282.152 54683.37084306 52.54  16.156715  -2.374549 40.852
 71   282.101 54683.37084371 49.96  16.155995  -2.377859 40.852
 72   283.009 54718.37078843 35.14  16.159284  -2.365641 36.598
 72   282.896 54718.37078908 26.51  16.158554  -2.368951 36.598
 72   282.855 54718.37078972 25.54  16.157834  -2.372251 36.598
 72   282.919 54718.37079036 25.82  16.157104  -2.375561 36.598
 72   282.876 54718.37079101 32.77  16.156374  -2.378861 36.598
 73   283.614 54753.37081409 43.22  16.159069  -2.361200 27.962
 73   283.532 54753.37081473 40.46  16.158339  -2.364510 27.962
 73   283.495 54753.37081538 37.36  16.157609  -2.367810 27.962
 73   283.507 54753.37081602 35.29  16.156879  -2.371120 27.962
 73   283.663 54753.37081667 34.45  16.156159  -2.374420 27.962
 73   283.582 54753.37081731 28.24  16.155429  -2.377730 27.962
 74   284.829 54788.37077900 35.52  16.158999  -2.360340 20.361
 74   284.599 54788.37077964 31.54  16.158279  -2.363640 20.361
 74   284.420 54788.37078029 27.08  16.157549  -2.366950 20.361
 74   284.181 54788.37078093 27.14  16.156819  -2.370250 20.361
 74   283.849 54788.37078158 28.30  16.156089  -2.373560 20.361
 74   283.814 54788.37078222 26.12  16.155369  -2.376860 20.361
 74   284.432 54788.37078287 25.27  16.154639  -2.380170 20.361
 75   285.181 54823.37080906 45.03  16.159264  -2.364998 30.950
 75   285.161 54823.37080971 40.45  16.158534  -2.368298 30.950
 75   285.166 54823.37081035 40.87  16.157814  -2.371608 30.950
 75   285.155 54823.37081100 37.95  16.157084  -2.374908 30.950
 75   285.107 54823.37081164 36.02  16.156354  -2.378218 30.950
 76   283.086 54858.37077524 35.93  16.159148  -2.365480 18.463
 76   282.950 54858.37077589 33.91  16.158428  -2.368780 18.463
 76   282.943 54858.37077653 34.83  16.157698  -2.372090 18.463
 76   283.008 54858.37077718 33.92  16.156968  -2.375390 18.463
 76   282.964 54858.37077782 32.96  16.156238  -2.378700 18.463
 77   282.716 54893.37081098 28.78  16.158222  -2.360313 20.289
 77   282.632 54893.37081162 24.65  16.157492  -2.363623 20.289
 77   282.463 54893.37081227 22.20  16.156762  -2.366923 20.289
 77   282.381 54893.37081291 22.57  16.156042  -2.370233 20.289
 77   282.273 54893.37081356 19.39  16.155312  -2.373533 20.289
 77   282.253 54893.37081420 18.17  16.154582  -2.376843 20.289
 77   282.505 54893.37081484 17.63  16.153852  -2.380143 20.289
 77   282.702 54893.37081549 28.16  16.153132  -2.383453 20.289
 77   282.549 54893.37081613 30.31  16.152402  -2.386753 20.289
 77   282.578 54893.37081678 28.94  16.151672  -2.390063 20.289
 77   282.533 54893.37081742 27.19  16.150952  -2.393364 20.129
 77   282.560 54893.37081807 26.04  16.150222  -2.396674 20.129
 78   282.027 54928.37077155 52.43  16.158422  -2.358351 53.280
 78   282.004 54928.37077219 51.24  16.157692  -2.361651 53.280
 78   282.001 54928.37077284 52.57  16.156962  -2.364961 53.280
 78   281.983 54928.37077348 53.09  16.156242  -2.368261 53.280
 78   281.955 54928.37077412 52.97  16.155512  -2.371571 53.280
 78   281.947 54928.37077477 51.79  16.154782  -2.374871 53.280
 78   281.924 54928.37077541 51.45  16.154052  -2.378181 53.280
 78   281.912 54928.37077606 53.46  16.153332  -2.381481 53.280
 78   281.881 54928.37077670 51.91  16.152602  -2.384791 53.280
 78   281.861 54928.37077735 52.82  16.151872  -2.388091 53.280
 78   281.836 54928.37077799 44.67  16.151142  -2.391401 53.280
 78   281.823 54928.37077864 42.60  16.150422  -2.394701 53.280
 80   282.864 54998.37083000 23.68  16.158229  -2.355071  8.959
 80   282.855 54998.37083064 22.22  16.157499  -2.358381  8.959
 80   282.501 54998.37083129 25.31  16.156779  -2.361681  8.959
 80   282.485 54998.37083193 26.71  16.156049  -2.364991  8.959
 80   282.615 54998.37083258 31.39  16.155319  -2.368291  8.959
 80   282.643 54998.37083322 29.75  16.154599  -2.371601  8.959
 80   282.588 54998.37083386 24.94  16.153869  -2.374901  8.959
 80   282.634 54998.37083451 21.37  16.153139  -2.378211  8.959
 80   282.665 54998.37083515 23.11  16.152409  -2.381511  8.959
 80   282.702 54998.37083580 28.86  16.151689  -2.384821  8.959
 80   282.474 54998.37083644 23.24  16.150959  -2.388121  8.959
 80   282.331 54998.37083709 24.77  16.150229  -2.391431  8.959
 80   282.105 54998.37083773 25.09  16.149508  -2.394730 17.950
 81   282.451 55033.37082009 53.94  16.158409  -2.362922 47.538
 81   282.428 55033.37082074 52.40  16.157689  -2.366222 47.538
 81   282.401 55033.37082138 52.30  16.156959  -2.369532 47.538
 81   282.394 55033.37082203 51.48  16.156229  -2.372832 47.538
 81   282.383 55033.37082267 51.71  16.155509  -2.376142 47.538
 81   282.344 55033.37082332 51.86  16.154779  -2.379442 47.538
 82   282.184 55068.37080893 22.84  16.159282  -2.366101 14.099
 82   282.000 55068.37080958 22.55  16.158562  -2.369401 14.099
 82   281.861 55068.37081022 22.60  16.157832  -2.372711 14.099
 82   281.742 55068.37081087 20.66  16.157102  -2.376011 14.099
 82   281.925 55068.37081151 19.98  16.156382  -2.379321 14.099
 83   283.213 55103.37074658 48.57  16.158348  -2.358370 49.748
 83   283.174 55103.37074722 53.42  16.157618  -2.361670 49.748
 83   283.193 55103.37074787 52.76  16.156888  -2.364980 49.748
 83   283.157 55103.37074851 54.79  16.156168  -2.368280 49.748
 83   283.012 55103.37074916 52.76  16.155438  -2.371590 49.748
 83   282.976 55103.37074980 52.83  16.154708  -2.374890 49.748
 83   282.968 55103.37075045 52.00  16.153978  -2.378200 49.748
 83   282.937 55103.37075109 51.14  16.153258  -2.381500 49.748
 83   282.920 55103.37075173 51.49  16.152528  -2.384810 49.748
 83   282.897 55103.37075238 50.95  16.151798  -2.388110 49.748
 83   282.848 55103.37075302 40.36  16.151078  -2.391420 49.748
 83   282.815 55103.37075367 38.88  16.150348  -2.394720 49.748
 84   284.152 55138.37075566 42.98  16.159452  -2.361877 29.744
 84   284.149 55138.37075630 42.95  16.158722  -2.365187 29.744
 84   284.163 55138.37075695 43.72  16.157992  -2.368487 29.744
 84   284.166 55138.37075759 45.19  16.157272  -2.371797 29.744
 84   284.188 55138.37075824 47.32  16.156542  -2.375097 29.744
 84   284.190 55138.37075888 45.95  16.155812  -2.378407 29.744
 85   285.469 55173.37071599 50.26  16.159164  -2.362752 50.190
 85   285.468 55173.37071664 51.08  16.158434  -2.366062 50.190
 85   285.473 55173.37071728 50.39  16.157714  -2.369362 50.190
 85   285.483 55173.37071793 50.84  16.156984  -2.372672 50.190
 85   285.521 55173.37071857 52.25  16.156254  -2.375972 50.190
 85   285.472 55173.37071922 48.40  16.155524  -2.379282 50.190
 86   284.407 55208.37075016 35.39  16.159351  -2.361584 19.055
 86   284.286 55208.37075081 28.59  16.158621  -2.364894 19.055
 86   283.803 55208.37075145 25.38  16.157891  -2.368194 19.055
 86   283.691 55208.37075210 23.31  16.157171  -2.371504 19.055
 86   283.467 55208.37075274 24.22  16.156441  -2.374804 19.055
 86   283.421 55208.37075339 24.06  16.155711  -2.378114 19.055
 87   282.819 55243.37072050 35.87  16.158744  -2.359173 22.310
 87   282.797 55243.37072115 32.01  16.158014  -2.362483 22.310
 87   282.743 55243.37072179 25.09  16.157294  -2.365783 22.310
 87   282.580 55243.37072244 24.94  16.156564  -2.369093 22.310
 87   282.546 55243.37072308 25.97  16.155834  -2.372393 22.310
 87   282.658 55243.37072372 26.42  16.155104  -2.375703 22.310
 87   282.784 55243.37072437 29.96  16.154384  -2.379003 22.310
 87   282.824 55243.37072501 36.03  16.153654  -2.382313 22.310
 87   282.852 55243.37072566 45.48  16.152924  -2.385613 22.310
 87   282.901 55243.37072630 43.31  16.152194  -2.388923 22.310
 88   282.535 55278.37074336 32.66  16.159174  -2.360839 21.249
 88   282.478 55278.37074401 26.68  16.158454  -2.364139 21.249
 88   282.273 55278.37074465 23.53  16.157724  -2.367449 21.249
 88   282.176 55278.37074529 24.19  16.156994  -2.370749 21.249
 88   282.102 55278.37074594 22.61  16.156274  -2.374059 21.249
 88   282.299 55278.37074658 20.40  16.155544  -2.377359 21.249
 88   282.604 55278.37074723 24.32  16.154814  -2.380669 21.249
 89   283.029 55313.37070638 51.43  16.159080  -2.363181 48.359
 89   283.077 55313.37070702 53.62  16.158350  -2.366491 48.359
 89   283.094 55313.37070767 50.24  16.157630  -2.369791 48.359
 89   283.087 55313.37070831 50.11  16.156900  -2.373101 48.359
 89   283.110 55313.37070896 53.22  16.156170  -2.376401 48.359
 89   283.082 55313.37070960 50.24  16.155450  -2.379711 48.359
 90   282.799 55348.37071513 52.65  16.159185  -2.365505 48.963
 90   282.791 55348.37071577 52.86  16.158455  -2.368805 48.963
 90   282.775 55348.37071642 51.71  16.157735  -2.372115 48.963
 90   282.834 55348.37071706 52.44  16.157005  -2.375415 48.963
 90   282.804 55348.37071771 49.94  16.156275  -2.378725 48.963
 91   282.729 55383.37070509 48.16  16.158553  -2.362599 41.206
 91   282.714 55383.37070573 47.49  16.157823  -2.365909 41.206
 91   282.712 55383.37070638 45.47  16.157093  -2.369209 41.206
 91   282.701 55383.37070702 45.91  16.156363  -2.372519 41.206
 91   282.689 55383.37070767 46.78  16.155643  -2.375819 41.206
 91   282.678 55383.37070831 44.56  16.154913  -2.379129 41.206
 92   282.522 55418.37073334 26.53  16.159561  -2.364180 17.660
 92   282.272 55418.37073398 22.06  16.158831  -2.367490 17.660
 92   282.084 55418.37073463 21.06  16.158101  -2.370790 17.660
 92   282.064 55418.37073527 19.60  16.157371  -2.374100 17.660
 92   281.914 55418.37073592 19.55  16.156651  -2.377400 17.660
 92   282.206 55418.37073656 18.79  16.155921  -2.380710 17.660
 93   282.663 55453.37071416 46.44  16.159367  -2.365869 41.019
 93   282.671 55453.37071480 48.86  16.158647  -2.369169 41.019
 93   282.684 55453.37071545 49.28  16.157917  -2.372479 41.019
 93   282.663 55453.37071609 48.69  16.157187  -2.375779 41.019
 93   282.633 55453.37071673 45.47  16.156467  -2.379089 41.019
 94   283.483 55488.37063545 46.14  16.160024  -2.366122 36.628
 94   283.516 55488.37063609 47.89  16.159294  -2.369422 36.628
 94   283.521 55488.37063674 46.46  16.158564  -2.372732 36.628
 94   283.465 55488.37063738 45.98  16.157844  -2.376032 36.628
 94   283.472 55488.37063803 44.15  16.157114  -2.379342 36.628
