#  324.000  -1.663   7.380 ;Mean Elev.(m), Avg Gradient(m/km), RMS Gradient(m/km) - SRTM1     
#  314.416  -1.418   9.837 ;Mean Elev.(m), Avg Gradient(m/km), RMS Gradient(m/km) - ASTER GDEM
#  324.424  -1.140   4.010 ;Mean Elev.(m), Avg Gradient(m/km), RMS Gradient(m/km) - GMTED2010 
  7   326.490 52472.36206769 36.05  19.966163   1.900807 21.541
  7   326.325 52472.36206834 36.19  19.965433   1.897507 21.541
  7   325.738 52472.36207027 39.06  19.963253   1.887587 21.541
  7   325.671 52472.36207091 46.62  19.962523   1.884277 21.541
  8   324.982 52507.36204154 24.02  19.970186   1.903010 14.515
  8   325.162 52507.36204219 23.70  19.969466   1.899700 14.515
  8   325.346 52507.36204283 24.78  19.968736   1.896390 14.515
  8   325.416 52507.36204348 26.26  19.968006   1.893090 14.515
  8   325.468 52507.36204412 27.23  19.967286   1.889780 14.515
  9   326.603 52542.36202245 53.19  19.979263   1.910079 37.304
  9   326.654 52542.36202310 49.82  19.978533   1.906769 37.304
  9   326.669 52542.36202374 49.66  19.977813   1.903469 37.304
  9   326.613 52542.36202439 52.06  19.977083   1.900159 37.304
 10   326.635 52577.36207494 53.54  19.966160   1.901469 39.186
 10   326.650 52577.36207558 55.04  19.965430   1.898159 39.186
 10   326.620 52577.36207751 49.04  19.963250   1.888249 39.186
 10   326.666 52577.36207816 52.32  19.962520   1.884939 39.186
 11   327.838 52612.36203856 48.70  19.968035   1.902626 47.227
 11   327.779 52612.36203920 51.31  19.967305   1.899326 47.227
 11   327.776 52612.36203985 51.23  19.966585   1.896016 47.227
 11   327.551 52612.36204114 50.83  19.965125   1.889406 47.227
 11   327.539 52612.36204178 50.60  19.964405   1.886096 47.227
 12   328.106 52647.36202248 51.12  19.971916   1.904172 35.576
 12   328.052 52647.36202313 50.87  19.971186   1.900862 35.576
 12   328.015 52647.36202377 52.56  19.970466   1.897562 35.576
 12   327.890 52647.36202442 51.01  19.969736   1.894252 35.576
 12   327.878 52647.36202506 51.40  19.969006   1.890952 35.576
 14   326.000 52717.36205312 20.90  19.967742   1.902010  9.521
 14   325.639 52717.36205376 20.84  19.967012   1.898700  9.521
 14   325.512 52717.36205441 20.57  19.966292   1.895400  9.521
 14   325.844 52717.36205570 33.00  19.964832   1.888790  9.521
 14   325.839 52717.36205634 40.44  19.964113   1.885479 11.593
 15   326.264 52752.36207813 49.82  19.958617   1.902715 31.487
 15   326.278 52752.36207877 52.28  19.957897   1.899405 31.487
 15   326.321 52752.36207942 50.95  19.957167   1.896095 31.487
 16   326.369 52787.36202242 25.36  19.969604   1.904159 21.761
 16   326.470 52787.36202307 25.60  19.968874   1.900859 21.761
 16   326.510 52787.36202371 30.47  19.968144   1.897549 21.761
 16   326.453 52787.36202435 35.53  19.967424   1.894249 21.761
 16   326.466 52787.36202500 44.13  19.966694   1.890939 21.761
 16   326.423 52787.36202564 47.08  19.965964   1.887629 21.761
 17   325.864 52822.36209482 17.30  19.970937   1.904816  7.571
 17   325.809 52822.36209547 17.18  19.970214   1.901504 13.183
 17   325.726 52822.36209611 16.59  19.969484   1.898204 13.183
 17   325.744 52822.36209675 19.01  19.968754   1.894894 13.183
 17   325.854 52822.36209740 19.53  19.968034   1.891594 13.183
 17   325.868 52822.36209804 21.24  19.967304   1.888284 13.183
 18   326.043 52857.36214135 40.67  19.974237   1.906879 34.395
 18   326.116 52857.36214200 45.27  19.973507   1.903579 34.395
 18   326.117 52857.36214264 47.53  19.972786   1.900266 29.102
 18   325.983 52857.36214329 50.75  19.972056   1.896966 29.102
 19   326.726 52892.36217489 53.41  19.966434   1.900411 29.409
 19   326.771 52892.36217554 51.96  19.965704   1.897111 29.409
 19   326.658 52892.36217747 50.60  19.963524   1.887191 29.409
 20   326.933 52927.36212656 43.04  19.967495   1.900981 20.054
 20   326.826 52927.36212721 36.64  19.966764   1.897666 25.154
 20   326.613 52927.36212785 37.18  19.966044   1.894366 25.154
 20   326.815 52927.36212914 45.96  19.964584   1.887756 25.154
 21   327.248 52962.36209566 46.91  19.979546   1.910408 46.378
 21   327.279 52962.36209630 51.13  19.978826   1.907108 46.378
 21   327.328 52962.36209695 50.62  19.978096   1.903798 46.378
 21   327.349 52962.36209759 52.28  19.977366   1.900498 46.378
 22   327.572 52997.36213926 42.59  19.966769   1.901032 35.680
 22   327.611 52997.36213990 46.90  19.966049   1.897722 35.680
 22   327.562 52997.36214184 48.57  19.963859   1.887812 35.680
 22   327.549 52997.36214248 48.34  19.963132   1.884498 36.312
 23   326.330 53032.36209679 17.36  19.968447   1.902006  9.472
 23   326.506 53032.36209744 19.71  19.967717   1.898706  9.472
 23   326.559 53032.36209808 25.34  19.966987   1.895396  9.472
 23   326.490 53032.36209937 17.58  19.965537   1.888786  9.472
 23   326.451 53032.36210002 18.16  19.964807   1.885486  9.472
 24   326.005 53067.36210671 49.76  19.974124   1.907230 43.512
 24   325.975 53067.36210735 53.80  19.973404   1.903920 43.512
 24   325.995 53067.36210800 50.04  19.972674   1.900620 43.512
 24   326.048 53067.36210864 49.90  19.971944   1.897310 43.512
 25   325.442 53102.36210063 25.64  19.966666   1.901620 14.928
 25   325.389 53102.36210128 25.43  19.965946   1.898310 14.928
 25   325.763 53102.36210192 25.33  19.965216   1.895010 14.928
 25   325.398 53102.36210321 25.72  19.963766   1.888400 14.928
 25   325.770 53102.36210385 29.57  19.963036   1.885090 14.928
 26   326.589 53137.36210887 46.16  19.975963   1.908387 41.077
 26   326.617 53137.36210952 51.80  19.975243   1.905077 41.077
 26   326.559 53137.36211016 48.93  19.974513   1.901777 41.077
 26   326.580 53137.36211080 51.22  19.973783   1.898467 41.077
 27   325.164 53172.36215719 18.38  19.968563   1.903344 15.622
 27   325.068 53172.36215783 19.33  19.967843   1.900044 15.622
 27   325.507 53172.36215847 18.79  19.967113   1.896734 15.622
 27   325.305 53172.36216041 19.98  19.964933   1.886814 15.622
 28   324.929 53207.36217211 51.63  19.968435   1.902327 39.610
 28   325.065 53207.36217276 50.38  19.967705   1.899027 39.610
 28   325.069 53207.36217340 51.18  19.966985   1.895717 39.610
 28   324.860 53207.36217469 52.22  19.965525   1.889107 39.610
 28   324.731 53207.36217534 50.38  19.964805   1.885797 39.610
 29   325.779 53242.36213847 46.95  19.974479   1.907425 43.699
 29   325.858 53242.36213912 51.49  19.973759   1.904125 43.699
 29   325.838 53242.36213976 49.26  19.973029   1.900815 43.699
 29   325.751 53242.36214041 52.37  19.972299   1.897515 43.699
 30   325.480 53277.36211251 49.47  19.971378   1.904921 35.647
 30   325.571 53277.36211315 54.84  19.970648   1.901611 35.647
 30   325.617 53277.36211380 51.91  19.969918   1.898311 35.647
 30   325.468 53277.36211444 51.81  19.969188   1.895001 35.647
 30   325.444 53277.36211508 53.57  19.968468   1.891701 35.647
 30   325.482 53277.36211573 48.37  19.967738   1.888391 35.647
 31   326.459 53312.36214821 50.71  19.967853   1.902347 41.741
 31   326.464 53312.36214885 53.38  19.967123   1.899047 41.741
 31   326.508 53312.36214950 51.27  19.966403   1.895737 41.741
 31   326.481 53312.36215079 51.04  19.964943   1.889127 41.741
 31   326.427 53312.36215143 51.73  19.964223   1.885817 41.741
 32   327.214 53347.36211336 51.12  19.972586   1.905234 43.264
 32   327.252 53347.36211401 51.14  19.971856   1.901924 43.264
 32   327.257 53347.36211465 48.03  19.971126   1.898624 43.264
 32   327.171 53347.36211529 49.79  19.970406   1.895314 43.264
 32   327.148 53347.36211594 49.45  19.969676   1.892004 43.264
 32   327.172 53347.36211658 51.09  19.968946   1.888704 43.264
 33   326.932 53382.36207733 51.41  19.972182   1.903108 44.820
 33   326.976 53382.36207798 48.56  19.971452   1.899808 44.820
 33   326.962 53382.36207862 50.23  19.970732   1.896498 44.820
 33   326.973 53382.36207926 52.75  19.970002   1.893198 44.820
 33   326.851 53382.36207991 51.92  19.969272   1.889888 44.820
 34   326.232 53417.36209143 50.16  19.978759   1.907973 41.730
 34   326.147 53417.36209207 52.64  19.978039   1.904673 41.730
 34   326.198 53417.36209272 51.98  19.977309   1.901363 41.730
 35   325.687 53452.36209265 52.61  19.973101   1.904213 41.357
 35   325.576 53452.36209329 49.64  19.972371   1.900913 41.357
 35   325.556 53452.36209394 52.40  19.971641   1.897603 41.357
 35   325.570 53452.36209458 52.83  19.970921   1.894293 41.357
 36   326.006 53487.36217883 43.50  19.961967   1.899228 20.765
 36   325.945 53487.36217947 41.61  19.961247   1.895918 20.765
 37   326.149 53522.36216807 36.66  19.973847   1.906009 27.266
 37   326.090 53522.36216872 42.59  19.973117   1.902699 27.266
 37   326.090 53522.36216936 45.46  19.972387   1.899399 27.266
 37   326.140 53522.36217001 45.00  19.971667   1.896089 27.266
 38   325.717 53557.36219513 56.84  19.962455   1.899489 41.281
 38   325.783 53557.36219577 52.20  19.961725   1.896189 41.281
 39   325.465 53592.36212964 50.63  19.979576   1.909366 44.541
 39   325.472 53592.36213028 51.72  19.978856   1.906066 44.541
 39   325.531 53592.36213093 50.51  19.978126   1.902756 44.541
 39   325.537 53592.36213157 49.00  19.977396   1.899456 44.541
 40   325.426 53627.36212228 33.89  19.963550   1.899425 19.849
 40   325.368 53627.36212292 35.35  19.962830   1.896115 19.849
 41   325.533 53662.36214710 23.92  19.967580   1.902142 16.645
 41   325.691 53662.36214774 23.38  19.966860   1.898832 16.645
 41   325.916 53662.36214839 23.27  19.966130   1.895522 16.645
 41   325.809 53662.36214968 33.55  19.964670   1.888912 16.645
 41   325.834 53662.36215032 34.77  19.963950   1.885612 16.645
 42   327.256 53697.36211238 53.60  19.970618   1.902167 44.531
 42   327.293 53697.36211303 48.22  19.969888   1.898857 44.531
 42   327.339 53697.36211367 52.69  19.969168   1.895557 44.531
 42   327.303 53697.36211432 52.16  19.968438   1.892247 44.531
 42   327.241 53697.36211496 51.62  19.967708   1.888947 44.531
 43   326.237 53732.36203377 47.73  19.975626   1.907688 43.192
 43   326.272 53732.36203442 52.55  19.974906   1.904388 43.192
 43   326.311 53732.36203506 51.14  19.974176   1.901078 43.192
 43   326.336 53732.36203571 51.37  19.973446   1.897778 43.192
 45   325.814 53802.36200967 47.36  19.975400   1.906249 39.638
 45   325.837 53802.36201032 52.75  19.974670   1.902939 39.638
 45   325.677 53802.36201096 52.01  19.973940   1.899629 39.638
 45   325.649 53802.36201161 51.17  19.973220   1.896329 39.638
 46   326.185 53837.36202152 48.47  19.971028   1.904755 31.758
 46   326.133 53837.36202217 50.52  19.970298   1.901445 31.758
 46   326.159 53837.36202281 47.63  19.969568   1.898145 31.758
 46   326.176 53837.36202346 49.81  19.968848   1.894835 31.758
 46   326.221 53837.36202410 50.68  19.968118   1.891535 31.758
 46   326.178 53837.36202475 49.36  19.967388   1.888225 31.758
 47   326.037 53872.36207425 44.86  19.970978   1.903633 20.795
 47   325.701 53872.36207490 31.38  19.970248   1.900333 20.795
 47   325.565 53872.36207554 24.86  19.969528   1.897023 20.795
 47   325.863 53872.36207619 30.65  19.968798   1.893723 20.795
 47   325.855 53872.36207683 41.45  19.968068   1.890413 20.795
 48   325.811 53907.36211533 52.09  19.966201   1.900837 37.248
 48   325.757 53907.36211597 50.25  19.965471   1.897537 37.248
 48   325.571 53907.36211791 50.39  19.963291   1.887617 37.248
 48   325.632 53907.36211855 51.91  19.962561   1.884307 37.248
 49   325.373 53942.36214242 50.72  19.960541   1.901051 39.271
 49   325.259 53942.36214307 52.10  19.959811   1.897751 39.271
 49   325.151 53942.36214371 50.37  19.959091   1.894441 39.271
 50   325.793 53977.36209583 54.98  19.967755   1.900872 39.723
 50   325.827 53977.36209648 50.39  19.967025   1.897562 39.723
 50   325.645 53977.36209712 48.51  19.966295   1.894262 39.723
 50   325.695 53977.36209841 51.00  19.964845   1.887642 39.723
 51   326.051 54012.36210048 46.92  19.973236   1.906447 40.795
 51   326.066 54012.36210112 55.23  19.972516   1.903147 40.795
 51   326.070 54012.36210176 52.74  19.971786   1.899837 40.795
 51   326.081 54012.36210241 52.05  19.971056   1.896537 40.795
 51   326.120 54012.36210305 53.22  19.970326   1.893227 40.795
 52   327.071 54047.36211117 43.67  19.978898   1.910536 39.939
 52   327.078 54047.36211181 48.61  19.978168   1.907236 39.939
 52   326.952 54047.36211246 50.45  19.977438   1.903926 39.939
 52   326.866 54047.36211310 48.89  19.976718   1.900626 39.939
 54   327.460 54117.36203655 51.88  19.970851   1.903115 46.897
 54   327.481 54117.36203720 52.87  19.970131   1.899815 46.897
 54   327.286 54117.36203784 50.68  19.969401   1.896505 46.897
 54   327.352 54117.36203849 54.14  19.968671   1.893205 46.897
 54   327.331 54117.36203913 52.26  19.967951   1.889895 46.897
 55   326.495 54152.36205765 24.62  19.969607   1.903600 27.802
 55   326.248 54152.36205830 23.99  19.968877   1.900290 27.802
 55   326.494 54152.36205894 26.11  19.968147   1.896990 27.802
 55   326.395 54152.36205959 25.78  19.967427   1.893680 27.802
 55   326.436 54152.36206023 30.25  19.966697   1.890380 27.802
 55   326.581 54152.36206088 34.47  19.965967   1.887070 27.802
 56   325.950 54187.36203015 20.98  19.970931   1.903422  5.938
 56   325.920 54187.36203079 15.83  19.970211   1.900112  5.938
 56   325.649 54187.36203143 14.73  19.969481   1.896812  5.938
 56   324.965 54187.36203208 12.94  19.968751   1.893502  5.938
 56   324.162 54187.36203272 12.01  19.968031   1.890192  5.938
 57   326.458 54222.36206716 55.13  19.969363   1.901727 33.343
 57   326.558 54222.36206781 51.33  19.968633   1.898417 33.343
 57   326.488 54222.36206845 51.89  19.967903   1.895117 33.343
 57   326.428 54222.36206910 54.81  19.967183   1.891807 33.343
 57   326.490 54222.36206974 49.75  19.966453   1.888497 33.343
 58   326.034 54257.36208914 21.08  19.971029   1.904029  9.267
 58   325.869 54257.36208979 20.61  19.970309   1.900729  9.267
 58   326.181 54257.36209043 20.09  19.969579   1.897419  9.267
 58   326.113 54257.36209108 21.65  19.968849   1.894109  9.267
 58   326.055 54257.36209172 26.28  19.968119   1.890809  9.267
 58   326.296 54257.36209237 31.39  19.967399   1.887499  9.267
 59   326.121 54292.36209186 51.03  19.972466   1.904277 33.535
 59   326.015 54292.36209250 53.84  19.971736   1.900967 33.535
 59   326.009 54292.36209315 49.97  19.971006   1.897667 33.535
 59   326.040 54292.36209379 51.07  19.970276   1.894357 33.535
 60   326.503 54327.36208749 50.22  19.973470   1.905694 36.080
 60   326.454 54327.36208814 52.62  19.972740   1.902394 36.080
 60   326.339 54327.36208878 51.23  19.972020   1.899084 36.080
 60   326.265 54327.36208943 52.67  19.971290   1.895774 36.080
 61   326.659 54362.36203757 51.85  19.971303   1.903178 34.400
 61   326.535 54362.36203822 51.97  19.970573   1.899878 34.400
 61   326.472 54362.36203886 51.58  19.969843   1.896568 34.400
 61   326.445 54362.36203951 54.16  19.969123   1.893268 34.400
 61   326.383 54362.36204015 52.10  19.968393   1.889958 34.400
 62   327.267 54397.36202775 47.76  19.972986   1.904865 37.050
 62   327.269 54397.36202839 53.75  19.972256   1.901555 37.050
 62   327.253 54397.36202904 50.55  19.971526   1.898245 37.050
 62   327.153 54397.36202968 52.26  19.970796   1.894945 37.050
 63   327.603 54432.36198729 49.58  19.972882   1.904586 38.312
 63   327.618 54432.36198794 53.46  19.972152   1.901286 38.312
 63   327.664 54432.36198858 51.11  19.971432   1.897976 38.312
 63   327.698 54432.36198923 48.94  19.970702   1.894676 38.312
 64   327.639 54467.36200928 24.11  19.973561   1.904923 22.815
 64   327.376 54467.36200992 23.55  19.972831   1.901613 22.815
 64   327.523 54467.36201056 24.54  19.972101   1.898303 22.815
 64   327.689 54467.36201121 31.13  19.971381   1.895003 22.815
 65   326.970 54502.36200256 50.71  19.971872   1.903356 24.845
 65   327.111 54502.36200320 50.00  19.971142   1.900056 24.845
 65   326.989 54502.36200385 47.89  19.970412   1.896746 24.845
 65   326.917 54502.36200449 50.83  19.969692   1.893436 24.845
 65   327.003 54502.36200514 50.06  19.968962   1.890136 24.845
 66   326.357 54537.36202444 47.78  19.973061   1.905806 39.345
 66   326.280 54537.36202509 51.44  19.972341   1.902496 39.345
 66   326.254 54537.36202573 52.87  19.971611   1.899186 39.345
 66   326.287 54537.36202638 48.68  19.970881   1.895886 39.345
 66   326.161 54537.36202702 51.29  19.970161   1.892576 39.345
 66   326.204 54537.36202767 49.34  19.969431   1.889276 39.345
 67   326.279 54572.36200333 38.94  19.972436   1.904746 24.975
 67   326.242 54572.36200397 35.99  19.971716   1.901446 24.975
 67   326.274 54572.36200461 42.49  19.970986   1.898136 24.975
 67   326.299 54572.36200526 47.74  19.970256   1.894836 24.975
 67   326.218 54572.36200590 48.38  19.969536   1.891526 24.975
 67   326.152 54572.36200655 47.34  19.968806   1.888226 24.975
 68   325.985 54607.36201848 50.83  19.970714   1.902592 41.194
 68   326.028 54607.36201913 52.83  19.969994   1.899282 41.194
 68   326.061 54607.36201977 50.39  19.969264   1.895982 41.194
 68   326.025 54607.36202042 53.04  19.968534   1.892672 41.194
 68   325.904 54607.36202106 51.58  19.967804   1.889362 41.194
 69   326.249 54642.36202746 50.21  19.970401   1.902940 41.335
 69   326.091 54642.36202810 50.65  19.969681   1.899630 41.335
 69   326.006 54642.36202874 48.90  19.968951   1.896320 41.335
 69   326.020 54642.36202939 53.04  19.968221   1.893020 41.335
 69   325.980 54642.36203003 51.33  19.967501   1.889710 41.335
 70   325.709 54677.36202889 50.03  19.969960   1.903693 38.475
 70   325.730 54677.36202953 53.81  19.969230   1.900393 38.475
 70   325.744 54677.36203018 51.11  19.968510   1.897083 38.475
 70   325.732 54677.36203082 49.22  19.967780   1.893773 38.475
 70   325.665 54677.36203147 52.53  19.967050   1.890473 38.475
 70   325.585 54677.36203211 49.71  19.966330   1.887163 38.475
 71   326.175 54712.36198269 48.66  19.973353   1.904768 35.569
 71   326.091 54712.36198334 50.67  19.972623   1.901458 35.569
 71   326.164 54712.36198398 47.65  19.971903   1.898158 35.569
 71   326.025 54712.36198463 51.11  19.971173   1.894848 35.569
 72   326.329 54747.36199823 40.63  19.970247   1.902871 15.775
 72   326.309 54747.36199888 25.04  19.969517   1.899571 15.775
 72   325.957 54747.36199952 21.90  19.968787   1.896261 15.775
 72   326.114 54747.36200017 24.61  19.968057   1.892951 15.775
 72   326.166 54747.36200081 29.49  19.967337   1.889651 15.775
 73   327.229 54782.36196963 48.71  19.972239   1.903287 43.700
 73   327.279 54782.36197028 51.98  19.971519   1.899977 43.700
 73   327.186 54782.36197092 49.00  19.970789   1.896667 43.700
 73   327.135 54782.36197157 50.96  19.970059   1.893367 43.700
 73   327.049 54782.36197221 50.86  19.969339   1.890057 43.700
 74   327.153 54817.36199052 49.27  19.971233   1.902547 43.307
 74   327.211 54817.36199117 50.95  19.970503   1.899237 43.307
 74   327.238 54817.36199181 47.21  19.969783   1.895927 43.307
 74   327.238 54817.36199246 50.51  19.969053   1.892627 43.307
 74   327.189 54817.36199310 49.63  19.968323   1.889317 43.307
 75   326.292 54852.36196720 48.61  19.971794   1.902866 41.188
 75   326.322 54852.36196784 52.17  19.971064   1.899566 41.188
 75   326.221 54852.36196849 51.79  19.970344   1.896256 41.188
 75   326.311 54852.36196913 48.91  19.969614   1.892946 41.188
 75   326.237 54852.36196978 50.51  19.968884   1.889646 41.188
 77   326.319 54922.36196721 48.34  19.969249   1.903442 37.989
 77   326.158 54922.36196785 51.31  19.968519   1.900132 37.989
 77   326.229 54922.36196849 49.00  19.967789   1.896832 37.989
 77   326.209 54922.36196914 46.74  19.967069   1.893522 37.989
 77   326.114 54922.36196978 49.75  19.966339   1.890212 37.989
 77   326.247 54922.36197043 49.86  19.965619   1.886912 37.989
 78   326.671 54957.36199096 46.88  19.969977   1.903038 30.427
 78   326.614 54957.36199161 44.80  19.969257   1.899728 30.427
 78   326.655 54957.36199225 48.42  19.968527   1.896428 30.427
 78   326.755 54957.36199289 51.11  19.967797   1.893118 30.427
 78   326.675 54957.36199354 46.03  19.967067   1.889808 30.427
 78   326.581 54957.36199418 42.82  19.966347   1.886508 30.427
 79   326.619 54992.36201469 53.06  19.967930   1.901609 38.073
 79   326.628 54992.36201534 52.49  19.967200   1.898299 38.073
 79   326.736 54992.36201598 48.95  19.966470   1.894999 38.073
 79   326.627 54992.36201727 50.56  19.965020   1.888389 38.073
 80   326.009 55027.36200469 43.36  19.971553   1.903326 34.399
 80   325.836 55027.36200534 35.19  19.970833   1.900016 34.399
 80   326.032 55027.36200598 39.38  19.970103   1.896706 34.399
 80   325.929 55027.36200662 43.33  19.969373   1.893406 34.399
 80   325.854 55027.36200727 46.72  19.968653   1.890096 34.399
 81   325.773 55062.36199669 48.76  19.972080   1.905436 41.009
 81   325.734 55062.36199733 52.87  19.971350   1.902126 41.009
 81   325.578 55062.36199798 51.91  19.970620   1.898826 41.009
 81   325.583 55062.36199862 52.78  19.969900   1.895516 41.009
 81   325.613 55062.36199927 50.11  19.969170   1.892216 41.009
 81   325.642 55062.36199991 48.96  19.968440   1.888906 41.009
 82   325.955 55097.36194589 52.88  19.969794   1.901745 40.575
 82   326.008 55097.36194653 52.53  19.969064   1.898435 40.575
 82   326.031 55097.36194718 51.70  19.968334   1.895135 40.575
 82   325.926 55097.36194782 52.51  19.967614   1.891825 40.575
 82   325.773 55097.36194847 50.42  19.966884   1.888515 40.575
 83   326.846 55132.36194121 45.53  19.970492   1.902636 30.497
 83   326.887 55132.36194185 41.23  19.969762   1.899326 30.497
 83   326.936 55132.36194250 38.64  19.969032   1.896026 30.497
 83   326.931 55132.36194314 43.10  19.968302   1.892716 30.497
 83   326.906 55132.36194379 42.13  19.967582   1.889416 30.497
 84   327.508 55167.36190713 48.39  19.973176   1.905462 43.865
 84   327.562 55167.36190778 51.36  19.972456   1.902162 43.865
 84   327.602 55167.36190842 51.46  19.971726   1.898852 43.865
 84   327.454 55167.36190907 50.70  19.970996   1.895552 43.865
 84   327.379 55167.36191036 51.22  19.969546   1.888932 43.865
 85   327.366 55202.36193291 46.71  19.970748   1.904857 43.463
 85   327.322 55202.36193355 52.74  19.970028   1.901547 43.463
 85   327.278 55202.36193419 51.55  19.969298   1.898247 43.463
 85   327.284 55202.36193484 51.97  19.968568   1.894937 43.463
 85   327.350 55202.36193548 52.08  19.967838   1.891627 43.463
 85   327.349 55202.36193613 50.34  19.967118   1.888327 43.463
 86   326.836 55237.36191510 47.08  19.970573   1.904205 39.287
 86   326.845 55237.36191574 50.00  19.969843   1.900905 39.287
 86   326.818 55237.36191639 50.67  19.969123   1.897595 39.287
 86   326.761 55237.36191703 47.01  19.968393   1.894285 39.287
 86   326.691 55237.36191768 49.49  19.967663   1.890985 39.287
 86   326.631 55237.36191832 47.57  19.966943   1.887675 39.287
 87   327.166 55272.36192692 46.61  19.971038   1.904342 39.120
 87   327.132 55272.36192756 50.10  19.970318   1.901032 39.120
 87   327.115 55272.36192821 49.66  19.969588   1.897722 39.120
 87   327.203 55272.36192885 49.21  19.968858   1.894422 39.120
 87   327.132 55272.36192950 49.56  19.968138   1.891112 39.120
 87   327.053 55272.36193014 49.12  19.967408   1.887812 39.120
 88   327.676 55307.36189655 48.71  19.972111   1.903186 41.377
 88   327.744 55307.36189719 52.02  19.971381   1.899876 41.377
 88   327.668 55307.36189784 49.21  19.970651   1.896576 41.377
 88   327.693 55307.36189848 49.70  19.969931   1.893266 41.377
 88   327.657 55307.36189912 50.41  19.969201   1.889966 41.377
 89   327.158 55342.36189696 25.26  19.971844   1.903048 21.273
 89   326.977 55342.36189760 22.90  19.971114   1.899748 21.273
 89   327.094 55342.36189825 25.29  19.970394   1.896438 21.273
 89   327.209 55342.36189889 29.89  19.969664   1.893138 21.273
 89   327.258 55342.36189954 34.61  19.968934   1.889828 21.273
 90   326.695 55377.36189058 50.06  19.971683   1.903873 40.646
 90   326.745 55377.36189123 51.63  19.970963   1.900563 40.646
 90   326.738 55377.36189187 48.41  19.970233   1.897253 40.646
 90   326.726 55377.36189252 51.83  19.969503   1.893953 40.646
 90   326.598 55377.36189316 50.91  19.968783   1.890643 40.646
 91   326.332 55412.36191345 44.29  19.972602   1.906121 40.134
 91   326.393 55412.36191409 51.10  19.971872   1.902821 40.134
 91   326.419 55412.36191474 53.67  19.971152   1.899511 40.134
 91   326.207 55412.36191538 50.34  19.970422   1.896211 40.134
 91   326.199 55412.36191603 51.00  19.969692   1.892901 40.134
 91   326.156 55412.36191667 50.25  19.968962   1.889591 40.134
 92   326.157 55447.36190478 50.66  19.972376   1.904610 40.211
 92   326.001 55447.36190542 53.10  19.971646   1.901300 40.211
 92   325.993 55447.36190607 52.92  19.970916   1.898000 40.211
 92   325.988 55447.36190671 51.67  19.970196   1.894690 40.211
 92   325.980 55447.36190736 50.04  19.969466   1.891380 40.211
 93   325.911 55482.36183502 44.79  19.972829   1.906198 40.444
 93   325.887 55482.36183566 48.12  19.972099   1.902888 40.444
 93   325.878 55482.36183631 52.53  19.971379   1.899588 40.444
 93   325.921 55482.36183695 49.33  19.970649   1.896278 40.444
 93   325.969 55482.36183760 49.69  19.969919   1.892978 40.444
 93   325.911 55482.36183824 51.05  19.969199   1.889668 40.444
