# NaN NaN NaN ;Mean Elev.(m), Avg Gradient(m/km), RMS Gradient(m/km) - SRTM1     
# NaN NaN NaN ;Mean Elev.(m), Avg Gradient(m/km), RMS Gradient(m/km) - ASTER GDEM
#  303.830  -0.686   2.307 ;Mean Elev.(m), Avg Gradient(m/km), RMS Gradient(m/km) - GMTED2010 
  7  18.120563  -0.114347   301.949   301.940  4 52457.86644540 51.090
  8  18.126272  -0.103797   301.963   301.920  3 52492.86642291 51.098
 10  18.123017  -0.109778   303.087   303.005  3 52562.86644450 52.499
 13  18.119644  -0.118334   303.500   303.480  4 52667.86642480 52.232
 14  18.125158  -0.105625   301.926   301.914  4 52702.86640284 52.294
 16  18.123090  -0.110378   303.085   303.099  3 52772.86640332 48.833
 17  18.119241  -0.119315   301.925   301.981  4 52807.86646355 36.787
 18  18.120607  -0.114842   302.748   302.739  4 52842.86652242 52.240
 19  18.119436  -0.116291   302.280   302.297  4 52877.86656044 52.544
 20  18.125247  -0.104281   303.161   303.223  3 52912.86652074 18.106
 21  18.124376  -0.108093   303.330   303.337  3 52947.86647754 49.926
 23  18.120459  -0.113428   303.937   303.936  3 53017.86650481 52.504
 24  18.122860  -0.108717   302.783   302.806  3 53052.86648701 52.124
 25  18.114920  -0.124999   301.878   301.850  4 53087.86652074 51.869
 26  18.120270  -0.114331   301.811   301.799  4 53122.86649287 22.259
 27  18.115779  -0.122642   301.727   301.737  4 53157.86654882 50.130
 28  18.123523  -0.108138   301.763   301.745  4 53192.86654481 51.193
 30  18.118899  -0.119162   301.908   301.904  4 53262.86651343 51.528
 33  18.122635  -0.110787   303.712   303.707  3 53367.86646898 52.421
 34  18.120625  -0.113336   301.916   301.939  3 53402.86649784 50.946
 35  18.121493  -0.111837   301.269   301.257  3 53437.86648673 51.546
 36  18.118310  -0.120808   302.162   302.171  4 53472.86654022 51.520
 37  18.119494  -0.118511   302.154   302.149  4 53507.86656775 50.900
 38  18.118028  -0.119769   302.317   302.320  5 53542.86657700 51.090
 39  18.119666  -0.117436   301.365   301.359  4 53577.86656179 14.251
 40  18.118856  -0.118367   302.415   302.411  4 53612.86651433 52.334
 41  18.121856  -0.111967   302.720   302.739  4 53647.86652084 52.492
 42  18.117076  -0.122725   303.338   303.365  5 53682.86653393 53.213
 43  18.123151  -0.110106   303.839   303.840  3 53717.86646337 52.447
 44  18.125485  -0.105686   302.465   302.468  3 53752.86638461 52.620
 45  18.123748  -0.109091   301.752   301.746  3 53787.86641410 53.571
 46  18.123312  -0.109692   302.098   302.126  3 53822.86636877 51.208
 47  18.118045  -0.120042   302.085   302.068  4 53857.86645912 51.772
 48  18.123580  -0.108892   302.829   302.838  3 53892.86647534 51.661
 50  18.115924  -0.123342   301.632   301.657  5 53962.86651468 51.140
 51  18.122340  -0.109824   301.758   301.754  3 53997.86646392 52.976
 52  18.122276  -0.109631   302.628   302.601  3 54032.86651369 52.309
 54  18.120628  -0.114956   304.569   304.548  4 54102.86646529 51.055
 55  18.120420  -0.114601   302.704   302.740  3 54137.86643562 52.642
 56  18.120336  -0.115536   302.209   302.213  4 54172.86644303 44.961
 57  18.119715  -0.115587   302.085   302.064  3 54207.86644071 51.630
 58  18.120951  -0.114210   302.861   302.865  4 54242.86647352 51.244
 59  18.120923  -0.114894   302.906   302.914  3 54277.86648701 51.359
 60  18.121541  -0.111578   302.308   302.310  3 54312.86648764 50.713
 61  18.121170  -0.113286   302.676   302.671  4 54347.86645898 51.360
 62  18.121222  -0.112792   303.325   303.340  4 54382.86642483 51.965
 63  18.120496  -0.113801   304.029   304.029  4 54417.86640804 51.303
 64  18.121035  -0.114341   304.577   304.565  3 54452.86639433 49.361
 65  18.121824  -0.111907   303.805   303.806  3 54487.86640630 52.654
 66  18.121886  -0.112206   302.656   302.656  4 54522.86640774 51.986
 67  18.120613  -0.113827   302.384   302.389  4 54557.86641591 33.474
 68  18.120388  -0.115519   302.583   302.586  3 54592.86640382 52.121
 69  18.120490  -0.114988   302.307   302.307  3 54627.86641888 52.662
 70  18.119291  -0.117210   301.384   301.381  3 54662.86642573 53.255
 71  18.121593  -0.111504   302.388   302.386  3 54697.86640123 52.218
 72  18.120509  -0.114056   302.329   302.322  4 54732.86638363 51.847
 73  18.121148  -0.112180   302.892   302.934  3 54767.86638009 32.530
 74  18.120041  -0.115977   304.021   304.025  4 54802.86637650 50.585
 75  18.120865  -0.113347   303.573   303.565  3 54837.86637330 51.360
 76  18.120332  -0.113987   302.852   302.862  4 54872.86637635 50.939
 77  18.119758  -0.116754   302.475   302.483  4 54907.86637934 50.994
 78  18.120027  -0.116891   302.376   302.377  4 54942.86636872 50.936
 79  18.119909  -0.116144   302.987   302.981  3 54977.86639669 50.631
 80  18.120421  -0.115019   302.251   302.266  4 55012.86640330 50.072
 81  18.121101  -0.113345   301.796   301.801  3 55047.86639623 52.482
 82  18.120956  -0.114263   302.422   302.453  4 55082.86636698 52.449
 83  18.121375  -0.112088   302.571   302.570  4 55117.86632813 52.934
 84  18.120158  -0.115016   303.580   303.583  3 55152.86632453 52.015
 85  18.120107  -0.115217   303.946   303.947  3 55187.86631546 51.871
 86  18.120510  -0.115290   303.437   303.432  4 55222.86632372 50.634
 87  18.121578  -0.113746   302.874   302.889  3 55257.86631118 53.122
 88  18.120445  -0.114385   303.275   303.298  3 55292.86631146 51.989
 89  18.118844  -0.115902   303.475   303.469  4 55327.86629535 50.280
 90  18.120502  -0.113445   302.840   302.834  3 55362.86629094 53.722
 91  18.120370  -0.114318   302.272   302.322  3 55397.86629902 23.214
 92  18.121842  -0.111176   302.416   302.439  4 55432.86630706 52.582
 93  18.121451  -0.111512   302.800   302.805  3 55467.86626488 53.297
