-266440.329   428.224     0.00   16.03
-266064.222   433.741    14.67   16.59
-265688.120   439.147    14.37   16.61
-265312.021   441.904     7.33   14.98
-264935.926   443.639     4.62   15.56
-264559.836   443.776     0.36   13.95
-264183.749   447.750    10.57   14.53
-263807.667   449.996     5.97   13.54
-263431.589   444.904   -13.54   16.57
-263055.514   438.597   -16.77   19.97
-262679.444   429.725   -23.59   14.40
-262303.378   426.838    -7.68   12.46
-261927.316   435.289    22.47   17.36
-261551.258   450.195    39.64   25.58
-261175.204   462.391    32.43   29.76
-260799.154   480.217    47.41   35.43
-260423.108   488.617    22.34   33.69
-260047.066   490.391     4.72   35.43
-259671.028   497.823    19.76   34.81
-259294.994   507.390    25.45   38.99
-258918.964   535.877    75.76   41.55
-258542.939   556.556    55.00   31.71
-258166.917   575.967    51.63   32.61
-257790.899   580.417    11.84   29.37
-257414.886   580.259    -0.42   29.21
-257038.876   573.238   -18.68   32.99
-256662.870   578.161    13.09   33.66
-256286.869   600.981    60.70   51.63
-255910.871   632.996    85.15   55.61
-255534.878   675.622   113.38   59.37
-255158.888   713.633   101.10   54.27
-254782.903   731.601    47.79   40.61
-254406.921   738.092    17.26   40.11
-254030.944   721.217   -44.89   46.35
-253654.970   703.853   -46.19   44.99
-253279.001   682.850   -55.87   43.12
-252903.036   661.255   -57.44   33.69
-252527.074   646.823   -38.39   24.78
-252151.117   640.278   -17.41   23.41
-251775.163   632.292   -21.24   20.39
-251399.214   632.267    -0.07   18.21
-251023.268   635.391     8.31   16.10
-250647.327   640.520    13.64   21.68
-250271.390   639.084    -3.82   22.03
-249895.456   631.981   -18.89   25.07
-249519.527   618.101   -36.92   22.40
-249143.601   605.930   -32.38   19.85
-248767.680   599.120   -18.12   14.11
-248391.763   603.286    11.08   18.84
-248015.849   614.942    31.01   23.86
-247639.940   627.560    33.57   26.19
-247264.034   640.238    33.73   29.11
-246888.133   643.633     9.03   32.12
-246512.235   642.201    -3.81   30.41
-246136.341   651.958    25.96   30.72
-245760.452   664.778    34.11   26.67
-245384.566   668.542    10.01   27.69
-245008.685   675.022    17.24   22.97
-244632.807   673.444    -4.20   19.37
-244256.933   665.391   -21.43   14.11
-243881.063   660.970   -11.76   14.16
-243505.198   658.443    -6.72   20.68
-243129.336   649.628   -23.45   18.26
-242753.478   645.699   -10.45   15.34
-242377.624   642.039    -9.74   17.82
-242001.774   640.470    -4.17   22.71
-241625.928   635.592   -12.98   23.32
-241250.086   626.274   -24.79   27.67
-240874.248   612.985   -35.36   29.94
-240498.414   592.039   -55.74   21.11
-240122.584   587.147   -13.02   16.84
-239746.757   587.282     0.36   13.47
-239370.935   584.889    -6.37   13.98
-238995.117   575.292   -25.54   18.12
-238619.302   562.812   -33.21   16.43
-238243.492   560.931    -5.01   21.63
-237867.685   567.084    16.37   29.85
-237491.883   582.601    41.29   32.98
-237116.084   601.212    49.53   30.79
-236740.289   609.943    23.24   25.71
-236364.498   603.520   -17.10   31.50
-235988.711   600.687    -7.54   48.85
-235612.928   586.838   -36.86   57.76
-235237.149   577.192   -25.67   62.48
-234861.374   557.303   -52.93   64.31
-234485.603   538.660   -49.61   58.55
-234109.836   526.417   -32.58   54.78
-233734.072   519.552   -18.27   46.84
-233358.313   509.363   -27.12   47.41
-232982.557   492.639   -44.51   52.28
-232606.806   450.992  -110.84   68.51
-232231.058   413.022  -101.06   64.37
-231855.314   379.823   -88.36   47.94
-231479.574   366.750   -34.79   32.28
-231103.838   369.496     7.31   38.75
-230728.106   378.654    24.38   56.67
-230352.378   391.365    33.83   72.08
-229976.654   384.443   -18.42   79.45
-229600.933   381.309    -8.34   81.25
-229225.217   357.648   -62.98   78.99
-228849.504   338.242   -51.65   69.10
-228473.795   327.889   -27.56   61.28
-228098.090   351.039    61.62   61.83
-227722.389   391.282   107.12   33.92
-227346.692   409.120    47.48   24.20
-226970.999   422.471    35.54   16.81
-226595.310   433.874    30.35   19.85
-226219.245   442.842    23.85   20.90
-225842.785   444.891     5.44   25.99
-225466.328   449.525    12.31   34.55
-225089.876   450.417     2.37   44.98
-224713.428   458.022    20.20   53.03
-224336.983   471.338    35.37   57.85
-223960.542   483.522    32.37   54.58
-223584.105   500.776    45.84   47.83
-223207.672   510.931    26.98   38.74
-222831.243   522.496    30.73   29.00
-222454.818   524.892     6.37   20.57
-222078.396   517.862   -18.68   18.94
-221701.979   518.931     2.84   20.65
-221325.565   518.174    -2.01   23.14
-220949.156   519.498     3.52   25.56
-220572.750   533.633    37.56   34.66
-220196.348   544.473    28.80   32.47
-219819.950   546.067     4.24   30.34
-219443.555   547.865     4.78   29.95
-219067.165   548.174     0.82   28.84
-218690.778   545.750    -6.44   39.53
-218314.396   527.838   -47.59   55.79
-217938.017   490.838   -98.31   78.50
-217561.642   433.101  -153.41   83.47
-217185.271   377.315  -148.23   75.14
-216808.903   343.039   -91.08   60.81
-216432.540   329.654   -35.57   56.26
-216056.180   333.592    10.46   50.33
-215679.825   347.189    36.13   29.40
-215303.473   355.823    22.94   24.70
-214927.125   366.633    28.73   31.21
-214550.780   376.066    25.06   35.65
-214174.440   363.525   -33.32   61.33
-213798.103   354.306   -24.50   68.66
-213421.771   367.092    33.98   77.44
-213045.442   398.750    84.13   75.55
-212669.117   440.390   110.65   47.51
-212292.796   465.853    67.67   45.27
-211916.478   484.312    49.05   52.77
-211540.165   517.207    87.42   66.19
-211163.855   545.496    75.18   58.30
-210787.549   561.930    43.67   45.10
-210411.247   561.444    -1.29   36.86
-210034.949   559.084    -6.27   36.31
-209658.654   564.467    14.31   36.97
-209282.364   574.056    25.48   35.57
-208906.077   571.733    -6.17   33.20
-208529.794   565.255   -17.22   43.67
-208153.515   537.687   -73.27   68.44
-207777.239   497.606  -106.53   81.08
-207400.968   456.531  -109.17   87.12
-207024.700   405.142  -136.58   77.21
-206648.436   375.135   -79.75   50.57
-206272.176   365.823   -24.75   25.16
-205895.919   368.391     6.83   22.98
-205519.667   376.695    22.07   18.39
-205143.418   377.733     2.76   17.98
-204767.173   374.879    -7.59   19.49
-204390.932   378.812    10.45   25.08
-204014.694   389.606    28.69   36.65
-203638.461   406.879    45.91   45.98
-203262.231   433.892    71.80   49.93
-202886.005   444.417    27.98   43.07
-202509.783   447.981     9.47   40.69
-202133.564   444.549    -9.12   38.10
-201757.349   446.444     5.04   41.50
-201381.138   466.525    53.38   42.50
-201004.931   482.389    42.17   42.62
-200628.728   497.699    40.70   44.51
-200252.528   518.617    55.61   38.86
-199876.332   533.606    39.85   35.91
-199500.140   551.648    47.96   29.22
-199123.952   558.834    19.10   27.01
-198747.767   562.930    10.89   25.05
-198371.587   559.058   -10.29   23.51
-197995.410   552.917   -16.33   18.43
-197619.236   547.496   -14.41   15.07
-197243.067   541.776   -15.21   18.67
-196866.901   532.492   -24.68   21.09
-196490.739   518.039   -38.43   28.35
-196114.581   509.992   -21.39   28.31
-195738.426   495.733   -37.91   27.23
-195362.276   487.498   -21.89   23.46
-194986.129   484.660    -7.54   24.38
-194609.985   482.334    -6.19   28.86
-194233.846   489.109    18.01   27.94
-193857.710   491.367     6.00   23.68
-193481.578   488.552    -7.48   20.74
-193105.450   483.391   -13.72   22.33
-192729.325   474.445   -23.79   22.86
-192353.204   464.879   -25.44   24.96
-191977.087   452.904   -31.84   21.51
-191600.974   441.049   -31.52   15.28
-191224.864   436.601   -11.83   12.39
-190848.758   432.776   -10.17   16.13
-190472.656   430.817    -5.21   16.83
-190096.558   434.309     9.28   17.95
-189720.463   438.592    11.39   17.21
-189344.372   444.622    16.03   18.13
-188968.284   449.556    13.12   17.04
-188592.201   448.444    -2.96   14.15
-188216.121   449.278     2.22   16.77
-187840.045   457.238    21.17   23.14
-187463.972   457.592     0.94   24.23
-187087.904   460.931     8.88   22.38
-186711.839   450.161   -28.64   24.84
-186335.777   436.612   -36.03   12.66
-185959.720   439.549     7.81   18.87
-185583.666   448.315    23.31   26.42
-185207.615   457.891    25.47   24.97
-184831.569   464.233    16.87   21.92
-184455.526   473.470    24.56   29.81
-184079.487   483.142    25.72   32.89
-183703.451   501.012    47.52   26.47
-183327.420   517.167    42.96   18.81
-182951.392   524.212    18.74   17.93
-182575.367   526.223     5.35   17.01
-182199.347   517.687   -22.70   22.03
-181823.330   502.028   -41.65   29.29
-181447.316   488.417   -36.20   28.68
-181071.307   477.917   -27.93   20.50
-180695.301   472.931   -13.26   19.74
-180319.298   480.366    19.78   21.50
-179943.300   479.639    -1.93   20.49
-179567.305   473.680   -15.85   23.32
-179191.313   465.058   -22.93   27.04
-178815.326   451.549   -35.93   21.69
-178439.342   444.996   -17.43   11.01
-178063.361   450.443    14.49   14.81
-177687.385   461.117    28.39   17.41
-177311.412   471.255    26.97   12.07
-176935.443   474.117     7.61   10.76
-176559.477   472.956    -3.09    9.93
-176183.515   471.306    -4.39    6.19
-175807.557   474.174     7.63    9.08
-175431.602   477.500     8.85    8.92
-175055.651   479.750     5.99    7.35
-174679.703   476.692    -8.14   10.82
-174303.760   472.633   -10.80   11.87
-173927.820   469.648    -7.94   14.67
-173551.883   466.584    -8.15   16.08
-173175.950   466.101    -1.28   14.52
-172800.021   463.904    -5.84    9.61
-172424.096   467.759    10.25   13.43
-172048.174   476.180    22.40   17.61
-171672.256   481.049    12.95   20.79
-171296.341   485.442    11.69   26.87
-170920.430   495.606    27.04   37.10
-170544.523   499.617    10.67   37.20
-170168.619   502.648     8.06   35.26
-169792.719   495.445   -19.16   38.74
-169416.822   473.066   -59.54   28.31
-169040.929   457.250   -42.08    8.33
-168665.040   458.315     2.83    9.73
-168289.155   461.542     8.59   17.52
-167913.273   464.336     7.43   21.48
-167537.394   467.802     9.22   28.08
-167161.519   463.917   -10.34   26.82
-166785.648   461.470    -6.51   22.63
-166409.781   462.827     3.61   19.80
-166033.917   475.496    33.71   28.87
-165658.056   480.207    12.53   30.29
-165282.200   482.930     7.25   29.84
-164906.346   473.367   -25.44   33.05
-164530.497   454.904   -49.13   17.33
-164154.651   447.842   -18.79   12.94
-163778.809   442.571   -14.03   13.04
-163402.970   440.612    -5.21   14.62
-163027.135   436.985    -9.65   13.93
-162651.303   432.278   -12.52   12.19
-162275.475   428.391   -10.34   12.16
-161899.651   424.792    -9.58   13.93
-161523.830   420.282   -12.00   14.86
-161148.013   412.571   -20.52   15.77
-160772.199   405.667   -18.37    8.96
-160396.389   405.917     0.67   10.56
-160020.583   410.007    10.88   13.20
-159644.780   414.759    12.65   12.97
-159268.980   419.470    12.54   10.47
-158893.185   422.597     8.32   10.60
-158517.392   420.992    -4.27   13.14
-158141.604   414.228   -18.00   15.25
-157765.819   409.067   -13.73   12.27
-157390.037   405.417    -9.71    7.03
-157014.259   405.958     1.44    8.26
-156638.485   414.552    22.87   13.54
-156262.714   425.560    29.29   16.44
-155886.947   431.567    15.99   14.24
-155511.183   438.267    17.83   10.69
-155135.423   440.282     5.36   10.00
-154759.667   439.135    -3.05   10.16
-154383.914   434.363   -12.70   12.31
-154008.164   427.207   -19.05   14.75
-153632.418   415.468   -31.24   13.68
-153256.676   406.075   -25.00   13.62
-152880.937   395.687   -27.65   14.81
-152505.202   390.366   -14.16   13.95
-152129.470   379.942   -27.74   17.01
-151753.742   368.255   -31.11   16.08
-151378.017   358.767   -25.25   15.53
-151001.692   349.498   -24.63    9.04
-150625.265   344.039   -14.50    6.84
-150248.842   342.606    -3.81    6.43
-149872.422   343.331     1.93    6.67
-149496.006   345.617     6.07    6.38
-149119.593   352.717    18.86   11.24
-148743.184   357.741    13.35   13.11
-148366.779   363.520    15.35   10.68
-147990.377   367.391    10.28    8.30
-147613.978   365.996    -3.71    6.99
-147237.583   367.545     4.12    6.97
-146861.192   368.417     2.32    7.93
-146484.804   367.943    -1.26    8.69
-146108.420   366.520    -3.78   10.64
-145732.039   365.867    -1.73    9.94
-145355.661   364.823    -2.78    8.21
-144979.288   366.267     3.84    8.01
-144602.917   369.007     7.28    7.83
-144226.550   370.917     5.08    6.40
-143850.187   372.093     3.12    5.33
-143473.827   371.112    -2.61    5.92
-143097.471   368.049    -8.14    5.45
-142721.118   367.267    -2.08    4.98
-142344.769   367.039    -0.61    6.33
-141968.424   369.892     7.58    8.65
-141592.081   374.417    12.02    9.72
-141215.743   378.417    10.63   10.41
-140839.407   381.970     9.44   10.39
-140463.076   382.520     1.46    9.04
-140086.748   382.366    -0.41    6.54
-139710.423   382.259    -0.28    6.18
-139334.102   382.617     0.95    6.48
-138957.784   384.012     3.71    6.30
-138581.470   384.817     2.14    6.72
-138205.159   385.930     2.96    6.81
-137828.852   386.445     1.37    6.28
-137452.548   387.579     3.01    5.94
-137076.248   390.579     7.97    7.07
-136699.951   395.628    13.42   11.96
-136323.657   401.315    15.11   13.48
-135947.368   403.039     4.58   12.20
-135571.081   406.442     9.04   11.33
-135194.798   406.312    -0.35   11.34
-134818.519   405.768    -1.44   10.98
-134442.243   408.648     7.65   14.24
-134065.971   411.263     6.95   17.57
-133689.702   420.315    24.06   18.50
-133313.436   424.970    12.37   15.37
-132937.174   426.117     3.05   16.81
-132560.915   428.601     6.60   18.00
-132184.660   428.367    -0.62   18.24
-131808.408   424.042   -11.50   19.39
-131432.160   417.389   -17.68   17.77
-131055.915   406.552   -28.80   18.28
-130679.674   392.850   -36.42   14.68
-130303.436   382.039   -28.73   12.46
-129927.202   372.366   -25.71   11.88
-129550.971   365.201   -19.04   12.01
-129174.743   360.802   -11.69   10.60
-128798.519   354.812   -15.92    7.80
-128422.298   351.904    -7.73    6.35
-128046.081   350.648    -3.34    4.64
-127669.867   350.289    -0.95    4.86
-127293.657   350.648     0.95    3.28
-126917.450   350.904     0.68    3.49
-126541.247   350.930     0.07    3.21
-126165.047   352.579     4.38    4.13
-125788.850   353.597     2.70    4.22
-125412.657   356.192     6.90    5.22
-125036.467   356.362     0.45    3.95
-124660.281   354.714    -4.38    5.44
-124284.098   351.660    -8.12    6.92
-123907.919   349.471    -5.82    5.48
-123531.742   348.101    -3.64    5.43
-123155.570   348.056    -0.12    5.70
-122779.401   349.242     3.15    6.25
-122403.235   352.365     8.30   14.69
-122027.072   352.390     0.07   15.38
-121650.913   349.545    -7.56   16.06
-121274.758   345.996    -9.44   12.55
-120898.606   345.786    -0.56   12.06
-120522.457   345.943     0.42   12.62
-120146.312   345.186    -2.01   12.48
-119770.170   343.606    -4.20   11.94
-119394.031   340.417    -8.48    9.78
-119017.896   336.967    -9.17    8.51
-118641.764   333.528    -9.14    7.94
-118265.636   330.498    -8.06    5.91
-117889.511   327.904    -6.90    3.12
-117513.389   327.039    -2.30    2.56
-117137.271   327.154     0.31    2.97
-116761.156   326.973    -0.48    3.48
-116385.045   326.867    -0.28    3.97
-116008.937   326.154    -1.90    4.28
-115632.832   325.471    -1.82    3.99
-115256.731   324.058    -3.76    3.06
-114880.633   323.338    -1.91    2.78
-114504.538   323.628     0.77    4.36
-114128.447   324.312     1.82    6.47
-113752.359   326.058     4.64    7.49
-113376.275   327.174     2.97    6.94
-113000.194   329.468     6.10    7.41
-112624.116   330.467     2.66    8.34
-112248.042   329.278    -3.16    6.28
-111871.971   326.741    -6.75    6.83
-111495.903   322.363   -11.64    5.37
-111119.839   319.417    -7.83    4.40
-110743.778   318.255    -3.09    4.11
-110367.721   317.560    -1.85    5.18
-109991.667   317.467    -0.25    7.12
-109615.616   316.970    -1.32    8.12
-109239.568   316.444    -1.40    8.87
-108863.524   314.930    -4.03    9.12
-108487.483   312.733    -5.84    7.18
-108111.446   309.865    -7.63    3.61
-107735.412   308.891    -2.59    2.91
-107359.381   308.186    -1.87    2.79
-106983.354   307.525    -1.76    2.23
-106607.330   308.186     1.76    2.83
-106231.309   309.117     2.48    2.88
-105855.292   309.446     0.87    2.44
-105479.278   309.417    -0.08    2.66
-105103.267   311.687     6.04    4.90
-104727.260   313.985     6.11    5.23
-104351.256   314.282     0.79    4.70
-103975.255   313.917    -0.97    4.51
-103599.257   314.392     1.26    5.43
-103223.263   312.827    -4.16    6.17
-102847.273   314.228     3.73    7.81
-102471.285   316.443     5.89    8.87
-102095.301   317.443     2.66   10.44
-101719.320   316.135    -3.48   11.98
-101343.343   311.049   -13.53   13.32
-100967.369   306.340   -12.52   12.68
-100591.398   301.633   -12.52    7.34
-100215.430   299.238    -6.37    4.26
 -99839.466   298.192    -2.78    4.14
 -99463.505   298.474     0.75    3.91
 -99087.548   298.958     1.29    3.72
 -98711.593   298.498    -1.22    4.02
 -98335.642   298.444    -0.14    4.77
 -97959.694   297.606    -2.23    5.62
 -97583.750   299.250     4.37    7.84
 -97207.809   299.992     1.97    9.39
 -96831.871   301.571     4.20   10.87
 -96455.936   299.904    -4.44    9.78
 -96080.005   297.699    -5.86    9.35
 -95704.077   296.496    -3.20    8.61
 -95328.153   295.212    -3.42    8.78
 -94952.231   295.931     1.91   10.40
 -94576.313   296.725     2.11   10.19
 -94200.398   294.778    -5.18    6.04
 -93824.487   294.648    -0.35    6.26
 -93448.578   297.392     7.30    9.01
 -93072.673   301.770    11.65   11.99
 -92696.772   308.147    16.96   14.04
 -92320.873   312.309    11.07   14.55
 -91944.978   314.525     5.90   16.06
 -91569.086   312.444    -5.54   19.12
 -91193.197   310.250    -5.84   19.38
 -90817.312   309.642    -1.62   18.65
 -90441.430   308.084    -4.15   17.58
 -90065.551   308.391     0.82   19.18
 -89689.675   313.186    12.76   23.67
 -89313.803   312.786    -1.07   24.05
 -88937.934   309.340    -9.17   22.62
 -88562.068   303.606   -15.26   18.68
 -88186.205   297.417   -16.47   16.81
 -87810.346   290.445   -18.55   13.12
 -87434.490   289.853    -1.57   11.97
 -87058.637   289.956     0.27   11.94
 -86682.787   291.829     4.98   12.79
 -86306.941   288.654    -8.45   12.10
 -85931.098   282.552   -16.24    9.04
 -85555.258   279.365    -8.48    5.55
 -85179.421   278.255    -2.95    4.78
 -84803.588   277.084    -3.12    5.56
 -84427.758   278.186     2.93    6.67
 -84051.931   279.238     2.80    7.13
 -83676.107   280.022     2.09    6.76
 -83300.287   281.891     4.97    7.74
 -82924.469   283.058     3.11    9.49
 -82548.655   284.545     3.96    9.90
 -82172.845   288.552    10.66   16.17
 -81797.037   291.750     8.51   22.51
 -81421.233   289.973    -4.73   22.37
 -81045.431   286.981    -7.96   20.07
 -80669.634   280.135   -18.22   16.40
 -80293.839   272.792   -19.54    9.64
 -79918.047   269.970    -7.51    8.08
 -79542.259   265.796   -11.11    6.49
 -79166.474   263.363    -6.47    5.64
 -78790.692   262.233    -3.01    5.04
 -78414.913   263.228     2.65    6.65
 -78039.138   264.750     4.05    8.43
 -77663.366   265.776     2.73    9.65
 -77287.597   264.838    -2.50    9.98
 -76911.831   265.049     0.56   10.29
 -76536.068   264.417    -1.68    9.82
 -76160.172   262.648    -4.71    9.19
 -75783.770   262.633    -0.04    9.62
 -75407.372   264.802     5.76   10.29
 -75030.977   266.768     5.23   10.65
 -74654.584   269.084     6.15   12.19
 -74278.196   272.109     8.04   13.49
 -73901.810   274.730     6.96   14.84
 -73525.427   276.443     4.55   14.02
 -73149.048   276.255    -0.50   11.54
 -72772.672   277.444     3.16   10.05
 -72396.299   282.049    12.23   10.63
 -72019.929   287.917    15.59   15.87
 -71643.562   299.084    29.67   23.96
 -71267.199   307.366    22.01   22.04
 -70890.839   312.312    13.14   20.10
 -70514.482   316.904    12.20   20.81
 -70138.128   314.520    -6.34   16.58
 -69761.777   317.315     7.43   18.15
 -69385.430   336.228    50.26   31.75
 -69009.085   375.443   104.20   53.70
 -68632.744   407.255    84.53   52.03
 -68256.406   423.648    43.56   38.95
 -67880.071   429.233    14.84   21.76
 -67503.740   420.261   -23.84   10.72
 -67127.411   414.597   -15.05    8.45
 -66751.086   414.470    -0.34    8.72
 -66374.764   415.174     1.87    8.95
 -65998.445   415.768     1.58    8.74
 -65622.129   417.667     5.05    9.24
 -65245.816   419.759     5.56    9.14
 -64869.507   419.058    -1.86    9.52
 -64493.200   417.660    -3.71   11.51
 -64116.897   413.007   -12.37   12.33
 -63740.597   409.468    -9.40   12.62
 -63364.300   416.135    17.72   20.16
 -62988.006   427.628    30.54   25.12
 -62611.716   439.391    31.26   23.34
 -62235.428   453.336    37.06   13.60
 -61859.144   461.714    22.27    7.80
 -61482.862   464.417     7.18    8.22
 -61106.584   466.511     5.56    7.47
 -60730.309   467.776     3.36    8.21
 -60354.038   466.022    -4.66    8.85
 -59977.769   465.768    -0.67    7.95
 -59601.503   461.471   -11.42    9.42
 -59225.241   459.056    -6.42    9.22
 -58848.982   456.101    -7.85   10.23
 -58472.725   452.443    -9.72   11.18
 -58096.472   449.390    -8.11   12.84
 -57720.222   442.571   -18.12   16.98
 -57343.975   432.970   -25.52   21.42
 -56967.732   424.549   -22.38   21.30
 -56591.491   413.741   -28.72   19.46
 -56215.254   407.092   -17.67   14.34
 -55839.019   404.498    -6.89   14.87
 -55462.788   401.147    -8.91   17.33
 -55086.560   400.255    -2.37   20.67
 -54710.335   394.331   -15.74   20.36
 -54334.113   386.391   -21.10   18.06
 -53957.894   380.622   -15.33   15.72
 -53581.678   374.695   -15.76   14.32
 -53205.466   367.259   -19.76   13.68
 -52829.256   363.278   -10.58   10.99
 -52453.050   358.207   -13.48    9.40
 -52076.846   353.167   -13.40   11.94
 -51700.646   347.336   -15.50   11.49
 -51324.449   339.786   -20.07   10.76
 -50948.255   332.865   -18.40    8.17
 -50572.064   330.930    -5.14    6.98
 -50195.876   329.525    -3.73    7.44
 -49819.691   331.542     5.36    8.62
 -49443.509   335.680    11.00    9.09
 -49067.330   336.579     2.39   10.27
 -48691.155   337.823     3.30   11.42
 -48314.982   334.112    -9.87   12.89
 -47938.813   326.648   -19.84   14.13
 -47562.646   324.391    -6.00   13.41
 -47186.483   322.945    -3.85   11.08
 -46810.323   322.470    -1.26   12.82
 -46434.166   320.714    -4.67   13.88
 -46058.012   315.838   -12.96   15.59
 -45681.861   308.417   -19.73   15.23
 -45305.713   304.120   -11.42   16.39
 -44929.568   302.128    -5.30   25.61
 -44553.426   296.996   -13.64   27.54
 -44177.287   284.981   -31.94   17.16
 -43801.151   282.012    -7.89   17.81
 -43425.019   280.417    -4.24   19.34
 -43048.889   272.733   -20.43   20.91
 -42672.762   268.606   -10.97   21.35
 -42296.639   264.390   -11.21   19.96
 -41920.518   256.917   -19.87   17.95
 -41544.401   259.007     5.56   19.23
 -41168.286   256.366    -7.02   19.69
 -40792.175   250.103   -16.65   21.19
 -40416.067   235.601   -38.56   31.04
 -40039.961   216.336   -51.22   31.76
 -39663.859   202.579   -36.58   27.06
 -39287.760   191.217   -30.21   14.41
 -38911.664   188.174    -8.09   13.93
 -38535.571   192.802    12.31   17.45
 -38159.480   199.391    17.52   18.98
 -37783.393   202.342     7.85   19.06
 -37407.309   207.768    14.43   18.64
 -37031.228   196.246   -30.64   20.74
 -36655.150   189.468   -18.02   18.38
 -36279.075   188.528    -2.50   17.16
 -35903.003   189.660     3.01   20.62
 -35526.934   188.687    -2.59   23.87
 -35150.868   187.725    -2.56   25.76
 -34774.805   176.161   -30.75   24.68
 -34398.745   167.103   -24.09   23.68
 -34022.688   161.520   -14.85   24.82
 -33646.634   150.233   -30.01   22.29
 -33270.583   140.362   -26.25   16.20
 -32894.535   135.750   -12.26   12.81
 -32518.490   140.549    12.76   20.06
 -32142.449   143.827     8.72   24.29
 -31766.410   151.759    21.09   27.42
 -31390.374   157.367    14.91   24.45
 -31014.341   160.823     9.19   18.78
 -30638.311   163.685     7.61   19.00
 -30262.284   164.340     1.74   19.97
 -29886.260   161.723    -6.96   22.36
 -29510.239   161.336    -1.03   21.53
 -29134.221   145.039   -43.34   30.89
 -28758.206   130.579   -38.45   35.49
 -28382.194   123.648   -18.43   31.24
 -28006.185   119.389   -11.33   27.09
 -27630.179   130.238    28.85   28.35
 -27254.176   144.628    38.27   28.90
 -26878.176   155.750    29.58   29.91
 -26502.178   169.340    36.14   26.09
 -26126.184   177.981    22.98   23.15
 -25750.193   177.597    -1.02   15.27
 -25374.205   179.049     3.86   13.51
 -24998.220   179.109     0.16   10.34
 -24622.237   183.759    12.37   13.97
 -24246.258   188.667    13.05   15.75
 -23870.282   195.186    17.34   15.08
 -23494.308   198.445     8.67   14.65
 -23118.338   193.228   -13.88   17.72
 -22742.370   189.958    -8.70   19.74
 -22366.406   190.390     1.15   21.41
 -21990.444   204.699    38.06   31.15
 -21614.486   213.362    23.04   27.91
 -21238.530   204.930   -22.43   34.90
 -20862.577   190.233   -39.09   42.44
 -20486.627   169.525   -55.08   38.79
 -20110.680   154.084   -41.07   25.66
 -19734.737   148.904   -13.78   21.45
 -19358.796   142.075   -18.17   15.08
 -18982.858   143.904     4.86   14.00
 -18606.922   156.033    32.26   24.87
 -18230.990   171.066    39.99   27.26
 -17855.061   186.802    41.86   23.90
 -17479.135   200.042    35.22   22.04
 -17103.211   212.806    33.95   19.74
 -16727.291   221.877    24.13   20.98
 -16351.373   232.660    28.69   15.22
 -15975.459   234.147     3.95   15.10
 -15599.547   233.733    -1.10   14.53
 -15223.638   231.556    -5.79   17.72
 -14847.733   226.917   -12.34   24.77
 -14471.830   219.654   -19.32   29.71
 -14095.930   209.228   -27.74   31.01
 -13720.033   198.391   -28.83   23.66
 -13344.139   190.075   -22.12   14.97
 -12968.247   184.286   -15.40   15.92
 -12592.359   177.112   -19.09   17.39
 -12216.474   170.109   -18.63   16.59
 -11840.591   167.228    -7.67   14.00
 -11464.711   166.597    -1.68   12.35
 -11088.835   173.392    18.08   14.49
 -10712.961   184.531    29.64   14.10
 -10337.090   188.147     9.62   13.02
  -9961.222   193.309    13.73   12.75
  -9585.357   194.498     3.16   15.81
  -9209.494   189.812   -12.47   20.51
  -8833.635   181.167   -23.00   21.78
  -8457.779   170.588   -28.15   21.39
  -8081.925   162.391   -21.81   20.99
  -7706.074   152.336   -26.75   22.06
  -7330.227   137.930   -38.33   21.81
  -6954.382   124.601   -35.46   21.36
  -6578.540   118.391   -16.52   25.34
  -6202.701   108.639   -25.95   30.42
  -5826.864   103.391   -13.96   34.09
  -5451.031   102.500    -2.37   32.29
  -5075.200    97.648   -12.91   27.37
  -4699.373   105.084    19.79   23.91
  -4323.548   110.703    14.95   22.64
  -3947.726   115.796    13.55   20.51
  -3571.907   118.850     8.13   20.45
  -3196.091   105.628   -35.18   30.13
  -2820.277    87.391   -48.53   40.49
  -2444.467    81.973   -14.42   45.09
  -2068.659    68.344   -36.27   49.10
  -1692.855    64.186   -11.06   51.82
  -1317.053    63.336    -2.26   55.08
   -940.925    52.687   -28.31   57.66
   -564.552    42.575   -26.87   53.42
   -188.182    23.802   -49.88   41.00
    188.185    18.056   -15.27   30.72
    564.549    20.648     6.89   33.75
    940.911    26.000    14.22   35.33
   1317.269    33.007    18.62   35.78
   1693.625    32.956    -0.14   35.13
   2069.978    22.355   -28.17   25.51
   2446.328    25.877     9.36   31.35
   2822.675    22.147    -9.91   25.76
   3199.019    24.628     6.59   28.06
   3575.361    26.628     5.31   32.16
   3951.700    32.958    16.82   35.20
   4328.035    41.391    22.41   39.23
   4704.368    44.802     9.06   39.06
   5080.698    51.733    18.42   41.07
   5457.026    61.575    26.15   42.38
   5833.350    64.443     7.62   43.08
   6209.672    71.161    17.85   38.24
   6585.991    66.228   -13.11   37.88
   6962.307    50.161   -42.70   39.29
   7338.620    33.417   -44.49   38.62
   7714.930    22.648   -28.62   32.17
   8091.238    27.956    14.10   42.21
   8467.542    48.417    54.37   60.80
   8843.844    84.725    96.49   76.96
   9220.143   109.255    65.19   68.82
   9596.439   120.066    28.73   55.97
   9972.733   119.180    -2.35   40.63
  10349.023    95.806   -62.12   44.85
  10725.311    60.853   -92.89   51.29
  11101.596    26.571   -91.11   32.67
  11477.878    14.498   -32.08   18.03
  11854.158    29.879    40.88   46.46
  12230.434    59.956    79.93   65.90
  12606.708   103.930   116.87   80.53
  12982.979   149.363   120.75   66.77
  13359.247   178.930    78.58   41.72
  13735.513   188.904    26.51   30.94
  14111.775   175.601   -35.35   39.12
  14488.035   157.891   -47.07   43.51
  14864.292   141.386   -43.87   41.42
  15240.546   136.494   -13.00   36.63
  15616.798   127.970   -22.66   28.39
  15993.047   129.660     4.49   26.05
  16369.292   136.812    19.01   30.09
  16745.536   149.389    33.43   34.54
  17121.776   148.575    -2.16   35.00
  17498.013   142.733   -15.53   36.66
  17874.248   137.741   -13.27   37.73
  18250.480   125.315   -33.03   32.07
  18626.709   123.109    -5.86   29.98
  19002.936   121.391    -4.57   28.42
  19379.160   130.336    23.77   39.85
  19755.380   139.417    24.14   52.61
  20131.599   134.201   -13.86   45.58
  20507.814   131.444    -7.33   37.19
  20884.027   128.687    -7.33   18.85
  21260.236   135.326    17.65   20.87
  21636.443   146.776    30.43   25.98
  22012.648   148.853     5.52   24.05
  22388.849   148.695    -0.42   22.53
  22765.048   148.180    -1.37   21.92
  23141.244   156.306    21.60   24.25
  23517.438   166.891    28.14   23.72
  23893.628   167.494     1.60   21.82
  24269.816   165.579    -5.09   25.05
  24646.001   155.233   -27.50   25.32
  25022.184   143.154   -32.11   22.17
  25398.363   139.827    -8.84   19.45
  25774.540   135.552   -11.36   20.27
  26150.714   136.442     2.37   25.67
  26526.886   131.174   -14.00   24.93
  26903.054   131.066    -0.29   27.52
  27279.220   128.633    -6.47   22.55
  27655.383   131.639     7.99   22.47
  28031.544   139.161    19.99   28.66
  28407.702   144.545    14.31   30.77
  28783.857   151.778    19.23   31.47
  29160.009   158.496    17.86   33.68
  29536.158   160.223     4.59   37.28
  29912.305   175.786    41.37   38.69
  30288.449   183.545    20.63   38.44
  30664.591   194.768    29.84   32.71
  31040.729   192.049    -7.23   33.29
  31416.865   191.391    -1.75   34.67
  31792.999   189.792    -4.25   30.70
  32169.129   190.850     2.81   28.75
  32545.257   192.238     3.69   26.67
  32921.382   187.597   -12.34   19.92
  33297.505   192.093    11.95   18.60
  33673.625   196.093    10.63   16.18
  34049.742   208.066    31.83   21.48
  34425.856   219.545    30.52   19.66
  34801.968   230.109    28.09   14.22
  35178.076   233.703     9.55   11.34
  35554.183   238.943    13.93   12.68
  35930.286   249.120    27.06   21.68
  36306.387   270.500    56.85   37.60
  36682.485   293.443    61.00   41.34
  37058.581   321.255    73.95   39.29
  37434.674   344.680    62.29   27.92
  37810.764   350.207    14.69   23.86
  38186.851   364.942    39.18   33.23
  38562.936   378.336    35.61   41.31
  38939.018   389.842    30.59   46.38
  39315.098   388.033    -4.81   43.33
  39691.174   367.985   -53.31   40.76
  40067.248   355.012   -34.50   33.79
  40443.320   337.282   -47.14   26.80
  40819.388   325.259   -31.97   21.74
  41195.455   323.007    -5.99   19.39
  41571.518   324.806     4.78   21.33
  41947.579   339.161    38.17   38.86
  42323.637   352.443    35.32   43.59
  42699.692   365.250    34.06   45.92
  43075.745   378.468    35.15   43.41
  43451.795   382.109     9.68   38.04
  43827.842   378.904    -8.52   33.57
  44203.887   370.312   -22.85   29.55
  44579.929   354.817   -41.20   19.97
  44955.969   346.195   -22.93   12.57
  45332.006   344.817    -3.66   11.29
  45708.040   350.084    14.01   16.99
  46084.071   361.960    31.58   27.72
  46460.100   361.336    -1.66   21.64
  46836.126   364.444     8.27   18.61
  47212.150   367.768     8.84   28.08
  47588.171   383.648    42.23   44.51
  47964.189   405.066    56.96   50.97
  48340.205   422.742    47.01   46.82
  48716.218   443.154    54.28   28.39
  49092.229   448.525    14.28   24.26
  49468.236   444.470   -10.79   33.25
  49844.242   439.238   -13.91   40.05
  50220.244   433.865   -14.29   38.56
  50596.244   425.473   -22.32   41.88
  50972.241   408.879   -44.13   37.76
  51348.236   397.498   -30.27   28.68
  51724.228   398.042     1.45   24.13
  52100.218   410.545    33.25   33.28
  52476.204   434.960    64.93   40.53
  52852.189   466.714    84.46   42.17
  53228.170   486.147    51.68   33.95
  53604.149   488.312     5.76   34.76
  53980.126   483.879   -11.79   35.78
  54356.099   475.195   -23.10   33.78
  54732.071   457.929   -45.92   38.75
  55108.039   443.956   -37.17   37.02
  55484.005   427.768   -43.05   25.29
  55859.968   421.049   -17.87   21.24
  56235.929   411.930   -24.25   26.03
  56611.887   406.776   -13.71   27.32
  56987.843   402.362   -11.74   26.64
  57363.796   413.571    29.82   33.12
  57739.746   425.500    31.73   39.78
  58115.694   435.597    26.85   41.21
  58491.639   442.622    18.69   35.31
  58867.582   430.817   -31.40   11.90
  59243.522   434.498     9.79   15.10
  59619.460   440.985    17.25   21.76
  59995.394   442.049     2.83   18.64
  60371.327   453.628    30.80   21.93
  60747.256   464.278    28.33   28.31
  61123.184   484.856    54.74   41.65
  61499.108   509.315    65.06   44.41
  61875.030   522.654    35.48   43.53
  62250.950   527.850    13.82   41.22
  62626.867   521.022   -18.16   39.17
  63002.781   508.776   -32.58   38.72
  63378.693   520.778    31.93   45.85
  63754.602   542.263    57.15   48.12
  64130.508   554.000    31.22   43.84
  64506.412   550.943    -8.13   41.05
  64882.314   534.930   -42.60   39.62
  65258.213   545.042    26.90   36.49
  65634.109   563.904    50.18   33.58
  66010.003   574.101    27.13   26.51
  66385.894   578.390    11.41   22.22
  66761.783   568.161   -27.21   28.51
  67137.669   563.904   -11.33   30.15
  67513.553   552.315   -30.83   24.97
  67889.434   541.238   -29.47   24.51
  68265.313   526.340   -39.63   22.27
  68641.189   515.768   -28.13   19.72
  69017.062   511.648   -10.96   15.29
  69392.933   511.366    -0.75   15.70
  69768.801   516.584    13.88   17.86
  70144.667   526.186    25.55   22.72
  70520.531   538.255    32.11   23.78
  70896.391   549.207    29.14   26.46
  71272.250   567.340    48.25   31.99
  71648.105   593.480    69.55   39.00
  72023.959   611.180    47.09   36.25
  72399.809   625.443    37.95   39.83
  72775.658   630.417    13.23   44.40
  73151.503   633.007     6.89   49.13
  73527.346   642.525    25.33   47.95
  73903.187   659.853    46.10   38.62
  74279.493   663.853    10.63   39.14
  74655.835   649.571   -37.95   48.31
  75032.174   626.120   -62.31   56.51
  75408.510   584.212  -111.36   48.71
  75784.844   554.365   -79.31   33.89
  76161.176   540.639   -36.47   26.19
  76537.505   536.363   -11.36   26.07
  76913.831   543.282    18.39   25.78
  77290.155   551.985    23.13   27.94
  77666.477   559.674    20.43   33.43
  78042.795   554.886   -12.72   34.37
  78419.112   547.930   -18.48   32.88
  78795.426   540.981   -18.46   30.07
  79171.737   541.500     1.38   31.87
  79548.046   550.007    22.60   41.80
  79924.353   563.282    35.28   47.73
  80300.656   576.417    34.91   49.09
  80676.958   587.733    30.07   49.19
  81053.257   590.259     6.71   37.65
  81429.553   594.943    12.45   35.54
  81805.847   594.443    -1.33   28.84
  82182.139   603.292    23.52   30.24
  82558.428   614.228    29.06   28.00
  82934.714   623.786    25.40   33.09
  83310.998   634.075    27.34   32.81
  83687.280   624.958   -24.23   37.05
  84063.559   606.714   -48.48   38.13
  84439.836   597.299   -25.02   39.13
  84816.110   583.315   -37.17   38.73
  85192.381   590.571    19.28   47.02
  85568.651   609.778    51.05   50.00
  85944.917   624.853    40.06   53.69
  86321.182   641.834    45.13   41.72
  86697.443   645.263     9.11   40.46
  87073.703   651.943    17.75   37.70
  87449.960   669.545    46.78   40.84
  87826.214   685.282    41.82   38.45
  88202.466   702.981    47.04   32.62
  88578.716   715.783    34.02   25.46
  88954.963   720.556    12.69   16.20
  89331.207   699.391   -56.25   38.93
  89707.449   654.496  -119.32   66.81
  90083.689   607.471  -124.98   85.78
  90459.926   534.796  -193.16   83.19
  90836.161   480.246  -144.99   53.95
  91212.393   452.930   -72.60   37.71
  91588.623   433.867   -50.67   27.30
  91964.851   431.823    -5.43   34.52
  92341.076   422.340   -25.20   36.08
  92717.298   412.084   -27.26   36.94
  93093.519   398.628   -35.77   25.70
  93469.736   387.981   -28.30    4.90
  93845.952   389.522     4.10   10.88
  94222.165   398.336    23.43   22.30
  94598.375   412.494    37.63   34.96
  94974.583   427.692    40.40   52.66
  95350.789   435.525    20.82   58.35
  95726.992   450.192    38.99   73.01
  96103.192   459.233    24.03   72.35
  96479.391   470.796    30.73   79.67
  96855.587   511.687   108.70   93.26
  97231.780   537.500    68.62   82.89
  97607.971   543.750    16.61   81.45
  97984.160   536.017   -20.56   80.10
  98360.346   516.806   -51.07   87.46
  98736.530   479.292   -99.72   91.01
  99112.712   432.838  -123.49   63.69
  99488.891   403.956   -76.78   50.10
  99865.067   383.180   -55.23   35.63
 100241.241   371.865   -30.08   26.45
 100617.413   360.000   -31.54   12.76
 100993.583   354.255   -15.27    8.21
 101369.750   353.342    -2.43    9.36
 101745.914   353.306    -0.10   12.73
 102122.077   354.135     2.20   13.46
 102498.236   355.391     3.34   15.96
 102874.394   353.223    -5.76   17.12
 103250.549   348.309   -13.06   14.84
 103626.702   344.806    -9.31   10.11
 104002.852   345.109     0.81   10.61
 104379.000   346.667     4.14   11.09
 104755.145   348.309     4.36    9.99
 105131.289   358.492    27.07   23.53
 105507.429   376.391    47.58   39.21
 105883.568   386.443    26.73   43.83
 106259.704   390.309    10.28   41.08
 106635.837   388.417    -5.03   33.93
 107011.969   383.444   -13.22   22.80
 107388.098   391.500    21.42   24.41
 107764.224   388.776    -7.24   28.54
 108140.348   376.695   -32.12   24.62
 108516.470   378.161     3.90   29.93
 108892.590   378.597     1.16   35.86
 109268.707   384.500    15.70   38.40
 109644.821   368.741   -41.90   34.76
 110020.934   358.850   -26.30   32.10
 110397.044   356.786    -5.49   37.87
 110773.152   345.648   -29.61   37.79
 111149.257   334.039   -30.87   32.31
 111525.360   323.135   -28.99   26.73
 111901.460   316.315   -18.13   23.97
 112277.559   307.812   -22.61   18.95
 112653.655   304.904    -7.73   15.40
 113029.748   304.699    -0.54   12.20
 113405.839   305.812     2.96   11.58
 113781.928   308.723     7.74    9.05
 114158.015   306.827    -5.04    7.73
 114534.099   303.834    -7.96    7.05
 114910.181   301.827    -5.33    5.47
 115286.261   300.981    -2.25    8.25
 115662.338   300.235    -1.98   11.33
 116038.413   300.850     1.63   13.67
 116414.485   297.525    -8.84   16.53
 116790.556   291.363   -16.39   18.17
 117166.623   288.391    -7.90   20.48
 117542.689   282.012   -16.96   18.85
 117918.752   273.468   -22.72   15.35
 118294.813   264.956   -22.64   17.11
 118670.872   254.622   -27.48   18.26
 119046.928   245.823   -23.40   13.89
 119422.982   238.365   -19.83   10.09
 119799.034   238.680     0.84    9.75
 120175.083   238.056    -1.66   11.10
 120551.130   236.093    -5.22   13.43
 120927.175   228.363   -20.55   14.50
 121303.218   220.233   -21.62   11.18
 121679.258   215.545   -12.47   10.95
 122055.296   212.198    -8.90    9.68
 122431.331   217.838    15.00   15.77
 122807.365   220.768     7.79   18.69
 123183.396   222.174     3.74   19.52
 123559.424   222.289     0.31   22.13
 123935.451   218.498   -10.08   22.14
 124311.475   214.802    -9.83   18.71
 124687.496   213.981    -2.18   21.07
 125063.516   206.468   -19.98   22.09
 125439.533   198.552   -21.05   18.99
 125815.548   191.494   -18.77   15.51
 126191.561   186.654   -12.87   12.90
 126567.571   187.862     3.21   15.29
 126943.579   183.958   -10.38   13.11
 127319.585   179.223   -12.59   10.69
 127695.589   180.066     2.24    9.82
 128071.590   178.853    -3.23    9.93
 128447.589   176.167    -7.14    9.84
 128823.586   175.135    -2.74   13.96
 129199.580   172.707    -6.46   15.07
 129575.572   172.667    -0.10   13.80
 129951.562   174.212     4.11   17.04
 130327.550   174.012    -0.53   18.00
 130703.535   172.725    -3.42   18.03
 131079.518   167.750   -13.23   14.79
 131455.499   161.853   -15.69    6.84
 131831.478   161.365    -1.30    6.85
 132207.454   160.622    -1.97    6.31
 132583.428   163.699     8.18    8.57
 132959.400   170.667    18.53   16.30
 133335.370   192.066    56.91   40.16
 133711.337   218.877    71.31   52.90
 134087.302   231.958    34.79   49.72
 134463.265   246.931    39.82   46.03
 134839.226   255.760    23.48   42.98
 135215.184   249.267   -17.27   46.77
 135591.140   240.654   -22.91   50.02
 135967.094   217.112   -62.62   51.33
 136343.046   188.340   -76.53   45.40
 136718.995   165.066   -61.91   23.59
 137094.943   155.522   -25.38    9.13
 137470.887   152.101    -9.10    5.68
 137846.830   153.802     4.52    6.65
 138222.771   156.390     6.88    6.71
 138598.709   161.996    14.91   10.61
 138974.645   172.467    27.85   19.20
 139350.579   184.303    31.48   20.20
 139726.511   193.498    24.46   15.66
 140102.440   198.552    13.44   13.11
 140478.367   194.093   -11.86   13.10
 140854.292   186.796   -19.41   13.57
 141230.215   180.760   -16.05   15.11
 141606.135   171.192   -25.45   15.00
 141982.054   162.838   -22.22   10.82
 142357.970   157.687   -13.70    6.74
 142733.884   157.135    -1.47    8.40
 143109.795   159.680     6.77    8.96
 143485.705   160.786     2.94    8.02
 143861.612   163.363     6.86    8.13
 144237.517   166.443     8.19   15.24
 144613.420   172.750    16.78   27.42
 144989.321   167.865   -13.00   29.35
 145365.220   161.592   -16.69   26.15
 145741.116   153.760   -20.84   20.17
 146117.010   148.120   -15.00    3.58
 146492.902   149.931     4.82    3.53
 146868.792   150.904     2.59    3.00
 147244.679   153.309     6.40    4.54
 147620.565   155.528     5.90    6.07
 147996.448   159.109     9.53    6.12
 148372.329   161.622     6.68    5.41
 148748.208   162.838     3.23    4.70
 149124.207   163.263     1.13    4.09
 149500.525   163.417     0.41    3.79
 149876.841   169.699    16.69   17.91
 150253.155   174.741    13.40   22.84
 150629.467   175.699     2.54   23.83
 151005.776   173.667    -5.40   23.59
 151382.083   165.443   -21.85   14.08
 151758.389   160.759   -12.45    4.77
 152134.692   158.948    -4.81    2.12
 152510.992   157.289    -4.41    2.82
 152887.291   155.741    -4.11    3.19
 153263.587   154.112    -4.33    3.78
 153639.882   150.390    -9.89    5.50
 154016.174   146.139   -11.30    6.54
 154392.464   141.759   -11.64    6.08
 154768.752   137.468   -11.40    4.23
 155145.037   134.931    -6.74    2.78
 155521.321   133.699    -3.27    1.93
 155897.602   132.315    -3.68    2.26
 156273.881   130.545    -4.70    2.96
 156650.158   129.338    -3.21    2.66
 157026.433   128.391    -2.52    2.11
 157402.706   127.525    -2.30    2.02
 157778.977   126.525    -2.66    2.53
 158155.245   125.823    -1.87    2.48
 158531.511   124.888    -2.48    1.81
 158907.776   124.725    -0.43    2.07
 159284.038   123.930    -2.11    2.60
 159660.298   122.945    -2.62    2.70
 160036.555   121.201    -4.63    2.11
 160412.811   120.334    -2.30    1.65
 160789.065   119.865    -1.25    2.39
 161165.316   119.592    -0.72    2.80
 161541.565   119.363    -0.61    3.46
 161917.812   119.366     0.01    4.01
 162294.057   120.075     1.88    4.48
 162670.300   119.786    -0.77    4.33
 163046.541   118.363    -3.78    4.76
 163422.780   116.492    -4.97    5.04
 163799.016   114.865    -4.33    4.38
 164175.251   114.336    -1.40    4.98
 164551.483   114.255    -0.22    5.55
 164927.713   113.931    -0.86    5.68
 165303.942   113.443    -1.30    5.88
 165680.168   113.956     1.36    6.48
 166056.391   113.834    -0.32    6.97
 166432.613   114.917     2.88    7.18
 166808.833   115.741     2.19    7.55
 167185.050   116.022     0.75    8.55
 167561.266   117.342     3.51    8.40
 167937.479   119.363     5.37    8.58
 168313.691   124.365    13.29    9.00
 168689.900   129.233    12.94    8.07
 169066.107   127.750    -3.94   12.01
 169442.312   122.471   -14.03   17.70
 169818.515   112.393   -26.79   17.84
 170194.716   104.289   -21.54   11.54
 170570.915    99.167   -13.61    3.89
 170947.111    97.390    -4.72    5.76
 171323.306    93.606   -10.06    8.77
 171699.498    90.315    -8.75    9.42
 172075.689    90.058    -0.68   11.24
 172451.877   100.246    27.08   27.60
 172828.063   124.904    65.55   40.85
 173204.248   144.312    51.59   33.41
 173580.430   152.528    21.84   23.54
 173956.610   139.930   -33.49   31.00
 174332.788   127.601   -32.77   28.76
 174708.964   118.366   -24.55   20.56
 175085.138   115.891    -6.58   17.45
 175461.309   113.917    -5.25   13.84
 175837.479   113.444    -1.26   12.47
 176213.647   108.342   -13.56   13.12
 176589.812   103.674   -12.41   11.95
 176965.976   112.139    22.51   19.63
 177342.138   131.525    51.53   37.93
 177718.297   167.444    95.49   52.39
 178094.454   203.309    95.34   51.50
 178470.610   234.674    83.38   38.76
 178846.763   255.000    54.04   21.59
 179222.914   264.930    26.40   16.25
 179599.064   258.075   -18.22   29.36
 179975.211   253.904   -11.09   34.97
 180351.356   265.597    31.09   38.28
 180727.499   269.365    10.02   38.00
 181103.640   273.470    10.91   31.15
 181479.779   272.707    -2.03   33.71
 181855.916   259.161   -36.01   33.09
 182232.051   258.741    -1.11   31.24
 182608.184   257.545    -3.18   34.90
 182984.315   253.892    -9.71   41.98
 183360.444   249.056   -12.86   49.02
 183736.571   228.850   -53.72   44.20
 184112.696   218.931   -26.37   36.03
 184488.819   220.012     2.87   31.50
 184864.939   219.282    -1.94   33.38
 185241.058   226.362    18.82   35.22
 185617.175   237.392    29.33   34.39
 185993.290   236.545    -2.25   32.76
 186369.402   235.714    -2.21   27.75
 186745.513   226.468   -24.58   19.40
 187121.622   221.023   -14.48   12.69
 187497.728   219.982    -2.77   10.95
