#  288.245  -0.928   3.694 ;Mean Elev.(m), Avg Gradient(m/km), RMS Gradient(m/km) - SRTM1     
#  273.663  -1.101   5.586 ;Mean Elev.(m), Avg Gradient(m/km), RMS Gradient(m/km) - ASTER GDEM
#  288.000  -0.939   3.479 ;Mean Elev.(m), Avg Gradient(m/km), RMS Gradient(m/km) - GMTED2010 
  7  16.921071  -1.174579   291.131   291.155  6 52460.87021799 50.186
  8  16.920384  -1.173749   291.297   291.306  7 52495.87021658 51.969
  9  16.916373  -1.180793   291.804   291.845  7 52530.87020071 44.695
 10  16.922808  -1.171780   293.037   293.036  7 52565.87022224 51.710
 11  16.913277  -1.185021   293.841   293.849  6 52600.87023836 51.251
 13  16.916089  -1.179971   292.744   292.745  7 52670.87020750 51.900
 14  16.919213  -1.177002   291.083   291.087  7 52705.87020244 52.261
 15  16.915676  -1.183097   291.321   291.316  7 52740.87023482 48.133
 16  16.920444  -1.175740   291.715   291.731  7 52775.87018157 41.529
 17  16.915360  -1.182731   291.329   291.322  7 52810.87025651 52.822
 18  16.916948  -1.180290   292.022   292.018  6 52845.87031250 53.457
 19  16.915370  -1.181002   292.014   291.988  7 52880.87034958 52.171
 20  16.919806  -1.175544   292.990   292.982  7 52915.87030781 50.449
 21  16.921616  -1.174622   293.164   293.199  7 52950.87026806 43.738
 22  16.922504  -1.171688   293.637   293.630  7 52985.87028944 51.057
 23  16.920030  -1.176933   292.897   292.903  7 53020.87027862 52.097
 24  16.921996  -1.173662   291.716   291.723  7 53055.87026791 51.653
 25  16.911142  -1.186755   290.867   290.879  6 53090.87030304 51.018
 26  16.919468  -1.177900   290.848   290.948  7 53125.87027514 31.550
 27  16.912819  -1.186743   290.835   290.849  6 53160.87033557 52.516
 28  16.919275  -1.176856   290.907   290.907  6 53195.87033460 51.145
 29  16.922185  -1.174064   290.875   290.873  7 53230.87031969 52.555
 30  16.916380  -1.181727   291.705   291.768  7 53265.87028861 36.315
 31  16.910386  -1.188354   292.475   292.476  7 53300.87033677 52.734
 32  16.917531  -1.180818   293.679   293.683  7 53335.87030869 51.592
 33  16.919284  -1.177646   292.809   292.810  6 53370.87024698 52.014
 34  16.919108  -1.178712   290.996   290.983  7 53405.87028160 51.985
 35  16.917820  -1.178720   290.386   290.386  6 53440.87026814 52.101
 36  16.914000  -1.185333   290.991   290.993  7 53475.87033275 50.944
 37  16.917257  -1.180020   291.167   291.156  6 53510.87034888 50.774
 38  16.914004  -1.184848   291.396   291.406  7 53545.87036505 51.933
 39  16.917169  -1.180138   291.005   291.003  7 53580.87033993 50.574
 40  16.915362  -1.183519   292.168   292.167  7 53615.87029410 51.769
 41  16.918781  -1.178816   292.485   292.487  7 53650.87030763 53.294
 42  16.914164  -1.184944   293.231   293.238  7 53685.87031447 51.575
 43  16.919891  -1.176449   293.135   293.142  7 53720.87024201 50.781
 44  16.922880  -1.167915   291.549   291.575  8 53755.87017087 45.897
 45  16.920863  -1.174725   290.870   290.896  7 53790.87019752 51.457
 46  16.921936  -1.174423   290.562   290.502  7 53825.87015679 42.666
 48  16.918957  -1.177862   291.715   291.715  7 53895.87026720 51.798
 49  16.909545  -1.188758   290.636   290.607  6 53930.87031761 52.511
 50  16.912723  -1.186932   291.244   291.247  6 53965.87029465 44.959
 51  16.920091  -1.177373   291.754   291.748  7 54000.87025554 43.791
 52  16.919464  -1.175320   292.660   292.659  7 54035.87029777 51.698
 53  16.918892  -1.177566   293.923   293.929  7 54070.87029115 51.206
 54  16.916859  -1.179946   293.509   293.519  6 54105.87024358 52.816
 56  16.917281  -1.180926   291.176   291.169  7 54175.87022421 52.068
 57  16.916445  -1.179634   290.964   290.965  7 54210.87023042 50.377
 58  16.917320  -1.179411   291.586   291.570  7 54245.87026108 50.570
 59  16.917479  -1.178316   291.843   291.841  7 54280.87027214 50.361
 60  16.918953  -1.177263   291.301   291.298  6 54315.87027087 49.466
 61  16.917842  -1.178614   292.256   292.266  6 54350.87023842 51.789
 62  16.918367  -1.177109   293.177   293.177  7 54385.87020979 50.702
 63  16.917227  -1.179416   293.764   293.761  7 54420.87018780 50.991
 64  16.918441  -1.177971   293.945   293.940  7 54455.87018197 51.160
 65  16.918496  -1.178205   292.609   292.614  7 54490.87018906 51.963
 66  16.919027  -1.176346   291.473   291.466  7 54525.87019498 49.571
 67  16.917375  -1.179499   291.103   291.123  6 54560.87019752 40.991
 68  16.917344  -1.179582   291.493   291.498  6 54595.87019089 50.241
 69  16.916996  -1.180848   291.388   291.390  7 54630.87020430 52.818
 70  16.916259  -1.181008   290.856   290.858  6 54665.87021046 51.947
 71  16.918718  -1.177464   291.688   291.724  7 54700.87018046 38.484
 72  16.917748  -1.179810   292.436   292.422  6 54735.87017040 50.937
 73  16.918532  -1.177647   292.906   292.778  7 54770.87016041 44.186
 74  16.916689  -1.179582   293.443   293.469  7 54805.87016361 47.089
 75  16.918197  -1.179170   292.340   292.524  7 54840.87015600 28.547
 76  16.916936  -1.180285   291.435   291.528  6 54875.87016480 21.541
 77  16.916390  -1.180504   291.325   291.330  7 54910.87016072 49.982
 78  16.916305  -1.180957   291.284   291.298  7 54945.87015755 49.112
 79  16.916790  -1.181819   291.681   291.657  7 54980.87018390 43.941
 80  16.917479  -1.178962   291.429   291.398  7 55015.87018572 51.386
 81  16.918513  -1.179035   291.255   291.256  7 55050.87018023 51.407
 82  16.917309  -1.180014   292.001   292.000  7 55085.87014600 50.627
 83  16.918881  -1.177690   292.366   292.274  7 55120.87011385 34.803
 84  16.917142  -1.181376   293.552   293.550  7 55155.87010504 50.705
 85  16.917384  -1.180955   293.402   293.400  7 55190.87010290 52.023
 86  16.917188  -1.180179   292.273   292.274  7 55225.87010593 51.763
 87  16.918364  -1.178364   291.474   291.483  7 55260.87009854 50.141
 88  16.917454  -1.178427   291.854   291.865  7 55295.87009167 51.589
 89  16.915734  -1.180088   292.037   292.043  7 55330.87008012 52.610
 90  16.918172  -1.179635   291.850   291.848  7 55365.87007298 52.527
 91  16.917574  -1.179076   291.569   291.562  6 55400.87008548 51.786
 92  16.919234  -1.178575   291.883   291.883  7 55435.87009043 49.945
 93  16.918234  -1.178953   292.614   292.627  6 55470.87004260 52.400
