-120172.611   115.515     0.00   19.69
-119796.536   116.987     3.91   20.55
-119420.462   115.029    -5.21   20.24
-119044.390   109.874   -13.71   20.94
-118668.319   102.884   -18.59   17.78
-118292.250    96.626   -16.64   15.00
-117916.182    94.758    -4.97   13.13
-117540.116    93.245    -4.02   14.06
-117164.051    93.120    -0.33   13.26
-116787.988    91.028    -5.56   14.16
-116411.926    87.703    -8.84   12.97
-116035.866    86.278    -3.79   12.68
-115659.807    84.894    -3.68   11.72
-115283.750    85.765     2.32   16.28
-114907.694    93.438    20.40   22.21
-114531.640   100.488    18.75   23.51
-114155.587   110.849    27.55   21.83
-113779.535   117.849    18.61   22.43
-113403.485   125.331    19.90   19.12
-113027.437   135.812    27.87   15.89
-112651.390   141.259    14.48   14.38
-112275.345   147.413    16.36   12.10
-111899.301   154.710    19.40   10.40
-111523.258   158.272     9.47   10.91
-111147.217   160.921     7.04   10.99
-110771.178   162.353     3.81   10.58
-110395.140   161.726    -1.67   10.19
-110019.103   160.192    -4.08    7.73
-109643.068   158.265    -5.12    9.28
-109267.035   154.936    -8.85   10.79
-108891.002   148.987   -15.82   12.17
-108514.972   140.054   -23.76   11.81
-108138.942   132.191   -20.91   12.01
-107762.915   120.384   -31.40   15.42
-107386.888   105.752   -38.91   19.77
-107010.863    89.490   -43.25   21.69
-106634.840    72.299   -45.72   18.72
-106258.818    58.989   -35.40   12.79
-105882.797    55.190   -10.10   10.13
-105506.778    57.744     6.79   13.45
-105130.761    66.002    21.96   17.65
-104754.744    77.569    30.76   15.88
-104378.730    84.353    18.04   14.55
-104002.716    92.407    21.42   13.92
-103626.704    96.772    11.61   11.58
-103250.694    96.065    -1.88   13.07
-102874.685    95.120    -2.51   14.26
-102498.677    94.515    -1.61   12.75
-102122.671    97.079     6.82   13.65
-101746.667   100.515     9.14   14.67
-101370.663   104.436    10.43   16.98
-100994.661   110.326    15.66   17.83
-100618.661   114.977    12.37   16.08
-100242.662   121.515    17.39   13.91
 -99866.664   127.068    14.77   16.97
 -99490.668   136.465    24.99   15.41
 -99114.674   145.368    23.68   10.72
 -98738.680   150.778    14.39    8.70
 -98362.688   156.218    14.47    6.89
 -97986.698   161.272    13.44    6.59
 -97610.709   166.137    12.94    5.25
 -97234.721   170.182    10.76    5.53
 -96858.638   174.156    10.57    5.58
 -96482.373   176.233     5.52    4.84
 -96106.110   176.699     1.24    4.00
 -95729.848   174.884    -4.83    5.32
 -95353.587   172.284    -6.91    5.65
 -94977.328   166.772   -14.65    8.49
 -94601.070   160.164   -17.56   11.04
 -94224.814   151.541   -22.92   13.07
 -93848.559   139.876   -31.00   15.85
 -93472.306   128.758   -29.55   19.71
 -93096.053   120.041   -23.17   19.28
 -92719.803   113.796   -16.60   17.22
 -92343.553   113.284    -1.36   14.08
 -91967.305   112.857    -1.14   12.67
 -91591.059   117.975    13.60   13.66
 -91214.814   128.380    27.66   13.84
 -90838.570   136.321    21.11    9.05
 -90462.328   142.726    17.02    8.21
 -90086.087   147.951    13.89    7.16
 -89709.847   152.785    12.85    7.60
 -89333.609   158.490    15.16    6.26
 -88957.372   162.874    11.65    7.33
 -88581.136   168.207    14.18    8.18
 -88204.902   171.704     9.29    9.40
 -87828.669   174.340     7.01   10.70
 -87452.438   176.488     5.71   11.67
 -87076.208   181.515    13.36   11.94
 -86699.979   184.407     7.69   11.23
 -86323.752   187.201     7.43   10.10
 -85947.526   189.669     6.56    9.87
 -85571.301   193.720    10.77   10.87
 -85195.078   198.126    11.71   11.59
 -84818.856   204.594    17.19    8.75
 -84442.636   208.015     9.09    5.76
 -84066.416   207.331    -1.82    7.52
 -83690.199   204.207    -8.30    7.60
 -83313.982   201.488    -7.23    6.93
 -82937.767   196.699   -12.73    8.79
 -82561.553   189.831   -18.26   10.45
 -82185.341   181.310   -22.65   12.17
 -81809.130   171.785   -25.32   11.41
 -81432.920   165.259   -17.35   10.81
 -81056.712   157.413   -20.86   11.55
 -80680.505   153.272   -11.01   11.66
 -80304.299   150.353    -7.76   11.09
 -79928.094   149.083    -3.38   10.26
 -79551.891   153.028    10.49    7.67
 -79175.690   156.387     8.93    7.10
 -78799.489   159.058     7.10    5.36
 -78423.290   161.361     6.12    4.02
 -78047.092   159.041    -6.17    6.09
 -77670.896   156.376    -7.08    6.22
 -77294.701   154.857    -4.04    6.30
 -76918.507   153.079    -4.73    6.49
 -76542.315   149.823    -8.66    7.99
 -76166.124   144.831   -13.27    9.27
 -75789.934   137.715   -18.92    9.82
 -75413.745   130.487   -19.21   10.06
 -75037.558   125.215   -14.01   11.07
 -74661.372   121.618    -9.56    9.61
 -74285.188   123.429     4.82   11.13
 -73909.004   127.326    10.36   10.69
 -73532.822   130.137     7.47    8.80
 -73156.642   132.272     5.68    7.79
 -72780.462   134.857     6.87    7.55
 -72404.284   137.164     6.13    8.67
 -72028.108   141.090    10.44    8.02
 -71651.932   143.831     7.29    6.54
 -71275.758   143.164    -1.77    5.50
 -70899.585   141.618    -4.11    6.12
 -70523.413   140.464    -3.07    6.72
 -70147.243   135.594   -12.95    5.80
 -69771.074   132.210    -9.00    6.98
 -69394.906   125.361   -18.21    9.18
 -69018.740   117.987   -19.60   10.87
 -68642.575   110.951   -18.71   11.39
 -68266.411   102.361   -22.84   13.30
 -67890.249    94.915   -19.80   12.04
 -67514.087    89.029   -15.65   11.88
 -67137.927    86.650    -6.32   13.01
 -66761.768    88.699     5.45   14.70
 -66385.611    90.778     5.53   14.91
 -66009.455    92.543     4.69   13.25
 -65633.300    91.215    -3.53   14.02
 -65257.146    88.464    -7.31   13.40
 -64880.994    85.785    -7.12   11.04
 -64504.843    82.758    -8.05    9.30
 -64128.693    78.989   -10.02   10.00
 -63752.544    74.618   -11.62    9.17
 -63376.397    72.110    -6.67    8.24
 -63000.251    72.054    -0.15    9.72
 -62624.106    73.071     2.70   10.49
 -62247.962    74.361     3.43   11.21
 -61871.820    73.643    -1.91   10.01
 -61495.679    72.734    -2.42    7.27
 -61119.539    68.647   -10.87    8.54
 -60743.401    62.002   -17.67    8.24
 -60367.263    56.002   -15.95    9.19
 -59991.127    50.746   -13.97    9.97
 -59614.993    48.758    -5.28    8.78
 -59238.859    49.002     0.65   10.73
 -58862.727    50.413     3.75   11.29
 -58486.595    54.380    10.55    9.38
 -58110.466    57.884     9.31    9.90
 -57734.337    62.592    12.52   11.25
 -57358.210    67.464    12.95   10.94
 -56982.083    70.110     7.03   13.35
 -56605.958    71.413     3.46   15.25
 -56229.835    74.083     7.10   17.74
 -55853.712    76.461     6.32   15.58
 -55477.591    80.434    10.56   12.77
 -55101.471    82.578     5.70   10.69
 -54725.352    86.772    11.15    9.54
 -54349.235    88.797     5.39    6.79
 -53973.118    87.932    -2.30    4.88
 -53597.003    83.823   -10.92    7.03
 -53220.889    76.682   -18.99    9.24
 -52844.776    67.259   -25.05   12.78
 -52468.665    56.778   -27.87   12.07
 -52092.554    50.272   -17.30    9.21
 -51716.445    47.542    -7.26    7.51
 -51340.337    44.515    -8.05    8.57
 -50964.231    44.296    -0.58    8.91
 -50588.125    46.765     6.57   10.65
 -50212.021    52.489    15.22   13.52
 -49835.918    62.647    27.01    9.78
 -49459.816    67.948    14.09    5.15
 -49083.715    67.975     0.07    4.57
 -48707.616    65.001    -7.91    5.70
 -48331.517    61.387    -9.61    5.83
 -47955.420    57.618   -10.02    6.20
 -47579.324    54.932    -7.14    6.17
 -47203.230    55.105     0.46    7.89
 -46827.136    57.654     6.78   10.53
 -46451.044    65.699    21.39   12.67
 -46074.953    75.669    26.51   10.16
 -45698.863    81.884    16.52    7.74
 -45322.774    86.083    11.17    5.08
 -44946.686    87.778     4.51    3.73
 -44570.600    88.640     2.29    3.59
 -44194.514    90.326     4.48    4.32
 -43818.430    91.746     3.78    5.66
 -43442.347    94.191     6.50    5.71
 -43066.265    95.623     3.81    5.18
 -42690.185    92.921    -7.19    6.61
 -42314.105    88.801   -10.95    7.41
 -41938.027    82.823   -15.90    8.72
 -41561.950    76.365   -17.17    7.12
 -41185.874    70.599   -15.33    7.65
 -40809.799    62.540   -21.43    9.78
 -40433.725    58.147   -11.68    9.89
 -40057.653    57.182    -2.57    9.58
 -39681.582    60.542     8.94   12.55
 -39305.511    66.541    15.95   11.49
 -38929.442    70.849    11.45    8.26
 -38553.374    72.461     4.29    6.90
 -38177.308    73.884     3.78    5.87
 -37801.242    77.572     9.81    6.30
 -37425.178    82.182    12.26    7.01
 -37049.114    89.233    18.75    8.14
 -36673.052    93.849    12.27    6.98
 -36296.991    94.137     0.77    7.53
 -35920.931    89.056   -13.51   10.31
 -35544.872    85.436    -9.62    9.73
 -35168.815    84.515    -2.45   11.07
 -34792.758    86.056     4.10   13.23
 -34416.703    89.028     7.90   12.03
 -34040.649    86.515    -6.68   12.60
 -33664.596    80.857   -15.05   11.99
 -33288.544    73.758   -18.88   11.12
 -32912.493    67.090   -17.73   11.36
 -32536.443    59.068   -21.33   10.90
 -32160.394    52.461   -17.57    9.57
 -31784.347    47.002   -14.52    7.90
 -31408.300    43.460    -9.42    6.71
 -31032.255    39.849    -9.60    7.09
 -30656.211    35.490   -11.59    6.12
 -30280.168    32.772    -7.23    4.62
 -29904.126    30.407    -6.29    3.06
 -29528.085    30.434     0.07    3.54
 -29152.045    30.110    -0.86    4.13
 -28776.007    30.990     2.34    4.97
 -28399.969    31.137     0.39    5.25
 -28023.933    33.041     5.07    6.32
 -27647.897    35.173     5.67    6.40
 -27271.863    34.182    -2.64    9.21
 -26895.830    30.326   -10.25   12.20
 -26519.798    26.015   -11.46   13.30
 -26143.767    21.963   -10.78   11.78
 -25767.737    20.987    -2.59    9.76
 -25391.709    21.299     0.83    7.62
 -25015.681    23.154     4.93    5.45
 -24639.654    24.054     2.39    4.30
 -24263.629    23.669    -1.02    2.90
 -23887.604    22.801    -2.31    3.20
 -23511.581    20.438    -6.28    4.28
 -23135.559    17.921    -6.70    4.38
 -22759.538    16.321    -4.25    3.58
 -22383.518    15.746    -1.53    3.50
 -22007.498    15.541    -0.54    2.99
 -21631.335    14.849    -1.84    2.29
 -21255.108    14.015    -2.21    1.97
 -20878.883    13.215    -2.13    1.36
 -20502.659    13.434     0.58    2.42
 -20126.435    15.131     4.51    3.57
 -19750.213    17.207     5.52    4.00
 -19373.992    18.210     2.66    3.59
 -18997.772    17.326    -2.35    3.70
 -18621.553    15.596    -4.60    3.70
 -18245.335    13.623    -5.24    4.22
 -17869.118    13.410    -0.57    4.91
 -17492.902    13.654     0.65    5.20
 -17116.687    12.990    -1.76    6.30
 -16740.473    12.936    -0.14    5.92
 -16364.261    13.404     1.24    4.50
 -15988.049    12.566    -2.23    5.04
 -15611.838    11.620    -2.51    5.09
 -15235.629     9.305    -6.16    6.30
 -14859.420     4.778   -12.03    6.70
 -14483.213     3.900    -2.34    6.68
 -14107.006     6.488     6.88    8.20
 -13730.801     9.900     9.07    7.88
 -13354.597    12.715     7.48    5.09
 -12978.393    13.401     1.82    4.11
 -12602.191    12.434    -2.57    3.41
 -12225.990    11.894    -1.44    2.15
 -11849.789    10.948    -2.51    2.93
 -11473.590     9.029    -5.10    2.91
 -11097.392     8.349    -1.81    2.96
 -10721.195     7.438    -2.42    3.67
 -10344.999     7.413    -0.07    4.66
  -9968.804     7.840     1.13    5.23
  -9592.610     7.823    -0.04    4.80
  -9216.416     8.541     1.91    4.35
  -8840.224    11.849     8.79    4.71
  -8464.033    14.056     5.87    4.43
  -8087.843    15.131     2.86    3.94
  -7711.654    14.432    -1.86    4.61
  -7335.466    12.156    -6.05    4.99
  -6959.279     9.566    -6.88    3.70
  -6583.093     7.453    -5.62    2.14
  -6206.908     6.336    -2.97    2.44
  -5830.724     5.380    -2.54    2.53
  -5454.541     4.487    -2.37    2.08
  -5078.359     3.840    -1.72    1.73
  -4702.178     3.682    -0.42    1.48
  -4325.998     3.331    -0.93    1.39
  -3949.819     3.207    -0.33    1.34
  -3573.641     3.569     0.96    1.08
  -3197.464     3.566    -0.01    1.02
  -2821.288     3.336    -0.61    1.43
  -2445.113     3.259    -0.20    1.55
  -2068.939     2.623    -1.69    1.63
  -1692.766     1.592    -2.74    1.99
  -1316.594     1.921     0.87    2.54
   -940.423     1.867    -0.14    3.33
   -564.253     1.353    -1.37    3.45
   -188.084     0.546    -2.14    3.17
    188.085    -0.869    -3.76    2.10
    564.252    -1.485    -1.64    0.00
    940.418    -1.179     0.81    0.89
   1316.583    -0.564     1.64    1.42
   1692.748    -0.318     0.65    1.50
   2068.911    -0.301     0.05    1.31
   2445.073    -0.510    -0.56    1.11
   2821.235    -0.890    -1.01    0.76
   3197.395    -0.906    -0.04    0.76
   3573.555    -0.946    -0.11    0.79
   3949.713    -0.177     2.04    1.52
   4325.871     0.137     0.83    1.55
   4702.027    -0.075    -0.56    1.60
   5078.183    -0.539    -1.23    1.58
   5454.337    -0.106     1.15    4.06
   5830.491     3.137     8.62    6.84
   6206.644     6.744     9.59    7.30
   6582.796    10.772    10.71    5.64
   6958.947    11.746     2.59    3.88
   7335.097    12.015     0.72    3.60
   7711.246    12.592     1.53    3.23
   8087.394    14.265     4.45    3.78
   8463.541    16.245     5.26    4.16
   8839.687    18.438     5.83    3.15
   9215.832    19.650     3.22    2.57
   9591.977    19.594    -0.15    2.14
   9968.120    18.752    -2.24    3.26
  10344.263    16.965    -4.75    5.10
  10720.404    16.596    -0.98    5.07
  11096.545    17.615     2.71    4.52
  11472.684    18.207     1.57    3.12
  11848.823    19.654     3.85    2.66
  12224.961    20.948     3.44    2.38
  12601.098    21.840     2.37    2.30
  12977.234    22.805     2.57    1.59
  13353.369    23.390     1.56    1.57
  13729.503    24.015     1.66    1.58
  14105.636    25.115     2.92    1.82
  14481.769    25.384     0.71    1.80
  14857.900    25.068    -0.84    2.30
  15234.031    25.673     1.61    3.00
  15610.160    26.131     1.22    3.28
  15986.289    26.884     2.00    3.17
  16362.417    27.960     2.86    2.51
  16738.544    28.002     0.11    2.92
  17114.670    28.876     2.32    2.95
  17490.795    29.490     1.63    3.33
  17866.919    30.207     1.91    3.79
  18243.042    30.829     1.65    3.72
  18619.165    31.245     1.10    4.07
  18995.286    31.975     1.94    4.39
  19371.407    33.726     4.66    7.44
  19747.527    36.284     6.80    8.41
  20123.645    38.137     4.93    7.92
  20499.763    39.874     4.62    5.68
  20875.881    40.669     2.11    3.96
  21251.997    41.884     3.23    3.43
  21628.112    43.840     5.20    2.78
  22004.227    44.233     1.05    3.21
  22380.340    46.592     6.27    4.86
  22756.453    49.126     6.74    6.90
  23132.565    51.772     7.03    7.80
  23508.676    53.404     4.34    7.57
  23884.786    53.857     1.21    7.22
  24260.895    54.720     2.29    8.34
  24637.003    54.640    -0.21    6.93
  25013.111    61.948    19.43   14.87
  25389.217    71.831    26.28   18.64
  25765.323    78.867    18.71   16.98
  26141.428    81.490     6.97   15.32
  26517.532    81.975     1.29   16.83
  26893.635    82.592     1.64   17.02
  27269.738    81.643    -2.52   18.68
  27645.839    87.592    15.82   19.05
  28021.940    93.218    14.96   16.86
  28398.040    96.823     9.59   17.32
  28774.138   101.673    12.90   16.23
  29150.237   108.349    17.75   15.41
  29526.334   115.515    19.06   12.31
  29902.430   121.245    15.23    9.59
  30278.526   120.380    -2.30   12.69
  30654.620   117.951    -6.46   12.27
  31030.714   116.390    -4.15    7.58
  31406.807   112.131   -11.33   14.16
  31782.900   103.720   -22.36   22.95
  32158.991    97.682   -16.06   23.96
  32535.082    94.515    -8.42   22.55
  32911.171    99.867    14.23   21.84
  33287.260   111.849    31.86   22.35
  33663.348   125.647    36.69   18.69
  34039.435   133.015    19.59   11.84
  34415.522   130.704    -6.14   14.62
  34791.607   115.310   -40.93   25.93
  35167.692    97.695   -46.84   26.96
  35543.776    81.265   -43.69   17.17
  35919.859    78.623    -7.02   15.75
  36295.942    90.110    30.54   22.63
  36672.023   106.921    44.70   22.54
  37048.104   121.975    40.03   18.97
  37424.184   133.692    31.16    9.74
  37800.263   138.815    13.62    8.76
  38176.341   139.797     2.61    8.41
  38552.419   139.515    -0.75    8.89
  38928.495   135.515   -10.64   10.95
  39304.571   130.272   -13.94   12.87
  39680.646   117.989   -32.66   21.14
  40056.721   102.015   -42.47   26.08
  40432.794    90.925   -29.49   22.87
  40808.867    88.029    -7.70   21.23
  41184.939    93.331    14.10   24.05
  41561.010   106.890    36.05   22.65
  41937.080   122.210    40.74   17.79
  42313.150   132.515    27.40   16.59
  42689.218   144.731    32.48   11.47
  43065.286   153.083    22.21   10.58
  43441.354   162.488    25.01   10.07
  43817.420   166.876    11.67    9.04
  44193.486   164.566    -6.14   11.00
  44569.550   155.695   -23.59   17.95
  44945.614   139.650   -42.66   25.25
  45321.678   126.028   -36.22   20.45
  45697.740   120.156   -15.61   20.22
  46073.802   125.413    13.98   24.91
  46449.863   138.673    35.26   21.91
  46825.923   144.797    16.29   17.31
  47201.983   147.404     6.93   15.99
  47578.041   146.805    -1.59   17.00
  47954.099   147.156     0.93   14.55
  48330.156   149.398     5.96    7.81
  48706.213   148.079    -3.51    7.94
  49082.269   140.434   -20.33   13.56
  49458.323   127.237   -35.09   20.62
  49834.378   109.029   -48.42   24.28
  50210.431   101.432   -20.20   19.71
  50586.484    99.647    -4.75   19.66
  50962.536   105.490    15.54   21.99
  51338.587   109.002     9.34   21.65
  51714.637   109.105     0.27   22.17
  52090.687   104.489   -12.28   19.55
  52466.736    96.054   -22.43   19.67
  52842.784    81.948   -37.51   16.73
  53218.838    75.215   -17.90   14.13
  53595.031    72.191    -8.04   12.53
  53971.223    73.569     3.66   16.51
  54347.415    79.921    16.88   19.93
  54723.605    86.972    18.75   24.05
  55099.796    93.746    18.01   25.23
  55475.985   106.925    35.03   20.58
  55852.174   113.515    17.52   15.82
  56228.362   120.326    18.10   13.38
  56604.549   124.821    11.95    9.72
  56980.735   123.884    -2.49    8.39
  57356.921   118.590   -14.07   14.24
  57733.106   110.056   -22.69   17.74
  58109.290    94.278   -41.94   20.89
  58485.474    77.068   -45.75   18.46
  58861.657    65.079   -31.87   17.38
  59237.839    52.164   -34.33   13.25
  59614.021    44.890   -19.34    9.95
  59990.201    43.278    -4.28    7.04
  60366.381    48.461    13.78   11.71
  60742.561    56.650    21.77   11.80
  61118.739    64.599    21.13    6.78
  61494.917    67.618     8.03    3.41
  61871.095    70.079     6.54    7.42
  62247.271    74.715    12.32   10.48
  62623.447    85.925    29.80   16.89
  62999.622   100.758    39.43   17.02
  63375.797   114.210    35.76   16.38
  63751.970   125.900    31.08   10.71
  64128.143   131.331    14.44    9.37
  64504.316   133.695     6.28    8.37
  64880.488   133.568    -0.34    8.77
  65256.659   133.233    -0.89    7.37
  65632.829   128.932   -11.43    8.96
  66008.999   125.115   -10.15   10.66
  66385.168   120.054   -13.46    9.91
  66761.336   115.099   -13.17    7.57
  67137.503   113.191    -5.07    5.47
  67513.670   110.407    -7.40    4.46
  67889.837   106.326   -10.85    5.78
  68266.002   101.015   -14.12    7.04
  68642.167    96.849   -11.08    6.32
  69018.331    95.079    -4.70    5.64
  69394.495    94.726    -0.94    6.01
  69770.658    93.083    -4.37    6.71
  70146.820    91.387    -4.51    6.28
  70522.982    89.568    -4.84    4.05
  70899.143    89.384    -0.49    3.39
  71275.303    90.293     2.42    3.07
  71651.463    86.079   -11.20   12.61
  72027.622    83.210    -7.63   18.23
  72403.780    77.105   -16.23   23.93
  72779.938    74.054    -8.11   25.32
  73156.095    67.133   -18.40   26.89
  73532.251    59.434   -20.47   24.78
  73908.407    51.434   -21.27   20.08
  74284.562    42.650   -23.35   12.55
  74660.716    38.461   -11.14    7.11
  75036.870    37.126    -3.55    4.19
  75413.023    37.284     0.42    3.33
  75789.176    37.028    -0.68    3.49
  76165.328    36.272    -2.01    3.06
  76541.479    36.541     0.72    2.47
  76917.629    37.384     2.24    2.70
  77293.779    35.592    -4.76    4.40
  77669.929    33.867    -4.59    5.83
  78046.078    32.028    -4.89    5.34
  78422.226    29.515    -6.68    4.90
  78798.373    30.361     2.25    5.34
  79174.520    30.720     0.95    5.53
  79550.666    32.234     4.02    5.90
  79926.812    34.925     7.16    7.28
  80302.957    37.083     5.74    9.04
  80679.101    39.164     5.53    8.97
  81055.245    41.233     5.50    8.32
  81431.388    42.876     4.37    7.41
  81807.531    46.105     8.58    7.11
  82183.673    50.054    10.50    6.31
  82559.814    55.191    13.66    4.87
  82935.955    58.592     9.04    4.56
  83312.095    60.772     5.79    3.55
  83688.234    61.490     1.91    2.40
  84064.373    60.785    -1.87    2.33
  84440.511    60.568    -0.58    2.35
  84816.649    60.272    -0.79    4.01
  85192.786    59.299    -2.59    6.38
  85568.923    59.461     0.43    7.20
  85945.059    59.328    -0.35    7.97
  86321.194    60.464     3.02    8.26
  86697.329    61.669     3.20    8.25
  87073.463    64.460     7.42    8.08
  87449.597    66.079     4.31    7.29
  87825.730    66.043    -0.10    7.75
  88201.862    67.182     3.03    7.56
  88577.994    67.778     1.59    7.08
  88954.125    70.785     7.99    4.77
  89330.256    73.002     5.89    4.83
  89706.386    75.438     6.48    4.40
  90082.515    75.857     1.11    4.22
  90458.644    76.596     1.97    3.75
  90834.773    76.669     0.19    3.57
  91210.900    76.164    -1.34    4.10
  91587.028    73.029    -8.34    7.32
  91963.154    64.840   -21.77   12.56
  92339.280    57.915   -18.41    9.80
  92715.406    60.207     6.09   11.40
  93091.531    66.740    17.37   14.30
  93467.655    73.461    17.87   12.64
  93843.779    78.874    14.39    9.04
  94219.903    82.321     9.16    7.81
  94596.025    79.778    -6.76   10.06
  94972.148    81.515     4.62   13.66
  95348.269    84.226     7.21   16.79
  95724.390    85.126     2.39   19.06
  96100.511    90.568    14.47   19.43
  96476.631    89.790    -2.07   17.75
  96852.750    87.404    -6.34   17.79
  97228.869    91.669    11.34   19.36
  97604.988   101.620    26.46   22.08
  97981.106   111.948    27.46   16.53
  98357.223   109.542    -6.40   16.90
  98733.340    93.626   -42.32   26.01
  99109.456    82.105   -30.63   23.10
  99485.572    82.215     0.29   23.58
  99861.687    93.272    29.40   26.24
 100237.801   107.715    38.40   17.90
 100613.916   111.515    10.10   12.32
 100990.029   101.778   -25.89   21.79
 101366.142    91.380   -27.65   21.15
 101742.255    82.156   -24.52   19.43
 102118.367    73.407   -23.26   19.43
 102494.478    67.404   -15.96   17.63
 102870.589    66.015    -3.69   17.61
 103246.700    63.682    -6.20   17.91
 103622.810    66.310     6.99   20.18
 103998.919    63.079    -8.59   18.81
 104375.028    57.849   -13.91   15.87
 104751.137    51.002   -18.20    9.93
 105127.245    51.704     1.87   10.98
 105503.352    55.894    11.14   17.25
 105879.459    61.315    14.42   22.18
 106255.565    65.191    10.30   25.31
 106631.671    67.120     5.13   23.79
 107007.777    69.594     6.58   21.02
 107383.882    65.120   -11.89   14.87
 107759.986    64.137    -2.62   12.76
 108136.090    64.669     1.42   13.07
 108512.194    63.752    -2.44   13.28
 108888.296    65.099     3.58   13.13
 109264.399    66.002     2.40   14.02
 109640.501    67.429     3.80   15.12
 110016.602    69.028     4.25   14.62
 110392.703    68.105    -2.45   14.13
 110768.804    66.424    -4.47   13.23
 111144.904    68.461     5.42   13.75
 111521.004    70.596     5.68   14.40
 111897.103    69.596    -2.66   12.34
 112273.201    69.695     0.26   12.89
 112649.299    71.436     4.63   13.38
 113025.397    71.284    -0.40   13.92
 113401.494    71.618     0.89   15.01
 113777.591    72.002     1.02   14.95
 114153.687    71.110    -2.37   14.60
 114529.783    75.695    12.19   17.65
 114905.879    80.874    13.77   19.00
 115281.973    85.099    11.23   21.43
 115658.068    86.623     4.05   21.53
 116034.162    88.029     3.74   20.70
 116410.255    91.326     8.77   17.73
 116786.348    89.156    -5.77   19.09
 117162.441    83.303   -15.56   16.17
 117538.533    81.002    -6.12   15.30
 117914.625    80.778    -0.60   15.17
 118290.716    87.543    17.99   20.72
 118666.807    98.361    28.77   24.58
 119042.897   111.002    33.61   20.55
 119418.987   122.436    30.40   15.61
 119795.077   125.936     9.31   14.49
 120171.166   127.951     5.36   11.55
 120547.254   127.083    -2.31   11.96
 120923.342   126.028    -2.80   12.28
 121299.430   128.815     7.41   11.18
 121675.517   135.071    16.63   10.60
 122051.604   141.083    15.99    6.53
 122427.691   143.137     5.46    6.95
 122803.777   143.353     0.57    6.66
 123179.862   143.407     0.14    7.62
 123555.947   138.572   -12.86   14.10
 123932.032   124.015   -38.71   24.02
 124308.117   115.041   -23.86   20.54
 124684.200   113.812    -3.27   18.32
 125060.284   120.336    17.35   20.11
 125436.367   127.384    18.74   16.08
 125812.450   130.857     9.24   15.29
 126188.532   137.218    16.91   12.40
 126564.614   141.182    10.54   11.19
 126940.695   146.265    13.52    7.81
 127316.776   147.515     3.32    6.50
 127692.857   143.746   -10.02   10.84
 128068.937   140.046    -9.84   14.97
 128445.048   136.094   -10.51   13.79
 128821.204   134.840    -3.34   12.41
 129197.361   141.821    18.56   10.87
 129573.517   147.461    14.99    9.10
 129949.673   151.099     9.67    7.12
 130325.828   151.541     1.18    7.32
 130701.983   151.849     0.82    7.70
 131078.137   154.515     7.09    9.22
 131454.292   154.438    -0.20    9.69
 131830.445   151.105    -8.86   12.06
 132206.599   141.823   -24.68   16.09
 132582.752   129.975   -31.50   13.78
 132958.904   123.105   -18.26    9.57
 133335.056   118.137   -13.21    9.10
 133711.208   113.840   -11.42    9.37
 134087.360   110.921    -7.76   10.02
 134463.511   109.390    -4.07   10.58
 134839.661   107.464    -5.12   10.22
 135215.812   107.331    -0.35   10.76
 135591.962   105.626    -4.53   10.45
 135968.111   103.515    -5.61    9.65
 136344.261   101.126    -6.35   10.18
 136720.409   100.120    -2.67   10.37
 137096.558    97.925    -5.84    9.43
 137472.706    94.758    -8.42    9.34
 137848.854    92.041    -7.22    9.20
 138225.001    91.336    -1.88    9.22
 138601.148    94.699     8.94   11.62
 138977.295    99.083    11.65   10.67
 139353.441   102.772     9.81    8.28
 139729.587   104.353     4.20    7.62
 140105.733   100.353   -10.63    8.76
 140481.878    98.380    -5.25    9.54
 140858.023    98.229    -0.40    9.70
 141234.168   101.464     8.60   11.16
 141610.312   106.618    13.70    8.96
 141986.456   105.210    -3.74    9.71
 142362.599   103.797    -3.75   10.28
 142738.743   102.849    -2.52   10.11
 143114.886   104.245     3.71   11.62
 143491.028   106.002     4.67   11.93
 143867.170   105.083    -2.44   12.68
 144243.312   104.647    -1.16   11.21
 144619.454   106.963     6.16   10.93
 144995.595   114.340    19.61   10.91
 145371.736   119.812    14.55   10.60
 145747.876   123.715    10.38    8.55
 146124.017   123.105    -1.62   11.61
 146500.157   121.099    -5.33   11.88
 146876.296   120.353    -1.98    9.99
 147252.436   119.876    -1.27    6.90
 147628.575   118.752    -2.99    8.19
 148004.713   114.790   -10.53   12.81
 148380.852   110.071   -12.55   15.15
 148756.990   104.440   -14.97   14.18
 149133.127    97.857   -17.50   12.99
 149509.265    95.041    -7.49   13.90
 149885.402    91.489    -9.45   12.29
 150261.539    89.823    -4.43   12.15
 150637.675    85.620   -11.17   12.11
 151013.811    81.404   -11.21   13.00
 151389.947    75.797   -14.91   13.08
 151766.083    73.793    -5.33   10.11
 152142.218    76.665     7.64   11.82
 152518.353    83.772    18.89   14.35
 152894.488    85.682     5.08   11.73
 153270.622    80.677   -13.31   15.30
 153646.756    70.353   -27.45   13.88
 154022.890    64.726   -14.96    7.86
 154399.024    66.618     5.03   10.05
 154775.157    69.758     8.35   10.63
 155151.290    76.002    16.60   12.54
 155527.423    80.413    11.73   13.71
 155903.555    81.120     1.88   14.26
 156279.687    78.975    -5.70   14.52
 156655.819    75.566    -9.06   12.70
 157031.951    74.233    -3.54   10.32
 157408.082    76.154     5.11   11.31
 157784.213    82.207    16.09   12.55
 158160.344    90.710    22.60   11.15
 158536.474    95.199    11.94    9.55
 158912.605    99.566    11.61   10.54
 159288.734   104.984    14.40   10.81
 159664.864   110.218    13.92   10.10
 160040.994   109.673    -1.45   10.75
 160417.123   109.245    -1.14   11.01
 160793.252   106.438    -7.46   11.74
 161169.380   103.002    -9.14   10.35
 161545.509   104.079     2.87    8.83
 161921.637   104.746     1.77    8.85
 162297.765   104.336    -1.09    9.63
 162673.893   105.191     2.27   10.01
 163050.020   105.618     1.13   13.66
 163426.147   103.147    -6.57   13.18
 163802.274   101.876    -3.38   11.81
 164178.401   101.596    -0.74   11.92
 164554.527   102.542     2.51   12.23
 164930.653   107.488    13.15   14.17
 165306.779   115.105    20.25   12.60
 165682.905   118.296     8.49   11.66
 166059.031   121.054     7.33   10.18
 166435.156   123.105     5.45   10.44
 166811.281   125.182     5.52   10.94
 167187.406   126.977     4.77   14.07
 167563.530   130.704     9.91   13.75
 167939.654   134.207     9.31   14.64
 168315.779   134.594     1.03   13.83
 168691.902   135.884     3.43   13.06
 169068.026   131.623   -11.33   13.61
 169444.150   125.772   -15.56   13.92
 169820.273   121.105   -12.41   12.39
 170196.396   117.087   -10.68   11.38
 170572.519   119.245     5.74   10.09
 170948.641   118.596    -1.72   10.78
 171324.764   115.812    -7.40   11.07
 171700.886   113.191    -6.97   12.15
 172077.008   113.074    -0.31   13.03
 172453.129   116.440     8.95   15.43
 172829.251   121.054    12.27   15.79
 173205.372   122.326     3.38   14.15
 173581.493   123.951     4.32   13.37
 173957.614   126.272     6.17   11.07
 174333.735   122.831    -9.15   11.51
 174709.856   120.647    -5.81   12.43
 175085.976   114.669   -15.89   14.36
 175462.096   107.793   -18.28   12.78
 175838.216   101.699   -16.20   13.60
 176214.336    93.890   -20.76   15.70
 176590.456    88.015   -15.62   14.48
 176966.575    85.515    -6.65   12.87
 177342.694    84.407    -2.95   12.36
 177718.813    87.785     8.98   15.01
 178094.932    90.488     7.19   16.06
 178471.051    95.737    13.96   14.00
 178847.169   100.925    13.79   14.68
 179223.288   102.849     5.11   15.56
 179599.406   106.867    10.68   15.34
 179975.524   105.105    -4.68   17.56
 180351.641    98.594   -17.31   17.61
 180727.759    94.797   -10.09   15.33
 181103.877    86.331   -22.51   14.18
 181479.994    82.182   -11.03   13.87
 181856.111    82.376     0.52   12.90
 182232.228    83.110     1.95   11.91
 182608.345    90.463    19.55    9.54
 182984.461    95.115    12.37    7.02
 183360.578    96.361     3.31    6.60
 183736.694    95.464    -2.39    7.65
 184112.810    92.404    -8.14    8.51
 184488.926    90.596    -4.81    9.15
 184865.042    88.599    -5.31    8.72
 185241.158    84.278   -11.49   10.37
 185617.274    83.240    -2.76   10.13
 185993.389    82.272    -2.57    8.66
 186369.504    86.746    11.90    9.34
 186745.620    92.094    14.22    8.41
 187121.735    96.884    12.73    9.88
 187497.849    99.110     5.92    9.14
 187873.964    98.290    -2.18   10.57
 188250.079    95.650    -7.02    9.99
 188626.193    92.569    -8.19   10.24
 189002.307    90.650    -5.10    8.85
 189378.422    88.515    -5.68    8.67
 189754.536    84.977    -9.41    9.48
 190130.650    84.772    -0.55   10.35
 190506.764    84.904     0.35   10.13
 190882.877    88.488     9.53   10.55
 191258.991    93.731    13.94    8.94
 191635.104    96.173     6.49   10.78
 192011.218    97.340     3.10    9.42
 192387.331    96.785    -1.47   10.22
 192763.444    95.752    -2.75   11.42
 193139.557    92.041    -9.87   12.45
 193515.670    88.720    -8.83   12.64
 193891.782    81.434   -19.37   14.37
 194267.895    76.440   -13.28   12.28
 194644.008    77.874     3.81   14.18
 195020.120    85.623    20.60   18.15
 195396.232    99.596    37.15   17.86
 195772.345   112.353    33.92   11.25
 196148.457   118.041    15.12    7.24
 196524.569   120.823     7.40    5.42
 196900.681   122.458     4.35    5.25
 197276.793   123.002     1.45    7.03
 197652.904   120.620    -6.33   12.92
 198029.016   115.515   -13.57   16.01
 198405.128   106.566   -23.79   19.86
 198781.239    98.951   -20.25   20.51
 199157.350    89.884   -24.11   21.45
 199533.462    86.083   -10.11   22.40
 199909.573    83.002    -8.19   22.39
 200285.684    79.164   -10.21   23.20
 200661.795    76.715    -6.51   20.94
 201037.906    69.387   -19.48   19.86
 201414.017    60.372   -23.97   18.04
 201790.128    49.569   -28.72   18.13
 202166.238    39.948   -25.58   13.73
 202542.349    30.461   -25.22    6.01
 202918.460    29.647    -2.17    5.56
 203294.570    30.626     2.60    5.97
 203670.689    32.271     4.37    5.66
 204046.811    34.669     6.37    4.16
 204422.932    36.164     3.97    2.29
 204799.053    36.361     0.53    2.73
 205175.175    37.147     2.09    2.75
 205551.296    38.541     3.71    2.01
 205927.417    39.710     3.11    2.29
 206303.538    42.874     8.41    5.99
 206679.659    46.599     9.90    6.93
 207055.780    49.438     7.55    6.05
 207431.901    51.797     6.27    3.62
 207808.022    52.828     2.74    2.75
 208184.143    55.191     6.28    3.82
 208560.264    59.704    12.00    6.51
 208936.385    63.921    11.21    7.87
 209312.506    71.094    19.07    9.34
 209688.626    77.894    18.08   10.01
 210064.747    87.284    24.97   11.44
 210440.868    96.105    23.45   10.58
 210816.988   103.305    19.14    9.00
 211193.109   107.245    10.48    7.54
 211569.229   103.772    -9.23   11.74
 211945.350    96.643   -18.95   14.78
 212321.470    89.650   -18.59   11.66
 212697.591    88.823    -2.20    8.65
 213073.711    92.218     9.03   10.23
 213449.831    96.975    12.65    8.97
 213825.952    98.413     3.82    7.56
 214202.072    94.515   -10.36   10.40
 214578.193    89.464   -13.43   10.34
 214954.313    87.331    -5.67   13.35
 215330.433    91.265    10.46   18.17
 215706.553   101.182    26.37   20.68
 216082.674   109.948    23.31   18.08
 216458.794   111.823     4.99   15.27
 216834.914   113.094     3.38   15.26
 217211.035   116.299     8.52   12.00
 217587.155   118.647     6.24   11.14
 217963.275   127.438    23.37   13.32
 218339.395   132.541    13.57   12.46
 218715.516   134.571     5.40   13.10
 219091.636   126.594   -21.21   15.68
 219467.756   116.461   -26.94   13.76
 219843.876   111.921   -12.07   12.10
 220219.997   108.002   -10.42   13.42
 220596.117   106.140    -4.95   15.53
 220972.237   109.387     8.63   18.67
 221348.357   108.156    -3.27   21.42
 221724.478   102.487   -15.07   24.19
 222100.598    94.028   -22.49   24.83
 222476.718    86.849   -19.09   20.85
 222852.839    88.594     4.64   21.03
 223228.959    96.094    19.94   19.24
 223605.079   102.699    17.56   16.63
 223981.200   100.461    -5.95   15.27
 224357.320    95.041   -14.41   16.74
 224733.441    93.265    -4.72   17.18
 225109.561    89.596    -9.75   17.49
 225485.682    86.805    -7.42   18.88
 225861.802    82.542   -11.33   15.10
 226237.923    80.002    -6.75   10.74
 226614.044    82.921     7.76   13.63
 226990.164    87.429    11.99   13.71
 227366.285    86.643    -2.09   13.91
 227742.406    80.840   -15.43   16.85
 228118.527    75.154   -15.12   16.80
 228494.647    63.259   -31.63   16.58
 228870.768    57.910   -14.22   12.51
 229246.889    57.259    -1.73   10.35
 229623.010    63.797    17.38   14.43
 229999.131    74.797    29.25   16.80
 230375.252    87.293    33.22   16.97
 230751.373    99.173    31.59   15.65
 231127.495   105.387    16.52   14.59
 231503.616   106.658     3.38   15.78
 231879.737   104.951    -4.54   16.32
 232255.859   104.831    -0.32   15.25
 232631.980   109.407    12.17   15.27
 233008.101   117.137    20.55   15.31
 233384.223   125.056    21.05   12.42
 233760.345   128.490     9.13    8.47
 234136.466   125.490    -7.98   10.48
 234512.588   120.623   -12.94   12.14
 234888.710   115.310   -14.13   13.28
 235264.832   114.068    -3.30   15.92
 235640.954   117.989    10.42   16.44
 236017.076   118.840     2.26   14.76
 236393.198   120.640     4.79   16.22
 236769.320   122.515     4.99   17.50
 237145.443   120.043    -6.57   17.39
 237521.565   120.137     0.25   18.49
 237897.687   118.515    -4.31   18.71
 238273.810   119.182     1.77   17.21
 238649.933   127.720    22.70   16.17
 239026.055   133.858    16.32   13.43
 239402.178   140.461    17.56    9.05
 239778.301   143.299     7.54    6.80
 240154.424   140.245    -8.12    9.39
 240530.547   135.490   -12.64   10.84
 240906.670   130.029   -14.52   12.10
 241282.794   121.199   -23.47   15.58
 241658.917   110.963   -27.22   19.74
 242035.041   101.207   -25.94   18.79
 242411.164    99.948    -3.35   19.34
 242787.288   100.565     1.64   21.59
 243163.412   104.568    10.64   22.25
 243539.536   105.237     1.78   21.80
 243915.660   105.218    -0.05   18.77
 244291.784    98.932   -16.71   17.72
 244667.908    97.110    -4.84   13.99
 245044.033    99.900     7.42   12.46
 245420.157   106.045    16.34   11.85
 245796.282   116.384    27.49   11.28
 246172.407   123.726    19.52    9.35
 246548.532   124.987     3.35    9.48
 246924.657   126.438     3.86   11.87
 247300.782   126.041    -1.05   12.45
 247676.907   128.361     6.17    8.90
 248053.033   129.977     4.29    7.88
 248429.158   129.849    -0.34    7.31
 248805.284   129.380    -1.25    5.84
 249181.410   127.566    -4.82    6.19
 249557.536   126.951    -1.64    4.86
 249933.662   126.821    -0.35    4.21
 250309.788   126.326    -1.32    4.24
 250685.914   124.785    -4.10    5.60
 251062.041   122.515    -6.04    5.95
 251438.168   119.541    -7.91    6.08
 251814.294   116.972    -6.83    6.02
 252190.421   113.090   -10.32    9.33
 252566.548   109.252   -10.20   11.31
 252942.676   104.840   -11.73   13.71
 253318.803    95.131   -25.81   21.60
 253694.931    87.252   -20.95   21.78
 254071.059    76.752   -27.92   19.66
 254447.186    67.704   -24.05   16.07
 254823.314    59.028   -23.07   12.34
 255199.443    50.460   -22.78    9.07
 255575.571    47.643    -7.49    6.65
 255951.700    50.665     8.03   10.93
 256327.828    62.944    32.64   18.61
 256703.957    75.623    33.71   18.92
 257080.086    88.867    35.21   16.10
 257456.216   100.515    30.97   12.77
 257832.345   108.191    20.41   10.72
 258208.475   114.154    15.85    8.47
 258584.604   119.900    15.28    6.05
 258960.734   122.310     6.41    4.31
 259336.864   123.299     2.63    4.07
 259712.995   119.094   -11.18    8.01
 260089.125   111.673   -19.73   13.91
 260465.256    99.925   -31.23   19.32
 260841.387    85.461   -38.46   20.75
 261217.518    74.618   -28.83   17.95
 261593.649    69.487   -13.64   18.10
 261969.780    72.900     9.07   22.09
 262345.912    74.147     3.32   23.78
 262722.044    77.171     8.04   25.36
 263098.176    82.310    13.66   25.61
 263474.308    91.731    25.05   23.22
 263850.441    99.975    21.92   20.64
 264226.573   111.326    30.18   15.66
 264602.706   116.404    13.50    9.41
 264978.839   113.620    -7.40   17.14
 265354.972   111.797    -4.85   21.13
 265731.106   112.245     1.19   21.05
 266107.240   117.284    13.40   17.85
 266483.373   122.336    13.43    8.29
 266859.508   122.618     0.75    6.28
 267235.642   117.099   -14.67    9.48
 267611.776   108.566   -22.68   16.23
 267987.911    93.407   -40.30   23.91
 268364.046    84.002   -25.01   23.02
 268740.181    81.569    -6.47   21.42
 269116.317    88.953    19.63   21.38
 269492.452    94.951    15.95   16.74
 269868.588    93.357    -4.24   19.42
 270244.724    88.460   -13.02   21.18
 270620.861    83.387   -13.49   20.31
 270996.997    81.321    -5.49   20.62
 271373.134    82.054     1.95   17.78
 271749.271    79.720    -6.20   16.89
 272125.409    82.083     6.28   14.88
 272501.546    84.226     5.70    9.71
 272877.684    83.028    -3.18    5.95
 273253.822    78.015   -13.33    9.56
 273629.960    69.083   -23.75   14.82
 274006.099    58.361   -28.50   17.90
 274382.237    48.805   -25.41   17.72
 274758.376    39.099   -25.80   16.92
 275134.516    30.191   -23.68   16.69
 275510.655    26.515    -9.77   15.14
 275886.795    21.925   -12.20   12.54
 276262.935    18.240    -9.80    9.51
 276639.075    16.210    -5.40    6.51
 277015.216    16.233     0.06    6.49
 277391.357    16.682     1.19    7.69
 277767.498    16.272    -1.09    6.36
 278143.639    20.094    10.16   10.32
 278519.774    21.436     3.57   12.59
 278895.863    22.056     1.65   13.61
 279271.952    22.164     0.29   14.35
 279648.041    19.790    -6.31   11.65
 280024.130    17.154    -7.01    8.24
 280400.219    17.140    -0.04   10.15
 280776.309    16.068    -2.85   10.33
 281152.399    14.571    -3.98   10.75
 281528.490    10.677   -10.35    6.88
 281904.580     9.349    -3.53    4.39
 282280.671     9.182    -0.44    3.38
 282656.763    11.823     7.02    8.07
 283032.854    14.407     6.87   11.64
 283408.946    15.490     2.88   12.45
 283785.038    17.515     5.38   13.53
 284161.130    17.752     0.63   10.98
 284537.223    16.191    -4.15    9.81
 284913.316    14.592    -4.25    9.69
 285289.409    16.673     5.53   10.23
 285665.503    18.849     5.78   11.59
 286041.597    24.720    15.61   11.14
 286417.691    26.349     4.33   10.32
 286793.785    26.977     1.67    9.38
 287169.880    28.746     4.70    8.40
 287545.975    29.667     2.45    7.90
 287922.071    31.758     5.56    6.73
 288298.166    31.840     0.22    5.94
 288674.262    29.029    -7.47    7.41
 289050.359    25.965    -8.15    7.50
 289426.455    22.840    -8.31    5.66
 289802.552    20.002    -7.54    4.75
 290178.650    19.156    -2.25    4.66
 290554.747    17.410    -4.64    5.28
 290930.845    12.921   -11.94    6.96
 291306.943     9.592    -8.85    6.54
 291683.042     5.752   -10.21    5.57
 292059.141     3.404    -6.24    3.63
 292435.240     3.650     0.65    3.64
 292811.340     5.349     4.52    4.91
 293187.440     8.463     8.28    5.51
 293563.540    13.592    13.64    5.64
 293939.640    17.609    10.68    4.15
 294315.741    20.068     6.54    4.30
 294691.843    21.650     4.21    4.44
 295067.944    22.293     1.71    4.32
 295444.046    22.413     0.32    4.47
 295820.148    21.785    -1.67    4.75
 296196.251    22.695     2.42    5.64
 296572.354    24.720     5.39    7.36
 296948.457    26.647     5.12    8.56
 297324.561    27.218     1.52    9.46
 297700.665    27.772     1.47   10.48
 298076.769    27.805     0.09    9.77
 298452.874    26.960    -2.25    8.99
 298828.979    27.245     0.76    8.13
 299205.085    29.002     4.67    9.71
 299581.190    31.488     6.61   10.37
 299957.297    34.541     8.12   10.18
 300333.403    37.515     7.91   11.93
 300709.510    37.865     0.93   11.64
 301085.617    39.989     5.65   10.00
 301461.725    44.487    11.96    8.57
 301837.833    45.156     1.78    6.96
 302213.941    46.326     3.11    6.35
 302590.050    46.805     1.27    7.49
 302966.159    45.647    -3.08    7.54
 303342.269    46.054     1.08    8.13
 303718.379    46.218     0.44    7.00
 304094.489    46.436     0.58    4.78
 304470.600    47.215     2.07    4.68
 304846.711    48.001     2.09    4.70
 305222.822    49.326     3.52    4.64
 305598.934    50.299     2.59    6.21
 305975.046    50.677     1.01    7.03
 306351.159    51.785     2.95    7.41
 306727.272    53.960     5.78    7.98
 307103.385    59.740    15.37   11.76
 307479.499    65.541    15.42   12.37
 307855.613    67.029     3.95   13.06
 308231.728    62.797   -11.25   14.80
 308607.843    57.173   -14.95   14.85
 308983.958    58.305     3.01   15.96
 309360.074    65.677    19.60   19.65
 309736.190    73.028    19.54   19.75
 310112.306    74.460     3.81   19.53
 310488.423    69.147   -14.13   19.87
 310864.541    60.797   -22.20   13.52
 311240.659    59.879    -2.44   10.09
 311616.777    63.669    10.08   10.20
 311992.896    69.596    15.76   10.35
 312369.015    73.404    10.12   10.30
 312745.134    78.191    12.73   11.37
 313121.254    79.487     3.45   12.51
 313497.374    79.857     0.98   12.48
 313873.495    79.618    -0.64   13.10
 314249.616    78.894    -1.93   12.93
 314625.738    73.515   -14.30   12.50
 315001.860    70.284    -8.59   11.69
 315377.983    68.490    -4.77   11.06
 315754.105    64.407   -10.85   13.15
 316130.229    61.874    -6.73   11.96
 316506.353    61.975     0.27   10.95
 316882.477    64.867     7.69   11.66
 317258.601    69.840    13.22   10.55
 317634.727    71.545     4.53    9.61
 318010.852    69.490    -5.46   10.35
 318386.978    67.951    -4.09    9.36
 318763.105    68.654     1.87    9.49
 319139.231    67.975    -1.81    8.68
 319515.359    69.543     4.17    8.95
 319891.487    72.699     8.39   12.12
 320267.615    79.797    18.87   14.13
 320643.743    83.975    11.11   13.62
 321019.873    83.515    -1.22   12.43
 321396.002    81.989    -4.06   11.09
 321772.132    84.797     7.47   11.45
 322148.263    86.840     5.43   11.17
 322524.394    91.890    13.43   11.50
 322900.525    97.620    15.23    9.33
 323276.657   100.434     7.48   10.60
 323652.790   103.083     7.04   10.09
 324028.922   101.043    -5.42   13.09
 324405.056   101.054     0.03   15.38
 324781.190    98.259    -7.43   16.57
 325157.324    92.144   -16.26   17.76
 325533.459    84.331   -20.77   17.65
 325909.594    77.407   -18.41   15.13
 326285.730    72.154   -13.97   12.26
 326661.866    70.669    -3.95   10.69
 327038.003    73.218     6.78   12.45
 327414.140    71.805    -3.76   10.60
 327790.277    73.199     3.71    9.84
 328166.415    73.890     1.84   11.49
 328542.554    72.056    -4.88   10.80
 328918.693    70.740    -3.50   11.58
 329294.833    70.797     0.15   11.80
 329670.973    70.460    -0.90   11.44
 330047.114    68.434    -5.39   12.42
 330423.255    66.812    -4.31   12.43
 330799.396    64.884    -5.13   12.94
 331175.538    60.464   -11.75   11.46
 331551.681    56.432   -10.72    8.56
 331927.824    52.815    -9.62    6.53
 332303.968    49.199    -9.61    6.04
 332680.112    45.407   -10.08    5.54
 333056.257    42.463    -7.83    5.88
 333432.402    40.339    -5.65    6.36
 333808.547    38.424    -5.09    6.38
