-232815.738   209.855     0.00   13.36
-232439.644   215.557    15.16   14.06
-232063.552   221.216    15.05   12.62
-231687.462   226.351    13.65   10.95
-231311.374   229.297     7.83    8.26
-230935.288   228.279    -2.71    8.94
-230559.205   225.972    -6.13    9.29
-230183.123   219.767   -16.50   10.53
-229807.043   212.814   -18.49   13.14
-229430.965   203.972   -23.51   12.46
-229054.889   192.741   -29.87   14.15
-228678.815   171.741   -55.84   31.69
-228302.743   150.000   -57.81   33.37
-227926.673   136.510   -35.87   28.10
-227550.606   126.568   -26.44   21.35
-227174.540   137.683    29.56   26.72
-226798.476   155.814    48.22   26.65
-226422.414   169.446    36.25   22.39
-226046.354   177.818    22.26   18.42
-225670.296   183.157    14.20    8.50
-225294.240   181.405    -4.66   11.67
-224918.187   176.869   -12.06   15.21
-224542.135   171.085   -15.38   19.55
-224166.085   166.997   -10.87   19.90
-223790.037   159.420   -20.15   21.55
-223413.991   148.054   -30.22   24.06
-223037.947   130.433   -46.86   22.45
-222661.905   118.767   -31.03   14.40
-222285.865   119.792     2.73   15.10
-221909.827   129.835    26.71   21.17
-221533.791   143.972    37.60   22.28
-221157.757   157.703    36.52   21.64
-220781.724   165.405    20.48   21.03
-220405.694   168.514     8.27   18.40
-220029.666   171.102     6.88   14.65
-219653.640   163.536   -20.12   19.72
-219277.616   159.104   -11.79   19.71
-218901.593   156.363    -7.29   19.19
-218525.573   154.561    -4.79   20.04
-218149.555   158.002     9.15   17.96
-217773.538   154.023   -10.58   20.47
-217397.524   149.305   -12.55   20.89
-217021.511   150.973     4.44   18.24
-216645.501   152.788     4.83   17.45
-216269.492   157.100    11.47   15.44
-215893.485   162.117    13.34   14.70
-215517.480   171.541    25.06    7.54
-215141.478   176.664    13.63    9.49
-214765.477   185.814    24.34   12.11
-214389.478   195.757    26.44   13.60
-214013.481   209.027    35.29   14.40
-213637.486   219.832    28.74   10.68
-213261.493   228.074    21.92    8.31
-212885.502   232.221    11.03    5.73
-212509.512   231.108    -2.96    7.89
-212133.525   223.074   -21.37   12.98
-211757.540   212.224   -28.86   13.91
-211381.556   201.657   -28.11   14.31
-211005.575   191.228   -27.74   13.13
-210629.595   183.946   -19.37   11.02
-210253.618   181.676    -6.04   11.74
-209877.642   187.051    14.30   17.58
-209501.668   197.046    26.58   19.44
-209125.696   202.649    14.90   14.49
-208749.726   200.510    -5.69   16.77
-208373.758   195.351   -13.72   16.48
-207997.792   189.892   -14.52   13.23
-207621.827   185.487   -11.72   13.24
-207245.865   180.775   -12.53   15.71
-206869.905   170.767   -26.62   16.23
-206493.946   157.646   -34.90   15.43
-206117.989   149.585   -21.44   11.91
-205742.035   144.921   -12.41    7.93
-205366.082   145.735     2.17    8.55
-204990.131   152.305    17.47    9.26
-204614.182   159.818    19.98    7.06
-204238.235   166.305    17.26    7.81
-203862.289   174.668    22.25   10.24
-203486.346   182.735    21.46   10.34
-203110.405   189.715    18.57    9.05
-202734.465   194.279    12.14    9.35
-202358.527   192.459    -4.84   13.51
-201982.591   189.814    -7.03   13.43
-201606.657   187.595    -5.90   11.38
-201230.725   177.595   -26.60   14.49
-200854.795   167.405   -27.10   15.57
-200478.867   160.972   -17.11   14.27
-200102.940   153.196   -20.68   14.79
-199727.016   147.487   -15.19   16.01
-199351.093   135.305   -32.41   22.73
-198975.172   121.314   -37.22   23.29
-198599.070   116.893   -11.76   22.58
-198222.768   115.108    -4.74   22.95
-197846.468   119.296    11.13   24.34
-197470.169   123.183    10.33   23.85
-197093.873   126.541     8.92   24.32
-196717.578   124.999    -4.10   23.28
-196341.285   125.002     0.01   23.14
-195964.994   125.408     1.08   21.52
-195588.705   120.638   -12.67   18.82
-195212.418   113.724   -18.38   22.38
-194836.133    95.081   -49.55   24.09
-194459.849    85.487   -25.50   16.85
-194083.568    85.405    -0.22   16.88
-193707.288    95.346    26.42   21.85
-193331.010   105.757    27.67   18.88
-192954.734   116.867    29.53   15.48
-192578.459   122.051    13.78   15.74
-192202.187   128.393    16.86   12.02
-191825.916   129.811     3.77   10.75
-191449.648   125.638   -11.09   14.09
-191073.381   114.630   -29.26   20.17
-190697.116   100.974   -36.30   19.44
-190320.852    96.487   -11.93   18.00
-189944.591   104.668    21.75   22.36
-189568.331   116.664    31.88   19.52
-189192.074   129.767    34.82    8.81
-188815.818   134.165    11.69    6.46
-188439.564   134.568     1.07    6.79
-188063.311   129.189   -14.29   12.95
-187687.061   125.378   -10.13   16.01
-187310.812   126.074     1.85   16.60
-186934.566   125.709    -0.97   17.84
-186558.321   125.895     0.49   20.70
-186182.077   119.484   -17.04   24.70
-185805.836   111.023   -22.49   25.50
-185429.597   100.054   -29.15   24.66
-185053.359    96.972    -8.19   23.87
-184677.123    98.867     5.04   24.88
-184300.889   100.752     5.01   26.64
-183924.657    99.703    -2.79   24.72
-183548.426    95.668   -10.72   21.22
-183172.197    91.568   -10.90   19.21
-182795.970    99.536    21.18   26.81
-182419.745   116.040    43.87   28.70
-182043.522   130.578    38.64   25.53
-181667.301   145.341    39.24   15.92
-181291.081   147.418     5.52   13.57
-180914.863   143.484   -10.46   16.38
-180538.647   139.973    -9.33   16.79
-180162.433   137.100    -7.64   14.86
-179786.220   142.104    13.30   11.01
-179410.009   147.331    13.89    5.37
-179033.800   148.405     2.86    3.49
-178657.593   148.561     0.41    2.94
-178281.388   145.818    -7.29    7.91
-177905.184   142.113    -9.85   10.78
-177528.982   135.054   -18.76   16.16
-177152.782   133.757    -3.45   17.37
-176776.584   138.324    12.14   16.36
-176400.387   144.541    16.52   13.14
-176024.192   148.232     9.81    7.02
-175647.999   149.146     2.43    4.95
-175271.808   148.741    -1.08    5.93
-174895.619   148.892     0.40    8.08
-174519.431   147.587    -3.47   11.75
-174143.245   145.262    -6.18   14.79
-173767.061   137.420   -20.85   19.83
-173390.879   131.472   -15.81   19.29
-173014.698   124.843   -17.62   18.89
-172638.519   130.514    15.07   17.69
-172262.342   136.788    16.68   16.11
-171886.166   139.171     6.33   12.53
-171509.993   138.175    -2.65   16.57
-171133.821   131.051   -18.94   20.93
-170757.651   119.270   -31.32   24.44
-170381.482   105.595   -36.36   26.51
-170005.316    94.270   -30.11   18.99
-169629.151    91.668    -6.92   13.62
-169252.987   107.997    43.41   25.35
-168876.826   124.792    44.65   23.51
-168500.666   133.784    23.90   18.79
-168124.508   138.356    12.16   15.95
-167748.352   135.157    -8.51   20.02
-167372.198   130.946   -11.19   23.30
-166996.045   120.378   -28.09   28.73
-166619.894   105.843   -38.64   30.60
-166243.744    94.696   -29.64   23.70
-165867.597    89.762   -13.12   15.59
-165491.451    98.202    22.44   21.83
-165115.307   105.534    19.49   19.60
-164739.164   112.972    19.77   20.41
-164363.023   120.108    18.97   19.53
-163986.884   123.054     7.83   18.92
-163610.747   134.595    30.68   17.07
-163234.612   142.140    20.06   11.13
-162858.478   145.049     7.73    5.19
-162482.345   145.019    -0.08    4.98
-162106.215   142.108    -7.74    6.14
-161730.086   139.613    -6.63    6.02
-161353.959   139.367    -0.65    4.91
-160977.834   140.536     3.11    4.85
-160601.710   141.892     3.61    6.71
-160225.588   141.613    -0.74    8.29
-159849.468   141.973     0.96    9.28
-159473.349   141.892    -0.22    9.81
-159097.233   141.973     0.22    8.27
-158721.117   144.152     5.79    9.77
-158345.004   149.741    14.86   11.30
-157968.892   152.049     6.14   10.82
-157592.782   152.403     0.94   10.11
-157216.674   149.189    -8.55    8.24
-156840.567   151.168     5.26    9.52
-156464.462   151.420     0.67   11.54
-156088.358   147.096   -11.50   12.22
-155712.257   145.757    -3.56   13.04
-155336.157   140.604   -13.70   12.43
-154960.058   135.525   -13.50    7.96
-154583.962   133.472    -5.46    8.48
-154207.867   130.189    -8.73    7.02
-153831.773   130.046    -0.38    6.44
-153455.682   131.472     3.79    7.16
-153079.592   134.027     6.79    6.72
-152703.503   137.189     8.41    7.26
-152327.416   135.489    -4.52    8.51
-151951.331   132.587    -7.72    8.67
-151575.248   131.613    -2.59    8.38
-151199.166   132.252     1.70    8.55
-150823.086   135.420     8.42    9.94
-150447.008   140.027    12.25   10.30
-150070.931   144.657    12.31    9.21
-149694.856   145.896     3.30    8.58
-149318.783   143.892    -5.33    8.20
-148942.711   141.288    -6.92    9.14
-148566.641   139.157    -5.67    9.07
-148190.572   137.356    -4.79    7.87
-147814.505   138.054     1.86   11.48
-147438.440   141.421     8.95   12.48
-147062.377   139.792    -4.33   13.44
-146686.315   136.919    -7.64   16.67
-146310.254   130.757   -16.39   20.07
-145934.196   120.027   -28.53   19.44
-145558.139   113.499   -17.36   20.57
-145182.083   105.613   -20.97   20.00
-144806.029   104.224    -3.69   18.47
-144429.977   112.459    21.90   20.36
-144053.927   123.972    30.62   16.46
-143677.878   133.252    24.68    9.86
-143301.831   137.690    11.80    6.52
-142925.785   138.587     2.39    6.86
-142549.741   137.536    -2.80    7.17
-142173.698   135.472    -5.49    6.96
-141797.658   136.202     1.94    5.24
-141421.618   133.724    -6.59   13.36
-141045.581   131.821    -5.06   15.44
-140669.545   125.895   -15.76   18.73
-140293.510   116.289   -25.55   20.99
-139917.478   114.000    -6.09   24.15
-139541.447   106.189   -20.77   27.28
-139165.417    92.460   -36.51   23.65
-138789.389    86.104   -16.90   23.55
-138413.363    83.541    -6.82   26.25
-138037.338    78.271   -14.01   23.80
-137661.315    72.551   -15.21   20.78
-137285.293    64.730   -20.80   18.19
-136909.273    56.946   -20.70    9.75
-136533.255    55.818    -3.00   11.49
-136157.238    63.051    19.24   20.89
-135781.223    71.085    21.37   26.74
-135405.209    85.305    37.82   26.77
-135029.197    96.335    29.33   26.30
-134653.187    96.459     0.33   29.14
-134277.178    96.997     1.43   30.65
-133901.171    90.203   -18.07   28.61
-133525.165    86.622    -9.53   27.62
-133149.161    82.243   -11.64   25.79
-132773.158    75.630   -17.59   24.94
-132397.157    76.209     1.54   26.60
-132021.158    82.085    15.63   29.46
-131645.160    88.312    16.56   26.63
-131269.164    89.151     2.23   24.48
-130893.169    83.811   -14.20   20.68
-130517.176    74.892   -23.72   20.37
-130141.184    57.999   -44.93   19.39
-129765.194    43.561   -38.40   17.81
-129389.206    32.863   -28.46   12.66
-129013.219    26.151   -17.85    7.26
-128637.233    20.807   -14.21    7.69
-128261.250    16.551   -11.32    8.40
-127885.267     9.613   -18.45    7.92
-127509.287     3.477   -16.32    5.54
-127133.308     0.351    -8.31    4.28
-126757.330    -1.946    -6.11    0.61
-126381.354    -2.135    -0.50    0.28
-126005.379    -2.310    -0.47    0.59
-125629.406    -2.351    -0.11    0.70
-125253.435    -2.413    -0.16    0.78
-124877.465    -2.464    -0.14    0.91
-124501.497    -2.413     0.14    0.78
-124125.530    -2.324     0.24    0.65
-123749.565     2.074    11.70    9.11
-123373.351    10.946    23.58   15.15
-122997.092    21.890    29.09   16.29
-122620.834    35.130    35.19   16.88
-122244.578    46.946    31.40   17.35
-121868.323    50.784    10.20   17.87
-121492.070    50.895     0.29   20.74
-121115.818    47.634    -8.67   19.33
-120739.568    49.715     5.53   18.76
-120363.319    51.023     3.48   17.19
-119987.072    52.363     3.56   15.40
-119610.826    56.972    12.25   15.89
-119234.582    60.135     8.41   14.79
-118858.339    66.408    16.67   18.23
-118482.098    80.657    37.87   25.62
-118105.858    95.630    39.80   28.09
-117729.620   110.405    39.27   21.88
-117353.384   119.767    24.88   12.65
-116977.149   123.546    10.05    6.50
-116600.915   121.216    -6.19    8.64
-116224.683   115.973   -13.94   13.34
-115848.452   111.551   -11.75   17.17
-115472.223   110.595    -2.54   16.50
-115095.996   108.270    -6.18   19.14
-114719.769   108.064    -0.55   20.48
-114343.545   107.331    -1.95   19.95
-113967.322   103.049   -11.38   20.79
-113591.100   100.279    -7.36   24.66
-113214.880    94.920   -14.24   25.34
-112838.661    95.640     1.91   25.53
-112462.444   105.578    26.41   22.39
-112086.228   112.288    17.84   18.38
-111710.014   112.202    -0.23   17.64
-111333.801   106.892   -14.12   22.38
-110957.590    99.735   -19.02   20.31
-110581.380   103.459     9.90   22.29
-110205.172   110.696    19.24   20.63
-109828.965   119.525    23.47   15.72
-109452.760   126.676    19.01    7.09
-109076.556   129.919     8.62    5.88
-108700.354   133.108     8.48    4.37
-108324.153   133.632     1.39    3.57
-107947.953   131.767    -4.96    5.74
-107571.755   127.221   -12.08    7.32
-107195.559   124.613    -6.93    6.21
-106819.363   124.459    -0.41    5.72
-106443.170   126.078     4.30    5.58
-106066.978   128.367     6.09    4.31
-105690.787   129.536     3.11    3.65
-105314.598   131.946     6.41    4.16
-104938.410   133.946     5.32    5.14
-104562.223   136.972     8.04    6.22
-104186.038   138.690     4.57    5.70
-103809.855   139.196     1.35    5.17
-103433.673   139.946     1.99    5.43
-103057.492   141.657     4.55    5.62
-102681.313   142.703     2.78    5.79
-102305.135   143.243     1.44    6.41
-101928.959   142.487    -2.01    6.87
-101552.784   140.972    -4.03    7.57
-101176.611   140.396    -1.53    7.35
-100800.439   139.297    -2.92    5.69
-100424.268   141.946     7.04    7.30
-100048.099   140.788    -3.08    7.03
 -99671.932   140.393    -1.05    7.60
 -99295.765   138.865    -4.06    7.48
 -98919.600   139.371     1.35    8.00
 -98543.437   141.262     5.03    9.79
 -98167.275   141.474     0.56    9.19
 -97791.114   135.735   -15.26   13.90
 -97414.955   134.057    -4.46   15.60
 -97038.797   134.356     0.80   15.38
 -96662.641   133.946    -1.09   13.25
 -96286.486   134.260     0.84   12.58
 -95910.333   138.649    11.67   12.03
 -95534.181   141.514     7.62   13.01
 -95158.030   142.460     2.51   11.38
 -94781.881   140.921    -4.09   10.57
 -94405.733   137.892    -8.05    9.34
 -94029.586   136.051    -4.89    6.63
 -93653.441   136.130     0.21    6.16
 -93277.297   136.630     1.33    6.49
 -92901.155   138.270     4.36    7.35
 -92525.014   137.613    -1.75    6.81
 -92148.875   138.209     1.59    7.94
 -91772.737   137.835    -1.00    8.51
 -91396.600   139.568     4.61    8.85
 -91020.465   139.089    -1.27    7.95
 -90644.331   139.151     0.17    7.43
 -90268.198   139.459     0.82    7.52
 -89892.067   138.770    -1.83    7.45
 -89515.937   137.514    -3.34    6.85
 -89139.809   136.027    -3.95    5.53
 -88763.682   135.189    -2.23    6.10
 -88387.556   134.895    -0.78    6.15
 -88011.432   134.788    -0.28    5.54
 -87635.309   137.202     6.42    6.86
 -87259.187   138.895     4.50    5.92
 -86883.067   141.408     6.68    9.06
 -86506.948   143.595     5.81   12.33
 -86130.831   141.177    -6.43   11.10
 -85754.715   143.393     5.89   11.41
 -85378.600   143.668     0.73   10.40
 -85002.487   146.919     8.64   10.42
 -84626.375   149.703     7.40   10.29
 -84250.264   149.433    -0.72    7.32
 -83874.155   151.767     6.21    6.97
 -83498.047   152.734     2.57    7.72
 -83121.940   151.254    -3.94    7.97
 -82745.835   151.657     1.07    8.48
 -82369.731   148.835    -7.50    8.18
 -81993.629   146.279    -6.79    7.97
 -81617.527   147.081     2.13    9.22
 -81241.428   145.484    -4.25    8.22
 -80865.329   147.499     5.36    8.56
 -80489.232   150.177     7.12    8.62
 -80113.136   148.973    -3.20    7.49
 -79737.042   151.367     6.37    7.51
 -79360.949   153.671     6.13    9.77
 -78984.857   155.724     5.46    9.68
 -78608.766   154.541    -3.15    9.90
 -78232.677   153.270    -3.38    9.26
 -77856.589   151.595    -4.46    7.91
 -77480.503   151.595     0.00    9.18
 -77104.418   152.889     3.44    9.46
 -76728.334   152.646    -0.65    9.85
 -76352.251   152.288    -0.95    9.56
 -75976.170   151.189    -2.92    8.88
 -75600.090   148.356    -7.53    8.02
 -75224.012   146.393    -5.22    7.63
 -74847.935   145.578    -2.17    7.34
 -74471.859   144.405    -3.12    6.51
 -74095.784   146.151     4.64    7.07
 -73719.711   148.085     5.14    6.54
 -73343.639   148.867     2.08    7.20
 -72967.568   147.646    -3.25    7.32
 -72591.499   148.203     1.48    5.98
 -72215.431   148.514     0.83    5.04
 -71839.364   148.324    -0.50    4.49
 -71463.298   148.865     1.44    6.11
 -71087.234   148.568    -0.79    6.77
 -70711.171   148.113    -1.21    7.35
 -70335.110   151.151     8.08    8.79
 -69959.049   152.408     3.34   10.31
 -69582.990   156.393    10.60   12.20
 -69206.933   166.972    28.13   15.24
 -68830.876   171.664    12.48   15.14
 -68454.821   174.202     6.75   13.74
 -68078.767   176.351     5.71   13.36
 -67702.715   173.946    -6.40   12.81
 -67326.663   171.057    -7.68   12.12
 -66950.613   169.788    -3.37   12.28
 -66574.565   168.262    -4.06   10.18
 -66198.517   167.759    -1.34    8.04
 -65822.471   166.972    -2.09    7.08
 -65446.426   165.514    -3.88    6.74
 -65070.382   163.703    -4.82    7.22
 -64694.340   161.297    -6.40    6.12
 -64318.299   160.585    -1.89    6.26
 -63942.259   161.946     3.62    6.45
 -63566.221   160.997    -2.52    5.95
 -63190.183   159.000    -5.31    6.22
 -62814.147   156.767    -5.94    6.38
 -62438.112   154.305    -6.55    5.71
 -62062.079   152.382    -5.11    5.34
 -61686.047   153.724     3.57    6.10
 -61310.016   154.126     1.07    5.35
 -60933.986   155.054     2.47    5.16
 -60557.957   156.135     2.88    5.88
 -60181.930   156.216     0.22    6.87
 -59805.904   157.446     3.27    6.85
 -59429.879   156.920    -1.40    6.80
 -59053.856   157.078     0.42    6.49
 -58677.834   160.668     9.55    8.87
 -58301.813   163.843     8.44    8.84
 -57925.793   164.168     0.86    8.01
 -57549.774   162.818    -3.59    7.99
 -57173.757   159.920    -7.71    6.76
 -56797.741   159.811    -0.29    7.75
 -56421.726   161.157     3.58    9.00
 -56045.712   162.023     2.30    8.42
 -55669.700   160.972    -2.80    8.64
 -55293.689   157.919    -8.12    7.39
 -54917.679   152.741   -13.77    7.59
 -54541.670   148.525   -11.21    8.09
 -54165.663   145.568    -7.87    8.84
 -53789.656   140.351   -13.87    9.39
 -53413.651   137.390    -7.87   13.10
 -53037.647   136.305    -2.89   16.85
 -52661.645   134.846    -3.88   19.32
 -52285.643   130.307   -12.07   21.51
 -51909.643   123.254   -18.76   23.60
 -51533.644   116.057   -19.14   23.43
 -51157.646   108.867   -19.12   22.59
 -50781.650   102.843   -16.02   23.32
 -50405.654    94.762   -21.49   19.91
 -50029.660    82.972   -31.36   17.15
 -49653.667    74.183   -23.38   14.18
 -49277.676    68.296   -15.66   10.83
 -48901.685    64.297   -10.64    6.60
 -48525.647    64.621     0.86    7.28
 -48149.407    63.472    -3.05    7.34
 -47773.169    62.595    -2.33    7.20
 -47396.931    63.946     3.59    7.70
 -47020.695    68.002    10.78    8.34
 -46644.460    69.305     3.46    7.89
 -46268.226    66.946    -6.27    9.92
 -45891.994    63.784    -8.40    9.05
 -45515.762    62.321    -3.89    8.65
 -45139.532    61.157    -3.10    9.02
 -44763.303    62.367     3.22    7.81
 -44387.075    59.393    -7.90    9.35
 -44010.848    56.023    -8.96    7.22
 -43634.623    57.630     4.27    8.19
 -43258.399    58.057     1.13    8.80
 -42882.175    58.459     1.07    9.14
 -42505.953    61.002     6.76    9.62
 -42129.733    61.177     0.47   10.32
 -41753.513    62.920     4.63    8.50
 -41377.295    64.835     5.09    7.67
 -41001.077    62.270    -6.82    9.57
 -40624.861    59.474    -7.43    9.95
 -40248.646    57.551    -5.11   10.84
 -39872.432    56.510    -2.77   11.52
 -39496.220    57.405     2.38   11.98
 -39120.008    56.536    -2.31   11.44
 -38743.798    55.869    -1.77   10.82
 -38367.588    55.630    -0.63   10.76
 -37991.380    57.784     5.72   12.40
 -37615.173    59.664     5.00   13.09
 -37238.968    61.788     5.65   10.70
 -36862.763    60.002    -4.75   10.67
 -36486.560    56.202   -10.10   11.13
 -36110.357    53.863    -6.22    9.80
 -35734.156    49.209   -12.37   12.95
 -35357.956    45.023   -11.13   13.38
 -34981.757    45.071     0.13   14.22
 -34605.559    43.946    -2.99   15.61
 -34229.363    42.288    -4.41   13.90
 -33853.167    43.243     2.54   13.41
 -33476.973    41.664    -4.20   14.20
 -33100.780    38.162    -9.31   14.24
 -32724.588    34.715    -9.16   13.69
 -32348.397    29.972   -12.61   12.93
 -31972.207    29.279    -1.84   13.90
 -31596.018    32.135     7.59   15.18
 -31219.830    37.818    15.11   17.78
 -30843.644    41.972    11.04   18.42
 -30467.458    44.085     5.62   19.15
 -30091.274    44.054    -0.08   18.57
 -29715.091    39.703   -11.57   16.65
 -29338.909    39.811     0.29   15.47
 -28962.728    37.920    -5.03   14.26
 -28586.548    36.477    -3.84   12.55
 -28210.369    35.023    -3.87   11.28
 -27834.192    32.638    -6.34   11.04
 -27458.015    30.085    -6.79   10.56
 -27081.840    25.356   -12.57   10.91
 -26705.666    21.081   -11.36    8.82
 -26329.492    17.331    -9.97    7.24
 -25953.320    14.578    -7.32    3.16
 -25577.149    14.499    -0.21    3.58
 -25200.979    14.541     0.11    3.81
 -24824.811    16.228     4.49    5.84
 -24448.643    22.279    16.09   14.68
 -24072.476    27.113    12.85   17.29
 -23696.311    31.487    11.63   17.97
 -23320.146    37.784    16.74   18.32
 -22943.983    40.189     6.39   15.55
 -22567.820    42.703     6.68   14.06
 -22191.659    44.652     5.18   12.57
 -21815.499    45.646     2.64   12.16
 -21439.340    46.997     3.59   10.86
 -21063.182    47.057     0.16   10.59
 -20687.025    46.843    -0.57   10.49
 -20310.869    46.973     0.34    8.38
 -19934.714    43.578    -9.03    9.71
 -19558.561    37.999   -14.83   11.78
 -19182.408    29.869   -21.61   12.65
 -18806.256    26.000   -10.29    9.37
 -18430.106    26.946     2.51    9.43
 -18053.956    32.146    13.82   10.06
 -17677.808    37.224    13.50    7.81
 -17301.661    40.235     8.01    8.66
 -16925.514    42.973     7.28    8.78
 -16549.369    44.541     4.17    9.21
 -16173.225    45.784     3.31    8.36
 -15797.082    47.557     4.71    8.67
 -15420.940    48.433     2.33    8.53
 -15044.799    45.869    -6.82    8.93
 -14668.659    43.807    -5.48    9.41
 -14292.520    41.869    -5.15    9.39
 -13916.382    39.157    -7.21    9.68
 -13540.245    36.715    -6.49   10.83
 -13164.109    33.867    -7.57   10.71
 -12787.975    29.023   -12.88   12.11
 -12411.841    21.696   -19.48   15.17
 -12035.708    13.920   -20.67   14.60
 -11659.576     5.664   -21.95    8.81
 -11283.446     2.175    -9.28    2.13
 -10907.316     1.792    -1.02    2.12
 -10531.188     1.331    -1.23    1.86
 -10155.060     0.724    -1.61    1.46
  -9778.934     0.351    -0.99    1.19
  -9402.808     0.057    -0.78    0.67
  -9026.684    -0.054    -0.30    0.00
  -8650.560    -0.054     0.00    0.00
  -8274.438    -0.054     0.00    0.00
  -7898.316    -0.054     0.00    0.32
  -7522.196    -0.133    -0.21    0.49
  -7146.076    -0.186    -0.14    0.53
  -6769.958    -0.189    -0.01    0.48
  -6393.841    -0.154     0.09    0.38
  -6017.724    -0.135     0.05    0.28
  -5641.609    -0.189    -0.14    0.35
  -5265.495    -0.162     0.07    0.31
  -4889.381    -0.168    -0.02    0.32
  -4513.269    -0.285    -0.31    0.54
  -4137.158    -0.413    -0.34    0.58
  -3761.047    -0.483    -0.19    0.61
  -3384.938    -0.703    -0.59    0.68
  -3008.829    -0.081     1.65    1.79
  -2632.722     0.393     1.26    2.09
  -2256.616     0.596     0.54    1.98
  -1880.510     0.514    -0.22    1.82
  -1504.406     0.341    -0.46    1.08
  -1128.302     0.104    -0.63    0.49
   -752.200    -0.080    -0.49    0.28
   -376.098    -0.108    -0.08    0.33
      0.002    -0.079     0.08    0.36
    376.101     0.051     0.35    0.45
    752.200     0.568     1.37    1.06
   1128.298     0.892     0.86    1.15
   1504.394     2.640     4.65    4.00
   1880.490     5.561     7.77    6.25
   2256.584     6.869     3.48    6.55
   2632.678     7.203     0.89    6.65
   3008.771     7.638     1.16    6.51
   3384.862     6.838    -2.13    6.17
   3760.953     6.140    -1.85    5.97
   4137.043     6.536     1.05    5.29
   4513.132     7.314     2.07    5.70
   4889.220     8.049     1.95    5.93
   5265.307     7.999    -0.13    6.00
   5641.393     7.596    -1.07    5.74
   6017.478     7.224    -0.99    5.10
   6393.562     6.571    -1.74    4.77
   6769.645     5.561    -2.68    4.84
   7145.727     3.390    -5.77    2.80
   7521.808     2.297    -2.91    1.78
   7897.888     1.892    -1.08    1.22
   8273.968     1.676    -0.57    1.17
   8650.046     1.578    -0.26    1.13
   9026.124     1.418    -0.42    1.23
   9402.200     1.433     0.04    1.48
   9778.276     1.209    -0.60    1.54
  10154.350     1.081    -0.34    1.67
  10530.424     2.228     3.05    3.42
  10906.497     3.604     3.66    4.74
  11282.569     5.499     5.04    6.05
  11658.640     7.224     4.59    6.46
  12034.710     7.690     1.24    6.41
  12410.779     6.668    -2.72    6.36
  12786.847     4.741    -5.12    5.83
  13162.914     1.613    -8.32    3.65
  13538.980     0.289    -3.52    1.37
  13915.046     0.270    -0.05    1.47
  14291.110     1.946     4.46    3.57
  14667.174     2.892     2.52    3.87
  15043.236     3.973     2.87    3.83
  15419.298     4.835     2.29    3.76
  15795.359     4.721    -0.30    3.17
  16171.419     5.228     1.35    2.86
  16547.478     6.162     2.48    2.68
  16923.536     6.262     0.26    2.70
  17299.593     6.051    -0.56    3.08
  17675.649     5.484    -1.51    3.21
  18051.705     4.784    -1.86    3.14
  18427.759     3.843    -2.50    3.14
  18803.813     3.085    -2.02    3.02
  19179.865     1.895    -3.16    2.08
  19555.917     1.510    -1.02    1.73
  19931.968     1.446    -0.17    1.44
  20308.018     1.472     0.07    1.61
  20684.067     1.919     1.19    1.62
  21060.116     2.054     0.36    1.52
  21436.163     2.288     0.62    1.48
  21812.209     2.460     0.46    1.71
  22188.255     2.536     0.20    1.31
  22564.300     2.792     0.68    1.53
  22940.344     3.108     0.84    1.57
  23316.387     3.108     0.00    1.26
  23692.429     3.613     1.34    1.90
  24068.470     4.946     3.55    3.09
  24444.510     7.351     6.40    4.78
  24820.550    10.613     8.67    5.22
  25196.588    13.460     7.57    4.10
  25572.626    15.568     5.61    2.66
  25948.663    17.051     3.95    2.12
  26324.699    17.571     1.38    2.09
  26700.830    17.869     0.79    1.75
  27077.040    17.843    -0.07    1.68
  27453.248    17.668    -0.47    1.41
  27829.456    17.305    -0.97    1.35
  28205.663    16.974    -0.88    1.54
  28581.869    16.561    -1.10    1.39
  28958.074    16.735     0.46    1.40
  29334.279    16.784     0.13    1.66
  29710.482    17.487     1.87    2.30
  30086.685    17.433    -0.14    2.71
  30462.887    18.239     2.14    2.85
  30839.088    18.363     0.33    3.75
  31215.288    19.446     2.88    3.93
  31591.487    20.683     3.29    3.87
  31967.686    21.568     2.35    4.55
  32343.883    23.460     5.03    2.88
  32720.080    24.003     1.45    2.58
  33096.276    22.664    -3.56    3.91
  33472.471    23.074     1.09    4.05
  33848.666    23.224     0.40    4.26
  34224.859    21.843    -3.67    5.79
  34601.052    18.057   -10.06    6.37
  34977.243    15.446    -6.94    5.98
  35353.434    12.792    -7.05    5.07
  35729.625    11.341    -3.86    3.44
  36105.814    10.433    -2.41    2.80
  36482.002    10.683     0.67    3.38
  36858.190    12.071     3.69    4.33
  37234.377    13.216     3.04    4.27
  37610.563    13.715     1.33    4.09
  37986.748    14.000     0.76    3.78
  38362.933    13.622    -1.01    3.43
  38739.117    12.595    -2.73    3.36
  39115.299    12.974     1.01    3.94
  39491.482    12.536    -1.16    3.36
  39867.663    12.446    -0.24    3.24
  40243.843    12.189    -0.68    2.76
  40620.023    11.771    -1.11    1.88
  40996.202    11.209    -1.49    1.37
  41372.380    11.499     0.77    1.54
  41748.557    11.811     0.83    1.44
  42124.733    11.841     0.08    1.39
  42500.909    12.057     0.58    1.39
  42877.084    12.000    -0.15    1.03
  43253.258    12.262     0.70    1.16
  43629.431    12.460     0.53    1.44
  44005.604    12.613     0.41    1.34
  44381.776    12.613     0.00    1.34
  44757.947    12.474    -0.37    1.03
  45134.117    12.730     0.68    1.06
  45510.286    13.135     1.08    1.02
  45886.455    13.209     0.20    1.22
  46262.623    13.321     0.30    1.23
  46638.790    13.487     0.44    1.41
  47014.956    13.484    -0.01    1.39
  47391.122    13.657     0.46    1.16
  47767.286    13.630    -0.07    1.07
  48143.450    14.054     1.13    1.31
  48519.614    14.100     0.12    1.20
  48895.776    14.209     0.29    1.11
  49271.938    14.252     0.11    0.79
  49648.099    14.405     0.41    1.07
  50024.259    15.585     3.14    2.73
  50400.419    16.074     1.30    2.75
  50776.577    16.228     0.41    2.31
  51152.735    16.249     0.06    2.14
  51528.892    16.135    -0.30    2.15
  51905.049    15.541    -1.58    1.64
  52281.205    15.460    -0.22    1.43
  52657.359    15.536     0.20    1.07
  53033.514    15.919     1.02    1.09
  53409.667    16.126     0.55    1.25
  53785.820    16.305     0.48    1.33
  54161.972    16.331     0.07    1.18
  54538.123    16.270    -0.16    1.43
  54914.274    15.843    -1.13    1.41
  55290.423    15.683    -0.43    1.11
  55666.572    15.863     0.48    1.02
  56042.721    16.135     0.72    0.94
  56418.868    16.085    -0.13    1.17
  56795.015    17.460     3.65    4.03
  57171.161    20.869     9.06    6.58
  57547.307    23.040     5.77    6.57
  57923.451    22.841    -0.53    6.29
  58299.595    22.341    -1.33    6.47
  58675.739    19.640    -7.18    5.35
  59051.881    17.715    -5.12    4.13
  59428.023    17.000    -1.90    2.37
  59804.164    16.741    -0.69    1.20
  60180.304    16.788     0.13    1.17
  60556.444    16.997     0.56    1.12
  60932.583    17.324     0.87    1.32
  61308.721    17.446     0.32    1.31
  61684.859    17.587     0.37    1.58
  62060.996    18.335     1.99    2.00
  62437.132    18.378     0.12    2.21
  62813.267    18.378     0.00    2.27
  63189.402    18.757     1.01    2.07
  63565.536    18.784     0.07    1.92
  63941.670    18.489    -0.78    2.03
  64317.802    18.921     1.15    1.93
  64693.934    18.630    -0.77    1.83
  65070.066    18.514    -0.31    1.46
  65446.196    18.690     0.47    1.31
  65822.326    18.657    -0.09    1.11
  66198.455    18.788     0.35    1.13
  66574.584    18.892     0.28    1.18
  66950.712    18.972     0.21    1.22
  67326.839    19.252     0.74    1.17
  67702.965    19.367     0.31    1.20
  68079.091    19.521     0.41    1.13
  68455.216    19.803     0.75    1.59
  68831.341    19.525    -0.74    1.98
  69207.465    20.243     1.91    3.20
  69583.588    21.649     3.74    4.70
  69959.710    24.243     6.90    5.39
  70335.832    27.307     8.15    4.88
  70711.953    29.382     5.52    3.93
  71088.074    31.459     5.52    2.25
  71464.193    32.209     1.99    2.42
  71840.313    31.157    -2.80    3.80
  72216.431    30.433    -1.92    4.15
  72592.549    30.049    -1.02    4.05
  72968.666    29.162    -2.36    3.51
  73344.783    29.382     0.58    2.97
  73720.899    29.696     0.84    1.92
  74097.014    29.514    -0.49    2.12
  74473.128    28.709    -2.14    3.49
  74849.242    27.665    -2.78    4.93
  75225.356    26.869    -2.12    5.14
  75601.468    25.683    -3.15    5.43
  75977.580    25.307    -1.00    5.54
  76353.692    24.108    -3.19    4.58
  76729.802    23.807    -0.80    4.54
  77105.912    23.104    -1.87    4.21
  77482.022    21.997    -2.94    3.29
  77858.131    21.324    -1.79    2.30
  78234.239    20.997    -0.87    1.86
  78610.346    20.946    -0.14    1.24
  78986.453    21.100     0.41    1.27
  79362.560    21.730     1.67    1.90
  79738.665    22.221     1.31    2.03
  80114.770    22.865     1.71    2.10
  80490.875    23.081     0.57    1.86
  80866.979    22.514    -1.51    1.37
  81243.082    22.534     0.05    1.21
  81619.185    22.510    -0.06    1.23
  81995.287    22.484    -0.07    1.07
  82371.388    22.446    -0.10    1.30
  82747.489    23.288     2.24    2.39
  83123.589    24.168     2.34    3.25
  83499.688    23.920    -0.66    3.06
  83875.787    23.818    -0.27    3.25
  84251.886    23.649    -0.45    2.86
  84627.983    22.657    -2.64    1.31
  85004.080    23.288     1.68    1.98
  85380.177    23.846     1.48    2.31
  85756.273    24.433     1.56    3.04
  86132.368    24.331    -0.27    3.22
  86508.463    24.818     1.30    3.53
  86884.557    24.974     0.41    3.59
  87260.651    24.405    -1.51    2.55
  87636.744    24.135    -0.72    1.56
  88012.836    24.157     0.06    2.12
  88388.928    24.049    -0.29    2.09
  88765.019    24.002    -0.12    1.87
  89141.110    24.071     0.18    1.80
  89517.200    24.108     0.10    1.95
  89893.289    24.168     0.16    2.11
  90269.378    24.446     0.74    2.05
  90645.466    25.025     1.54    2.39
  91021.554    24.999    -0.07    2.52
  91397.641    25.054     0.15    2.61
  91773.728    25.046    -0.02    3.07
  92149.814    24.807    -0.64    2.83
  92525.899    24.546    -0.69    1.93
  92901.984    24.235    -0.83    2.01
  93278.068    25.363     3.00    3.61
  93654.152    25.838     1.26    3.88
  94030.235    26.189     0.93    3.81
  94406.318    26.162    -0.07    3.63
  94782.400    26.177     0.04    3.65
  95158.482    26.541     0.97    4.04
  95534.563    28.721     5.80    6.27
  95910.643    33.049    11.51    7.77
  96286.723    35.893     7.56    7.23
  96662.802    38.757     7.61    4.66
  97038.881    39.279     1.39    2.75
  97414.959    38.972    -0.82    2.34
  97791.037    38.640    -0.88    2.45
  98167.114    38.638    -0.01    2.28
  98543.191    38.918     0.74    1.99
  98919.267    38.946     0.07    2.78
  99295.342    38.920    -0.07    4.83
  99671.417    38.037    -2.35    6.25
 100047.492    35.946    -5.56    6.94
 100423.566    33.243    -7.19    7.36
 100799.639    33.460     0.57    8.08
 101175.712    35.130     4.44    8.44
 101551.784    36.557     3.79    8.47
 101927.948    35.920    -1.69    8.51
 102304.122    33.536    -6.34    8.33
 102680.296    31.767    -4.70    7.59
 103056.468    28.270    -9.29    4.53
 103432.641    28.551     0.75    4.12
 103808.812    30.843     6.09    5.06
 104184.984    33.585     7.29    4.61
 104561.154    35.536     5.19    3.46
 104937.324    36.168     1.68    3.37
 105313.494    37.630     3.89    3.64
 105689.663    37.305    -0.86    4.94
 106065.832    36.102    -3.20    5.52
 106442.000    34.814    -3.42    6.56
 106818.168    33.235    -4.20    6.58
 107194.335    31.279    -5.20    6.16
 107570.502    30.433    -2.25    5.78
 107946.668    29.216    -3.24    4.02
 108322.833    29.741     1.39    5.75
 108698.999    31.279     4.09    6.01
 109075.163    32.183     2.40    6.07
 109451.327    33.630     3.85    7.26
 109827.491    34.613     2.61    7.42
 110203.654    34.446    -0.44    8.06
 110579.817    34.252    -0.52    8.70
 110955.979    33.757    -1.32    7.62
 111332.141    33.724    -0.09    7.53
 111708.302    35.243     4.04    7.66
 112084.463    34.243    -2.66    7.55
 112460.623    32.227    -5.36    6.32
 112836.783    30.382    -4.91    5.47
 113212.942    28.126    -6.00    3.66
 113589.101    27.196    -2.47    1.61
 113965.260    29.433     5.95    5.03
 114341.418    32.649     8.55    7.14
 114717.575    34.262     4.29    7.57
 115093.732    34.367     0.28    7.33
 115469.889    33.946    -1.12    7.23
 115846.045    33.162    -2.08    6.65
 116222.200    33.288     0.33    5.33
 116598.355    33.621     0.88    5.87
 116974.510    34.279     1.75    6.64
 117350.664    31.367    -7.74    5.86
 117726.818    30.703    -1.77    5.74
 118102.971    29.946    -2.01    5.07
 118479.124    29.270    -1.80    3.79
 118855.277    30.029     2.02    4.07
 119231.429    33.408     8.98    6.85
 119607.580    36.510     8.25    7.54
 119983.731    37.973     3.89    7.16
 120359.882    38.920     2.52    6.71
 120736.032    37.189    -4.60    7.68
 121112.182    35.472    -4.56    7.79
 121488.331    33.157    -6.16    7.25
 121864.480    31.049    -5.60    6.12
 122240.629    29.029    -5.37    3.69
 122616.777    28.709    -0.85    3.11
 122992.924    32.151     9.15    6.82
 123369.071    33.803     4.39    7.49
 123745.218    34.279     1.27    7.58
 124121.364    33.487    -2.11    7.24
 124497.510    30.676    -7.47    5.43
 124873.656    29.000    -4.45    2.07
 125249.801    29.446     1.19    2.92
 125625.945    31.536     5.56    5.50
 126002.089    33.483     5.18    6.82
 126378.233    36.243     7.34    7.38
 126754.377    35.484    -2.02    6.84
 127130.520    34.341    -3.04    6.36
 127506.662    33.525    -2.17    5.85
 127882.804    32.622    -2.40    5.19
 128258.946    35.796     8.44    7.41
 128635.087    39.649    10.24    7.64
 129011.228    41.676     5.39    6.99
 129387.369    42.216     1.44    6.79
 129763.509    42.832     1.64    5.84
 130139.648    43.356     1.39    5.08
 130515.788    44.972     4.29    3.38
 130891.927    45.460     1.30    2.09
 131268.065    45.838     1.00    2.82
 131644.203    45.865     0.07    3.03
 132020.341    44.709    -3.07    5.74
 132396.478    41.196    -9.34    8.05
 132772.615    38.676    -6.70    8.20
 133148.752    35.735    -7.82    6.85
 133524.888    35.235    -1.33    5.98
 133901.024    34.972    -0.70    6.49
 134277.159    33.108    -4.95    6.49
 134653.294    31.746    -3.62    6.24
 135029.429    29.709    -5.42    3.41
 135405.563    31.196     3.95    4.48
 135781.697    33.595     6.38    6.41
 136157.831    35.946     6.25    6.99
 136533.964    38.049     5.59    6.83
 136910.097    38.767     1.91    7.11
 137286.229    38.032    -1.95    7.15
 137662.361    35.551    -6.59    7.34
 138038.493    32.676    -7.64    6.16
 138414.624    31.418    -3.34    3.83
 138790.755    33.049     4.33    4.82
 139166.886    33.683     1.69    5.08
 139543.016    33.305    -1.00    5.16
 139919.146    32.630    -1.79    5.15
 140295.276    31.421    -3.21    3.59
 140671.405    33.351     5.13    5.68
 141047.534    36.046     7.16    6.63
 141423.662    39.228     8.46    5.96
 141799.790    41.779     6.78    3.63
 142175.918    41.730    -0.13    2.81
 142552.045    41.838     0.29    2.61
 142928.173    42.270     1.15    3.14
 143304.299    43.393     2.99    3.13
 143680.426    44.585     3.17    3.23
 144056.552    45.331     1.98    2.96
 144432.678    45.630     0.80    2.30
 144808.803    45.946     0.84    2.31
 145184.928    44.408    -4.09    5.15
 145561.053    42.157    -5.98    7.03
 145937.177    39.814    -6.23    8.24
 146313.302    36.297    -9.35    8.00
 146689.425    34.664    -4.34    7.19
 147065.549    33.108    -4.14    5.89
 147441.672    33.433     0.86    5.83
 147817.795    33.896     1.23    6.32
 148193.917    33.660    -0.63    6.27
 148570.039    35.676     5.36    6.50
 148946.161    38.270     6.90    6.34
 149322.283    39.946     4.46    5.73
 149698.404    41.730     4.74    4.19
 150074.525    42.974     3.31    3.42
 150450.646    43.023     0.13    3.96
 150826.766    43.972     2.52    3.96
 151202.886    45.405     3.81    3.35
 151579.006    45.709     0.81    4.31
 151955.125    44.999    -1.89    4.87
 152331.244    43.818    -3.14    6.81
 152707.363    40.054   -10.01    8.85
 153083.481    37.126    -7.79    8.54
 153459.600    35.335    -4.76    7.90
 153835.718    33.177    -5.74    6.38
 154211.835    33.382     0.55    6.12
 154587.953    33.665     0.75    6.73
 154964.070    32.664    -2.66    6.31
 155340.186    32.892     0.61    6.09
 155716.303    32.135    -2.01    4.80
 156092.419    32.314     0.48    4.43
 156468.535    32.668     0.94    4.25
 156844.651    32.023    -1.72    3.87
 157220.766    31.664    -0.95    3.17
 157596.881    32.270     1.61    4.10
 157972.996    32.946     1.80    4.72
 158349.110    33.946     2.66    5.24
 158725.225    34.279     0.89    5.25
 159101.339    33.622    -1.75    4.14
 159477.452    33.049    -1.52    3.69
 159853.566    33.000    -0.13    3.34
 160229.679    32.514    -1.29    2.83
 160605.792    31.865    -1.72    1.72
 160981.904    33.290     3.79    3.47
 161358.017    34.818     4.06    4.33
 161734.129    35.788     2.58    4.32
 162110.241    34.613    -3.13    3.98
 162486.352    33.279    -3.55    3.17
 162862.464    33.057    -0.59    3.47
 163238.575    34.408     3.59    4.39
 163614.686    34.525     0.31    4.68
 163990.796    35.270     1.98    4.70
 164366.907    35.499     0.61    4.73
 164743.017    36.279     2.08    5.86
 165119.127    38.019     4.63    6.10
 165495.236    38.135     0.31    5.92
 165871.346    36.895    -3.30    5.65
 166247.455    35.420    -3.92    5.37
 166623.564    36.811     3.70    6.62
 166999.673    40.297     9.27    6.92
 167375.781    43.489     8.49    5.75
 167751.889    44.895     3.74    4.51
 168127.997    45.221     0.87    5.56
 168504.105    44.640    -1.54    6.30
 168880.213    44.741     0.27    6.39
 169256.320    44.529    -0.56    6.75
 169632.427    44.157    -0.99    6.39
 170008.534    45.202     2.78    6.70
 170384.641    47.551     6.25    6.70
 170760.747    49.324     4.71    4.97
 171136.853    51.078     4.66    2.55
 171512.959    51.596     1.38    2.33
 171889.065    52.335     1.96    2.38
 172265.171    53.202     2.31    2.16
 172641.276    53.709     1.35    2.43
 173017.381    54.189     1.28    3.10
 173393.486    54.811     1.65    3.05
 173769.591    55.002     0.51    2.57
 174145.695    54.767    -0.62    2.21
 174521.800    54.296    -1.25    2.02
 174897.904    54.730     1.15    2.10
 175274.008    53.896    -2.22    2.58
 175650.112    53.657    -0.64    2.63
 176026.215    54.157     1.33    2.79
 176402.319    54.000    -0.42    2.67
 176778.433    54.946     2.52    2.98
 177154.581    55.351     1.08    2.71
 177530.730    56.057     1.88    2.55
 177906.878    56.341     0.75    2.35
 178283.025    55.946    -1.05    2.10
 178659.173    55.741    -0.55    2.14
 179035.321    55.664    -0.20    2.03
 179411.468    55.418    -0.65    2.24
 179787.615    55.135    -0.75    1.94
 180163.762    55.595     1.22    2.16
 180539.909    55.946     0.93    2.26
 180916.056    56.321     1.00    2.00
 181292.202    57.270     2.52    1.60
 181668.348    57.104    -0.44    1.44
 182044.494    56.657    -1.19    1.54
 182420.640    56.288    -0.98    1.74
 182796.786    55.811    -1.27    1.46
 183172.932    55.946     0.36    1.84
 183549.077    56.288     0.91    2.66
 183925.223    56.224    -0.17    3.72
 184301.368    55.730    -1.31    4.37
 184677.513    55.279    -1.20    3.90
 185053.658    55.420     0.37    2.84
 185429.802    55.561     0.38    1.87
 185805.947    55.415    -0.39    1.87
 186182.091    55.027    -1.03    1.77
 186558.235    54.351    -1.80    1.50
 186934.379    54.811     1.22    1.99
 187310.523    54.408    -1.07    2.49
 187686.667    54.841     1.15    2.44
 188062.811    55.023     0.48    2.69
 188438.954    55.356     0.89    2.45
 188815.098    55.433     0.20    2.05
 189191.241    55.297    -0.36    2.00
 189567.384    55.100    -0.53    1.74
 189943.527    54.709    -1.04    1.65
 190319.670    54.196    -1.36    2.09
 190695.813    53.162    -2.75    1.96
 191071.955    52.297    -2.30    1.57
 191448.098    51.811    -1.29    1.64
 191824.240    51.561    -0.66    1.46
 192200.382    51.370    -0.51    1.44
 192576.524    52.021     1.73    1.95
 192952.666    53.025     2.67    2.21
 193328.808    53.918     2.37    1.99
 193704.950    54.202     0.76    1.77
 194081.092    54.405     0.54    1.69
 194457.233    54.157    -0.66    1.74
 194833.375    54.393     0.63    1.81
 195209.516    54.356    -0.10    1.86
 195585.657    54.000    -0.95    2.19
 195961.798    53.420    -1.54    2.72
 196337.939    52.521    -2.39    3.20
 196714.080    52.546     0.07    3.25
 197090.221    53.405     2.28    2.55
 197466.362    51.568    -4.89    5.47
 197842.502    49.919    -4.38    6.88
 198218.643    47.081    -7.54    8.39
 198594.783    43.889    -8.49    7.40
 198970.923    42.371    -4.04    5.99
 199347.064    40.841    -4.07    3.78
 199723.204    41.270     1.14    2.74
 200099.344    41.664     1.05    3.16
 200475.484    42.472     2.15    3.20
 200851.624    43.893     3.78    3.65
 201227.763    45.081     3.16    4.29
 201603.903    46.510     3.80    4.54
 201980.043    49.307     7.44    5.84
 202356.182    54.999    15.13   10.58
 202732.322    63.396    22.33   13.94
 203108.461    73.825    27.73   13.32
 203484.600    81.843    21.32   12.01
 203860.740    88.595    17.95   10.72
 204236.879    92.270     9.77    7.94
 204613.018    90.487    -4.74    9.83
 204989.157    83.835   -17.68   13.18
 205365.296    74.551   -24.68   12.91
 205741.435    65.100   -25.13   11.29
 206117.574    58.243   -18.23    7.05
 206493.713    55.972    -6.04    6.35
 206869.851    55.510    -1.23    6.27
 207245.990    62.484    18.54   13.86
 207622.129    71.784    24.72   15.59
 207998.267    80.818    24.02   12.29
 208374.406    86.973    16.36    5.62
 208750.544    83.865    -8.26    9.97
 209126.683    77.838   -16.02   11.51
 209502.821    71.384   -17.16    9.65
 209878.959    65.741   -15.00    6.59
 210255.098    63.630    -5.61    3.99
 210631.236    65.335     4.53    6.63
 211007.374    70.703    14.27   10.87
 211383.512    74.835    10.99   13.37
 211759.651    80.262    14.43   13.12
 212135.789    81.869     4.27   11.09
 212511.927    82.405     1.43    8.92
 212888.065    78.972    -9.13    8.26
 213264.203    75.025   -10.49    7.26
 213640.341    72.104    -7.77    8.46
 214016.479    69.324    -7.39   10.15
 214392.617    65.446   -10.31   11.99
 214768.755    58.568   -18.29   10.96
 215144.893    54.460   -10.92    8.71
 215521.031    53.000    -3.88    6.43
 215897.169    53.085     0.23    5.08
 216273.306    53.382     0.79    3.76
 216649.444    52.331    -2.79    3.71
 217025.582    51.279    -2.79    3.96
 217401.720    50.999    -0.75    4.03
 217777.858    51.168     0.45    4.13
 218153.996    54.460     8.75    6.21
 218530.133    59.818    14.25    9.96
 218906.271    62.541     7.24    9.95
 219282.409    62.209    -0.88   10.49
 219658.547    56.235   -15.88   13.37
 220034.685    48.721   -19.98   11.25
 220410.823    43.487   -13.92    6.95
 220786.960    41.975    -4.02    4.42
 221163.098    43.321     3.58    5.04
