#  281.334  -1.496   2.802 ;Mean Elev.(m), Avg Gradient(m/km), RMS Gradient(m/km) - SRTM1     
#  264.502  -2.540   3.975 ;Mean Elev.(m), Avg Gradient(m/km), RMS Gradient(m/km) - ASTER GDEM
#  281.449  -0.912   3.262 ;Mean Elev.(m), Avg Gradient(m/km), RMS Gradient(m/km) - GMTED2010 
  8  16.200961  -2.145973   283.535   283.571 18 52478.37084399 41.406
  9  16.215750  -2.140698   283.513   283.565 21 52513.37078591 18.032
 10  16.204006  -2.144090   284.618   284.675 18 52548.37082958 25.559
 11  16.210625  -2.141053   285.863   285.864 20 52583.37082725 48.739
 12  16.202839  -2.145360   287.048   287.023 18 52618.37080334 51.681
 13  16.216196  -2.140479   286.009   286.049 21 52653.37077789 25.905
 14  16.208533  -2.141468   284.436   284.442 21 52688.37077783 38.681
 15  16.206724  -2.143640   283.649   283.661 20 52723.37082460 26.565
 16  16.194119  -2.147619   283.967   283.974 15 52758.37084631 47.471
 17  16.210252  -2.140483   284.206   284.289 21 52793.37079738 36.852
 18  16.212411  -2.139894   284.154   284.132 21 52828.37086495 17.927
 19  16.213866  -2.141506   284.190   284.209 21 52863.37091021 15.329
 20  16.205227  -2.142733   284.932   284.938 19 52898.37094017 48.124
 21  16.203963  -2.143671   285.581   285.595 19 52933.37088574 49.419
 22  16.207818  -2.141935   286.378   286.401 20 52968.37089469 50.954
 23  16.199316  -2.146435   285.728   285.721 17 53003.37091798 32.093
 24  16.202457  -2.145463   284.592   284.611 18 53038.37086692 39.537
 25  16.204400  -2.143917   283.631   283.641 18 53073.37089441 52.392
 26  16.203061  -2.143973   283.322   283.307 18 53108.37086673 50.020
 27  16.205575  -2.143563   283.683   283.667 20 53143.37090357 24.337
 28  16.209409  -2.141140   283.248   283.274 21 53178.37092312 17.900
 29  16.204559  -2.143797   282.888   282.903 19 53213.37094468 19.872
 30  16.207919  -2.141489   283.847   283.824 20 53248.37091317 26.520
 31  16.202251  -2.145066   284.526   284.520 18 53283.37090615 51.295
 32  16.211411  -2.140653   285.719   285.722 21 53318.37090232 51.142
 33  16.212878  -2.139804   285.185   285.150 21 53353.37086846 23.588
 34  16.205414  -2.144714   284.881   284.903 19 53388.37086686 50.830
 35  16.213735  -2.141477   283.415   283.522 22 53423.37086617 20.683
 36  16.212338  -2.139872   283.278   283.289 21 53458.37087093 51.344
 37  16.199078  -2.144630   283.357   283.404 17 53493.37095715 31.208
 38  16.212598  -2.141617   283.618   283.650 21 53528.37093418 15.244
 39  16.199784  -2.146356   283.602   283.600 17 53563.37096561 31.102
 40  16.211472  -2.139798   283.268   283.309 21 53598.37090447 19.720
 41  16.202158  -2.144807   284.356   284.402 17 53633.37090147 25.980
 42  16.201587  -2.144599   284.767   284.772 17 53668.37092364 28.996
 43  16.212809  -2.140078   286.029   286.046 21 53703.37086503 41.426
 44  16.213128  -2.141181   284.058   284.247 22 53738.37077466 25.850
 45  16.213168  -2.141666   283.438   283.430 21 53773.37078913 24.636
 46  16.211243  -2.140915   283.246   283.253 21 53808.37077533 20.726
 48  16.210871  -2.140320   283.337   283.348 21 53878.37084473 34.428
 49  16.199942  -2.145297   283.765   283.740 17 53913.37089924 29.363
 51  16.206412  -2.142760   283.782   283.837 19 53983.37085309 41.025
 52  16.208843  -2.142119   284.399   284.407 20 54018.37088316 28.788
 53  16.216178  -2.141989   285.095   285.203 22 54053.37087629 21.355
 54  16.208869  -2.142354   286.266   286.155 20 54088.37086797 27.510
 55  16.207469  -2.143228   285.152   285.160 20 54123.37079037 42.794
 56  16.206534  -2.142897   283.840   283.840 20 54158.37083188 48.522
 57  16.207241  -2.143472   283.561   283.583 20 54193.37079153 50.614
 58  16.207187  -2.142886   283.751   283.747 19 54228.37084314 50.013
 59  16.208363  -2.140886   283.953   283.940 20 54263.37086168 19.673
 60  16.208519  -2.141772   283.608   283.551 21 54298.37086691 20.174
 61  16.209237  -2.141390   283.980   283.991 21 54333.37085638 17.652
 63  16.208048  -2.142100   285.632   285.671 21 54403.37080022 37.821
 65  16.209816  -2.141263   285.968   286.024 21 54473.37078584 31.740
 66  16.207843  -2.141902   284.614   284.615 20 54508.37076810 50.543
 67  16.208977  -2.141423   283.614   283.613 21 54543.37080009 48.725
 68  16.207461  -2.143574   283.633   283.676 20 54578.37076992 35.714
 69  16.208825  -2.141910   283.708   283.741 20 54613.37079077 27.175
 70  16.207014  -2.142478   283.887   283.798 20 54648.37079816 23.038
 71  16.207961  -2.141539   283.527   283.500 20 54683.37079761 21.373
 72  16.208379  -2.142556   284.367   284.303 20 54718.37074492 32.107
 73  16.207415  -2.141420   284.903   284.900 20 54753.37077122 38.313
 74  16.207006  -2.142200   285.657   285.642 19 54788.37073645 32.480
 75  16.208345  -2.141902   286.021   286.160 20 54823.37076555 44.208
 76  16.208248  -2.142392   284.464   284.489 20 54858.37073173 37.528
 77  16.206194  -2.142181   284.126   284.148 19 54893.37076843 23.157
 78  16.205695  -2.143515   283.582   283.601 19 54928.37072964 51.300
 80  16.204755  -2.143554   284.181   284.160 19 54998.37078874 20.408
 81  16.206766  -2.143129   283.953   283.904 20 55033.37077722 26.652
 82  16.208708  -2.141353   283.665   283.605 21 55068.37076509 20.016
 83  16.205620  -2.143548   284.603   284.570 19 55103.37070467 50.329
 84  16.207795  -2.142091   285.281   285.326 20 55138.37071279 35.994
 85  16.207534  -2.142967   286.558   286.567 20 55173.37067312 50.427
 86  16.207698  -2.141804   285.198   285.187 20 55208.37070729 33.575
 87  16.206382  -2.142696   284.209   284.223 20 55243.37067827 28.923
 88  16.207152  -2.142692   283.983   283.945 19 55278.37070081 29.721
 89  16.207433  -2.143397   284.084   284.218 20 55313.37066351 29.775
 90  16.208250  -2.142414   284.387   284.385 20 55348.37067161 49.438
 91  16.206910  -2.142816   284.062   284.022 20 55383.37066222 26.952
 92  16.208636  -2.141089   284.012   284.022 20 55418.37068982 20.635
 93  16.208790  -2.141124   284.008   284.023 21 55453.37067032 20.530
 94  16.209428  -2.141371   284.684   284.694 21 55488.37059161 31.400
