-224536.192    24.136     0.00    2.62
-224160.137    24.742     1.61    2.69
-223784.081    25.088     0.92    2.30
-223408.024    25.562     1.26    2.37
-223031.966    25.264    -0.79    2.58
-222655.907    24.255    -2.68    2.84
-222279.847    24.511     0.68    3.22
-221903.786    25.669     3.08    3.74
-221527.724    27.229     4.15    3.55
-221151.661    28.639     3.75    2.41
-220775.597    29.062     1.12    2.46
-220399.531    28.858    -0.54    2.72
-220023.465    28.460    -1.06    2.62
-219647.398    27.716    -1.98    2.38
-219271.330    27.477    -0.64    2.23
-218895.261    26.939    -1.43    2.16
-218519.191    26.669    -0.72    2.55
-218143.119    26.155    -1.37    3.77
-217767.047    23.377    -7.39    6.36
-217390.974    19.970    -9.06    6.31
-217014.900    16.563    -9.06    5.13
-216638.824    14.298    -6.02    3.46
-216262.748    12.699    -4.25    1.86
-215886.671    11.844    -2.27    1.52
-215510.592    11.426    -1.11    0.99
-215134.513    11.167    -0.69    0.89
-214758.432    11.088    -0.21    1.01
-214382.351    10.665    -1.12    1.18
-214006.268    10.128    -1.43    1.10
-213630.185     9.956    -0.46    1.10
-213254.100    10.188     0.62    1.13
-212878.014     9.816    -0.99    1.06
-212501.928     9.345    -1.25    1.28
-212125.840     8.831    -1.37    1.38
-211749.751     8.318    -1.37    1.17
-211373.661     7.777    -1.44    0.66
-210997.570     7.588    -0.50    0.00
-210621.478     7.588     0.00    0.00
-210245.385     7.719     0.35    0.58
-209869.291     8.020     0.80    1.14
-209493.196     8.537     1.37    1.88
-209117.100     8.641     0.28    1.92
-208741.002     8.746     0.28    1.97
-208364.904     8.453    -0.78    1.84
-207988.804     8.203    -0.66    1.43
-207612.704     8.032    -0.45    1.21
-207236.602     7.825    -0.55    0.91
-206860.500     7.813    -0.03    0.89
-206484.396     7.709    -0.28    0.70
-206108.291     7.588    -0.32    0.00
-205732.185     7.588     0.00    0.00
-205356.078     7.588     0.00    0.00
-204979.970     7.588     0.00    0.00
-204603.861     7.588     0.00    0.00
-204227.751     7.588     0.00    0.00
-203851.640     7.588     0.00    0.00
-203475.527     7.588     0.00    0.00
-203099.414     7.588     0.00    0.00
-202723.299     7.588     0.00    0.00
-202347.184     7.588     0.00    0.00
-201971.067     7.588     0.00    0.00
-201594.949     7.716     0.34    0.80
-201218.830     7.885     0.45    1.24
-200842.710     7.777    -0.29    0.70
-200466.589     7.831     0.14    0.83
-200090.467     7.713    -0.31    0.71
-199714.343     7.947     0.62    1.27
-199338.219     8.088     0.37    1.52
-198962.093     7.810    -0.74    1.05
-198585.967     7.858     0.13    1.07
-198209.839     7.727    -0.35    0.49
-197833.710     7.641    -0.23    0.32
-197457.580     7.639    -0.00    0.32
-197081.449     7.588    -0.14    0.00
-196705.317     7.614     0.07    0.16
-196329.183     7.614     0.00    0.16
-195953.049     7.562    -0.14    0.37
-195576.913     7.453    -0.29    0.48
-195200.776     7.313    -0.37    0.51
-194824.638     7.183    -0.35    0.60
-194448.499     7.101    -0.22    0.56
-194072.359     7.155     0.14    0.60
-193696.218     7.302     0.39    0.62
-193320.076     7.357     0.15    0.48
-192943.932     7.562     0.55    0.43
-192567.788     7.671     0.29    0.28
-192191.642     7.667    -0.01    0.27
-191815.495     7.616    -0.14    0.29
-191439.347     7.562    -0.14    0.37
-191063.197     7.434    -0.34    0.49
-190687.047     7.372    -0.17    0.48
-190310.896     7.404     0.09    0.46
-189934.743     7.404     0.00    0.46
-189558.589     7.513     0.29    0.42
-189182.434     7.588     0.20    0.41
-188806.278     7.688     0.27    0.38
-188430.121     7.665    -0.06    0.27
-188053.962     7.642    -0.06    0.23
-187677.803     7.642     0.00    0.23
-187301.642     7.588    -0.14    0.00
-186925.480     7.588     0.00    0.00
-186549.317     7.588     0.00    0.00
-186173.153     7.588     0.00    0.00
-185796.987     7.588     0.00    0.23
-185420.821     7.562    -0.07    0.37
-185044.653     7.421    -0.37    0.51
-184668.484     7.272    -0.40    0.57
-184292.314     7.101    -0.46    0.56
-183916.143     7.009    -0.24    0.50
-183539.970     7.155     0.39    0.50
-183163.797     7.332     0.47    0.44
-182787.622     7.534     0.54    0.23
-182411.446     7.588     0.14    0.00
-182035.269     7.767     0.48    0.68
-181659.090     7.959     0.51    1.00
-181282.911     8.399     1.17    1.29
-180906.730     8.696     0.79    1.41
-180530.548     8.804     0.29    1.40
-180154.365     8.430    -0.99    1.24
-179778.181     8.005    -1.13    0.91
-179401.995     7.738    -0.71    0.48
-179025.808     7.588    -0.40    0.00
-178649.621     7.588     0.00    0.00
-178273.431     7.719     0.35    0.66
-177897.241     7.956     0.63    1.60
-177521.050     8.009     0.14    1.65
-177144.857     7.921    -0.23    1.59
-176768.663     7.921     0.00    1.51
-176392.468     8.532     1.62    3.57
-176016.271    12.485    10.51   10.30
-175640.074    16.434    10.50   13.83
-175263.875    24.838    22.34   20.89
-174887.675    40.534    41.72   31.50
-174511.474    48.264    20.55   31.79
-174135.271    49.372     2.95   29.55
-173759.068    40.746   -22.93   17.21
-173382.863    36.345   -11.70   11.49
-173006.657    37.126     2.08   11.09
-172630.450    39.742     6.95   11.35
-172254.241    47.088    19.53   16.05
-171878.031    58.693    30.85   30.36
-171501.820    71.075    32.91   34.77
-171125.608    85.998    39.67   32.86
-170749.394   106.291    53.94   38.63
-170373.180   123.562    45.91   34.55
-169996.964   128.810    13.95   31.79
-169620.747   135.639    18.15   31.54
-169244.528   144.819    24.40   34.87
-168868.308   162.213    46.23   30.98
-168492.087   176.870    38.96   22.93
-168115.865   186.804    26.40   19.87
-167739.642   186.723    -0.22   18.44
-167363.417   169.229   -46.50   32.52
-166987.191   146.782   -59.66   41.17
-166610.964   113.588   -88.23   45.91
-166234.736    81.049   -86.48   30.39
-165858.506    63.372   -46.99   15.30
-165482.275    64.152     2.07   14.09
-165106.043    71.767    20.24   16.82
-164729.809    82.639    28.90   20.92
-164353.575    95.831    35.06   30.13
-163977.339   101.509    15.09   29.54
-163601.206   114.858    35.49   27.03
-163225.228   126.696    31.48   31.28
-162849.249   146.155    51.76   34.63
-162473.268   170.025    63.49   28.34
-162097.286   187.947    47.67   20.40
-161721.303   191.819    10.30   17.68
-161345.318   192.171     0.94   15.12
-160969.332   182.485   -25.76   19.52
-160593.345   169.477   -34.60   18.39
-160217.357   158.332   -29.64   15.56
-159841.367   153.062   -14.02   11.85
-159465.376   153.804     1.97   11.26
-159089.384   156.237     6.47   11.08
-158713.390   160.639    11.71   10.27
-158337.395   161.490     2.26   14.50
-157961.399   163.116     4.32   17.84
-157585.402   157.203   -15.72   25.01
-157209.403   146.399   -28.74   28.06
-156833.403   136.101   -27.39   26.08
-156457.402   120.858   -40.54   22.06
-156081.399   108.416   -33.09   16.88
-155705.395    99.998   -22.39   15.80
-155329.390    87.863   -32.27   12.54
-154953.383    81.047   -18.13   10.60
-154577.376    74.511   -17.38    8.79
-154201.366    69.227   -14.05    7.30
-153825.356    64.325   -13.04    7.92
-153449.344    58.255   -16.14    8.01
-153073.331    53.511   -12.62    7.45
-152697.317    47.560   -15.83    4.94
-152321.301    43.983    -9.51    4.30
-151945.284    41.690    -6.10    3.90
-151569.266    44.810     8.30   11.15
-151193.246    51.332    17.34   15.54
-150817.225    61.804    27.85   17.05
-150441.203    75.128    35.43   17.86
-150065.179    87.588    33.13   20.36
-149689.154    95.616    21.35   23.00
-149313.128   109.075    35.79   23.59
-148937.100   121.913    34.14   22.83
-148561.071   131.561    25.66   19.65
-148185.041   138.138    17.49   20.84
-147809.009   138.535     1.06   22.88
-147432.976   143.998    14.53   26.33
-147056.942   150.047    16.09   26.36
-146680.907   147.793    -5.99   25.15
-146304.870   138.171   -25.59   23.95
-145928.831   126.669   -30.59   17.01
-145552.792   122.798   -10.29   11.32
-145176.751   124.074     3.39   11.49
-144800.708   127.819     9.96   12.06
-144424.664   131.998    11.11   14.32
-144048.619   136.699    12.50   18.12
-143672.573   147.155    27.81   19.42
-143296.525   159.777    33.56   20.84
-142920.476   174.351    38.75   19.31
-142544.425   184.913    28.09   21.18
-142168.374   193.804    23.64   19.91
-141792.320   201.973    21.72   17.75
-141416.266   203.693     4.58   17.82
-141040.210   208.325    12.32   15.35
-140664.153   210.966     7.02   14.64
-140288.094   212.813     4.91   13.56
-139912.034   216.141     8.85   12.09
-139535.972   220.723    12.19   10.81
-139159.909   227.831    18.90   11.95
-138783.845   241.531    36.43   17.88
-138407.780   253.075    30.70   19.17
-138031.713   267.562    38.52   15.95
-137655.644   276.788    24.53   10.46
-137279.575   280.912    10.97    9.09
-136903.504   284.047     8.34    8.08
-136527.431   288.101    10.78   10.18
-136151.357   293.463    14.26   11.32
-135775.282   299.453    15.93    8.53
-135399.205   301.904     6.52    6.36
-135023.127   300.825    -2.87    6.70
-134647.048   298.998    -4.86    5.57
-134270.967   298.020    -2.60    3.82
-133894.885   300.763     7.29    4.09
-133518.801   304.930    11.08    6.12
-133142.716   305.755     2.19   13.03
-132766.629   303.345    -6.41   20.67
-132390.542   289.810   -35.99   33.23
-132014.452   272.641   -45.65   37.32
-131638.362   253.152   -51.82   35.20
-131262.269   239.502   -36.29   26.53
-130886.176   233.280   -16.54   23.39
-130510.081   227.693   -14.86   21.29
-130133.985   220.282   -19.70   19.70
-129757.887   213.511   -18.00   15.13
-129381.788   206.772   -17.92   12.19
-129005.687   203.024    -9.97   14.69
-128629.585   202.719    -0.81   20.08
-128253.482   202.306    -1.10   25.48
-127877.377   198.921    -9.00   28.90
-127501.271   198.049    -2.32   30.36
-127125.163   189.844   -21.82   30.86
-126749.054   184.505   -14.20   34.39
-126372.943   188.588    10.86   35.88
-125996.831   187.237    -3.59   35.84
-125620.718   180.507   -17.89   32.77
-125244.603   173.377   -18.96   25.79
-124868.486   166.616   -17.98   22.54
-124492.369   151.438   -40.35   19.44
-124116.249   145.746   -15.13   19.87
-123740.129   142.101    -9.69   20.64
-123364.007   136.049   -16.09   21.90
-122987.883   134.825    -3.26   25.00
-122611.758   130.377   -11.82   27.99
-122235.632   129.667    -1.89   32.49
-121859.504   135.383    15.20   39.15
-121483.374   145.020    25.62   40.38
-121107.243   144.690    -0.88   36.19
-120731.111   139.688   -13.30   34.98
-120354.977   136.159    -9.38   33.29
-119978.842   132.615    -9.42   32.71
-119602.705   119.642   -34.49   36.44
-119226.567    96.669   -61.08   49.43
-118850.428    65.885   -81.84   40.58
-118474.287    44.559   -56.70   25.27
-118098.144    38.663   -15.68   18.07
-117722.000    47.229    22.77   21.23
-117345.855    60.453    35.16   26.06
-116969.708    82.229    57.89   37.52
-116593.559   101.614    51.54   38.60
-116217.409   136.562    92.91   47.81
-115841.258   157.642    56.04   43.47
-115465.105   172.588    39.73   45.50
-115088.951   184.671    32.12   49.69
-114712.795   170.947   -36.49   51.19
-114336.637   164.588   -16.90   44.67
-113960.479   162.119    -6.56   35.22
-113584.318   175.511    35.60   35.95
-113208.156   199.020    62.50   41.12
-112831.993   219.282    53.86   36.26
-112455.828   232.237    34.44   23.41
-112079.662   233.866     4.33   26.18
-111703.494   233.456    -1.09   29.57
-111327.325   233.178    -0.74   29.84
-110951.154   245.642    33.13   25.44
-110574.982   258.178    33.32   23.36
-110198.808   268.998    28.76   16.22
-109822.633   277.614    22.90   10.15
-109446.456   280.777     8.41    8.69
-109070.277   282.332     4.13    7.85
-108694.098   283.588     3.34    7.75
-108317.916   283.719     0.35    8.47
-107941.733   281.062    -7.07   11.17
-107565.549   278.494    -6.82   13.97
-107189.363   269.203   -24.70   18.33
-106813.176   257.772   -30.39   21.62
-106436.987   250.282   -19.91   24.19
-106060.796   244.167   -16.26   24.68
-105684.604   245.588     3.78   26.44
-105308.411   258.088    33.23   22.87
-104932.215   261.819     9.92   18.93
-104556.019   258.588    -8.59   18.08
-104179.821   248.167   -27.70   23.61
-103803.621   240.178   -21.24   27.90
-103427.420   239.203    -2.59   30.09
-103051.217   244.669    14.53   29.68
-102675.013   246.488     4.83   22.02
-102298.807   242.696   -10.08   20.39
-101922.600   243.074     1.01   17.72
-101546.391   246.696     9.63   20.72
-101170.180   258.216    30.62   20.69
-100793.968   270.716    33.22   17.93
-100417.755   276.819    16.22   15.17
-100041.539   277.588     2.04   12.86
 -99665.323   269.562   -21.33   17.51
 -99289.105   260.005   -25.40   18.25
 -98912.885   253.877   -16.29   17.61
 -98536.663   249.588   -11.40   18.06
 -98160.441   253.615    10.70   20.03
 -97784.216   263.746    26.93   17.72
 -97407.990   271.088    19.51   18.30
 -97031.762   272.213     2.99   14.82
 -96655.533   265.885   -16.82   18.21
 -96279.303   255.229   -28.32   22.70
 -95903.070   241.306   -37.01   22.52
 -95526.836   236.866   -11.80   24.34
 -95150.601   235.669    -3.18   23.62
 -94774.364   231.399   -11.35   21.91
 -94398.125   226.141   -13.98   21.33
 -94021.885   214.408   -31.18   20.50
 -93645.643   204.171   -27.21   20.21
 -93269.400   192.638   -30.65   19.49
 -92893.155   189.351    -8.74   16.80
 -92516.908   196.282    18.42   22.60
 -92140.660   213.193    44.95   26.91
 -91764.411   229.896    44.39   22.47
 -91388.159   248.851    50.38   19.42
 -91011.907   258.219    24.90   16.71
 -90635.652   269.562    30.15   13.89
 -90259.396   279.505    26.42   13.12
 -89883.138   284.788    14.04   14.72
 -89506.879   293.896    24.21   15.97
 -89130.618   303.416    25.30   14.11
 -88754.356   310.939    19.99   10.65
 -88378.345   317.237    16.75    5.43
 -88002.410   319.426     5.82    4.51
 -87626.474   320.178     2.00    4.02
 -87250.537   321.155     2.60    3.82
 -86874.598   321.838     1.82    4.40
 -86498.657   322.460     1.65    4.74
 -86122.715   322.507     0.13    4.58
 -85746.771   322.825     0.85    4.66
 -85370.825   323.537     1.89    4.72
 -84994.878   324.193     1.75    3.97
 -84618.929   324.505     0.83    3.43
 -84242.978   324.896     1.04    2.42
 -83867.026   324.866    -0.08    2.05
 -83491.073   324.485    -1.01    2.48
 -83115.117   323.844    -1.71    2.70
 -82739.160   322.588    -3.34    3.37
 -82363.202   321.993    -1.58    3.30
 -81987.242   321.642    -0.93    2.89
 -81611.280   322.351     1.89    1.87
 -81235.316   322.665     0.83    1.74
 -80859.351   322.699     0.09    1.62
 -80483.384   322.306    -1.05    1.70
 -80107.416   322.306     0.00    2.01
 -79731.446   321.641    -1.77    2.56
 -79355.474   321.669     0.08    2.66
 -78979.501   321.430    -0.64    2.39
 -78603.526   321.383    -0.13    2.23
 -78227.549   322.088     1.88    1.58
 -77851.571   321.921    -0.44    1.49
 -77475.591   321.643    -0.74    1.77
 -77099.610   321.377    -0.71    1.70
 -76723.626   320.870    -1.35    1.93
 -76347.641   319.775    -2.91    1.57
 -75971.655   318.318    -3.88    2.31
 -75595.667   317.141    -3.13    2.38
 -75219.677   316.966    -0.46    2.38
 -74843.685   317.690     1.93    3.06
 -74467.692   319.155     3.90    3.17
 -74091.697   321.819     7.08    3.17
 -73715.701   324.101     6.07    3.11
 -73339.702   325.844     4.64    2.67
 -72963.703   327.210     3.63    1.72
 -72587.701   327.947     1.96    2.21
 -72211.698   328.983     2.75    3.49
 -71835.693   329.782     2.13    4.55
 -71459.686   328.615    -3.10    6.12
 -71083.678   327.101    -4.03    5.53
 -70707.668   325.885    -3.23    3.81
 -70331.657   325.819    -0.18    3.50
 -69955.643   326.432     1.63    2.44
 -69579.628   326.844     1.10    2.07
 -69203.612   327.024     0.48    2.07
 -68827.593   327.060     0.10    1.68
 -68451.573   327.690     1.68    1.79
 -68075.551   328.237     1.45    1.92
 -67699.528   328.998     2.03    1.77
 -67323.503   329.930     2.48    1.65
 -66947.476   330.693     2.03    1.52
 -66571.447   331.325     1.68    1.50
 -66195.417   332.024     1.86    1.55
 -65819.385   332.434     1.09    1.76
 -65443.352   333.143     1.89    1.75
 -65067.316   333.642     1.33    1.56
 -64691.279   333.993     0.93    1.19
 -64315.240   333.939    -0.14    1.40
 -63939.200   334.020     0.22    1.64
 -63563.158   334.264     0.65    2.01
 -63187.114   335.388     2.99    2.19
 -62811.068   336.203     2.17    2.21
 -62435.021   336.560     0.95    2.22
 -62058.972   336.511    -0.13    1.91
 -61682.921   336.453    -0.15    1.77
 -61306.868   336.325    -0.34    1.70
 -60930.814   336.193    -0.35    1.48
 -60554.758   335.896    -0.79    1.62
 -60178.700   335.885    -0.03    1.45
 -59802.641   336.035     0.40    1.62
 -59426.580   336.363     0.87    1.75
 -59050.517   336.959     1.59    1.61
 -58674.452   337.750     2.10    1.92
 -58298.386   338.534     2.08    1.79
 -57922.318   338.777     0.65    2.01
 -57546.248   339.696     2.44    2.48
 -57170.176   341.060     3.63    3.66
 -56794.103   344.463     9.05    5.27
 -56418.028   346.767     6.13    5.52
 -56041.951   348.183     3.76    5.41
 -55665.872   347.408    -2.06    6.75
 -55289.792   344.641    -7.36    5.64
 -54913.710   344.357    -0.75    4.89
 -54537.626   344.750     1.04    5.29
 -54161.540   347.126     6.32    5.77
 -53785.453   348.199     2.85    5.14
 -53409.364   348.930     1.94    4.76
 -53033.273   348.178    -2.00    4.88
 -52657.180   346.853    -3.52    4.96
 -52281.086   345.947    -2.41    4.90
 -51904.990   344.453    -3.97    5.47
 -51528.892   342.372    -5.53    5.58
 -51152.792   339.642    -7.26    4.45
 -50776.690   337.810    -4.87    2.27
 -50400.587   337.460    -0.93    1.87
 -50024.482   337.963     1.34    2.36
 -49648.375   337.939    -0.06    2.69
 -49272.267   338.485     1.45    2.53
 -48896.156   338.126    -0.95    2.45
 -48520.044   337.383    -1.98    2.23
 -48143.930   337.035    -0.92    2.62
 -47767.814   336.511    -1.39    2.95
 -47391.697   335.560    -2.53    3.04
 -47015.578   334.507    -2.80    3.29
 -46639.456   332.930    -4.19    3.77
 -46263.334   331.764    -3.10    3.20
 -45887.209   331.896     0.35    3.40
 -45511.082   331.819    -0.20    3.05
 -45134.954   331.838     0.05    2.60
 -44758.824   332.020     0.49    2.48
 -44382.692   331.949    -0.19    2.31
 -44006.558   332.114     0.44    2.15
 -43630.423   332.263     0.40    2.26
 -43254.286   332.696     1.15    2.26
 -42878.146   332.767     0.19    2.60
 -42502.006   331.798    -2.58    3.87
 -42125.863   329.141    -7.07    6.23
 -41749.718   326.101    -8.08    7.11
 -41373.572   322.138   -10.54    8.15
 -40997.424   313.210   -23.74   17.61
 -40621.274   302.155   -29.39   24.20
 -40245.122   281.912   -53.82   32.05
 -39868.968   255.845   -69.30   30.98
 -39492.813   242.357   -35.86   29.98
 -39116.656   228.819   -35.99   33.06
 -38740.496   213.977   -39.46   40.08
 -38364.335   190.615   -62.11   42.22
 -37988.173   176.210   -38.30   38.17
 -37612.008   169.667   -17.39   41.48
 -37235.842   168.813    -2.27   45.16
 -36859.673   169.101     0.77   43.78
 -36483.503   172.719     9.62   53.95
 -36107.331   181.825    24.20   67.96
 -35731.158   188.870    18.73   68.94
 -35354.982   185.426    -9.16   64.42
 -34978.804   185.563     0.36   65.17
 -34602.625   190.193    12.31   62.28
 -34226.444   186.993    -8.51   66.78
 -33850.261   187.750     2.01   63.49
 -33474.076   190.088     6.21   70.68
 -33097.889   182.614   -19.87   76.99
 -32721.701   190.973    22.22   82.02
 -32345.510   195.474    11.96   78.27
 -31969.318   203.075    20.21   90.76
 -31593.124   203.507     1.15   87.27
 -31216.928   203.227    -0.74   76.53
 -30840.730   216.152    34.36   79.04
 -30464.530   225.851    25.78   80.58
 -30088.329   245.742    52.87   83.02
 -29712.125   246.009     0.71   92.75
 -29335.920   250.038    10.71   91.27
 -28959.713   233.966   -42.72   92.87
 -28583.504   215.538   -48.98   96.68
 -28207.293   176.819  -102.92  100.60
 -27831.080   128.893  -127.39   74.55
 -27454.865   102.939   -68.99   41.67
 -27078.649    98.804   -10.99   32.79
 -26702.430   125.804    71.77   48.04
 -26326.210   168.485   113.45   59.89
 -25949.988   216.060   126.45   62.14
 -25573.763   266.767   134.78   55.05
 -25197.537   300.404    89.40   41.10
 -24821.309   328.449    74.54   16.94
 -24445.080   338.793    27.49   11.25
 -24068.848   344.614    15.47    8.40
 -23692.614   349.772    13.71    5.74
 -23316.379   352.141     6.30    4.68
 -22940.142   354.306     5.76    3.46
 -22563.902   356.291     5.28    3.20
 -22187.661   357.921     4.33    2.68
 -21811.418   359.513     4.23    2.28
 -21435.173   360.282     2.05    1.86
 -21058.926   360.966     1.82    1.36
 -20682.677   361.399     1.15    1.76
 -20306.427   362.399     2.66    2.30
 -19930.174   363.912     4.02    2.54
 -19553.919   365.302     3.69    2.05
 -19177.663   366.613     3.48    2.18
 -18801.405   367.588     2.59    1.79
 -18425.144   368.074     1.29    1.59
 -18048.882   368.280     0.55    1.94
 -17672.618   368.088    -0.51    2.39
 -17296.352   367.973    -0.31    2.17
 -16920.084   368.318     0.92    2.29
 -16543.814   368.614     0.79    2.66
 -16167.542   368.588    -0.07    2.88
 -15791.268   368.973     1.02    2.73
 -15414.993   369.088     0.31    2.89
 -15038.715   369.830     1.97    3.07
 -14662.435   371.480     4.38    3.38
 -14286.154   372.642     3.09    3.75
 -13909.870   374.696     5.46    3.30
 -13533.633   375.804     2.95    2.53
 -13157.733   376.866     2.82    2.34
 -12781.831   378.101     3.29    2.73
 -12405.928   379.075     2.59    2.91
 -12030.022   379.798     1.92    2.68
 -11654.114   379.562    -0.63    2.45
 -11278.204   379.101    -1.23    3.11
 -10902.293   378.101    -2.66    2.93
 -10526.379   377.669    -1.15    2.66
 -10150.464   377.203    -1.24    1.65
  -9774.546   377.727     1.39    1.96
  -9398.627   378.152     1.13    1.86
  -9022.706   378.434     0.75    1.80
  -8646.782   378.838     1.07    1.95
  -8270.857   379.178     0.90    1.50
  -7894.930   379.453     0.73    1.55
  -7519.000   380.399     2.52    2.15
  -7143.069   381.318     2.44    2.41
  -6767.136   382.282     2.57    2.48
  -6391.201   383.351     2.84    2.36
  -6015.264   383.665     0.83    2.76
  -5639.325   383.101    -1.50    3.32
  -5263.384   381.793    -3.48    5.87
  -4887.441   378.562    -8.59    9.81
  -4511.496   375.203    -8.93   14.34
  -4135.549   372.264    -7.82   17.03
  -3759.600   367.896   -11.62   17.12
  -3383.649   357.993   -26.34   25.45
  -3007.696   341.298   -44.41   40.13
  -2631.741   301.237  -106.56   66.71
  -2255.784   255.588  -121.42   75.84
  -1879.825   195.844  -158.91   81.27
  -1503.864   137.509  -155.16   73.37
  -1127.901    94.560  -114.24   62.02
   -751.936    52.614  -111.57   49.65
   -375.970    20.393   -85.70   33.69
     -0.001     5.460   -39.72   17.85
    375.970    -1.333   -18.07    0.49
    751.943     3.804    13.66   12.34
   1127.918    19.351    41.35   26.87
   1503.895    37.588    48.51   35.23
   1879.874    58.537    55.72   38.51
   2255.855    87.532    77.12   38.55
   2631.838   114.035    70.49   43.97
   3007.823   143.719    78.95   52.42
   3383.809   172.345    76.13   60.36
   3759.798   197.210    66.13   75.52
   4135.789   210.941    36.52   92.59
   4511.782   207.742    -8.51   94.66
   4887.777   199.793   -21.14   95.41
   5263.774   177.310   -59.80   79.21
   5639.774   176.203    -2.94   70.13
   6015.775   177.532     3.53   62.30
   6391.778   201.325    63.28   84.51
   6767.783   239.870   102.51   94.37
   7143.790   265.272    67.56   96.82
   7519.799   289.507    64.45   90.59
   7895.811   296.921    19.72   86.89
   8271.824   306.463    25.38   76.15
   8647.839   321.750    40.66   65.37
   9023.857   332.793    29.37   56.51
   9399.876   349.750    45.10   48.94
   9775.897   366.912    45.64   35.66
  10151.921   382.372    41.11   16.27
  10527.946   389.074    17.82    5.87
  10903.974   390.896     4.85    5.47
  11280.004   392.263     3.64    5.68
  11656.035   394.047     4.75    4.60
  12032.069   395.255     3.21    2.39
  12408.105   395.616     0.96    2.46
  12784.143   395.535    -0.21    2.14
  13160.183   395.998     1.23    2.30
  13536.225   395.404    -1.58    4.27
  13912.269   394.480    -2.46    6.20
  14288.315   394.141    -0.90    6.57
  14664.363   396.188     5.44    5.59
  15040.413   398.143     5.20    4.77
  15416.465   399.690     4.11    3.91
  15792.520   401.904     5.89    1.74
  16168.576   402.993     2.90    1.62
  16544.635   403.831     2.23    1.71
  16920.695   404.421     1.57    1.34
  17296.758   404.408    -0.03    2.83
  17672.823   403.063    -3.58    5.40
  18048.890   402.723    -0.90    5.99
  18424.959   402.863     0.37    6.47
  18801.030   402.693    -0.45    6.58
  19177.103   402.404    -0.77    6.56
  19553.178   402.696     0.78    5.90
  19929.255   402.351    -0.92    5.79
  20305.335   402.088    -0.70    5.54
  20681.416   402.318     0.61    5.25
  21057.500   402.351     0.09    4.35
  21433.585   402.731     1.01    3.61
  21809.673   403.101     0.98    2.71
  22185.763   403.049    -0.14    2.72
  22561.855   402.642    -1.08    2.89
  22937.949   402.804     0.43    2.96
  23314.045   402.642    -0.43    3.28
  23690.143   402.690     0.13    3.42
  24066.244   403.613     2.45    3.02
  24442.346   403.966     0.94    2.69
  24818.451   404.332     0.97    2.31
  25194.557   404.535     0.54    2.24
  25570.666   404.535     0.00    2.29
  25946.777   404.696     0.43    2.54
  26322.890   405.229     1.42    2.68
  26699.005   406.483     3.33    2.31
  27075.123   407.643     3.09    1.45
  27451.242   408.272     1.67    1.14
  27827.364   408.616     0.91    1.73
  28203.487   409.049     1.15    1.80
  28579.613   409.921     2.32    2.14
  28955.741   410.359     1.16    2.37
  29331.871   411.020     1.76    2.38
  29708.003   411.345     0.86    2.06
  30084.138   411.993     1.72    2.19
  30460.274   412.388     1.05    1.81
  30836.413   412.615     0.60    1.62
  31212.554   412.772     0.42    1.92
  31588.697   412.772     0.00    2.00
  31964.842   412.819     0.12    2.21
  32340.989   413.020     0.54    2.63
  32717.138   413.126     0.28    3.39
  33093.290   413.298     0.46    3.72
  33469.443   411.477    -4.84   10.87
  33845.599   409.966    -4.02   16.26
  34221.757   404.642   -14.15   24.86
  34597.917   392.798   -31.49   42.92
  34974.079   380.511   -32.67   42.25
  35350.244   364.557   -42.41   51.92
  35726.410   337.480   -71.98   65.33
  36102.579   302.453   -93.12   75.23
  36478.750   271.128   -83.27   76.01
  36854.923   250.870   -53.85   75.76
  37231.098   234.983   -42.23   81.42
  37607.276   190.332  -118.70   83.16
  37983.456   152.101  -101.63   65.64
  38359.637   120.152   -84.93   31.48
  38735.821   104.372   -41.95   18.00
  39112.007   108.024     9.71   25.48
  39488.196   116.825    23.40   40.93
  39864.386   119.755     7.79   53.76
  40240.579   148.020    75.14   73.77
  40616.774   162.782    39.24   82.70
  40992.971   143.480   -51.31   73.08
  41369.170   120.716   -60.51   61.44
  41745.371    95.900   -65.96   38.71
  42121.575    96.219     0.85   56.02
  42497.781   108.588    32.88   78.27
  42873.989   106.810    -4.73   71.46
  43250.199   112.947    16.31   80.26
  43626.411   110.669    -6.05   84.46
  44002.626    91.742   -50.31   59.89
  44378.843    82.298   -25.10   46.82
  44755.062    83.075     2.06   44.36
  45131.283   100.264    45.69   65.48
  45507.506   100.947     1.82   68.07
  45883.732    94.973   -15.88   61.70
  46259.960    79.671   -40.67   32.55
  46636.190    73.615   -16.10   21.89
  47012.422    76.615     7.97   22.16
  47388.657    78.101     3.95   27.66
  47764.893    82.939    12.86   33.31
  48141.132    81.474    -3.90   34.82
  48517.373    76.913   -12.12   34.04
  48893.617    74.024    -7.68   29.57
  49269.862    65.782   -21.90   22.47
  49646.110    65.408    -0.99   24.81
  50022.360    65.426     0.05   25.94
  50398.612    70.614    13.79   28.93
  50774.867    79.219    22.87   34.06
  51151.124    87.306    21.49   31.83
  51527.383    92.804    14.61   29.12
  51903.644    94.351     4.11   27.55
  52279.907    99.488    13.65   28.66
  52656.173   113.388    36.94   41.95
  53032.441   148.966    94.56   64.27
  53408.711   212.831   169.73   81.27
  53784.983   273.966   162.48   88.28
  54161.258   331.155   151.99   80.89
  54537.535   367.088    95.50   67.25
  54913.814   385.663    49.37   49.88
  55290.095   380.973   -12.47   52.94
  55666.379   365.101   -42.18   63.36
  56042.665   357.562   -20.04   70.15
  56418.953   366.956    24.97   61.70
  56795.244   359.588   -19.58   72.79
  57171.536   324.877   -92.24   96.68
  57547.831   250.024  -198.92  113.83
  57924.128   165.199  -225.42   88.34
  58300.428   114.667  -134.29   49.89
  58676.730    90.485   -64.26   24.47
  59053.034    82.921   -20.10   22.08
  59429.340    83.973     2.79   24.57
  59805.648    77.426   -17.40   24.73
  60181.959    66.777   -28.30   20.07
  60558.272    58.345   -22.41   11.50
  60934.588    55.838    -6.66    5.83
  61310.905    55.562    -0.73    5.68
  61686.999    55.413    -0.40    5.47
  62062.861    54.237    -3.13    2.26
  62438.725    55.088     2.27    7.34
  62814.591    55.325     0.63    5.74
  63190.460    57.280     5.20    6.37
  63566.330    60.272     7.96    7.20
  63942.204    62.819     6.78    6.60
  64318.079    66.005     8.48    6.74
  64693.957    68.351     6.24   11.15
  65069.837    70.537     5.81   14.58
  65445.719    68.874    -4.42   13.02
  65821.603    73.485    12.27   17.39
  66197.490    80.460    18.55   23.14
  66573.379    81.858     3.72   24.46
  66949.271    82.993     3.02   23.57
  67325.165    84.866     4.98   22.37
  67701.061    85.024     0.42   19.08
  68076.959    90.490    14.54   19.05
  68452.860   100.588    26.86   16.30
  68828.763   110.255    25.72   11.27
  69204.668   112.377     5.65   17.31
  69580.576   110.178    -5.85   19.42
  69956.486   108.345    -4.88   19.23
  70332.398   107.913    -1.15   17.75
  70708.312   116.210    22.07   22.37
  71084.229   126.858    28.33   24.21
  71460.148   139.966    34.87   27.75
  71836.070   155.294    40.77   30.65
  72211.994   165.639    27.52   34.64
  72587.920   175.973    27.49   35.16
  72963.848   175.338    -1.69   37.08
  73339.779   167.912   -19.75   34.17
  73715.712   152.449   -41.13   38.87
  74091.648   139.062   -35.61   34.60
  74467.585   133.913   -13.70   34.42
  74843.526   133.155    -2.01   36.54
  75219.468   133.614     1.22   40.81
  75595.413   129.667   -10.50   41.11
  75971.360   116.088   -36.12   35.96
  76347.310   106.237   -26.20   29.28
  76723.261   103.913    -6.18   29.10
  77099.216    98.399   -14.67   18.68
  77475.172   101.047     7.05   18.70
  77851.131   103.615     6.83   20.64
  78227.092   100.216    -9.04   20.76
  78603.056    91.203   -23.97   18.24
  78979.022    82.690   -22.64    9.84
  79354.990    80.143    -6.77    6.53
  79730.961    78.904    -3.30    4.97
  80106.934    78.893    -0.03    4.76
  80482.909    77.351    -4.10    4.34
  80858.887    76.013    -3.56    4.47
  81234.867    74.912    -2.93    5.36
  81610.849    73.877    -2.75    3.42
  81986.834    75.825     5.18    7.05
  82362.821    77.793     5.24   12.75
  82738.811    79.642     4.92   14.17
  83114.803    80.988     3.58   14.90
  83490.797    84.844    10.26   18.80
  83866.794    88.426     9.53   22.43
  84242.793    97.237    23.43   27.77
  84618.795   106.047    23.43   33.56
  84994.798   103.511    -6.75   32.57
  85370.805   108.460    13.16   32.51
  85746.813   118.199    25.90   35.96
  86122.824   119.193     2.64   36.14
  86498.838   126.183    18.59   37.20
  86874.853   123.143    -8.08   34.94
  87250.872   130.101    18.50   37.02
  87626.892   135.804    15.17   35.63
  88002.915   128.930   -18.28   37.82
  88378.941   116.588   -32.82   34.19
  88754.968   105.863   -28.52   20.69
  89130.998   106.669     2.14   24.23
  89507.031   121.763    40.14   34.47
  89883.066   145.332    62.68   42.16
  90259.103   159.939    38.85   36.71
  90635.143   156.020   -10.42   39.20
  91011.185   138.696   -46.07   37.29
  91387.230   122.272   -43.68   25.86
  91763.277   118.690    -9.52   16.46
  92139.326   132.366    36.37   27.03
  92515.378   145.438    34.76   32.25
  92891.433   146.588     3.06   29.49
  93267.489   146.893     0.81   26.87
  93643.548   154.772    20.95   31.79
  94019.610   164.614    26.17   38.37
  94395.674   167.921     8.80   38.08
  94771.740   166.193    -4.60   37.93
  95147.809   161.563   -12.31   33.88
  95523.880   154.060   -19.95   26.57
  95899.954   156.638     6.85   28.50
  96276.030   155.152    -3.95   26.04
  96652.109   152.331    -7.50   24.95
  97028.190   150.615    -4.56   18.27
  97404.273   157.264    17.68   23.31
  97780.359   161.318    10.78   24.17
  98156.447   157.921    -9.03   22.53
  98532.538   153.993   -10.44   14.47
  98908.631   163.813    26.11   26.07
  99284.727   164.667     2.27   27.08
  99660.825   163.291    -3.66   28.58
 100036.926   157.035   -16.63   29.50
 100413.029   142.896   -37.60   13.06
 100789.134   141.983    -2.43   11.00
 101165.242   146.171    11.14   15.23
 101541.352   153.819    20.33   18.87
 101917.465   157.858    10.74   20.63
 102293.580   162.938    13.51   24.51
 102669.698   168.973    16.04   26.84
 103045.818   173.131    11.06   28.50
 103421.941   170.885    -5.97   28.50
 103798.066   169.155    -4.60   23.91
 104174.194   164.272   -12.98   19.27
 104550.324   167.126     7.59   21.25
 104926.457   177.588    27.81   28.08
 105302.592   178.442     2.27   29.35
 105678.729   184.614    16.41   32.70
 106054.869   189.237    12.29   30.84
 106431.012   191.325     5.55   27.94
 106807.157   204.614    35.33   36.10
 107183.304   211.178    17.45   39.10
 107559.454   222.477    30.04   41.85
 107935.606   228.229    15.29   41.74
 108311.761   227.838    -1.04   36.44
 108687.919   234.537    17.81   33.05
 109064.079   234.152    -1.02   29.64
 109440.241   230.794    -8.93   25.39
 109816.406   237.047    16.62   20.98
 110192.573   245.561    22.63   18.77
 110568.743   253.351    20.71   16.84
 110944.916   261.956    22.88   14.57
 111321.091   260.310    -4.38   21.33
 111697.268   239.888   -54.29   34.61
 112073.448   220.614   -51.24   35.96
 112449.630   200.772   -52.75   25.24
 112825.815   188.588   -32.39   13.23
 113202.003   186.351    -5.95   12.67
 113578.193   185.896    -1.21   11.72
 113954.385   196.372    27.85   18.84
 114330.580   219.049    60.28   39.42
 114706.778   252.727    89.52   59.10
 115082.978   281.024    75.22   62.11
 115459.180   293.203    32.38   54.74
 115835.385   289.213   -10.61   57.97
 116211.593   261.509   -73.64   53.59
 116587.803   235.128   -70.12   25.62
 116964.016   225.642   -25.22   25.01
 117340.231   217.562   -21.48   29.32
 117716.449   213.101   -11.86   37.93
 118092.669   215.947     7.56   41.57
 118468.892   218.178     5.93   42.31
 118845.117   210.772   -19.68   35.87
 119221.345   204.798   -15.88   31.51
 119597.575   205.921     2.98   29.71
 119973.808   210.383    11.86   29.37
 120350.044   225.345    39.77   29.00
 120726.282   239.049    36.43   29.98
 121102.522   248.453    24.99   25.71
 121478.766   245.035    -9.08   24.36
 121855.011   235.746   -24.69   27.59
 122231.260   219.307   -43.69   19.71
 122607.510   222.870     9.47   23.87
 122983.764   247.825    66.33   48.07
 123360.020   273.696    68.76   46.89
 123736.278   288.998    40.67   37.62
 124112.539   294.838    15.52   32.65
 124488.803   276.844   -47.82   37.83
 124865.069   256.408   -54.31   23.99
 125241.338   245.750   -28.33   24.23
 125617.609   230.639   -40.16   28.13
 125993.883   227.511    -8.31   28.78
 126370.159   225.742    -4.70   29.31
 126746.438   225.264    -1.27   31.67
 127122.720   226.537     3.38   30.63
 127499.004   228.345     4.81   25.39
 127875.291   227.298    -2.78   21.49
 128251.580   233.128    15.49   22.66
 128627.872   240.463    19.49   22.95
 129004.167   227.767   -33.74   28.79
 129380.464   229.851     5.54   30.78
 129756.764   234.338    11.92   28.98
 130133.066   240.460    16.27   28.03
 130509.371   245.755    14.07   22.97
 130885.678   238.229   -20.00   25.27
 131261.988   228.537   -25.76   20.34
 131638.301   227.615    -2.45   20.79
 132014.616   222.062   -14.76   22.06
 132390.934   228.178    16.25   28.61
 132767.255   238.408    27.19   33.00
 133143.578   238.047    -0.96   36.03
 133519.903   234.363    -9.79   34.88
 133896.232   221.114   -35.21   31.54
 134272.563   211.183   -26.39   23.09
 134648.896   210.588    -1.58   20.05
 135025.232   210.816     0.61   20.86
 135401.571   212.383     4.16   19.31
 135777.912   213.178     2.11   20.21
 136154.256   222.643    25.15   25.09
 136530.603   241.152    49.18   28.03
 136906.501   254.616    35.82   27.43
 137282.328   252.930    -4.49   27.88
 137658.158   256.537     9.60   28.89
 138033.991   252.237   -11.44   26.17
 138409.826   250.851    -3.69   26.25
 138785.663   246.588   -11.34   22.44
 139161.504   236.613   -26.54   17.87
 139537.346   236.047    -1.50   20.14
 139913.192   231.537   -12.00   16.41
 140289.040   229.819    -4.57   17.83
 140664.891   233.393     9.51   20.51
 141040.745   228.642   -12.64   18.82
 141416.601   227.393    -3.32   17.71
 141792.459   229.332     5.16   17.16
 142168.321   232.913     9.53   18.04
 142544.185   242.128    24.52   18.58
 142920.051   250.639    22.64   16.64
 143295.921   253.866     8.58   19.58
 143671.793   252.930    -2.49   20.34
 144047.667   251.588    -3.57   19.55
 144423.544   250.798    -2.10   18.47
 144799.424   255.588    12.74   18.10
 145175.307   258.509     7.77   19.39
 145551.192   259.988     3.93   19.13
 145927.080   265.372    14.32   20.14
 146302.970   267.788     6.43   19.18
 146678.864   266.152    -4.35   19.60
 147054.759   264.005    -5.71   21.16
 147430.658   266.264     6.01   23.28
 147806.559   268.005     4.63   26.05
 148182.463   271.325     8.83   23.77
 148558.369   268.088    -8.61   20.50
 148934.278   265.310    -7.39   15.37
 149310.190   267.713     6.39   15.87
 149686.105   270.562     7.58   17.84
 150062.022   281.219    28.35   22.43
 150437.942   296.930    41.79   26.61
 150813.864   317.404    54.46   33.34
 151189.790   353.561    96.18   58.37
 151565.717   382.020    75.71   68.25
 151941.648   408.613    70.74   84.31
 152317.581   439.088    81.07   90.40
 152693.517   431.913   -19.09   97.36
 153069.456   399.693   -85.71   93.90
 153445.397   367.237   -86.34   73.37
 153821.341   329.345  -100.79   39.36
 154197.288   313.143   -43.10   15.62
 154573.237   310.229    -7.75   11.45
 154949.189   307.563    -7.09   11.35
 155325.144   304.291    -8.70   13.46
 155701.102   299.913   -11.64   13.96
 156077.062   294.246   -15.07   14.08
 156453.025   291.272    -7.91   14.92
 156828.990   284.483   -18.06   15.83
 157204.959   280.665   -10.15   15.28
 157580.930   284.183     9.36   19.30
 157956.904   286.727     6.77   21.99
 158332.880   296.896    27.05   24.22
 158708.859   304.171    19.35   21.03
 159084.841   307.690     9.36   18.71
 159460.826   312.690    13.30   14.68
 159836.813   315.453     7.35   14.62
 160212.803   317.615     5.75   12.59
 160588.796   321.831    11.21   12.94
 160964.791   325.870    10.74   11.72
 161340.790   328.973     8.25   13.74
 161716.791   329.155     0.49   14.46
 162092.794   331.638     6.60   13.97
 162468.801   331.772     0.36   13.95
 162844.810   328.088    -9.80   13.92
 163220.822   324.318   -10.03   13.56
 163596.836   320.408   -10.40   11.65
 163972.854   318.062    -6.24   11.43
 164348.874   317.310    -2.00   10.22
 164724.897   315.535    -4.72    9.77
 165100.922   316.227     1.84    9.10
 165476.951   316.614     1.03    9.00
 165852.982   316.690     0.20    8.26
 166229.016   319.282     6.89    7.48
 166605.052   324.777    14.61   12.20
 166981.092   326.642     4.96   10.22
 167357.134   329.588     7.83   10.45
 167733.178   329.038    -1.46    9.06
 168109.226   329.534     1.32   10.77
 168485.276   328.434    -2.92   12.14
 168861.330   326.430    -5.33   13.82
 169237.386   323.298    -8.33   12.67
 169613.444   322.372    -2.46    9.28
 169989.506   324.562     5.83    9.60
 170365.570   326.930     6.30    9.40
 170741.637   331.032    10.91    8.37
 171117.707   334.351     8.83    9.05
 171493.779   337.366     8.02    8.48
 171869.854   340.075     7.20    8.26
 172245.932   345.767    15.14   10.78
 172622.013   351.911    16.34   16.17
 172998.097   370.074    48.30   31.07
 173374.183   387.831    47.22   36.30
 173750.273   394.696    18.25   36.91
 174126.365   394.538    -0.42   34.98
 174502.459   385.696   -23.51   32.60
 174878.557   385.280    -1.11   38.37
 175254.657   387.998     7.23   40.78
 175630.761   386.665    -3.55   32.91
 176006.866   383.480    -8.47   18.94
 176382.975   400.203    44.47   35.72
 176759.087   422.798    60.08   41.71
 177135.201   437.477    39.03   41.96
 177511.318   441.128     9.71   38.82
 177887.438   440.750    -1.01   35.82
 178263.561   434.825   -15.75   32.46
 178639.687   430.357   -11.88   33.51
 179015.815   431.213     2.28   33.27
 179391.946   421.372   -26.17   32.17
 179768.080   421.372     0.00   34.60
 180144.217   427.183    15.45   33.95
 180520.357   426.126    -2.81   32.46
 180896.499   428.062     5.15   34.32
 181272.644   439.870    31.39   35.07
 181648.792   440.793     2.45   34.23
 182024.943   425.562   -40.49   32.79
 182401.097   420.155   -14.37   28.09
 182777.254   408.152   -31.91   27.18
 183153.413   406.246    -5.07   28.63
 183529.575   423.032    44.63   34.63
 183905.740   430.561    20.01   35.92
 184281.908   442.534    31.83   28.72
 184658.079   439.114    -9.09   31.65
 185034.253   427.075   -32.01   25.42
 185410.429   423.182   -10.35   25.68
 185786.608   429.693    17.31   25.74
 186162.790   435.641    15.81   26.13
 186538.975   436.155     1.37   23.66
 186915.163   434.947    -3.21   19.65
 187291.354   435.318     0.99   17.89
 187667.547   433.357    -5.21   14.52
 188043.743   436.152     7.43   14.34
 188419.943   442.793    17.65   17.98
 188796.145   448.588    15.40   24.44
 189172.350   450.434     4.91   28.86
 189548.557   451.408     2.59   28.33
 189924.768   451.005    -1.07   36.17
 190300.981   466.696    41.71   52.88
 190677.198   492.430    68.40   62.04
 191053.417   502.183    25.92   52.19
 191429.639   493.306   -23.60   42.11
 191805.864   480.119   -35.05   31.90
 192182.092   475.665   -11.84   29.39
 192558.322   476.434     2.04   29.56
 192934.556   474.393    -5.42   31.03
 193310.792   468.075   -16.79   32.09
 193687.032   454.480   -36.14   24.87
 194063.274   446.511   -21.18   14.67
 194439.519   446.298    -0.56    9.27
 194815.767   450.716    11.74   12.37
 195192.018   462.483    31.27   22.97
 195568.272   469.716    19.23   26.28
 195944.528   468.383    -3.54   26.72
 196320.788   464.421   -10.53   26.63
 196697.050   459.588   -12.85   19.83
 197073.315   464.210    12.28   25.60
 197449.584   463.426    -2.08   24.52
 197825.855   462.264    -3.09   21.92
 198202.129   462.735     1.25   18.13
 198578.405   469.357    17.60   22.73
 198954.685   485.049    41.71   28.59
 199330.968   498.199    34.95   26.54
 199707.254   498.485     0.76   25.40
 200083.542   490.345   -21.64   24.17
 200459.833   485.844   -11.96   19.42
 200836.128   489.588     9.95   21.01
 201212.425   497.332    20.58   18.16
 201588.725   499.453     5.64   16.93
 201965.028   503.075     9.63   18.80
 202341.334   505.442     6.29   19.22
 202717.643   501.643   -10.09   20.30
 203093.955   511.877    27.20   26.95
 203470.270   524.480    33.49   30.26
 203846.587   534.345    26.22   29.92
 204222.908   532.237    -5.60   28.45
 204599.232   525.731   -17.29   24.70
 204975.558   521.742   -10.60   26.73
 205351.887   524.639     7.70   27.57
 205728.220   523.804    -2.22   29.07
 206104.555   519.126   -12.43   33.35
 206480.893   504.282   -39.44   29.82
 206857.234   496.535   -20.59   25.55
 207233.578   489.819   -17.85   26.30
 207609.925   487.351    -6.56   26.26
 207986.275   494.642    19.37   27.68
 208362.628   494.203    -1.17   30.76
 208738.984   498.338    10.99   30.54
 209115.343   487.020   -30.07   33.34
 209491.705   474.408   -33.51   26.49
 209868.069   467.723   -17.76   17.92
 210244.437   469.210     3.95   17.64
 210620.808   477.885    23.05   20.34
 210997.181   486.645    23.28   22.22
 211373.558   496.588    26.42   21.47
 211749.799   500.688    10.90   18.70
 212125.588   501.399     1.89   17.85
 212501.379   498.665    -7.28   19.26
 212877.174   492.430   -16.59   21.10
 213252.972   486.219   -16.53   20.66
 213628.773   482.101   -10.96   15.59
 214004.576   481.983    -0.31   15.13
 214380.383   484.155     5.78   15.34
 214756.192   489.956    15.44   19.22
 215132.005   493.988    10.73   17.58
 215507.820   495.777     4.76   18.93
 215883.639   499.357     9.53   19.45
 216259.460   501.399     5.43   18.16
 216635.284   503.534     5.68   19.66
 217011.112   510.101    17.48   20.10
 217386.942   520.559    27.83   25.47
 217762.776   525.306    12.63   25.54
 218138.612   528.963     9.73   24.72
 218514.451   532.750    10.08   24.14
 218890.293   537.538    12.74   22.51
 219266.139   545.114    20.16   20.88
 219641.987   547.819     7.20   18.87
 220017.838   549.844     5.39   19.83
 220393.692   548.357    -3.96   21.09
 220769.550   536.921   -30.43   22.66
 221145.410   525.614   -30.08   23.56
 221521.273   514.178   -30.43   19.39
 221897.139   508.282   -15.69   10.97
 222273.009   511.819     9.41   12.63
 222648.881   523.983    32.36   17.66
 223024.756   535.210    29.87   16.99
 223400.634   538.128     7.77   15.37
 223776.516   537.588    -1.44   15.14
 224152.400   536.665    -2.46   13.82
 224528.287   539.863     8.51   16.08
 224904.177   546.237    16.96   16.10
 225280.071   552.663    17.10   19.05
 225655.967   555.562     7.71   22.17
 226031.866   549.485   -16.17   23.87
 226407.769   539.229   -27.29   22.42
 226783.674   534.562   -12.42   15.87
 227159.583   537.949     9.01   18.90
 227535.494   544.088    16.33   21.29
 227911.408   551.101    18.66   21.20
 228287.326   563.060    31.82   29.27
 228663.246   573.844    28.69   30.15
 229039.170   585.169    30.13   28.42
