#  281.151  -0.054   0.760 ;Mean Elev.(m), Avg Gradient(m/km), RMS Gradient(m/km) - SRTM1     
#  264.328  -0.113   2.900 ;Mean Elev.(m), Avg Gradient(m/km), RMS Gradient(m/km) - ASTER GDEM
#  281.028  -0.061   0.601 ;Mean Elev.(m), Avg Gradient(m/km), RMS Gradient(m/km) - GMTED2010 
  8   282.639 52478.37086108 27.64  16.181693  -2.233559 12.036
  8   282.568 52478.37086172 28.67  16.180973  -2.236861 26.709
  8   282.538 52478.37086237 29.64  16.180243  -2.240171 26.709
  8   282.795 52478.37086301 31.62  16.179513  -2.243471 26.709
  8   282.962 52478.37086366 34.68  16.178793  -2.246781 26.709
  8   283.042 52478.37086430 43.43  16.178063  -2.250081 26.709
  8   282.897 52478.37086494 49.01  16.177333  -2.253391 26.709
  8   282.939 52478.37086559 46.73  16.176603  -2.256691 26.709
  9   283.032 52513.37080654 19.38  16.192492  -2.246463  5.730
  9   283.160 52513.37080719 21.37  16.191772  -2.249763  5.730
  9   282.870 52513.37080783 19.99  16.191042  -2.253073  5.730
  9   282.886 52513.37080848 22.35  16.190312  -2.256373  5.730
  9   282.808 52513.37080912 20.90  16.189592  -2.259683  5.730
  9   282.733 52513.37080976 23.27  16.188857  -2.262985 28.528
  9   282.705 52513.37081041 24.65  16.188137  -2.266295 28.528
  9   282.753 52513.37081105 26.90  16.187407  -2.269595 28.528
  9   282.880 52513.37081170 33.85  16.186677  -2.272905 28.528
  9   282.925 52513.37081234 37.29  16.185957  -2.276205 28.528
  9   282.947 52513.37081299 42.06  16.185227  -2.279515 28.528
  9   282.798 52513.37081363 45.13  16.184497  -2.282815 28.528
  9   282.816 52513.37081428 44.63  16.183777  -2.286125 28.528
 11   285.358 52583.37084627 50.62  16.189183  -2.238556 45.940
 11   285.322 52583.37084692 50.71  16.188453  -2.241856 45.940
 11   285.304 52583.37084756 50.20  16.187723  -2.245166 45.940
 11   285.297 52583.37084821 50.70  16.187003  -2.248466 45.940
 11   285.262 52583.37084885 49.28  16.186273  -2.251776 45.940
 11   285.251 52583.37084950 51.64  16.185543  -2.255076 45.940
 11   285.230 52583.37085014 50.24  16.184813  -2.258386 45.940
 11   285.091 52583.37085272 52.38  16.181913  -2.271606 45.940
 11   285.064 52583.37085336 54.08  16.181183  -2.274906 45.940
 11   285.042 52583.37085401 50.98  16.180453  -2.278216 45.940
 11   285.020 52583.37085465 52.74  16.179723  -2.281516 45.940
 12   286.691 52618.37082107 51.31  16.182855  -2.236255 44.264
 12   286.695 52618.37082172 52.59  16.182125  -2.239555 44.264
 12   286.693 52618.37082236 51.75  16.181405  -2.242865 44.264
 12   286.682 52618.37082301 49.41  16.180675  -2.246165 44.264
 12   286.678 52618.37082365 50.95  16.179945  -2.249475 44.264
 12   286.671 52618.37082429 52.27  16.179225  -2.252775 44.264
 13   285.977 52653.37079916 33.97  16.192202  -2.249550 30.676
 13   285.804 52653.37079981 25.91  16.191472  -2.252850 30.676
 13   285.854 52653.37080045 28.56  16.190742  -2.256160 30.676
 13   285.983 52653.37080110 32.55  16.190022  -2.259460 30.676
 13   285.907 52653.37080174 34.71  16.189292  -2.262770 30.676
 13   285.954 52653.37080239 36.30  16.188562  -2.266070 30.676
 13   285.889 52653.37080303 36.44  16.187842  -2.269380 30.676
 13   285.856 52653.37080367 31.69  16.187112  -2.272680 30.676
 13   285.624 52653.37080432 25.95  16.186382  -2.275990 30.676
 13   285.482 52653.37080496 26.09  16.185658  -2.279291 28.433
 13   285.786 52653.37080561 28.33  16.184928  -2.282601 28.433
 13   285.835 52653.37080625 34.92  16.184198  -2.285901 28.433
 14   283.775 52688.37079652 38.10  16.187463  -2.237322 43.567
 14   283.662 52688.37079717 35.44  16.186733  -2.240622 43.567
 14   283.840 52688.37079781 42.56  16.186003  -2.243932 43.567
 14   283.764 52688.37079846 40.67  16.185283  -2.247232 43.567
 14   283.785 52688.37079910 42.77  16.184553  -2.250542 43.567
 14   283.786 52688.37079974 45.04  16.183823  -2.253842 43.567
 14   283.666 52688.37080039 42.46  16.183103  -2.257152 43.567
 15   282.677 52723.37084233 20.41  16.186729  -2.234530  8.960
 15   282.402 52723.37084298 21.51  16.186009  -2.237830  8.960
 15   282.298 52723.37084362 21.89  16.185279  -2.241140  8.960
 15   282.602 52723.37084427 21.63  16.184549  -2.244440  8.960
 15   282.732 52723.37084491 20.99  16.183819  -2.247750  8.960
 15   282.890 52723.37084556 23.27  16.183099  -2.251050  8.960
 15   282.788 52723.37084620 36.50  16.182369  -2.254360  8.960
 16   283.284 52758.37086436 53.09  16.173768  -2.240167 48.738
 16   283.278 52758.37086501 51.70  16.173048  -2.243467 48.738
 16   283.259 52758.37086565 50.89  16.172318  -2.246777 48.738
 16   283.249 52758.37086630 51.00  16.171588  -2.250077 48.738
 16   283.226 52758.37086694 48.38  16.170868  -2.253387 48.738
 17   283.619 52793.37081608 47.61  16.189158  -2.236334 34.282
 17   283.549 52793.37081672 50.60  16.188438  -2.239634 34.282
 17   283.532 52793.37081737 46.60  16.187708  -2.242944 34.282
 17   283.512 52793.37081801 47.04  16.186978  -2.246244 34.282
 17   283.504 52793.37081866 50.38  16.186248  -2.249554 34.282
 17   283.491 52793.37081930 48.25  16.185528  -2.252854 34.282
 17   283.485 52793.37081995 48.65  16.184798  -2.256164 34.282
 17   283.468 52793.37082059 47.73  16.184068  -2.259464 34.282
 17   283.350 52793.37082317 52.55  16.181161  -2.272684 46.928
 17   283.340 52793.37082381 51.26  16.180431  -2.275994 46.928
 17   283.319 52793.37082446 51.89  16.179711  -2.279294 46.928
 18   283.107 52828.37088365 21.76  16.191320  -2.235736 10.187
 18   283.083 52828.37088429 21.33  16.190590  -2.239046 10.187
 18   283.112 52828.37088494 19.02  16.189870  -2.242346 10.187
 18   283.111 52828.37088558 19.54  16.189140  -2.245656 10.187
 18   283.094 52828.37088622 17.79  16.188410  -2.248956 10.187
 18   283.239 52828.37088687 22.08  16.187680  -2.252266 10.187
 18   283.276 52828.37088751 29.98  16.186960  -2.255566 10.187
 18   283.364 52828.37088816 25.18  16.186230  -2.258876 10.187
 18   283.253 52828.37088880 25.48  16.185500  -2.262176 10.187
 18   283.241 52828.37088945 26.51  16.184770  -2.265486 10.187
 18   283.194 52828.37089009 24.54  16.184050  -2.268786 10.187
 18   283.176 52828.37089074 23.71  16.183320  -2.272096 10.187
 18   283.111 52828.37089138 21.49  16.182594  -2.275397 11.736
 18   282.962 52828.37089203 17.52  16.181864  -2.278707 11.736
 18   282.980 52828.37089267 16.48  16.181134  -2.282007 11.736
 19   283.501 52863.37092955 26.29  16.192049  -2.240659 18.115
 19   283.442 52863.37093019 24.64  16.191329  -2.243959 18.115
 19   283.486 52863.37093084 22.60  16.190599  -2.247269 18.115
 19   283.526 52863.37093148 18.89  16.189869  -2.250569 18.115
 19   283.443 52863.37093213 16.92  16.189139  -2.253879 18.115
 19   283.540 52863.37093277 21.13  16.188419  -2.257179 18.115
 19   283.243 52863.37093342 20.06  16.187689  -2.260489 18.115
 19   283.284 52863.37093406 24.18  16.186959  -2.263789 18.115
 19   283.327 52863.37093471 22.73  16.186239  -2.267099 18.115
 19   283.181 52863.37093535 23.14  16.185509  -2.270399 18.115
 19   283.151 52863.37093600 19.93  16.184779  -2.273709 18.115
 19   283.123 52863.37093664 17.84  16.184055  -2.277010 17.829
 19   282.972 52863.37093729 16.55  16.183325  -2.280320 17.829
 19   283.319 52863.37093793 17.38  16.182595  -2.283620 17.829
 20   284.251 52898.37095822 51.25  16.184876  -2.235273 49.516
 20   284.227 52898.37095886 52.86  16.184146  -2.238583 49.516
 20   284.206 52898.37095951 54.50  16.183426  -2.241883 49.516
 20   284.193 52898.37096015 52.47  16.182696  -2.245193 49.516
 20   284.179 52898.37096080 52.60  16.181966  -2.248493 49.516
 20   284.173 52898.37096144 54.32  16.181246  -2.251803 49.516
 21   285.023 52933.37090379 48.41  16.183614  -2.236212 39.405
 21   285.004 52933.37090444 48.50  16.182894  -2.239522 39.405
 21   284.985 52933.37090508 42.77  16.182164  -2.242822 39.405
 21   284.911 52933.37090573 38.97  16.181434  -2.246132 39.405
 21   284.860 52933.37090637 33.90  16.180714  -2.249432 39.405
 21   284.674 52933.37090702 33.21  16.179984  -2.252742 39.405
 22   285.916 52968.37091306 52.32  16.187089  -2.236132 43.551
 22   285.868 52968.37091371 52.25  16.186369  -2.239432 43.551
 22   285.866 52968.37091435 52.75  16.185639  -2.242742 43.551
 22   285.864 52968.37091500 50.68  16.184909  -2.246042 43.551
 22   285.842 52968.37091564 49.48  16.184189  -2.249352 43.551
 22   285.780 52968.37091629 45.45  16.183459  -2.252652 43.551
 22   285.717 52968.37091693 47.77  16.182729  -2.255962 43.551
 23   285.361 53003.37093539 20.16  16.179684  -2.235678  7.233
 23   285.354 53003.37093604 20.84  16.178964  -2.238978  7.233
 23   285.455 53003.37093668 29.05  16.178234  -2.242288  7.233
 23   285.503 53003.37093733 36.09  16.177504  -2.245588  7.233
 23   285.547 53003.37093797 26.99  16.176784  -2.248898  7.233
 23   285.096 53003.37093861 22.55  16.176054  -2.252198  7.233
 23   285.121 53003.37093926 24.92  16.175324  -2.255508  7.233
 24   284.105 53038.37088465 48.69  16.182471  -2.236357 36.262
 24   284.081 53038.37088530 48.90  16.181751  -2.239657 36.262
 24   284.062 53038.37088594 48.51  16.181021  -2.242967 36.262
 24   284.056 53038.37088659 48.35  16.180291  -2.246267 36.262
 24   284.043 53038.37088723 49.04  16.179571  -2.249577 36.262
 24   284.025 53038.37088787 47.32  16.178841  -2.252877 36.262
 25   283.016 53073.37091214 52.28  16.184409  -2.234804 51.214
 25   282.873 53073.37091278 54.60  16.183689  -2.238114 51.214
 25   282.827 53073.37091343 54.94  16.182959  -2.241414 51.214
 25   282.813 53073.37091407 54.77  16.182229  -2.244724 51.214
 25   282.815 53073.37091472 51.43  16.181499  -2.248024 51.214
 25   282.835 53073.37091536 50.87  16.180779  -2.251334 51.214
 26   282.800 53108.37088446 48.92  16.183079  -2.234864 43.946
 26   282.762 53108.37088510 54.07  16.182349  -2.238174 43.946
 26   282.708 53108.37088575 54.15  16.181629  -2.241474 43.946
 26   282.658 53108.37088639 52.38  16.180899  -2.244784 43.946
 26   282.686 53108.37088704 50.70  16.180169  -2.248084 43.946
 26   282.697 53108.37088768 50.80  16.179449  -2.251394 43.946
 27   283.223 53143.37092130 28.79  16.185577  -2.234450 11.263
 27   283.241 53143.37092194 37.45  16.184847  -2.237760 11.263
 27   283.112 53143.37092258 40.26  16.184127  -2.241060 11.263
 27   282.944 53143.37092323 36.49  16.183397  -2.244370 11.263
 27   282.955 53143.37092387 31.39  16.182667  -2.247670 11.263
 27   283.117 53143.37092452 41.33  16.181947  -2.250980 11.263
 27   283.109 53143.37092516 42.81  16.181217  -2.254280 11.263
 28   282.784 53178.37094182 38.46  16.188328  -2.236991 44.699
 28   282.799 53178.37094246 40.45  16.187598  -2.240291 44.699
 28   282.751 53178.37094310 41.67  16.186878  -2.243601 44.699
 28   282.699 53178.37094375 48.66  16.186148  -2.246901 44.699
 28   282.625 53178.37094439 48.38  16.185418  -2.250211 44.699
 28   282.622 53178.37094504 48.90  16.184698  -2.253511 44.699
 28   282.494 53178.37094568 46.98  16.183968  -2.256821 44.699
 28   282.565 53178.37094891 51.08  16.180328  -2.273341 44.699
 28   282.507 53178.37094955 53.29  16.179608  -2.276651 44.699
 28   282.433 53178.37095020 54.53  16.178878  -2.279951 44.699
 29   282.489 53213.37096273 28.26  16.184204  -2.236335 15.791
 29   282.433 53213.37096338 33.50  16.183474  -2.239645 15.791
 29   282.368 53213.37096402 29.11  16.182754  -2.242945 15.791
 29   282.273 53213.37096467 25.10  16.182024  -2.246255 15.791
 29   282.279 53213.37096531 25.34  16.181294  -2.249555 15.791
 29   282.283 53213.37096595 27.56  16.180574  -2.252865 15.791
 30   283.367 53248.37093155 25.89  16.187204  -2.235690 21.629
 30   283.365 53248.37093219 36.12  16.186484  -2.238990 21.629
 30   283.279 53248.37093284 39.86  16.185754  -2.242300 21.629
 30   283.238 53248.37093348 37.27  16.185024  -2.245600 21.629
 30   283.287 53248.37093413 43.86  16.184304  -2.248910 21.629
 30   283.348 53248.37093477 44.85  16.183574  -2.252210 21.629
 30   283.269 53248.37093542 42.71  16.182844  -2.255520 21.629
 31   283.976 53283.37092388 50.15  16.182247  -2.235958 43.096
 31   283.968 53283.37092452 51.43  16.181527  -2.239258 43.096
 31   283.942 53283.37092516 51.63  16.180797  -2.242568 43.096
 31   283.916 53283.37092581 48.85  16.180067  -2.245868 43.096
 31   283.904 53283.37092645 49.06  16.179337  -2.249178 43.096
 31   283.881 53283.37092710 44.83  16.178617  -2.252478 43.096
 32   285.155 53318.37092102 50.71  16.190332  -2.236496 45.664
 32   285.127 53318.37092166 51.18  16.189602  -2.239806 45.664
 32   285.104 53318.37092231 51.60  16.188872  -2.243106 45.664
 32   285.076 53318.37092295 53.15  16.188142  -2.246416 45.664
 32   285.054 53318.37092360 50.73  16.187422  -2.249716 45.664
 32   285.021 53318.37092424 50.14  16.186692  -2.253026 45.664
 32   284.999 53318.37092489 50.11  16.185962  -2.256326 45.664
 32   284.960 53318.37092553 50.29  16.185242  -2.259636 45.664
 32   284.897 53318.37092682 48.74  16.183782  -2.266246 45.664
 32   284.875 53318.37092747 50.32  16.183052  -2.269546 45.664
 32   284.851 53318.37092811 52.60  16.182332  -2.272856 45.664
 32   284.823 53318.37092876 50.41  16.181602  -2.276156 45.664
 32   284.803 53318.37092940 53.78  16.180872  -2.279466 45.664
 33   285.501 53353.37088780 32.65  16.191076  -2.238956 18.167
 33   285.426 53353.37088845 31.87  16.190346  -2.242266 18.167
 33   285.324 53353.37088909 29.89  16.189626  -2.245566 18.167
 33   285.218 53353.37088974 25.90  16.188896  -2.248876 18.167
 33   284.986 53353.37089038 23.79  16.188166  -2.252176 18.167
 33   285.168 53353.37089103 24.11  16.187446  -2.255486 18.167
 33   285.330 53353.37089167 27.51  16.186716  -2.258786 18.167
 33   285.433 53353.37089232 29.08  16.185986  -2.262096 18.167
 33   285.428 53353.37089296 30.46  16.185266  -2.265396 18.167
 33   285.421 53353.37089361 30.30  16.184536  -2.268706 18.167
 33   285.214 53353.37089425 29.67  16.183806  -2.272006 18.167
 33   285.172 53353.37089490 32.49  16.183086  -2.275316 18.167
 33   285.194 53353.37089554 31.34  16.182350  -2.278618 23.171
 33   285.341 53353.37089619 29.39  16.181630  -2.281928 23.171
 34   284.264 53388.37088491 51.86  16.185047  -2.237259 48.224
 34   284.243 53388.37088556 52.75  16.184327  -2.240559 48.224
 34   284.230 53388.37088620 53.78  16.183597  -2.243869 48.224
 34   284.217 53388.37088685 51.96  16.182867  -2.247169 48.224
 34   284.204 53388.37088749 50.84  16.182137  -2.250479 48.224
 34   284.189 53388.37088814 54.28  16.181417  -2.253779 48.224
 35   283.352 53423.37088518 25.28  16.192287  -2.238979 24.595
 35   283.208 53423.37088583 25.25  16.191567  -2.242279 24.595
 35   283.192 53423.37088647 23.71  16.190837  -2.245589 24.595
 35   283.053 53423.37088712 27.87  16.190107  -2.248889 24.595
 35   282.942 53423.37088776 21.43  16.189387  -2.252199 24.595
 35   282.935 53423.37088841 27.27  16.188657  -2.255499 24.595
 35   282.720 53423.37088905 32.50  16.187927  -2.258809 24.595
 35   282.766 53423.37088970 26.81  16.187197  -2.262109 24.595
 35   282.606 53423.37089034 20.66  16.186477  -2.265419 24.595
 35   282.552 53423.37089099 22.77  16.185747  -2.268719 24.595
 35   282.483 53423.37089163 24.78  16.185017  -2.272029 24.595
 35   282.380 53423.37089228 23.78  16.184298  -2.275331 13.459
 35   282.413 53423.37089292 21.07  16.183568  -2.278641 13.459
 35   282.850 53423.37089357 18.98  16.182838  -2.281941 13.459
 36   282.737 53458.37088963 53.94  16.191247  -2.235714 46.115
 36   282.720 53458.37089027 51.70  16.190517  -2.239024 46.115
 36   282.687 53458.37089092 49.03  16.189797  -2.242324 46.115
 36   282.660 53458.37089156 50.70  16.189067  -2.245634 46.115
 36   282.558 53458.37089220 51.84  16.188337  -2.248934 46.115
 36   282.520 53458.37089285 51.97  16.187607  -2.252244 46.115
 36   282.536 53458.37089349 50.65  16.186887  -2.255544 46.115
 36   282.505 53458.37089414 48.21  16.186157  -2.258854 46.115
 36   282.492 53458.37089478 50.81  16.185427  -2.262154 46.115
 36   282.476 53458.37089543 48.72  16.184697  -2.265464 46.115
 36   282.433 53458.37089607 50.42  16.183977  -2.268764 46.115
 36   282.356 53458.37089672 50.43  16.183247  -2.272074 46.115
 36   282.332 53458.37089736 53.61  16.182520  -2.275375 49.366
 36   282.306 53458.37089801 52.63  16.181790  -2.278685 49.366
 36   282.271 53458.37089865 52.05  16.181070  -2.281985 49.366
 37   283.022 53493.37097456 38.44  16.179446  -2.233864 28.845
 37   282.897 53493.37097520 42.39  16.178716  -2.237174 28.845
 37   282.868 53493.37097585 39.75  16.177996  -2.240474 28.845
 37   282.894 53493.37097649 41.73  16.177266  -2.243784 28.845
 37   282.858 53493.37097714 39.00  16.176536  -2.247084 28.845
 37   282.895 53493.37097778 37.79  16.175806  -2.250394 28.845
 37   282.848 53493.37097843 38.06  16.175086  -2.253694 28.845
 38   282.975 53528.37095288 14.94  16.191518  -2.237460 11.372
 38   282.979 53528.37095352 14.63  16.190788  -2.240770 11.372
 38   283.031 53528.37095417 14.79  16.190068  -2.244070 11.372
 38   282.950 53528.37095481 14.92  16.189338  -2.247380 11.372
 38   282.933 53528.37095546 16.04  16.188608  -2.250680 11.372
 38   283.110 53528.37095610 26.10  16.187878  -2.253990 11.372
 38   283.180 53528.37095674 31.73  16.187158  -2.257290 11.372
 38   283.158 53528.37095739 36.60  16.186428  -2.260600 11.372
 38   282.945 53528.37095803 29.90  16.185698  -2.263900 11.372
 38   283.003 53528.37095868 28.13  16.184978  -2.267210 11.372
 38   282.784 53528.37095932 24.42  16.184248  -2.270510 11.372
 38   282.768 53528.37095997 22.63  16.183518  -2.273820 11.372
 38   282.568 53528.37096061 16.02  16.182798  -2.277120 11.695
 38   282.631 53528.37096126 15.76  16.182068  -2.280430 11.695
 39   282.924 53563.37098301 16.98  16.180160  -2.235588  5.310
 39   282.862 53563.37098366 17.67  16.179430  -2.238898  5.310
 39   282.821 53563.37098430 17.73  16.178710  -2.242198  5.310
 39   282.811 53563.37098495 16.69  16.177980  -2.245508  5.310
 39   282.823 53563.37098559 15.06  16.177250  -2.248808  5.310
 39   282.892 53563.37098624 20.72  16.176530  -2.252118  5.310
 39   283.018 53563.37098688 23.49  16.175800  -2.255418  5.310
 40   282.854 53598.37092316 19.49  16.190396  -2.235644  9.756
 40   282.773 53598.37092381 31.77  16.189666  -2.238954  9.756
 40   282.664 53598.37092445 34.26  16.188946  -2.242254  9.756
 40   282.590 53598.37092510 27.57  16.188216  -2.245564  9.756
 40   282.351 53598.37092574 21.94  16.187486  -2.248864  9.756
 40   282.498 53598.37092639 24.22  16.186766  -2.252174  9.756
 40   282.595 53598.37092703 27.87  16.186036  -2.255474  9.756
 40   282.729 53598.37092768 32.15  16.185306  -2.258784  9.756
 40   282.875 53598.37092832 30.82  16.184586  -2.262084  9.756
 40   282.514 53598.37092961 32.18  16.183126  -2.268694  9.756
 40   282.434 53598.37093026 27.89  16.182406  -2.272004  9.756
 40   282.337 53598.37093090 23.80  16.181670  -2.275306  4.100
 40   282.106 53598.37093154 20.11  16.180950  -2.278616  4.100
 40   282.078 53598.37093219 20.02  16.180220  -2.281916  4.100
 41   283.556 53633.37091887 19.22  16.182520  -2.234038  7.722
 41   283.493 53633.37091952 18.85  16.181790  -2.237348  7.722
 41   283.464 53633.37092016 18.68  16.181070  -2.240648  7.722
 41   283.438 53633.37092081 18.43  16.180340  -2.243958  7.722
 41   283.683 53633.37092145 18.55  16.179610  -2.247258  7.722
 41   283.810 53633.37092210 19.15  16.178880  -2.250568  7.722
 42   284.028 53668.37094105 19.14  16.181958  -2.233832  5.315
 42   284.045 53668.37094169 19.59  16.181228  -2.237142  5.315
 42   284.155 53668.37094234 19.47  16.180508  -2.240442  5.315
 42   284.430 53668.37094298 22.45  16.179778  -2.243752  5.315
 42   284.431 53668.37094363 21.64  16.179048  -2.247052  5.315
 42   284.358 53668.37094427 22.27  16.178318  -2.250362  5.315
 42   284.401 53668.37094492 24.84  16.177598  -2.253662  5.315
 42   284.360 53668.37094556 30.64  16.176868  -2.256972  5.315
 43   285.559 53703.37088372 48.58  16.191734  -2.235931 42.438
 43   285.547 53703.37088437 50.07  16.191004  -2.239231 42.438
 43   285.491 53703.37088501 49.93  16.190274  -2.242541 42.438
 43   285.477 53703.37088566 49.79  16.189554  -2.245841 42.438
 43   285.479 53703.37088630 49.13  16.188824  -2.249151 42.438
 43   285.465 53703.37088695 52.46  16.188094  -2.252451 42.438
 43   285.423 53703.37088759 48.85  16.187374  -2.255761 42.438
 43   285.394 53703.37088823 49.04  16.186644  -2.259061 42.438
 43   285.371 53703.37088888 47.99  16.185914  -2.262371 42.438
 43   285.309 53703.37088952 48.66  16.185184  -2.265671 42.438
 43   285.304 53703.37089017 49.38  16.184464  -2.268981 42.438
 43   285.297 53703.37089081 51.65  16.183734  -2.272281 42.438
 43   285.270 53703.37089146 51.08  16.183004  -2.275591 42.438
 43   285.253 53703.37089210 50.70  16.182286  -2.278894 46.803
 43   285.220 53703.37089275 44.96  16.181556  -2.282204 46.803
 44   284.129 53738.37079368 31.89  16.191693  -2.238686 21.660
 44   284.114 53738.37079432 27.58  16.190973  -2.241986 21.660
 44   284.087 53738.37079497 24.82  16.190243  -2.245296 21.660
 44   284.057 53738.37079561 20.90  16.189523  -2.248596 21.660
 44   284.140 53738.37079626 21.85  16.188793  -2.251906 21.660
 44   284.126 53738.37079690 24.82  16.188063  -2.255206 21.660
 44   284.139 53738.37079755 33.15  16.187343  -2.258516 21.660
 44   284.176 53738.37079819 33.35  16.186613  -2.261816 21.660
 44   283.994 53738.37079884 28.62  16.185883  -2.265126 21.660
 44   283.899 53738.37079948 27.93  16.185163  -2.268426 21.660
 44   283.801 53738.37080013 25.51  16.184433  -2.271736 21.660
 44   283.727 53738.37080077 23.30  16.183703  -2.275036 21.660
 44   283.666 53738.37080141 21.14  16.182983  -2.278346 21.660
 44   283.900 53738.37080206 21.88  16.182253  -2.281646 21.660
 45   283.480 53773.37080783 27.84  16.192085  -2.237519 12.253
 45   283.442 53773.37080847 23.04  16.191355  -2.240819 12.253
 45   282.941 53773.37080912 22.51  16.190625  -2.244129 12.253
 45   282.869 53773.37080976 19.36  16.189905  -2.247429 12.253
 45   282.823 53773.37081041 19.01  16.189175  -2.250739 12.253
 45   282.839 53773.37081105 21.02  16.188445  -2.254039 12.253
 45   282.804 53773.37081170 27.57  16.187715  -2.257349 12.253
 45   282.925 53773.37081234 33.32  16.186995  -2.260649 12.253
 45   282.917 53773.37081299 23.60  16.186265  -2.263959 12.253
 45   282.788 53773.37081363 27.40  16.185535  -2.267259 12.253
 45   282.559 53773.37081427 22.63  16.184815  -2.270569 12.253
 45   282.469 53773.37081492 24.38  16.184085  -2.273869 12.253
 45   282.351 53773.37081556 21.38  16.183355  -2.277179 12.253
 45   282.374 53773.37081621 17.07  16.182632  -2.280481 11.403
 46   282.900 53808.37079402 22.91  16.190166  -2.236763 20.557
 46   282.865 53808.37079467 26.65  16.189446  -2.240073 20.557
 46   282.648 53808.37079531 29.09  16.188716  -2.243373 20.557
 46   282.715 53808.37079596 29.83  16.187986  -2.246683 20.557
 46   282.592 53808.37079660 40.10  16.187266  -2.249983 20.557
 46   282.548 53808.37079725 37.55  16.186536  -2.253293 20.557
 46   282.554 53808.37079789 35.46  16.185806  -2.256593 20.557
 46   282.575 53808.37079854 35.33  16.185086  -2.259903 20.557
 46   282.470 53808.37079983 29.89  16.183626  -2.266513 20.557
 46   282.443 53808.37080047 26.03  16.182906  -2.269813 20.557
 46   282.393 53808.37080112 28.18  16.182176  -2.273123 20.557
 46   282.361 53808.37080176 18.47  16.181446  -2.276423 20.557
 46   282.321 53808.37080240 17.19  16.180726  -2.279733 20.557
 48   282.819 53878.37086343 24.49  16.189784  -2.236163 11.614
 48   282.842 53878.37086407 28.48  16.189054  -2.239473 11.614
 48   282.670 53878.37086472 32.18  16.188334  -2.242773 11.614
 48   282.627 53878.37086536 32.61  16.187604  -2.246083 11.614
 48   282.587 53878.37086601 35.41  16.186874  -2.249383 11.614
 48   282.509 53878.37086665 30.24  16.186154  -2.252693 11.614
 48   282.629 53878.37086730 34.70  16.185424  -2.255993 11.614
 48   282.623 53878.37086794 37.56  16.184694  -2.259303 11.614
 48   282.531 53878.37086987 31.90  16.182514  -2.269213 11.614
 48   282.459 53878.37087052 31.43  16.181784  -2.272523 11.614
 48   282.416 53878.37087116 37.68  16.181061  -2.275824 47.561
 48   282.383 53878.37087181 44.48  16.180331  -2.279134 47.561
 49   282.864 53913.37091664 25.80  16.180315  -2.234539 22.684
 49   282.946 53913.37091729 25.92  16.179585  -2.237839 22.684
 49   282.933 53913.37091793 27.11  16.178855  -2.241149 22.684
 49   283.145 53913.37091858 30.55  16.178135  -2.244449 22.684
 49   283.230 53913.37091922 44.80  16.177405  -2.247759 22.684
 49   283.177 53913.37091987 51.49  16.176675  -2.251059 22.684
 49   283.115 53913.37092051 46.55  16.175955  -2.254369 22.684
 51   283.513 53983.37087114 46.37  16.186060  -2.235301 40.176
 51   283.460 53983.37087178 42.31  16.185340  -2.238611 40.176
 51   283.370 53983.37087243 40.78  16.184610  -2.241911 40.176
 51   283.308 53983.37087307 44.69  16.183880  -2.245221 40.176
 51   283.288 53983.37087372 49.71  16.183160  -2.248521 40.176
 51   283.271 53983.37087436 47.03  16.182430  -2.251831 40.176
 51   283.250 53983.37087501 49.00  16.181700  -2.255131 40.176
 52   283.498 54018.37090153 20.91  16.188120  -2.236315 19.229
 52   283.379 54018.37090218 20.59  16.187390  -2.239615 19.229
 52   283.337 54018.37090282 19.19  16.186660  -2.242925 19.229
 52   283.494 54018.37090346 18.16  16.185940  -2.246225 19.229
 52   283.748 54018.37090411 18.60  16.185210  -2.249535 19.229
 52   284.052 54018.37090475 27.41  16.184480  -2.252835 19.229
 52   283.879 54018.37090540 33.69  16.183750  -2.256145 19.229
 52   283.733 54018.37090862 30.74  16.180120  -2.272665 19.229
 52   283.637 54018.37090927 27.77  16.179390  -2.275975 19.229
 52   283.611 54018.37090991 23.43  16.178664  -2.279275 10.838
 53   284.948 54053.37089724 31.54  16.192553  -2.249401 28.571
 53   284.875 54053.37089789 25.77  16.191823  -2.252711 28.571
 53   284.786 54053.37089853 24.26  16.191093  -2.256011 28.571
 53   284.738 54053.37089918 29.66  16.190363  -2.259321 28.571
 53   284.801 54053.37089982 30.54  16.189643  -2.262621 28.571
 53   284.833 54053.37090047 30.50  16.188913  -2.265931 28.571
 53   284.686 54053.37090111 35.20  16.188183  -2.269231 28.571
 53   284.573 54053.37090176 31.19  16.187463  -2.272541 28.571
 53   284.529 54053.37090240 26.25  16.186733  -2.275841 28.571
 53   284.505 54053.37090305 23.64  16.186003  -2.279151 28.571
 53   284.607 54053.37090369 22.92  16.185281  -2.282452 24.813
 53   284.664 54053.37090434 28.23  16.184551  -2.285762 24.813
 54   286.095 54088.37088634 33.90  16.188150  -2.236550 26.715
 54   286.083 54088.37088699 36.87  16.187430  -2.239860 26.715
 54   286.141 54088.37088763 38.15  16.186700  -2.243160 26.715
 54   286.187 54088.37088828 32.45  16.185970  -2.246470 26.715
 54   286.216 54088.37088892 36.05  16.185250  -2.249770 26.715
 54   286.210 54088.37088957 39.43  16.184520  -2.253080 26.715
 54   286.193 54088.37089021 42.32  16.183790  -2.256380 26.715
 54   285.904 54088.37089343 41.70  16.180160  -2.272910 26.715
 54   285.855 54088.37089408 33.11  16.179430  -2.276210 26.715
 54   285.765 54088.37089472 33.67  16.178710  -2.279520 26.715
 55   284.786 54123.37080874 50.28  16.186744  -2.237420 46.504
 55   284.758 54123.37080938 51.78  16.186014  -2.240730 46.504
 55   284.720 54123.37081003 52.74  16.185284  -2.244030 46.504
 55   284.736 54123.37081067 53.45  16.184554  -2.247340 46.504
 55   284.721 54123.37081132 48.76  16.183834  -2.250640 46.504
 55   284.651 54123.37081196 48.17  16.183104  -2.253950 46.504
 56   283.230 54158.37085026 33.09  16.185817  -2.237088 26.836
 56   283.165 54158.37085090 34.05  16.185087  -2.240398 26.836
 56   283.074 54158.37085154 35.57  16.184357  -2.243698 26.836
 56   283.071 54158.37085219 40.16  16.183637  -2.247008 26.836
 56   283.075 54158.37085283 43.78  16.182907  -2.250308 26.836
 56   283.065 54158.37085348 39.07  16.182177  -2.253618 26.836
 57   283.127 54193.37080990 49.42  16.186510  -2.237664 44.106
 57   283.041 54193.37081055 46.47  16.185780  -2.240974 44.106
 57   282.974 54193.37081119 51.21  16.185060  -2.244274 44.106
 57   282.910 54193.37081184 51.16  16.184330  -2.247584 44.106
 57   282.898 54193.37081248 51.76  16.183603  -2.250885 49.378
 57   282.855 54193.37081313 51.29  16.182873  -2.254195 49.378
 58   283.322 54228.37086119 51.61  16.186833  -2.235426 48.060
 58   283.299 54228.37086184 48.18  16.186103  -2.238736 48.060
 58   283.241 54228.37086248 49.18  16.185373  -2.242036 48.060
 58   283.185 54228.37086313 52.93  16.184653  -2.245346 48.060
 58   283.144 54228.37086377 54.88  16.183923  -2.248646 48.060
 58   283.085 54228.37086442 50.58  16.183193  -2.251956 48.060
 58   283.091 54228.37086506 50.40  16.182471  -2.255259 50.289
 59   283.445 54263.37088005 11.79  16.187645  -2.235078  5.388
 59   283.540 54263.37088069 19.57  16.186915  -2.238388  5.388
 59   283.569 54263.37088134 21.83  16.186185  -2.241688  5.388
 59   283.471 54263.37088198 29.51  16.185465  -2.244998  5.388
 59   283.261 54263.37088263 18.90  16.184735  -2.248298  5.388
 59   283.146 54263.37088327 17.38  16.184005  -2.251608  5.388
 59   283.295 54263.37088392 24.82  16.183284  -2.254908 13.087
 60   283.300 54298.37088560 31.22  16.187435  -2.237623 11.036
 60   283.113 54298.37088625 45.86  16.186705  -2.240923 11.036
 60   283.085 54298.37088689 43.82  16.185985  -2.244233 11.036
 60   283.149 54298.37088754 41.82  16.185255  -2.247533 11.036
 60   283.071 54298.37088818 39.74  16.184525  -2.250843 11.036
 60   283.029 54298.37088883 41.62  16.183804  -2.254144 49.829
 60   283.045 54298.37088947 45.73  16.183074  -2.257454 49.829
 61   283.589 54333.37087508 25.14  16.188157  -2.237243  9.671
 61   283.645 54333.37087572 34.53  16.187437  -2.240543  9.671
 61   283.591 54333.37087637 39.86  16.186707  -2.243853  9.671
 61   283.360 54333.37087701 34.01  16.185977  -2.247153  9.671
 61   283.084 54333.37087766 20.45  16.185257  -2.250463  9.671
 61   283.258 54333.37087830 25.21  16.184530  -2.253765 17.288
 61   283.218 54333.37087894 26.38  16.183800  -2.257075 17.288
 61   283.148 54333.37088217 31.97  16.180160  -2.273595 17.288
 61   282.990 54333.37088281 23.65  16.179440  -2.276905 17.288
 61   282.935 54333.37088346 21.45  16.178710  -2.280205 17.288
 63   285.456 54403.37081891 35.49  16.186963  -2.237944  7.305
 63   285.444 54403.37081956 43.10  16.186243  -2.241254  7.305
 63   285.394 54403.37082020 46.18  16.185513  -2.244554  7.305
 63   285.306 54403.37082085 39.13  16.184783  -2.247864  7.305
 63   285.282 54403.37082149 42.12  16.184064  -2.251166 47.404
 63   285.334 54403.37082214 44.22  16.183334  -2.254476 47.404
 65   285.631 54473.37080453 24.20  16.188727  -2.237114 20.884
 65   285.669 54473.37080518 31.26  16.188007  -2.240414 20.884
 65   285.623 54473.37080582 35.18  16.187277  -2.243724 20.884
 65   285.439 54473.37080647 27.02  16.186547  -2.247024 20.884
 65   285.517 54473.37080711 32.11  16.185817  -2.250334 20.884
 65   285.563 54473.37080775 45.11  16.185097  -2.253634 20.884
 65   285.626 54473.37080840 46.17  16.184367  -2.256944 20.884
 65   285.457 54473.37081098 44.08  16.181457  -2.270164 20.884
 65   285.482 54473.37081162 45.21  16.180734  -2.273465 48.451
 65   285.314 54473.37081227 32.85  16.180004  -2.276775 48.451
 65   285.206 54473.37081291 33.45  16.179274  -2.280075 48.451
 66   284.110 54508.37078647 50.22  16.187110  -2.236098 46.126
 66   284.089 54508.37078711 49.01  16.186390  -2.239398 46.126
 66   284.052 54508.37078776 49.05  16.185660  -2.242708 46.126
 66   283.994 54508.37078840 53.80  16.184930  -2.246008 46.126
 66   283.999 54508.37078905 53.23  16.184200  -2.249318 46.126
 66   283.918 54508.37078969 48.40  16.183480  -2.252618 46.126
 66   283.914 54508.37079034 50.13  16.182750  -2.255928 46.126
 67   283.140 54543.37081879 40.79  16.187893  -2.237268 16.664
 67   283.199 54543.37081943 41.89  16.187173  -2.240578 16.664
 67   282.931 54543.37082008 46.29  16.186443  -2.243878 16.664
 67   282.883 54543.37082072 49.74  16.185713  -2.247188 16.664
 67   282.886 54543.37082137 42.69  16.184993  -2.250488 16.664
 67   282.890 54543.37082201 44.01  16.184263  -2.253798 16.664
 67   282.904 54543.37082265 45.87  16.183533  -2.257098 16.664
 67   282.708 54543.37082588 42.23  16.179904  -2.273631 18.627
 67   282.631 54543.37082652 46.89  16.179174  -2.276931 18.627
 67   282.582 54543.37082717 46.12  16.178444  -2.280241 18.627
 68   283.298 54578.37078829 47.69  16.186742  -2.237767 31.356
 68   283.188 54578.37078894 48.17  16.186012  -2.241077 31.356
 68   283.039 54578.37078958 51.95  16.185282  -2.244377 31.356
 68   283.028 54578.37079023 54.52  16.184562  -2.247687 31.356
 68   283.019 54578.37079087 54.09  16.183832  -2.250987 31.356
 68   282.998 54578.37079152 49.78  16.183102  -2.254297 31.356
 69   283.258 54613.37080914 39.43  16.188108  -2.236106 41.769
 69   283.159 54613.37080978 36.49  16.187378  -2.239406 41.769
 69   283.137 54613.37081043 37.10  16.186658  -2.242716 41.769
 69   283.045 54613.37081107 40.87  16.185928  -2.246016 41.769
 69   283.022 54613.37081172 43.42  16.185198  -2.249326 41.769
 69   283.009 54613.37081236 40.18  16.184478  -2.252626 41.769
 69   282.931 54613.37081301 35.12  16.183748  -2.255936 41.769
 69   282.985 54613.37081623 31.46  16.180108  -2.272456 14.229
 69   282.886 54613.37081688 26.61  16.179388  -2.275766 14.229
 69   282.806 54613.37081752 26.22  16.178658  -2.279066 14.229
 70   283.537 54648.37081653 19.34  16.186290  -2.236670 10.815
 70   283.533 54648.37081718 32.32  16.185570  -2.239980 10.815
 70   283.515 54648.37081782 35.08  16.184840  -2.243280 10.815
 70   283.307 54648.37081847 33.05  16.184110  -2.246590 10.815
 70   283.197 54648.37081911 23.14  16.183380  -2.249890 10.815
 70   283.201 54648.37081976 24.97  16.182660  -2.253200 10.815
 71   282.783 54683.37081598 21.94  16.187251  -2.235734 20.529
 71   283.029 54683.37081663 28.61  16.186521  -2.239044 20.529
 71   283.014 54683.37081727 39.92  16.185791  -2.242344 20.529
 71   283.032 54683.37081792 45.47  16.185071  -2.245654 20.529
 71   283.068 54683.37081856 41.09  16.184341  -2.248954 20.529
 71   282.914 54683.37081921 35.67  16.183611  -2.252264 20.529
 71   283.000 54683.37081985 39.60  16.182881  -2.255564 20.529
 72   283.983 54718.37076329 21.12  16.187648  -2.236751 19.723
 72   284.054 54718.37076393 32.46  16.186928  -2.240051 19.723
 72   284.133 54718.37076458 37.92  16.186198  -2.243361 19.723
 72   284.053 54718.37076522 27.29  16.185468  -2.246661 19.723
 72   283.867 54718.37076587 22.30  16.184738  -2.249971 19.723
 72   284.007 54718.37076651 35.60  16.184018  -2.253271 19.723
 72   283.958 54718.37076716 35.68  16.183288  -2.256581 19.723
 73   284.586 54753.37078959 37.69  16.186693  -2.235611 17.069
 73   284.554 54753.37079024 44.04  16.185963  -2.238921 17.069
 73   284.534 54753.37079088 46.90  16.185243  -2.242221 17.069
 73   284.421 54753.37079153 43.96  16.184513  -2.245531 17.069
 73   284.469 54753.37079217 43.66  16.183783  -2.248831 17.069
 73   284.430 54753.37079281 36.44  16.183063  -2.252141 17.069
 73   284.351 54753.37079346 36.12  16.182333  -2.255441 17.069
 74   284.959 54788.37075450 23.63  16.186643  -2.234747 11.815
 74   285.254 54788.37075515 23.20  16.185913  -2.238047 11.815
 74   285.579 54788.37075579 22.69  16.185183  -2.241357 11.815
 74   285.122 54788.37075644 22.57  16.184463  -2.244657 11.815
 74   285.069 54788.37075708 22.44  16.183733  -2.247967 11.815
 74   285.343 54788.37075772 24.30  16.183003  -2.251267 11.815
 74   285.288 54788.37075837 31.28  16.182283  -2.254577 11.815
 75   285.808 54823.37078392 45.95  16.187621  -2.236095 23.637
 75   285.720 54823.37078457 46.08  16.186901  -2.239405 23.637
 75   285.687 54823.37078521 47.88  16.186171  -2.242705 23.637
 75   285.686 54823.37078586 47.64  16.185441  -2.246015 23.637
 75   285.665 54823.37078650 40.72  16.184711  -2.249315 23.637
 75   285.622 54823.37078714 39.19  16.183991  -2.252625 23.637
 75   285.604 54823.37078779 38.01  16.183261  -2.255925 23.637
 76   283.959 54858.37075010 33.89  16.187524  -2.236581 19.175
 76   283.932 54858.37075075 37.14  16.186794  -2.239891 19.175
 76   283.915 54858.37075139 43.43  16.186064  -2.243191 19.175
 76   283.879 54858.37075204 45.27  16.185334  -2.246501 19.175
 76   283.867 54858.37075268 45.10  16.184614  -2.249801 19.175
 76   283.857 54858.37075332 43.69  16.183884  -2.253111 19.175
 76   283.846 54858.37075397 46.43  16.183154  -2.256411 19.175
 77   283.529 54893.37078648 13.59  16.185840  -2.234720  9.531
 77   283.749 54893.37078712 18.81  16.185120  -2.238030  9.531
 77   283.787 54893.37078777 27.77  16.184390  -2.241330  9.531
 77   283.808 54893.37078841 28.45  16.183660  -2.244640  9.531
 77   283.535 54893.37078906 22.61  16.182940  -2.247940  9.531
 77   283.465 54893.37078970 24.03  16.182210  -2.251250  9.531
 77   283.657 54893.37079035 29.96  16.181480  -2.254550  9.531
 78   283.011 54928.37074769 52.34  16.185335  -2.236056 48.370
 78   282.982 54928.37074834 52.09  16.184605  -2.239366 48.370
 78   282.944 54928.37074898 50.91  16.183875  -2.242666 48.370
 78   282.913 54928.37074963 50.45  16.183145  -2.245976 48.370
 78   282.893 54928.37075027 51.64  16.182425  -2.249276 48.370
 78   282.880 54928.37075092 54.48  16.181695  -2.252586 48.370
 80   283.559 54998.37080679 15.67  16.184399  -2.236091  7.539
 80   283.728 54998.37080743 21.28  16.183679  -2.239401  7.539
 80   283.686 54998.37080808 29.23  16.182949  -2.242701  7.539
 80   283.571 54998.37080872 29.76  16.182219  -2.246011  7.539
 80   283.503 54998.37080937 24.00  16.181499  -2.249311  7.539
 80   283.742 54998.37081001 28.62  16.180769  -2.252621  7.539
 81   283.545 55033.37079559 30.41  16.186045  -2.237328 15.861
 81   283.555 55033.37079624 39.35  16.185315  -2.240628 15.861
 81   283.493 55033.37079688 41.42  16.184595  -2.243938 15.861
 81   283.316 55033.37079753 45.83  16.183865  -2.247238 15.861
 81   283.265 55033.37079817 40.70  16.183135  -2.250548 15.861
 81   283.276 55033.37079882 46.68  16.182405  -2.253848 15.861
 82   282.838 55068.37078379 20.23  16.187636  -2.237197 17.392
 82   283.208 55068.37078443 27.92  16.186906  -2.240507 17.392
 82   283.268 55068.37078508 36.89  16.186176  -2.243807 17.392
 82   283.228 55068.37078572 35.94  16.185456  -2.247117 17.392
 82   283.042 55068.37078637 30.05  16.184726  -2.250417 17.392
 82   282.800 55068.37078701 27.89  16.183996  -2.253727 17.392
 82   282.960 55068.37078766 26.24  16.183276  -2.257027 17.392
 83   284.067 55103.37072272 51.43  16.185261  -2.236083 48.738
 83   284.049 55103.37072337 51.25  16.184531  -2.239393 48.738
 83   284.021 55103.37072401 49.61  16.183801  -2.242693 48.738
 83   283.990 55103.37072466 53.34  16.183081  -2.246003 48.738
 83   283.974 55103.37072530 53.10  16.182351  -2.249303 48.738
 83   283.971 55103.37072595 49.67  16.181621  -2.252613 48.738
 84   284.677 55138.37073116 23.34  16.187074  -2.236284  9.703
 84   285.042 55138.37073180 28.98  16.186354  -2.239594  9.703
 84   285.041 55138.37073245 40.86  16.185624  -2.242894  9.703
 84   284.996 55138.37073309 41.80  16.184894  -2.246204  9.703
 84   284.789 55138.37073374 26.16  16.184164  -2.249504  9.703
 84   284.833 55138.37073438 28.35  16.183444  -2.252814  9.703
 84   284.762 55138.37073503 35.15  16.182714  -2.256114  9.703
 85   286.179 55173.37069150 51.86  16.186809  -2.237160 41.385
 85   286.148 55173.37069214 48.86  16.186079  -2.240470 41.385
 85   286.125 55173.37069279 49.30  16.185349  -2.243770 41.385
 85   286.126 55173.37069343 50.56  16.184619  -2.247080 41.385
 85   286.130 55173.37069408 51.01  16.183899  -2.250380 41.385
 85   286.106 55173.37069472 48.25  16.183169  -2.253690 41.385
 85   286.085 55173.37069537 48.05  16.182439  -2.256990 41.385
 86   284.528 55208.37072567 22.28  16.186975  -2.235995 10.696
 86   284.820 55208.37072631 23.56  16.186255  -2.239305 10.696
 86   285.017 55208.37072696 29.03  16.185525  -2.242605 10.696
 86   285.005 55208.37072760 28.25  16.184795  -2.245915 10.696
 86   284.800 55208.37072824 23.17  16.184065  -2.249215 10.696
 86   284.971 55208.37072889 25.66  16.183345  -2.252525 10.696
 86   284.910 55208.37072953 34.02  16.182615  -2.255825 10.696
 87   283.668 55243.37069665 17.98  16.185656  -2.236893  9.367
 87   283.803 55243.37069729 21.75  16.184926  -2.240193  9.367
 87   283.825 55243.37069794 29.83  16.184196  -2.243503  9.367
 87   283.799 55243.37069858 27.31  16.183476  -2.246803  9.367
 87   283.554 55243.37069923 22.41  16.182746  -2.250113  9.367
 87   283.745 55243.37069987 25.90  16.182016  -2.253413  9.367
 88   283.274 55278.37071886 16.40  16.186801  -2.235241  9.468
 88   283.441 55278.37071951 17.94  16.186071  -2.238541  9.468
 88   283.565 55278.37072015 30.10  16.185351  -2.241851  9.468
 88   283.462 55278.37072080 35.35  16.184621  -2.245151  9.468
 88   283.360 55278.37072144 31.39  16.183891  -2.248461  9.468
 88   283.219 55278.37072209 19.95  16.183161  -2.251761  9.468
 88   283.451 55278.37072273 22.58  16.182441  -2.255071  9.468
 89   284.003 55313.37068188 50.24  16.186715  -2.237589 40.026
 89   284.016 55313.37068252 48.92  16.185985  -2.240899 40.026
 89   283.965 55313.37068317 47.78  16.185255  -2.244199 40.026
 89   283.956 55313.37068381 50.21  16.184525  -2.247509 40.026
 89   283.950 55313.37068446 51.81  16.183805  -2.250809 40.026
 89   283.855 55313.37068510 49.42  16.183075  -2.254119 40.026
 90   283.839 55348.37068999 52.23  16.187532  -2.236605 44.868
 90   283.826 55348.37069063 48.51  16.186812  -2.239915 44.868
 90   283.803 55348.37069128 47.68  16.186082  -2.243215 44.868
 90   283.798 55348.37069192 52.05  16.185352  -2.246525 44.868
 90   283.784 55348.37069256 52.07  16.184622  -2.249825 44.868
 90   283.740 55348.37069321 47.72  16.183902  -2.253135 44.868
 90   283.685 55348.37069385 49.61  16.183172  -2.256435 44.868
 91   283.386 55383.37068059 20.77  16.186184  -2.237007  8.375
 91   283.700 55383.37068123 26.70  16.185454  -2.240317  8.375
 91   283.694 55383.37068188 34.12  16.184734  -2.243617  8.375
 91   283.676 55383.37068252 33.21  16.184004  -2.246927  8.375
 91   283.413 55383.37068317 27.47  16.183274  -2.250227  8.375
 91   283.517 55383.37068381 31.39  16.182544  -2.253537  8.375
 92   283.336 55418.37070820 15.14  16.187916  -2.235287 14.904
 92   283.454 55418.37070884 17.11  16.187186  -2.238587 14.904
 92   283.772 55418.37070948 34.08  16.186456  -2.241897 14.904
 92   283.500 55418.37071013 41.36  16.185736  -2.245197 14.904
 92   283.517 55418.37071077 26.98  16.185006  -2.248507 14.904
 92   283.416 55418.37071142 20.63  16.184276  -2.251807 14.904
 92   283.352 55418.37071206 28.50  16.183556  -2.255117 14.904
 93   283.342 55453.37068901 16.58  16.187719  -2.236968 16.695
 93   283.649 55453.37068966 26.75  16.186989  -2.240278 16.695
 93   283.597 55453.37069030 41.37  16.186259  -2.243578 16.695
 93   283.507 55453.37069095 46.65  16.185539  -2.246888 16.695
 93   283.412 55453.37069159 26.68  16.184809  -2.250188 16.695
 93   283.441 55453.37069224 32.61  16.184079  -2.253498 16.695
 93   283.312 55453.37069288 29.35  16.183359  -2.256798 16.695
 93   283.156 55453.37069610 35.33  16.179723  -2.273329 31.000
 93   283.069 55453.37069675 29.33  16.178993  -2.276629 31.000
 93   283.008 55453.37069739 27.72  16.178263  -2.279939 31.000
 94   283.919 55488.37061031 26.06  16.188359  -2.237217 23.089
 94   284.310 55488.37061095 35.11  16.187629  -2.240527 23.089
 94   284.283 55488.37061160 41.31  16.186909  -2.243827 23.089
 94   284.213 55488.37061224 36.58  16.186179  -2.247137 23.089
 94   284.134 55488.37061288 21.10  16.185449  -2.250437 23.089
 94   284.230 55488.37061353 33.14  16.184729  -2.253747 23.089
 94   284.251 55488.37061417 33.24  16.183999  -2.257047 23.089
 94   283.967 55488.37061740 38.54  16.180369  -2.273577 23.089
 94   283.835 55488.37061804 32.49  16.179637  -2.276879 15.338
 94   283.780 55488.37061869 31.17  16.178917  -2.280189 15.338
