#  354.001  -2.712   8.968 ;Mean Elev.(m), Avg Gradient(m/km), RMS Gradient(m/km) - SRTM1     
#  366.846  -2.777   9.790 ;Mean Elev.(m), Avg Gradient(m/km), RMS Gradient(m/km) - ASTER GDEM
#  354.750  -2.765   7.699 ;Mean Elev.(m), Avg Gradient(m/km), RMS Gradient(m/km) - GMTED2010 
  7   350.703 52464.85287186 41.91  22.700710   1.934528 29.657
  7   350.730 52464.85287250 45.79  22.699980   1.937828 29.657
  7   350.618 52464.85287315 44.35  22.699250   1.941138 29.657
  8   350.447 52499.85286827 39.48  22.699756   1.937484 34.470
  8   350.314 52499.85286892 32.72  22.699026   1.940794 34.470
  9   351.133 52534.85285563 53.37  22.696460   1.936902 27.331
  9   351.085 52534.85285627 51.27  22.695730   1.940212 27.331
  9   350.958 52534.85285692 46.88  22.695010   1.943512 27.331
 10   351.501 52569.85288554 51.71  22.699914   1.935138 41.035
 10   351.378 52569.85288619 52.45  22.699184   1.938448 41.035
 10   351.341 52569.85288683 48.26  22.698464   1.941748 41.035
 11   352.532 52604.85286502 52.68  22.698160   1.937998 31.159
 11   352.483 52604.85286566 49.05  22.697430   1.941308 31.159
 12   352.860 52639.85284882 52.53  22.697109   1.937548 29.748
 12   352.662 52639.85284946 50.86  22.696379   1.940858 29.748
 12   352.618 52639.85285011 48.53  22.695649   1.944158 29.748
 13   351.599 52674.85284286 54.24  22.699786   1.936333 32.789
 13   351.640 52674.85284350 50.90  22.699056   1.939643 32.789
 14   350.998 52709.85286162 48.43  22.697928   1.938392 21.978
 14   350.793 52709.85286226 51.22  22.697198   1.941702 21.978
 15   351.103 52744.85289086 54.36  22.691068   1.943025 15.992
 15   351.092 52744.85289150 50.68  22.690338   1.946335 15.992
 15   351.130 52744.85289215 47.77  22.689618   1.949635 15.992
 16   351.548 52779.85282628 54.66  22.697154   1.938217 27.969
 16   351.563 52779.85282692 50.62  22.696424   1.941527 27.969
 17   350.742 52814.85290957 54.39  22.695545   1.938833 29.165
 17   350.661 52814.85291022 51.31  22.694815   1.942133 29.165
 17   350.585 52814.85291086 52.09  22.694085   1.945443 29.165
 18   351.140 52849.85296164 55.98  22.698882   1.937310 30.202
 18   351.187 52849.85296228 51.07  22.698152   1.940620 30.202
 19   351.543 52884.85299705 52.14  22.695432   1.938216 27.897
 19   351.483 52884.85299770 53.25  22.694702   1.941526 27.897
 19   351.484 52884.85299834 50.49  22.693972   1.944826 27.897
 20   351.552 52919.85295271 54.46  22.700061   1.936513 35.150
 20   351.608 52919.85295335 53.11  22.699341   1.939813 35.150
 21   352.029 52954.85291546 51.62  22.705349   1.933176 33.166
 21   352.009 52954.85291610 53.57  22.704619   1.936486 33.166
 22   352.404 52989.85292608 53.06  22.708563   1.932242 32.189
 22   352.369 52989.85292673 52.87  22.707843   1.935542 32.189
 23   351.460 53024.85290434 52.56  22.708181   1.932839 36.347
 23   351.468 53024.85290499 51.24  22.707461   1.936149 36.347
 24   350.946 53059.85290480 54.01  22.708847   1.933258 30.504
 24   351.001 53059.85290544 51.44  22.708117   1.936568 30.504
 25   350.611 53094.85294240 52.24  22.692011   1.940558 27.627
 25   350.629 53094.85294304 51.80  22.691281   1.943868 27.627
 25   350.633 53094.85294369 50.13  22.690551   1.947168 27.627
 26   351.458 53129.85291263 48.29  22.706433   1.931705 35.665
 26   351.326 53129.85291327 55.62  22.705703   1.935005 35.665
 28   349.856 53199.85298526 35.78  22.698953   1.937910 28.102
 28   349.708 53199.85298591 35.15  22.698223   1.941220 28.102
 29   350.168 53234.85295364 53.06  22.708769   1.932905 35.264
 29   350.239 53234.85295428 50.05  22.708039   1.936215 35.264
 30   350.327 53269.85291914 51.50  22.698664   1.937256 31.104
 30   350.353 53269.85291979 46.90  22.697934   1.940566 31.104
 31   350.549 53304.85298213 53.98  22.690779   1.942368 29.480
 31   350.657 53304.85298278 51.80  22.690049   1.945668 29.480
 31   350.572 53304.85298342 51.75  22.689319   1.948978 29.480
 32   351.798 53339.85294944 52.38  22.698698   1.937426 32.867
 32   351.761 53339.85295008 49.18  22.697978   1.940726 32.867
 33   351.816 53374.85287947 49.98  22.703488   1.933103 35.418
 33   351.840 53374.85288012 52.15  22.702758   1.936403 35.418
 33   351.894 53374.85288076 49.65  22.702028   1.939713 35.418
 34   350.942 53409.85292283 51.00  22.703076   1.933850 34.985
 34   350.903 53409.85292347 54.55  22.702346   1.937160 34.985
 35   350.651 53444.85290604 52.15  22.700482   1.935193 31.658
 35   350.824 53444.85290669 51.72  22.699752   1.938503 31.658
 35   350.417 53444.85290733 46.77  22.699032   1.941803 31.658
 36   350.956 53479.85298726 47.75  22.692546   1.939388 17.910
 36   351.208 53479.85298791 51.21  22.691816   1.942688 17.910
 36   350.838 53479.85298855 51.04  22.691096   1.945998 17.910
 37   351.152 53514.85299341 51.37  22.699573   1.935057 32.113
 37   351.038 53514.85299405 54.65  22.698853   1.938357 32.113
 37   351.076 53514.85299470 49.41  22.698123   1.941667 32.113
 38   350.505 53549.85301361 51.70  22.693252   1.939579 27.922
 38   350.463 53549.85301425 53.51  22.692522   1.942879 27.922
 38   350.490 53549.85301490 49.90  22.691802   1.946189 27.922
 39   350.005 53584.85297366 52.54  22.701587   1.935692 32.803
 39   349.840 53584.85297430 52.51  22.700857   1.939002 32.803
 40   350.771 53619.85293115 52.13  22.696553   1.937586 23.356
 40   350.828 53619.85293179 48.64  22.695833   1.940886 23.356
 40   350.568 53619.85293244 49.65  22.695103   1.944196 23.356
 41   350.566 53654.85295831 54.50  22.698242   1.937165 31.225
 41   350.674 53654.85295895 49.90  22.697512   1.940475 31.225
 41   350.545 53654.85295960 52.11  22.696782   1.943775 31.225
 42   352.067 53689.85295225 56.06  22.696718   1.937712 30.416
 42   352.017 53689.85295289 50.00  22.695998   1.941012 30.416
 42   352.021 53689.85295354 47.26  22.695268   1.944322 30.416
 43   351.409 53724.85287608 53.96  22.702549   1.935730 34.200
 43   351.352 53724.85287673 51.47  22.701819   1.939040 34.200
 44   350.730 53759.85281907 52.48  22.707982   1.931725 34.006
 44   350.805 53759.85281972 54.23  22.707252   1.935035 34.006
 45   350.560 53794.85283778 48.86  22.704050   1.934104 35.171
 45   350.468 53794.85283842 50.44  22.703320   1.937414 35.171
 46   351.235 53829.85281555 52.35  22.703224   1.935069 34.456
 46   351.218 53829.85281619 55.20  22.702494   1.938379 34.456
 47   350.841 53864.85289463 55.35  22.696240   1.938434 28.870
 47   350.808 53864.85289527 48.33  22.695510   1.941744 28.870
 47   350.751 53864.85289592 48.69  22.694790   1.945044 28.870
 48   350.635 53899.85292035 51.94  22.699076   1.936481 34.830
 48   350.621 53899.85292100 51.80  22.698346   1.939791 34.830
 48   350.566 53899.85292164 48.99  22.697616   1.943091 34.830
 49   350.275 53934.85296521 51.45  22.687703   1.943989 25.099
 49   350.184 53934.85296586 53.70  22.686973   1.947299 25.099
 49   350.111 53934.85296650 50.88  22.686243   1.950599 25.099
 50   350.348 53969.85293356 54.43  22.693785   1.940317 30.371
 50   350.311 53969.85293421 50.37  22.693055   1.943627 30.371
 50   350.337 53969.85293485 47.81  22.692335   1.946927 30.371
 51   350.741 54004.85290759 50.92  22.702357   1.934359 33.437
 51   350.834 54004.85290823 50.07  22.701627   1.937659 33.437
 52   351.330 54039.85293876 52.08  22.703574   1.933730 34.588
 52   351.224 54039.85293941 55.13  22.702854   1.937040 34.588
 53   353.233 54074.85293304 49.99  22.701188   1.934616 36.150
 53   353.284 54074.85293368 51.32  22.700468   1.937926 36.150
 53   353.266 54074.85293433 52.01  22.699738   1.941226 36.150
 54   352.416 54109.85287789 52.47  22.698982   1.936422 35.260
 54   352.255 54109.85287853 50.04  22.698262   1.939732 35.260
 54   352.213 54109.85287918 50.83  22.697532   1.943032 35.260
 55   351.604 54144.85287273 52.42  22.699023   1.937734 34.239
 55   351.490 54144.85287338 50.01  22.698293   1.941044 34.239
 56   351.485 54179.85286328 52.91  22.699014   1.937268 42.405
 56   351.458 54179.85286392 51.25  22.698294   1.940568 42.405
 57   351.201 54214.85287994 52.27  22.698573   1.936086 42.561
 57   351.278 54214.85288058 53.69  22.697843   1.939396 42.561
 57   351.185 54214.85288123 50.50  22.697123   1.942696 42.561
 58   351.318 54249.85290794 34.43  22.698727   1.936053 30.172
 58   351.114 54249.85290858 30.50  22.698007   1.939353 30.172
 58   351.076 54249.85290923 29.12  22.697277   1.942663 30.172
 59   350.817 54284.85291491 50.08  22.700993   1.935071 42.153
 59   350.897 54284.85291556 51.13  22.700263   1.938381 42.153
 60   350.850 54319.85291173 52.52  22.701703   1.934421 40.308
 60   351.021 54319.85291237 52.64  22.700983   1.937721 40.308
 61   351.201 54354.85287436  9.08  22.701467   1.933831 18.825
 61   351.204 54354.85287500 10.22  22.700747   1.937131 18.825
 61   351.054 54354.85287565  8.46  22.700017   1.940441 18.825
 62   351.987 54389.85285227 52.19  22.700963   1.935326 41.038
 62   352.100 54389.85285292 49.52  22.700233   1.938636 41.038
 63   352.079 54424.85282470 28.18  22.700067   1.937106 30.718
 63   352.029 54424.85282534 28.34  22.699337   1.940416 30.718
 64   352.314 54459.85282800 50.80  22.700987   1.935101 42.444
 64   352.486 54459.85282865 53.62  22.700257   1.938411 42.444
 65   351.922 54494.85282992 52.50  22.700956   1.936874 31.610
 65   351.768 54494.85283057 54.97  22.700236   1.940174 31.610
 66   350.984 54529.85284075 50.79  22.702101   1.935418 27.712
 66   350.967 54529.85284139 53.01  22.701371   1.938718 27.712
 67   351.414 54564.85283670 53.14  22.699787   1.937203 29.394
 67   351.384 54564.85283735 53.26  22.699057   1.940503 29.394
 68   350.910 54599.85283737 52.50  22.699189   1.937601 28.804
 68   350.877 54599.85283801 51.59  22.698469   1.940911 28.804
 69   351.193 54634.85284963 52.17  22.697967   1.938313 29.086
 69   351.106 54634.85285027 49.63  22.697247   1.941623 29.086
 70   350.381 54669.85285354 50.14  22.698862   1.935669 28.008
 70   350.205 54669.85285418 51.42  22.698132   1.938969 28.008
 70   350.301 54669.85285483 49.72  22.697412   1.942279 28.008
 71   350.897 54704.85281635 51.09  22.701744   1.934521 28.798
 71   350.904 54704.85281699 53.42  22.701014   1.937831 28.798
 72   351.033 54739.85281693 54.15  22.699811   1.937172 28.247
 72   351.076 54739.85281758 51.79  22.699081   1.940482 28.247
 73   351.804 54774.85279705 47.96  22.701695   1.935191 20.613
 73   351.756 54774.85279770 49.71  22.700965   1.938501 20.613
 74   351.690 54809.85280963 49.82  22.699668   1.935569 26.698
 74   351.659 54809.85281027 51.89  22.698938   1.938869 26.698
 74   351.622 54809.85281092 52.65  22.698208   1.942179 26.698
 75   351.091 54844.85279622 47.73  22.700365   1.934838 29.537
 75   351.196 54844.85279687 52.79  22.699635   1.938148 29.537
 75   351.200 54844.85279751 52.19  22.698905   1.941448 29.537
 76   351.476 54879.85281333 51.36  22.698389   1.936962 27.946
 76   351.532 54879.85281398 50.64  22.697669   1.940272 27.946
 76   351.568 54879.85281462 51.53  22.696939   1.943572 27.946
 77   351.319 54914.85280004 52.22  22.697917   1.937768 29.950
 77   351.188 54914.85280069 50.59  22.697187   1.941068 29.950
 79   351.513 54984.85283129 50.19  22.697596   1.936231 29.144
 79   351.655 54984.85283193 51.07  22.696876   1.939541 29.144
 79   351.438 54984.85283258 51.92  22.696146   1.942841 29.144
 80   350.759 55019.85282590 52.85  22.700911   1.936617 25.652
 80   350.878 55019.85282655 52.72  22.700181   1.939917 25.652
 81   350.235 55054.85282252 52.20  22.700845   1.936169 28.646
 81   350.377 55054.85282316 51.56  22.700115   1.939469 28.646
 82   350.524 55089.85278253 51.31  22.699134   1.936740 29.258
 82   350.560 55089.85278318 54.43  22.698404   1.940040 29.258
 83   351.147 55124.85275969 34.69  22.700988   1.935407 19.054
 83   351.065 55124.85276034 31.99  22.700258   1.938707 19.054
 84   352.187 55159.85274324 51.90  22.698890   1.937843 29.869
 84   352.084 55159.85274388 55.03  22.698160   1.941143 29.869
 85   352.157 55194.85275061 52.41  22.699268   1.937151 27.835
 85   352.134 55194.85275126 51.34  22.698538   1.940461 27.835
 86   351.553 55229.85274563 25.12  22.699069   1.936298 13.902
 86   351.521 55229.85274627 25.00  22.698339   1.939598 13.902
 86   351.363 55229.85274692 28.13  22.697619   1.942908 13.902
 87   352.076 55264.85274503 52.10  22.700606   1.936264 27.933
 87   352.013 55264.85274568 53.94  22.699876   1.939564 27.933
 88   352.384 55299.85272804 51.32  22.700839   1.935320 24.390
 88   352.338 55299.85272868 54.45  22.700109   1.938630 24.390
 89   352.101 55334.85272326 52.04  22.698494   1.937909 28.099
 89   352.174 55334.85272391 51.38  22.697774   1.941219 28.099
 90   351.389 55369.85271333 50.93  22.700571   1.936619 27.692
 90   351.343 55369.85271398 52.57  22.699841   1.939919 27.692
 91   350.803 55404.85273066 52.49  22.700917   1.935557 26.724
 91   350.952 55404.85273131 50.91  22.700187   1.938857 26.724
 92   350.332 55439.85273203 50.86  22.701074   1.936095 26.720
 92   350.394 55439.85273267 52.04  22.700344   1.939395 26.720
 93   350.906 55474.85267685 50.49  22.701401   1.934918 28.410
 93   351.021 55474.85267750 52.43  22.700671   1.938228 28.410
