#   40.753 -10.805  23.807 ;Mean Elev.(m), Avg Gradient(m/km), RMS Gradient(m/km) - SRTM1     
#   72.440  -9.408  22.096 ;Mean Elev.(m), Avg Gradient(m/km), RMS Gradient(m/km) - ASTER GDEM
#   42.583  -9.799  24.081 ;Mean Elev.(m), Avg Gradient(m/km), RMS Gradient(m/km) - GMTED2010 
  7    38.987 52469.88134194 34.29  13.591512  -5.663424 18.752
  7    38.890 52469.88134258 33.40  13.590782  -5.660124 18.752
  7    38.371 52469.88134323 35.94  13.590052  -5.656814 18.752
 16    40.145 52784.88129745 34.72  13.592507  -5.661736 15.976
 16    40.317 52784.88129810 37.64  13.591779  -5.658440 19.793
 16    40.566 52784.88129874 38.74  13.591049  -5.655130 19.793
 16    40.808 52784.88129939 38.69  13.590319  -5.651830 19.793
 16    40.961 52784.88130003 37.21  13.589579  -5.648520 19.793
 24    41.181 53064.88138183 35.06  13.595531  -5.647581 24.689
 24    41.399 53064.88138248 35.09  13.594801  -5.644271 24.689
 26    40.319 53134.88138234 35.44  13.596751  -5.645505 26.046
 26    40.682 53134.88138298 35.71  13.596021  -5.642205 26.046
 28    37.370 53204.88144935 35.03  13.591726  -5.660059 27.132
 28    37.993 53204.88145000 36.34  13.590996  -5.656749 27.132
 28    38.763 53204.88145064 39.21  13.590266  -5.653449 27.132
 28    37.990 53204.88145128 36.17  13.589536  -5.650139 27.132
 31    43.142 53309.88143093 31.45  13.590978  -5.667025 22.704
 31    43.336 53309.88143157 31.82  13.590248  -5.663725 22.704
 31    43.793 53309.88143221 31.94  13.589518  -5.660425 22.704
 31    43.836 53309.88143286 31.52  13.588778  -5.657115 22.704
 36   144.085 53484.88145098  2.17  13.589176  -5.674104  2.886
 36   178.447 53484.88145162  1.18  13.588446  -5.670804  2.886
 36   168.507 53484.88145227  0.31  13.587716  -5.667494  2.886
 36   167.448 53484.88145291  0.33  13.586986  -5.664194  2.886
 37    39.526 53519.88145174 39.53  13.593189  -5.652114 23.947
 37    39.492 53519.88145239 38.55  13.592459  -5.648814 23.947
 37    39.440 53519.88145303 38.67  13.591729  -5.645504 23.947
 39    37.460 53589.88141931 34.88  13.596425  -5.646932 32.399
 39    38.100 53589.88141995 36.44  13.595695  -5.643632 32.399
 46    41.349 53834.88129404 32.36  13.593588  -5.652436 25.457
 46    41.049 53834.88129468 32.74  13.592858  -5.649126 25.457
 46    41.454 53834.88129533 33.09  13.592128  -5.645826 25.457
 47    39.542 53869.88135387 37.31  13.592267  -5.658665 17.291
 47    39.825 53869.88135451 37.08  13.591527  -5.655365 17.291
 47    40.070 53869.88135516 36.11  13.590797  -5.652055 17.291
 47    40.125 53869.88135580 34.47  13.590065  -5.648757 18.219
 48    38.992 53904.88138827 37.22  13.591519  -5.661160 16.562
 48    39.175 53904.88138891 37.96  13.590778  -5.657863 19.574
 48    39.361 53904.88138956 40.62  13.590048  -5.654553 19.574
 48    39.613 53904.88139020 37.81  13.589318  -5.651253 19.574
 49   165.424 53939.88141461  1.28  13.591510  -5.697135  2.219
 49   165.811 53939.88141525  1.53  13.590780  -5.693835  2.219
 50    38.512 53974.88137885 31.71  13.591773  -5.666617 25.152
 50    38.766 53974.88137949 34.48  13.591043  -5.663317 25.152
 50    39.008 53974.88138014 35.55  13.590313  -5.660007 25.152
 50    38.797 53974.88138078 36.15  13.589583  -5.656707 25.152
 50    39.559 53974.88138143 37.53  13.588853  -5.653407 25.152
 58    39.619 54254.88136919 37.16  13.592237  -5.656747 20.560
 58    39.913 54254.88136984 38.70  13.591507  -5.653447 20.560
 58    39.919 54254.88137048 37.09  13.590777  -5.650137 20.560
 58    39.834 54254.88137113 37.57  13.590047  -5.646837 20.560
 59    42.094 54289.88137359 30.07  13.592463  -5.646688 10.350
 59    39.713 54289.88137424 33.33  13.591733  -5.643388 10.350
 63    46.976 54429.88127375 31.56  13.593469  -5.652246 17.590
 63    47.109 54429.88127440 34.54  13.592739  -5.648946 17.590
 63    47.167 54429.88127504 36.21  13.592009  -5.645636 17.590
 64    47.285 54464.88128970 31.82  13.593581  -5.650996 16.028
 64    47.262 54464.88129034 34.96  13.592851  -5.647686 16.028
 64    47.225 54464.88129099 34.14  13.592121  -5.644386 16.028
 68    40.852 54604.88129850 36.18  13.592062  -5.653921 20.014
 68    41.044 54604.88129914 35.67  13.591332  -5.650611 20.014
 68    40.979 54604.88129979 35.68  13.590602  -5.647311 20.014
 76    41.743 54884.88127321 34.68  13.592895  -5.659762 19.034
 76    42.025 54884.88127386 34.11  13.592165  -5.656462 19.034
 76    42.328 54884.88127450 35.46  13.591435  -5.653162 19.034
 76    42.288 54884.88127515 37.76  13.590705  -5.649852 19.034
 76    42.417 54884.88127579 36.91  13.589975  -5.646552 19.034
 78    40.550 54954.88126929 36.66  13.592222  -5.657160 19.907
 78    40.835 54954.88126994 36.12  13.591492  -5.653860 19.907
 78    41.002 54954.88127058 37.05  13.590762  -5.650550 19.907
 78    40.937 54954.88127123 37.72  13.590032  -5.647250 19.907
 79    40.336 54989.88129170 36.75  13.591991  -5.664423 18.226
 79    40.538 54989.88129235 37.46  13.591261  -5.661113 18.226
 79    40.769 54989.88129299 36.27  13.590531  -5.657813 18.226
 79    41.144 54989.88129364 37.80  13.589801  -5.654513 18.226
 79    41.247 54989.88129428 38.18  13.589071  -5.651203 18.226
 80    42.159 55024.88128513 29.73  13.592990  -5.651376 14.214
 80    41.946 55024.88128577 31.23  13.592260  -5.648066 14.214
 80    43.063 55024.88128641 28.86  13.591530  -5.644766 14.214
 82    39.756 55094.88123085 36.52  13.592281  -5.657255 20.319
 82    39.970 55094.88123149 37.71  13.591551  -5.653955 20.319
 82    40.092 55094.88123214 36.46  13.590821  -5.650655 20.319
 82    40.038 55094.88123278 36.59  13.590091  -5.647345 20.319
 86    42.957 55234.88119767 34.59  13.592536  -5.657396 18.403
 86    43.221 55234.88119832 34.28  13.591806  -5.654096 18.403
 86    43.386 55234.88119896 36.37  13.591076  -5.650796 18.403
 86    43.404 55234.88119961 37.08  13.590346  -5.647486 18.403
 87    41.710 55269.88120711 35.59  13.592136  -5.651306 19.067
 87    41.549 55269.88120775 36.65  13.591406  -5.647996 19.067
 87    41.714 55269.88120839 35.11  13.590676  -5.644696 19.067
 89    42.313 55339.88117954 34.98  13.592428  -5.652750 19.994
 89    42.407 55339.88118018 37.04  13.591698  -5.649440 19.994
 89    42.314 55339.88118083 34.72  13.590968  -5.646140 19.994
 90   167.526 55374.88117112  1.00  13.592780  -5.651947  2.469
 90   127.505 55374.88117176  1.15  13.592050  -5.648637  2.469
 91    38.930 55409.88119295 35.70  13.593666  -5.652492 23.420
 91    39.032 55409.88119359 37.23  13.592936  -5.649192 23.420
 91    38.981 55409.88119424 36.87  13.592206  -5.645892 23.420
 92    39.076 55444.88118812 37.17  13.592636  -5.652169 22.685
 92    39.027 55444.88118877 37.46  13.591906  -5.648859 22.685
 92    39.060 55444.88118941 38.40  13.591176  -5.645559 22.685
