-215522.115   140.227     0.00    7.85
-215145.841   135.883   -11.54   10.75
-214769.569   132.314    -9.49   12.90
-214393.299   126.698   -14.92   13.89
-214017.031   121.117   -14.83    9.45
-213640.765   118.284    -7.53    8.42
-213264.501   113.366   -13.07    8.93
-212888.240   108.931   -11.79    9.27
-212511.980   106.393    -6.75    9.48
-212135.722   105.122    -3.38    8.33
-211759.466   107.327     5.86   10.40
-211383.213   111.262    10.46   10.92
-211006.961   118.799    20.03    9.07
-210630.711   120.747     5.18    7.67
-210254.463   119.194    -4.13    8.36
-209878.218   120.878     4.47    9.44
-209501.974   119.906    -2.58   10.43
-209125.732   115.980   -10.43   12.87
-208749.492   111.491   -11.93   14.00
-208373.255   107.237   -11.31   11.78
-207997.019   103.775    -9.20   11.23
-207620.785   104.852     2.86    9.77
-207244.553   101.749    -8.25   10.05
-206868.323   100.176    -4.18    8.71
-206492.096   102.987     7.47    7.77
-206115.870   103.931     2.51   11.02
-205739.646   104.435     1.34   10.52
-205363.424   104.237    -0.53   10.49
-204987.204    99.724   -12.00   10.34
-204610.986    97.284    -6.48   11.28
-204234.770    96.749    -1.42   10.39
-203858.556    95.826    -2.45    9.58
-203482.344    98.724     7.70   11.66
-203106.134   101.420     7.17   10.38
-202729.926   100.083    -3.55   10.98
-202353.720    95.636   -11.82   11.52
-201977.516    90.299   -14.19   10.13
-201601.314    91.636     3.55   10.73
-201225.114    95.040     9.05   12.97
-200848.915    99.134    10.88   13.68
-200472.719   104.720    14.85   12.41
-200096.525   103.324    -3.71   11.64
-199720.332    99.185   -11.00   12.31
-199344.142    95.380   -10.12   12.51
-198967.953    91.057   -11.49   12.42
-198591.767    86.416   -12.34    9.44
-198215.582    87.393     2.60   10.02
-197839.400    95.063    20.39   13.40
-197463.219   101.724    17.71   11.85
-197087.040   107.314    14.86   11.78
-196710.863   109.176     4.95   13.58
-196334.689   109.673     1.32   13.48
-195958.516   106.176    -9.29   12.42
-195582.345   103.115    -8.14   11.16
-195206.176   100.933    -5.80    9.72
-194830.008    98.293    -7.02    9.80
-194453.843    94.775    -9.35   13.13
-194077.680    89.032   -15.27   13.15
-193701.519    84.519   -12.00   11.29
-193325.359    79.519   -13.29    9.06
-192949.202    77.046    -6.57    7.39
-192573.046    77.641     1.58    6.02
-192196.892    78.442     2.13    6.58
-191820.741    79.095     1.74    6.87
-191444.591    76.352    -7.29    7.40
-191068.443    72.570   -10.05    7.53
-190692.297    70.102    -6.56    7.22
-190316.153    70.960     2.28    7.99
-189940.011    72.108     3.05    8.16
-189563.870    75.903    10.09    7.96
-189187.732    78.796     7.69    7.63
-188811.596    76.447    -6.25    8.65
-188435.461    76.574     0.34    8.11
-188059.328    77.905     3.54    8.52
-187683.198    79.877     5.24   10.31
-187307.069    83.324     9.17    9.99
-186930.942    87.502    11.11    9.07
-186554.817    87.528     0.07    9.20
-186178.694    88.798     3.38    8.37
-185802.572    93.010    11.20    7.73
-185426.453    96.089     8.19    8.59
-185050.335    98.641     6.79    9.29
-184674.220   101.690     8.11    9.26
-184298.106   102.602     2.43    8.88
-183921.994   104.963     6.28    9.56
-183545.884   109.127    11.07    9.96
-183169.776   113.194    10.81    8.01
-182793.670   115.602     6.40    7.18
-182417.565   114.284    -3.50    9.68
-182041.463   109.324   -13.19   12.11
-181665.362   105.929    -9.03   11.44
-181289.264   103.852    -5.52    9.44
-180913.167   103.609    -0.65    9.59
-180537.072   106.452     7.56   11.57
-180160.979   112.057    14.90   10.95
-179784.887   117.615    14.78    9.43
-179408.798   118.326     1.89    8.32
-179032.710   114.185   -11.01   11.33
-178656.625   111.905    -6.06   10.91
-178280.541   111.352    -1.47   10.91
-177904.459   115.903    12.10   13.95
-177528.379   118.935     8.06   13.58
-177152.301   119.314     1.01   16.03
-176776.224   115.160   -11.05   15.05
-176400.150   111.713    -9.16   11.04
-176024.077   110.528    -3.15    8.02
-175648.006   114.963    11.79    8.79
-175271.937   120.720    15.31   11.51
-174895.870   127.878    19.03   15.66
-174519.804   133.825    15.81   17.71
-174143.741   143.032    24.48   21.05
-173767.679   152.596    25.43   18.67
-173391.619   156.694    10.90   12.44
-173015.561   156.474    -0.59    9.05
-172639.505   149.878   -17.54   11.46
-172263.451   138.262   -30.89   14.64
-171887.398   127.241   -29.31   15.04
-171511.348   115.185   -32.06   18.17
-171135.299   104.991   -27.11   16.18
-170759.252   100.247   -12.62   18.11
-170383.206    95.955   -11.41   17.29
-170007.163    90.821   -13.65   14.70
-169631.121    91.528     1.88   14.58
-169255.082    92.257     1.94   15.32
-168879.044    89.014    -8.62   16.03
-168503.008    84.211   -12.77   15.28
-168126.973    77.880   -16.84   13.83
-167750.941    75.339    -6.76   11.76
-167374.910    78.801     9.21   14.62
-166998.881    82.596    10.09   16.68
-166622.854    86.555    10.53   20.29
-166246.829    87.493     2.50   21.84
-165870.805    85.536    -5.20   20.63
-165494.783    85.269    -0.71   22.85
-165118.763    82.474    -7.43   21.51
-164742.745    78.257   -11.21   21.15
-164366.729    71.931   -16.83   18.50
-163990.714    64.108   -20.80   13.25
-163614.702    59.165   -13.15    6.05
-163238.691    56.510    -7.06    4.62
-162862.681    54.115    -6.37    4.45
-162486.674    54.519     1.07    4.60
-162110.668    55.519     2.66    5.56
-161734.665    58.284     7.36    6.39
-161358.663    61.262     7.92    6.64
-160982.662    63.339     5.52    6.63
-160606.664    64.720     3.67    6.90
-160230.667    64.063    -1.75    6.99
-159854.672    61.262    -7.45    7.91
-159478.679    60.980    -0.75    6.74
-159102.688    64.185     8.52    7.35
-158726.698    68.987    12.77    9.61
-158350.710    76.879    20.99   10.39
-157974.724    81.068    11.14    9.80
-157598.740    83.878     7.47    8.28
-157222.757    84.999     2.98    9.69
-156846.776    88.477     9.25   12.63
-156470.797    94.694    16.54   16.78
-156094.820   103.935    24.58   19.12
-155718.844   119.160    40.49   17.03
-155342.870   131.555    32.97   15.46
-154966.898   143.799    32.57   16.98
-154590.928   154.326    28.00   14.79
-154214.960   162.698    22.27   13.60
-153838.993   168.339    15.00   11.51
-153463.028   172.089     9.98    9.78
-153087.064   172.452     0.97    8.02
-152711.103   169.852    -6.92    8.99
-152335.143   166.825    -8.05   10.02
-151959.185   161.501   -14.16    8.93
-151583.228   156.447   -13.44    9.31
-151207.158   150.690   -15.31   11.39
-150830.859   142.366   -22.12   17.17
-150454.563   121.827   -54.58   26.07
-150078.268   107.668   -37.63   20.66
-149701.975   101.852   -15.46   15.29
-149325.683   102.673     2.18   13.07
-148949.394   109.510    18.17    6.44
-148573.106   113.984    11.89    5.22
-148196.820   116.747     7.34    6.11
-147820.535   120.262     9.34    6.31
-147444.253   125.324    13.45    5.78
-147067.972   130.194    12.94    8.21
-146691.692   134.352    11.05    9.70
-146315.415   140.223    15.60    8.78
-145939.139   143.141     7.76    7.32
-145562.865   147.041    10.36    7.77
-145186.592   151.717    12.43    9.00
-144810.321   157.041    14.15    8.86
-144434.052   161.158    10.94    8.03
-144057.785   165.903    12.61    7.06
-143681.519   170.877    13.22    6.11
-143305.255   175.041    11.07    6.43
-142928.993   179.878    12.85    6.23
-142552.733   183.211     8.86    5.46
-142176.474   184.211     2.66    4.59
-141800.217   185.326     2.96    4.55
-141423.961   186.647     3.51    5.71
-141047.708   189.685     8.08    7.50
-140671.455   192.474     7.41    7.82
-140295.205   193.390     2.44    8.20
-139918.956   192.538    -2.27    7.77
-139542.709   192.108    -1.14    8.10
-139166.464   192.273     0.44    7.88
-138790.220   190.963    -3.48    7.72
-138413.978   188.906    -5.47    7.04
-138037.738   185.324    -9.52    8.30
-137661.500   178.352   -18.53    9.84
-137285.263   170.227   -21.60   10.25
-136909.027   163.366   -18.24    9.24
-136532.794   155.519   -20.86    8.22
-136156.562   149.405   -16.25    6.66
-135780.332   145.510   -10.35    5.66
-135404.103   141.906    -9.58    4.56
-135027.876   140.427    -3.93    4.51
-134651.651   140.528     0.27    5.22
-134275.427   143.690     8.41    7.88
-133899.205   148.906    13.86    7.37
-133522.985   152.109     8.51    5.21
-133146.766   152.673     1.50    4.94
-132770.549   150.237    -6.47    7.45
-132394.334   145.538   -12.49    9.06
-132018.120   138.771   -17.99    7.95
-131641.908   132.393   -16.95    6.14
-131265.698   127.720   -12.42    6.17
-130889.489   123.627   -10.88    6.48
-130513.282   118.582   -13.41    9.32
-130137.076   111.589   -18.59   12.94
-129760.873   107.747   -10.21   12.82
-129384.670   106.724    -2.72   14.80
-129008.470   108.609     5.01   16.15
-128632.271   111.202     6.89   15.84
-128256.074   118.273    18.80   15.89
-127879.878   125.408    18.97   11.93
-127503.684   131.393    15.91    8.81
-127127.492   134.102     7.20    5.20
-126751.301   128.826   -14.02   12.91
-126375.112   115.570   -35.24   20.99
-125998.924   109.852   -15.20   18.79
-125622.738   111.063     3.22   18.94
-125246.554   122.420    30.19   17.14
-124870.371   132.658    27.22    7.37
-124494.190   137.108    11.83    4.41
-124118.011   138.641     4.08    4.06
-123741.833   139.519     2.33    3.06
-123365.657   139.931     1.10    2.87
-122989.482   138.802    -3.00    3.89
-122613.309   137.663    -3.03    4.20
-122237.138   135.902    -4.68    5.23
-121860.968   135.083    -2.18    4.99
-121484.800   134.463    -1.65    4.73
-121108.633   132.122    -6.22    5.55
-120732.468   127.744   -11.64    5.93
-120356.305   123.906   -10.20    5.43
-119980.143   119.237   -12.41    5.20
-119603.983   114.652   -12.19    6.54
-119227.825   106.955   -20.46    8.86
-118851.668    95.826   -29.59   15.60
-118475.512    84.602   -29.84   18.07
-118099.358    78.749   -15.56   16.58
-117723.206    76.799    -5.18   16.09
-117347.055    80.484     9.79   15.52
-116970.906    86.878    17.00   13.02
-116594.759    89.262     6.34   11.11
-116218.613    92.582     8.83   11.79
-115842.469    94.032     3.85   10.60
-115466.326    95.652     4.31    9.30
-115090.185    96.213     1.49    6.50
-114714.045    98.528     6.15    5.51
-114337.907   102.284     9.99    6.28
-113961.770   104.528     5.96    7.07
-113585.635   104.230    -0.79    8.11
-113209.502   102.963    -3.37    8.59
-112833.370   101.352    -4.28    7.11
-112457.240   102.211     2.28    6.56
-112081.111   103.717     4.00    6.01
-111704.984   105.134     3.77    6.03
-111328.859   104.563    -1.52    7.91
-110952.735   102.621    -5.16    8.04
-110576.612   101.041    -4.20    7.65
-110200.491   100.365    -1.80    7.11
-109824.372   103.546     8.46    8.22
-109448.254   105.314     4.70    9.99
-109072.138   106.237     2.45   11.07
-108696.023   104.790    -3.85   12.14
-108319.910   100.852   -10.47   11.79
-107943.799    97.501    -8.91   11.08
-107567.688    92.074   -14.43   10.13
-107191.580    84.230   -20.86   13.35
-106815.473    81.296    -7.80   12.95
-106439.367    81.168    -0.34   13.43
-106063.263    83.929     7.34   13.96
-105687.161    86.905     7.91   13.14
-105311.060    89.905     7.98    7.82
-104934.961    88.006    -5.05    9.47
-104558.863    85.698    -6.14    9.64
-104182.767    83.852    -4.91    8.37
-103806.672    85.955     5.59    7.40
-103430.579    89.311     8.93    7.83
-103054.487    93.141    10.18    7.33
-102678.397    98.589    14.48    5.99
-102302.308   101.821     8.59    6.36
-101926.221   104.185     6.29    4.98
-101550.135   106.063     4.99    4.74
-101174.051   106.122     0.16    5.23
-100797.968   104.621    -3.99    5.02
-100421.887   102.630    -5.30    4.62
-100045.807   100.519    -5.61    4.10
 -99669.729    98.089    -6.46    4.02
 -99293.653    95.798    -6.09    3.68
 -98917.578    92.365    -9.13    5.52
 -98541.504    87.955   -11.73    8.23
 -98165.432    81.006   -18.48   11.27
 -97789.361    74.713   -16.73    8.30
 -97413.292    72.544    -5.77    7.54
 -97037.224    69.960    -6.87    6.80
 -96661.158    69.744    -0.57    6.90
 -96285.093    68.095    -4.38    7.45
 -95909.030    64.321   -10.04    6.90
 -95532.968    59.929   -11.68    9.04
 -95156.908    53.220   -17.84   10.49
 -94780.849    46.352   -18.26    9.19
 -94404.792    37.749   -22.88    9.29
 -94028.736    30.991   -17.97    8.21
 -93652.682    27.519    -9.23    6.02
 -93276.629    25.621    -5.05    2.65
 -92900.578    27.771     5.72    4.25
 -92524.528    31.063     8.75    5.99
 -92148.480    34.493     9.12    6.78
 -91772.433    38.752    11.33    6.34
 -91396.387    45.014    16.65    7.30
 -91020.343    49.211    11.16    7.95
 -90644.300    52.984    10.03    7.30
 -90268.259    55.014     5.40    5.88
 -89892.220    58.420     9.06    5.50
 -89516.182    61.881     9.20    6.96
 -89140.145    66.980    13.56    6.53
 -88764.110    71.152    11.09    4.66
 -88388.076    73.960     7.47    3.77
 -88012.043    75.237     3.39    3.18
 -87636.012    76.408     3.11    2.81
 -87259.983    76.615     0.55    2.94
 -86883.955    76.237    -1.01    2.88
 -86507.928    75.984    -0.67    3.01
 -86131.903    75.582    -1.07    2.87
 -85755.879    75.720     0.37    3.91
 -85379.857    74.477    -3.31    8.14
 -85003.836    72.880    -4.25   10.19
 -84627.817    71.980    -2.39   10.54
 -84251.799    71.010    -2.58   10.55
 -83875.782    72.122     2.96   10.73
 -83499.767    75.095     7.91   11.91
 -83123.754    78.908    10.14   12.30
 -82747.741    79.339     1.15   10.63
 -82371.731    79.752     1.10    8.94
 -81995.721    80.393     1.70    8.23
 -81619.713    83.027     7.01    8.74
 -81243.707    85.247     5.90    8.87
 -80867.702    85.563     0.84    9.03
 -80491.698    85.825     0.70    8.68
 -80115.696    86.211     1.03    8.51
 -79739.695    86.324     0.30    8.35
 -79363.695    86.609     0.76    8.11
 -78987.697    87.141     1.42    8.69
 -78611.701    91.223    10.86    9.64
 -78235.705    93.621     6.38    8.88
 -77859.712    97.006     9.00    9.05
 -77483.719   101.130    10.97    8.74
 -77107.728   102.933     4.80    9.01
 -76731.738   104.122     3.16    8.37
 -76355.750   103.352    -2.05    8.10
 -75979.575   100.277    -8.17    6.34
 -75603.313    99.420    -2.28    5.85
 -75227.052    99.929     1.35    5.19
 -74850.792   100.510     1.54    6.20
 -74474.534   103.089     6.85    6.75
 -74098.277   104.933     4.90    7.88
 -73722.022   109.621    12.46    9.67
 -73345.768   115.720    16.21   12.90
 -72969.515   123.602    20.95   12.92
 -72593.264   129.744    16.32   13.95
 -72217.014   132.630     7.67   16.29
 -71840.766   134.262     4.34   18.53
 -71464.519   129.903   -11.59   18.60
 -71088.273   126.146    -9.99   16.35
 -70712.029   127.420     3.38   18.11
 -70335.786   131.582    11.06   22.83
 -69959.544   141.122    25.36   22.50
 -69583.304   147.775    17.68   21.84
 -69207.065   153.825    16.08   21.60
 -68830.828   159.211    14.32   20.04
 -68454.592   164.237    13.36   18.56
 -68078.357   171.237    18.61    8.63
 -67702.124   171.528     0.77    9.81
 -67325.892   164.467   -18.77   18.99
 -66949.661   156.615   -20.87   21.87
 -66573.432   147.519   -24.18   23.18
 -66197.204   150.663     8.36   20.86
 -65820.977   156.019    14.24   17.06
 -65444.752   160.528    11.98    9.19
 -65068.528   157.724    -7.45    9.91
 -64692.305   147.383   -27.49   17.17
 -64316.084   128.905   -49.12   24.52
 -63939.864   115.484   -35.67   19.70
 -63563.646   109.019   -17.18   13.76
 -63187.429   114.980    15.85   19.81
 -62811.213   130.176    40.39   21.12
 -62434.998   143.852    36.35   17.87
 -62058.785   153.905    26.72    7.71
 -61682.574   151.089    -7.48   15.64
 -61306.363   140.906   -27.07   21.57
 -60930.154   128.390   -33.27   22.04
 -60553.946   117.185   -29.78   17.91
 -60177.740   111.046   -16.32   13.96
 -59801.534   115.528    11.91   15.57
 -59425.331   126.420    28.95   20.76
 -59049.128   136.690    27.30   19.23
 -58672.927   147.311    28.23   15.58
 -58296.727   154.509    19.13    9.22
 -57920.528   155.052     1.44   11.35
 -57544.331   155.168     0.31   11.80
 -57168.135   150.491   -12.43   11.11
 -56791.941   138.596   -31.62   19.55
 -56415.747   125.663   -34.38   20.67
 -56039.555   112.326   -35.45   18.69
 -55663.365   100.694   -30.92   10.22
 -55287.175    96.647   -10.76    8.55
 -54910.987    93.528    -8.29    7.62
 -54534.800    88.799   -12.57    9.76
 -54158.615    86.477    -6.17    9.22
 -53782.431    85.595    -2.34    9.43
 -53406.248    89.420    10.17   10.62
 -53030.066    95.176    15.30    8.84
 -52653.886   104.149    23.85   13.92
 -52277.707   117.501    35.49   19.96
 -51901.529   131.824    38.08   22.26
 -51525.353   146.390    38.72   16.50
 -51149.178   151.570    13.77   11.97
 -50773.004   149.447    -5.64   16.08
 -50396.831   136.570   -34.23   24.29
 -50020.660   124.010   -33.39   24.69
 -49644.490   114.057   -26.46   19.57
 -49268.321   105.230   -23.46   16.25
 -48892.154    98.211   -18.66   15.61
 -48515.988    92.658   -14.76   15.37
 -48139.823    84.063   -22.85   12.63
 -47763.659    77.390   -17.74    8.19
 -47387.497    74.823    -6.83    7.14
 -47011.336    74.339    -1.29    8.89
 -46635.176    72.825    -4.03    8.97
 -46259.017    70.546    -6.06    7.59
 -45882.860    69.717    -2.21    8.00
 -45506.704    70.380     1.76    8.39
 -45130.549    70.378    -0.00    8.77
 -44754.396    67.876    -6.65   10.40
 -44378.244    62.203   -15.08   10.75
 -44002.093    57.878   -11.50    8.70
 -43625.943    56.457    -3.78    6.65
 -43249.794    59.057     6.91    7.94
 -42873.647    65.393    16.84    8.25
 -42497.501    73.416    21.33   13.83
 -42121.356    86.149    33.85   19.28
 -41745.213    97.339    29.75   18.71
 -41369.071   106.933    25.51   14.91
 -40992.930   110.423     9.28   15.07
 -40616.790   106.596   -10.18   18.86
 -40240.651   103.621    -7.91   19.75
 -39864.514    98.738   -12.98   19.55
 -39488.378    92.825   -15.72   21.34
 -39112.243    89.574    -8.64   20.52
 -38736.109    85.010   -12.13   15.74
 -38359.977    87.527     6.69   15.42
 -37983.846    89.690     5.75   16.82
 -37607.716    95.905    16.52   16.90
 -37231.587   102.773    18.26   16.85
 -36855.460   112.826    26.73   18.13
 -36479.334   124.555    31.18   21.23
 -36103.208   137.502    34.42   19.99
 -35727.085   151.220    36.47   13.40
 -35350.962   158.393    19.07    9.64
 -34974.841   162.203    10.13    4.96
 -34598.721   163.630     3.79    5.18
 -34222.602   163.160    -1.25    6.08
 -33846.484   162.185    -2.59    7.03
 -33470.367   158.823    -8.94    8.75
 -33094.252   151.457   -19.58   11.33
 -32718.138   144.230   -19.21   10.71
 -32342.025   137.185   -18.73   12.07
 -31965.913   126.980   -27.13   11.23
 -31589.803   118.501   -22.55   13.77
 -31213.693   104.799   -36.43   16.99
 -30837.585    95.747   -24.07   13.90
 -30461.478    94.577    -3.11   12.48
 -30085.372    98.068     9.28   13.74
 -29709.268   104.577    17.31   11.76
 -29333.164   109.314    12.59    6.82
 -28957.062   109.130    -0.49    9.76
 -28580.961   110.257     3.00   10.51
 -28204.861   113.879     9.63   10.27
 -27828.763   121.122    19.26    9.34
 -27452.665   128.929    20.76   11.20
 -27076.569   136.185    19.29   12.74
 -26700.474   147.980    31.36   12.12
 -26324.380   156.247    21.98    9.48
 -25948.287   161.491    13.94    6.10
 -25572.196   163.237     4.64    3.80
 -25196.105   161.698    -4.09    4.87
 -24820.016   156.457   -13.94    8.01
 -24443.928   152.352   -10.92    8.65
 -24067.841   149.570    -7.40    7.85
 -23691.755   149.095    -1.26    6.89
 -23315.671   151.416     6.17    3.97
 -22939.587   151.077    -0.90    5.08
 -22563.505   151.252     0.47    5.45
 -22187.424   149.879    -3.65    6.37
 -21811.344   142.230   -20.34   12.79
 -21435.265   131.825   -27.67   16.87
 -21059.188   118.168   -36.31   17.53
 -20683.111   104.935   -35.19   13.72
 -20307.036    91.901   -34.66   14.48
 -19930.961    77.801   -37.49   16.85
 -19554.888    69.906   -20.99   15.52
 -19178.817    72.826     7.76   18.95
 -18802.746    82.457    25.61   22.90
 -18426.676   100.083    46.87   19.95
 -18050.608   112.435    32.85   11.06
 -17674.540   116.237    10.11    7.62
 -17298.474   112.824    -9.07   10.53
 -16922.409   105.032   -20.72   13.42
 -16546.345    97.621   -19.70   11.49
 -16170.282    92.321   -14.09    8.40
 -15794.220    92.366     0.12    8.79
 -15418.160    91.690    -1.80    9.02
 -15042.100    89.068    -6.97    9.48
 -14666.042    78.089   -29.20   16.94
 -14289.985    66.879   -29.81   18.30
 -13913.929    58.596   -22.03   16.70
 -13537.874    52.365   -16.57   14.01
 -13161.820    49.378    -7.94   14.59
 -12785.767    44.393   -13.26   14.99
 -12409.716    39.570   -12.82   13.82
 -12033.665    41.878     6.14   13.14
 -11657.616    46.960    13.52   13.85
 -11281.567    55.544    22.83   11.04
 -10905.520    62.528    18.57    7.39
 -10529.474    66.798    11.36    7.60
 -10153.429    71.801    13.30    8.74
  -9777.385    75.227     9.11    8.47
  -9401.343    75.108    -0.32   11.98
  -9025.301    66.980   -21.62   19.58
  -8649.260    54.602   -32.92   22.29
  -8273.221    43.390   -29.81   21.79
  -7897.182    34.825   -22.78   18.26
  -7521.145    26.980   -20.86   15.84
  -7145.109    25.115    -4.96   14.49
  -6769.074    22.457    -7.07   11.90
  -6393.040    23.510     2.80   16.14
  -6017.007    26.929     9.09   18.97
  -5640.975    26.493    -1.16   17.99
  -5264.944    24.176    -6.16   17.28
  -4888.914    18.536   -15.00   12.62
  -4512.886    11.393   -19.00    7.16
  -4136.858     7.311   -10.85    6.26
  -3760.832     4.420    -7.69    5.66
  -3384.806     2.383    -5.42    3.29
  -3008.782     3.288     2.41    2.62
  -2632.759     3.826     1.43    2.51
  -2256.736     3.324    -1.34    2.90
  -1880.715     1.749    -4.19    2.55
  -1504.695     0.528    -3.25    1.06
  -1128.670     0.168    -0.96    0.57
   -752.445     0.220     0.14    0.63
   -376.221     0.057    -0.43    0.47
      0.002    -0.148    -0.55    0.00
    376.224    -0.148     0.00    0.00
    752.445    -0.148     0.00    0.00
   1128.665    -0.092     0.15    0.33
   1504.884     1.115     3.21    3.42
   1881.101     3.825     7.20    6.06
   2257.318     6.447     6.97    6.23
   2633.534    10.852    11.71    6.10
   3009.748    14.281     9.11    5.02
   3385.962    14.647     0.97    4.89
   3762.174    14.402    -0.65    4.94
   4138.386    13.933    -1.25    5.29
   4514.596    14.160     0.60    5.39
   4890.806    14.393     0.62    5.39
   5267.014    15.615     3.25    5.57
   5643.221    14.749    -2.30    5.53
   6019.428    14.621    -0.34    5.59
   6395.633    13.574    -2.78    6.14
   6771.837    13.299    -0.73    5.70
   7148.040    13.852     1.47    5.77
   7524.242    14.519     1.77    5.66
   7900.444    14.442    -0.20    5.50
   8276.644    14.063    -1.01    5.21
   8652.843    14.906     2.24    4.62
   9029.041    13.825    -2.87    4.04
   9405.238    12.987    -2.23    3.68
   9781.434    13.083     0.25    3.90
  10157.629    13.027    -0.15    4.21
  10533.823    13.366     0.90    4.75
  10910.016    15.288     5.11    4.75
  11286.208    15.799     1.36    4.82
  11662.399    15.089    -1.89    5.14
  12038.589    16.420     3.54    5.19
  12414.778    17.827     3.74    5.06
  12790.966    18.773     2.51    4.66
  13167.153    20.501     4.59    2.98
  13543.339    20.878     1.00    1.68
  13919.524    20.796    -0.22    1.85
  14295.708    20.416    -1.01    1.90
  14671.891    20.057    -0.95    1.89
  15048.073    20.452     1.05    1.85
  15424.255    19.339    -2.96    4.21
  15800.435    18.771    -1.51    4.12
  16176.614    18.555    -0.57    4.05
  16552.792    19.177     1.65    3.63
  16928.969    19.987     2.15    1.87
  17305.145    20.089     0.27    1.73
  17681.320    20.589     1.33    2.02
  18057.494    20.570    -0.05    3.35
  18433.668    21.311     1.97    3.97
  18809.840    21.852     1.44    4.23
  19186.011    22.273     1.12    4.43
  19562.181    23.185     2.43    3.61
  19938.351    23.825     1.70    3.08
  20314.519    24.658     2.21    2.23
  20690.686    24.720     0.17    2.12
  21066.853    24.929     0.55    1.86
  21443.018    24.234    -1.85    1.79
  21819.183    23.987    -0.66    1.62
  22195.346    24.366     1.01    1.87
  22571.509    24.463     0.26    2.18
  22947.671    24.467     0.01    1.98
  23323.831    24.615     0.39    2.27
  23699.991    24.390    -0.60    2.42
  24076.150    24.339    -0.14    2.16
  24452.307    24.314    -0.07    2.21
  24828.464    24.068    -0.65    2.38
  25204.620    24.052    -0.04    3.01
  25580.775    22.929    -2.99    3.59
  25956.929    22.158    -2.05    3.73
  26333.082    21.339    -2.18    3.82
  26709.235    20.609    -1.94    3.88
  27085.386    21.906     3.45    3.84
  27461.536    22.673     2.04    3.73
  27837.685    22.793     0.32    4.56
  28213.834    22.977     0.49    3.85
  28589.981    22.905    -0.19    4.14
  28966.128    23.130     0.60    4.42
  29342.274    23.698     1.51    3.97
  29718.418    24.447     1.99    4.26
  30094.562    25.984     4.09    3.16
  30470.705    25.747    -0.63    2.97
  30846.847    26.493     1.98    2.65
  31222.988    26.068    -1.13    2.03
  31599.128    25.984    -0.23    1.93
  31975.267    26.202     0.58    1.41
  32351.406    26.223     0.06    1.35
  32727.543    26.555     0.88    1.47
  33103.679    26.798     0.65    1.63
  33479.815    27.582     2.08    1.88
  33855.950    28.528     2.51    2.00
  34232.083    29.252     1.93    2.02
  34608.216    29.727     1.26    2.00
  34984.348    30.194     1.24    1.99
  35360.479    30.366     0.46    1.85
  35736.609    30.493     0.34    2.06
  36112.739    30.773     0.74    1.94
  36488.867    31.339     1.51    2.26
  36864.994    32.014     1.79    2.13
  37241.121    32.980     2.57    2.40
  37617.247    33.602     1.65    2.51
  37993.371    33.720     0.31    2.48
  38369.495    34.083     0.96    2.53
  38745.618    33.696    -1.03    2.83
  39121.741    33.365    -0.88    2.57
  39497.862    33.744     1.01    3.08
  39873.982    36.130     6.34    5.78
  40250.102    41.339    13.85   10.16
  40626.220    49.685    22.19   13.20
  41002.338    58.615    23.74   13.37
  41378.455    63.339    12.56   12.99
  41754.571    67.771    11.78   13.01
  42130.686    70.057     6.08   13.98
  42506.800    73.237     8.45   13.59
  42882.914    77.544    11.45   11.88
  43259.026    81.095     9.44   10.01
  43635.138    85.185    10.87   10.32
  44011.249    89.609    11.76   10.86
  44387.359    91.636     5.39    9.77
  44763.468    92.393     2.01    7.80
  45139.576    88.758    -9.66    8.79
  45515.683    81.211   -20.07   11.60
  45891.790    73.115   -21.53   13.12
  46267.896    66.019   -18.87   13.00
  46644.001    58.203   -20.78   12.31
  47020.105    55.852    -6.25   13.75
  47396.208    53.273    -6.86   13.54
  47772.310    52.749    -1.39   13.72
  48148.411    50.582    -5.76   12.47
  48524.512    49.878    -1.87   10.60
  48900.612    48.314    -4.16   10.68
  49276.711    44.063   -11.30    9.98
  49652.809    42.230    -4.87    9.77
  50028.906    42.052    -0.47   10.03
  50405.003    41.798    -0.68    9.97
  50781.098    44.284     6.61   10.72
  51157.193    45.122     2.23   10.36
  51533.287    46.281     3.08    8.61
  51909.380    43.390    -7.68    9.38
  52285.472    35.955   -19.77    8.83
  52661.564    31.463   -11.94    5.97
  53037.654    27.775    -9.81    3.34
  53413.744    25.880    -5.04    2.73
  53789.833    24.501    -3.67    2.96
  54165.921    22.698    -4.79    2.41
  54542.009    21.366    -3.54    1.80
  54918.095    21.194    -0.46    1.79
  55294.181    21.720     1.40    1.93
  55670.266    22.277     1.48    2.14
  56046.350    23.149     2.32    1.93
  56422.434    23.577     1.14    1.43
  56798.516    23.493    -0.22    1.50
  57174.598    23.158    -0.89    1.64
  57550.679    22.257    -2.39    1.96
  57926.759    21.380    -2.33    1.98
  58302.838    20.905    -1.26    1.86
  58678.917    18.452    -6.52    4.01
  59054.995    17.130    -3.52    5.06
  59431.072    17.502     0.99    5.34
  59807.148    18.528     2.73    5.41
  60183.223    20.474     5.17    4.52
  60559.298    21.905     3.81    2.37
  60935.372    21.673    -0.62    2.28
  61311.445    22.536     2.30    3.56
  61687.517    24.408     4.98    7.09
  62063.588    31.185    18.02   12.13
  62439.659    40.408    24.52   15.19
  62815.729    49.952    25.38   16.43
  63191.798    59.955    26.60   12.24
  63567.866    66.019    16.12    7.54
  63943.934    70.122    10.91    5.43
  64320.001    73.435     8.81    6.61
  64696.067    76.984     9.44    6.42
  65072.132    81.416    11.79    6.68
  65448.197    85.582    11.08    6.54
  65824.261    88.752     8.43    5.30
  66200.324    89.903     3.06    4.83
  66576.386    89.115    -2.10    5.41
  66952.447    85.717    -9.04    7.26
  67328.508    80.185   -14.71    9.06
  67704.568    73.647   -17.39   10.46
  68080.627    65.908   -20.58    9.46
  68456.686    52.955   -34.44   18.23
  68832.743    38.074   -39.57   21.07
  69208.800    27.747   -27.46   17.11
  69584.857    22.698   -13.43   10.39
  69960.912    21.665    -2.75    4.94
  70336.967    23.122     3.88    3.25
  70713.021    23.528     1.08    2.03
  71089.074    24.041     1.37    2.03
  71465.126    25.160     2.97    1.82
  71841.178    25.463     0.81    1.84
  72217.229    26.108     1.72    1.58
  72593.280    26.083    -0.07    1.66
  72969.329    26.032    -0.14    1.94
  73345.378    28.203     5.78    5.69
  73721.426    32.220    10.68    8.98
  74097.528    40.536    22.11   13.66
  74473.719    51.491    29.12   13.91
  74849.909    62.311    28.76   12.96
  75226.098    73.474    29.67    9.38
  75602.286    79.339    15.59    9.68
  75978.474    86.955    20.25    9.80
  76354.661    93.508    17.42    8.03
  76730.847    95.641     5.67    5.65
  77107.032    95.749     0.29    5.60
  77483.217    94.102    -4.38    7.28
  77859.401    93.160    -2.50    6.86
  78235.585    90.095    -8.15    8.33
  78611.767    86.262   -10.19   10.14
  78987.949    83.185    -8.18   10.75
  79364.131    80.931    -5.99    9.46
  79740.311    75.168   -15.32   11.27
  80116.491    71.032   -11.00   14.84
  80492.670    65.621   -14.38   15.75
  80868.849    57.269   -22.20   18.23
  81245.026    52.609   -12.39   18.67
  81621.203    47.176   -14.44   16.25
  81997.380    43.582    -9.56   12.11
  82373.556    45.176     4.24   12.20
  82749.731    48.411     8.60   12.64
  83125.905    55.752    19.52   14.06
  83502.079    59.673    10.42   14.57
  83878.251    59.408    -0.70   14.08
  84254.424    62.108     7.18   12.12
  84630.595    63.095     2.62   11.06
  85006.766    62.641    -1.21   11.16
  85382.937    67.036    11.68   12.73
  85759.106    70.390     8.92   14.91
  86135.275    77.771    19.62   18.02
  86511.443    84.931    19.03   16.61
  86887.611    90.152    13.88   17.02
  87263.778    96.795    17.66   13.37
  87639.944    98.694     5.05   12.84
  88016.109   103.257    12.13   11.88
  88392.274   108.609    14.23    9.95
  88768.439   112.960    11.57    9.88
  89144.602   116.213     8.65    8.05
  89520.765   118.878     7.08    5.64
  89896.927   119.339     1.23    4.66
  90273.089   118.663    -1.80    4.64
  90649.250   115.749    -7.74    5.60
  91025.410   112.036    -9.87    7.18
  91401.570   106.621   -14.40   10.10
  91777.729    99.931   -17.79    9.56
  92153.887    94.826   -13.57    7.16
  92530.045    89.713   -13.59    6.78
  92906.202    84.352   -14.25    8.19
  93282.358    76.775   -20.14   11.16
  93658.514    67.909   -23.57   12.70
  94034.669    59.903   -21.28   13.46
  94410.824    53.122   -18.03   10.84
  94786.978    49.519    -9.58    8.58
  95163.131    46.149    -8.96    7.82
  95539.284    45.546    -1.60    9.11
  95915.436    44.615    -2.48    9.77
  96291.587    43.202    -3.76   10.19
  96667.738    39.771    -9.12    8.34
  97043.888    37.442    -6.19    6.68
  97420.037    37.484     0.11    7.28
  97796.186    36.299    -3.15    7.18
  98172.334    34.987    -3.49    6.91
  98548.482    33.877    -2.95    6.47
  98924.629    32.176    -4.52    6.09
  99300.775    30.744    -3.81    5.92
  99676.921    30.122    -1.65    5.39
 100053.066    31.223     2.93    3.84
 100429.211    30.929    -0.78    3.02
 100805.355    29.621    -3.48    3.27
 101181.498    28.481    -3.03    3.20
 101557.641    26.582    -5.05    3.29
 101933.783    24.609    -5.25    4.19
 102309.925    23.484    -2.99    3.87
 102686.066    23.827     0.91    3.39
 103062.206    25.420     4.23    3.04
 103438.346    26.641     3.25    1.63
 103814.485    26.747     0.28    1.72
 104190.623    29.544     7.44    7.71
 104566.761    34.420    12.96   13.88
 104942.899    39.652    13.91   15.90
 105319.036    43.852    11.17   15.21
 105695.172    48.230    11.64   12.85
 106071.307    51.825     9.56   13.00
 106447.442    60.713    23.63   14.27
 106823.577    68.673    21.16   11.24
 107199.711    75.134    17.18   10.08
 107575.844    79.509    11.63    6.84
 107951.977    79.955     1.18    7.35
 108328.109    80.879     2.46    6.91
 108704.241    81.602     1.92    6.30
 109080.372    83.032     3.80    4.51
 109456.502    83.668     1.69    3.85
 109832.632    82.134    -4.08    3.41
 110208.761    81.826    -0.82    3.87
 110584.890    81.027    -2.12    5.82
 110961.018    77.991    -8.07   10.35
 111337.146    74.377    -9.61   14.96
 111713.273    66.467   -21.03   16.53
 112089.400    61.158   -14.12   15.26
 112465.525    61.771     1.63   12.89
 112841.651    61.122    -1.72   12.72
 113217.776    58.825    -6.11   13.54
 113593.900    54.247   -12.17   12.40
 113970.024    49.546   -12.50   11.96
 114346.147    44.596   -13.16   13.87
 114722.270    41.457    -8.34   13.24
 115098.392    35.852   -14.90   11.16
 115474.513    29.390   -17.18    5.13
 115850.634    28.168    -3.25    4.09
 116226.755    28.773     1.61    4.85
 116602.875    31.019     5.97    6.09
 116978.994    33.826     7.46    6.73
 117355.113    37.074     8.64    7.15
 117731.232    39.467     6.36    5.99
 118107.349    41.288     4.84    5.48
 118483.467    42.764     3.92    7.56
 118859.584    42.284    -1.27    8.08
 119235.700    41.474    -2.16    8.23
 119611.816    40.420    -2.80    7.48
 119987.931    41.582     3.09    8.59
 120364.045    43.658     5.52    9.08
 120740.160    47.652    10.62   11.22
 121116.273    52.878    13.89   12.51
 121492.386    60.771    20.99   12.53
 121868.499    66.299    14.70    9.20
 122244.611    67.852     4.13    8.22
 122620.723    68.698     2.25    8.18
 122996.834    69.095     1.06    9.08
 123372.944    70.980     5.01    9.14
 123749.055    71.630     1.73    9.84
 124125.164    69.185    -6.50   12.68
 124501.273    65.596    -9.54   12.61
 124877.382    63.946    -4.39   10.89
 125253.490    64.211     0.71    9.29
 125629.597    63.879    -0.88   10.55
 126005.705    65.311     3.81   10.32
 126381.811    63.615    -4.51   10.39
 126757.917    64.463     2.25    9.60
 127134.023    63.211    -3.33   10.24
 127510.128    60.365    -7.57   10.38
 127886.233    61.852     3.95   10.27
 128262.337    61.903     0.14    8.88
 128638.441    59.775    -5.66   11.51
 129014.544    58.878    -2.39   12.13
 129390.646    57.555    -3.52   11.31
 129766.749    60.352     7.44   11.87
 130142.850    63.744     9.02   10.66
 130518.952    65.230     3.95   10.86
 130895.053    66.717     3.95   11.52
 131271.153    66.165    -1.47   10.64
 131647.253    70.032    10.28   10.55
 132023.352    74.493    11.86    9.96
 132399.451    80.352    15.58    9.92
 132775.550    87.185    18.17    8.24
 133151.648    91.796    12.26    6.09
 133527.745    92.467     1.78    4.73
 133903.842    92.484     0.04    5.53
 134279.939    90.960    -4.05    6.30
 134656.035    86.906   -10.78   11.01
 135032.131    82.647   -11.32   13.42
 135408.226    78.950    -9.83   13.12
 135784.321    77.408    -4.10   10.46
 136160.415    75.724    -4.48    8.99
 136536.509    72.176    -9.43   10.62
 136912.603    69.339    -7.55   12.15
 137288.696    65.744    -9.56   13.05
 137664.788    66.509     2.03   13.72
 138040.880    69.519     8.00   10.74
 138416.972    69.552     0.09    9.19
 138793.063    69.095    -1.21    8.00
 139169.154    63.801   -14.08    9.81
 139545.245    57.546   -16.63   11.44
 139921.335    51.273   -16.68   10.19
 140297.424    43.185   -21.50    9.12
 140673.513    37.536   -15.02    8.82
 141049.602    34.713    -7.51    8.03
 141425.690    34.852     0.37    7.95
 141801.778    36.032     3.14    7.88
 142177.865    41.963    15.77    7.68
 142553.952    44.467     6.66    8.22
 142930.039    45.431     2.56    8.98
 143306.125    45.393    -0.10    8.96
 143682.211    43.311    -5.53    8.08
 144058.296    43.230    -0.22    7.36
 144434.381    46.467     8.61    9.21
 144810.466    52.252    15.38   10.35
 145186.550    56.366    10.94    8.69
 145562.633    58.552     5.81    8.41
 145938.717    57.115    -3.82   10.89
 146314.799    56.457    -1.75   12.86
 146690.882    54.501    -5.20   14.55
 147066.964    52.102    -6.38   15.01
 147443.046    48.213   -10.34   14.50
 147819.127    40.311   -21.01   14.17
 148195.208    32.931   -19.62   11.00
 148571.288    27.435   -14.61    6.40
 148947.368    26.621    -2.16    5.78
 149323.503    25.416    -3.20    5.95
 149699.658    23.769    -4.38    6.23
 150075.812    22.420    -3.59    6.94
 150451.965    21.122    -3.45    6.26
 150828.118    19.247    -4.99    4.61
 151204.271    18.677    -1.51    2.40
 151580.424    18.690     0.03    2.84
 151956.576    19.852     3.09    3.07
 152332.727    20.352     1.33    2.81
 152708.879    20.589     0.63    2.46
 153085.029    20.690     0.27    1.92
 153461.180    20.327    -0.96    2.30
 153837.330    21.878     4.12    3.61
 154213.480    23.741     4.95    4.82
 154589.629    26.420     7.12    6.30
 154965.778    31.423    13.30    7.78
 155341.927    34.237     7.48    9.47
 155718.076    36.903     7.09    9.71
 156094.224    41.176    11.36    8.82
 156470.371    44.879     9.85    7.77
 156846.518    46.393     4.02    9.65
 157222.665    50.555    11.07    9.49
 157598.812    56.390    15.51   10.41
 157974.958    61.339    13.15    9.68
 158351.104    65.570    11.25    7.20
 158727.249    66.544     2.59    5.23
 159103.395    63.442    -8.25    6.18
 159479.539    60.690    -7.32    8.15
 159855.684    60.727     0.10    7.10
 160231.828    61.852     2.99    7.14
 160607.972    60.852    -2.66    9.69
 160984.115    60.311    -1.44   10.73
 161360.258    59.933    -1.01   10.24
 161736.401    60.257     0.86    8.80
 162112.544    62.288     5.40    7.97
 162488.686    63.761     3.92    6.40
 162864.828    60.416    -8.89    9.61
 163240.969    57.378    -8.08   10.51
 163617.110    56.213    -3.10    8.79
 163993.251    53.416    -7.44    9.20
 164369.391    54.933     4.03    7.57
 164745.532    57.931     7.97    8.50
 165121.671    61.089     8.40    9.18
 165497.811    66.980    15.66    8.63
 165873.950    72.366    14.32    7.34
 166250.089    76.237    10.29    5.05
 166626.228    75.377    -2.29    6.30
 167002.366    71.241   -11.00    8.45
 167378.504    67.041   -11.17    9.36
 167754.641    60.987   -16.10    9.44
 168130.779    57.933    -8.12   10.23
 168506.916    57.501    -1.15    9.80
 168883.052    58.052     1.47   10.58
 169259.189    61.102     8.11    9.92
 169635.325    61.984     2.34    8.72
 170011.461    59.041    -7.82    9.14
 170387.596    52.416   -17.61    8.88
 170763.732    46.457   -15.84    7.92
 171139.867    42.194   -11.33    7.24
 171516.001    37.987   -11.18    3.65
 171892.136    36.749    -3.29    3.45
 172268.270    36.713    -0.10    4.20
 172644.403    37.641     2.47    5.21
 173020.537    39.390     4.65    5.97
 173396.670    40.258     2.31    5.26
 173772.803    40.929     1.78    6.19
 174148.936    42.933     5.33    7.51
 174525.068    46.658     9.90    7.33
 174901.200    48.582     5.12    6.77
 175277.332    47.908    -1.79    8.67
 175653.464    43.457   -11.83    9.02
 176029.595    40.032    -9.11    7.19
 176405.726    40.690     1.75    6.15
 176781.857    47.211    17.34    9.29
 177157.987    52.314    13.57    8.71
 177534.117    54.724     6.41    6.14
 177910.247    52.771    -5.19    8.43
 178286.377    47.006   -15.33   10.08
 178662.506    40.825   -16.43    7.91
 179038.636    37.230    -9.56    6.57
 179414.764    37.474     0.65    7.68
 179790.893    39.790     6.16    9.84
 180167.021    44.955    13.73   10.78
 180543.150    46.589     4.34    9.62
 180919.278    45.241    -3.58    8.90
 181295.405    41.690    -9.44    8.53
 181671.533    39.269    -6.44    8.16
 182047.660    40.141     2.32    7.54
 182423.787    43.339     8.50    6.73
 182799.913    43.257    -0.22    8.34
 183176.040    43.431     0.46    7.90
 183552.166    40.262    -8.42    9.05
 183928.292    39.720    -1.44    8.29
 184304.418    43.122     9.04    9.91
 184680.543    47.544    11.76   10.29
 185056.668    51.501    10.52    6.15
 185432.794    49.366    -5.68    9.23
 185808.918    45.744    -9.63    9.91
 186185.043    40.995   -12.63    9.07
 186561.167    36.596   -11.70    8.66
 186937.291    33.314    -8.73    9.01
 187313.415    29.908    -9.06    9.11
 187689.539    24.673   -13.92    7.23
 188065.662    20.491   -11.12    3.98
 188441.786    19.528    -2.56    3.28
 188817.909    19.057    -1.25    2.70
 189194.032    18.960    -0.26    2.13
 189570.154    18.826    -0.36    1.81
 189946.277    18.615    -0.56    2.96
 190322.399    17.477    -3.03    5.11
 190698.521    15.176    -6.12    6.73
 191074.643    13.952    -3.26    6.82
 191450.764    12.980    -2.58    5.98
 191826.886    11.824    -3.07    4.94
 192203.007    11.284    -1.44    4.09
 192579.128    10.963    -0.85    2.69
 192955.249     9.668    -3.44    2.67
 193331.369     8.927    -1.97    3.78
 193707.490     9.435     1.35    4.42
 194083.610    10.577     3.04    4.60
 194459.730    11.528     2.53    4.82
 194835.850    12.957     3.80    4.21
 195211.969    14.589     4.34    3.85
 195588.089    16.211     4.31    2.97
 195964.208    17.299     2.89    2.95
 196340.327    18.269     2.58    2.48
 196716.446    18.596     0.87    2.05
 197092.565    19.546     2.53    1.98
 197468.684    20.327     2.08    2.60
 197844.802    21.211     2.35    3.38
 198220.920    22.685     3.92    3.27
 198597.038    23.852     3.10    2.92
 198973.156    24.609     2.01    2.35
 199349.274    24.431    -0.47    1.94
 199725.391    25.852     3.78    2.71
 200101.509    26.825     2.59    3.08
 200477.626    27.826     2.66    2.94
 200853.743    29.416     4.23    2.57
 201229.860    31.984     6.83    5.53
 201605.977    36.339    11.58    8.86
 201982.093    41.185    12.89    9.50
 202358.210    43.647     6.54    8.56
 202734.326    45.352     4.53    8.60
 203110.442    44.929    -1.12    7.05
 203486.558    44.408    -1.39    6.75
 203862.674    45.536     3.00    7.39
 204238.790    43.288    -5.98    8.53
 204614.905    40.040    -8.64    8.07
 204991.021    40.420     1.01    8.46
 205367.136    42.352     5.14    9.88
 205743.251    44.960     6.93   10.17
 206119.366    50.134    13.76    9.62
 206495.481    53.014     7.66    8.69
 206871.596    52.314    -1.86    8.14
 207247.710    51.570    -1.98    6.86
 207623.825    48.390    -8.45    7.66
 207999.939    43.122   -14.01    7.05
 208376.053    41.903    -3.24    7.23
 208752.167    41.010    -2.38    7.25
 209128.281    42.435     3.79    6.97
 209504.395    41.852    -1.55    6.15
 209880.509    41.068    -2.08    5.84
 210256.623    40.339    -1.94    6.32
 210632.736    39.365    -2.59    6.63
 211008.849    38.540    -2.19    6.35
 211384.963    38.955     1.10    6.29
 211761.076    38.749    -0.55    6.21
 212137.189    38.824     0.20    5.23
 212513.302    40.493     4.44    6.20
 212889.415    40.636     0.38    6.88
 213265.527    39.749    -2.36    5.12
 213641.640    40.273     1.39    5.39
 214017.752    40.957     1.82    5.25
 214393.865    43.663     7.19    7.34
 214769.977    46.749     8.21    9.22
 215146.089    47.390     1.70    9.26
 215522.201    48.602     3.22    9.14
 215898.313    49.690     2.89    9.41
 216274.425    51.311     4.31   10.33
 216650.537    53.014     4.53   11.47
 217026.649    53.203     0.50   10.65
 217402.761    51.481    -4.58    9.39
 217778.872    53.377     5.04    9.16
 218154.984    56.852     9.24    9.65
 218531.095    58.879     5.39    8.83
 218907.206    61.442     6.81    8.16
 219283.318    64.484     8.09    7.18
 219659.429    68.010     9.38    5.75
 220035.540    68.036     0.07    6.27
 220411.651    66.134    -5.06    7.49
 220787.762    64.824    -3.48    8.93
 221163.873    62.326    -6.64    9.28
 221539.984    58.777    -9.44    8.62
 221916.094    56.366    -6.41    8.47
 222292.205    54.010    -6.27    8.63
 222668.316    49.717   -11.41    9.49
 223044.426    44.987   -12.58    9.58
 223420.537    38.798   -16.46    8.00
 223796.647    37.213    -4.21    8.54
 224172.759    36.288    -2.46   10.19
 224548.880    37.365     2.86   11.42
 224925.001    34.906    -6.54   10.23
 225301.123    34.615    -0.77    9.32
 225677.244    37.262     7.04   11.26
 226053.365    41.596    11.52   11.57
 226429.486    47.694    16.21    8.90
 226805.607    50.467     7.37    6.59
 227181.728    50.158    -0.82    6.23
 227557.850    48.176    -5.27    8.77
 227933.971    42.589   -14.86   12.04
 228310.091    36.087   -17.29   10.53
 228686.212    33.262    -7.51    9.17
 229062.333    31.563    -4.52    7.43
 229438.454    33.019     3.87    8.26
 229814.575    37.339    11.49    8.69
 230190.696    40.880     9.42    6.28
 230566.817    41.799     2.44    5.52
 230942.937    40.502    -3.45    5.57
 231319.058    38.879    -4.32    5.07
 231695.179    34.724   -11.05    5.50
 232071.299    31.431    -8.75    6.68
 232447.420    29.773    -4.41    6.33
 232823.541    30.203     1.14    7.32
 233199.661    32.827     6.98    8.95
 233575.782    34.366     4.09    9.25
 233951.902    31.176    -8.48   10.43
 234328.023    27.230   -10.49    9.50
 234704.144    24.023    -8.53    6.90
 235080.264    22.980    -2.77    6.40
 235456.385    21.698    -3.41    5.98
 235832.505    20.324    -3.65    5.24
 236208.626    18.563    -4.68    3.27
 236584.746    17.311    -3.33    2.01
 236960.867    17.536     0.60    2.34
 237336.987    17.752     0.57    2.77
 237713.108    16.906    -2.25    3.27
 238089.228    16.595    -0.83    2.67
 238465.349    16.275    -0.85    2.69
