-318394.463    88.600     0.00    4.99
-318018.339    86.788    -4.82    5.18
-317642.216    84.324    -6.55    6.28
-317266.095    83.054    -3.38    4.88
-316889.977    82.314    -1.97    3.94
-316513.860    80.128    -5.81    6.20
-316137.745    78.949    -3.14    6.55
-315761.633    77.806    -3.04    6.66
-315385.522    75.816    -5.29    6.62
-315009.414    74.750    -2.83    7.12
-314633.307    74.447    -0.80    6.84
-314257.203    74.179    -0.71    6.67
-313881.100    74.757     1.53    5.83
-313505.000    75.237     1.28    4.80
-313128.901    74.868    -0.98    3.44
-312752.805    71.718    -8.38    6.27
-312376.710    68.595    -8.31    6.47
-312000.618    66.600    -5.30    6.45
-311624.528    65.897    -1.87    7.07
-311248.439    67.351     3.87   10.47
-310872.353    74.243    18.33   14.12
-310496.268    79.054    12.79   15.31
-310120.186    80.769     4.56   13.83
-309744.105    82.154     3.68   11.37
-309368.027    82.057    -0.26    8.88
-308991.950    81.132    -2.46    7.28
-308615.875    79.919    -3.22    5.64
-308239.803    79.278    -1.70    5.12
-307863.732    77.641    -4.35    5.05
-307487.664    72.946   -12.49    7.89
-307111.597    71.263    -4.47    7.95
-306735.532    72.684     3.78   10.13
-306359.470    79.450    17.99   11.86
-305983.409    86.243    18.06    7.19
-305607.350    86.900     1.75    6.59
-305231.293    84.692    -5.87    7.17
-304855.239    82.222    -6.57    6.61
-304479.186    82.108    -0.30    5.25
-304103.135    84.216     5.61    4.32
-303727.086    84.579     0.96    4.75
-303351.039    83.410    -3.11    6.94
-302974.994    81.056    -6.26    9.59
-302598.951    75.125   -15.77    9.35
-302222.910    74.947    -0.47    9.30
-301846.871    77.865     7.76    9.88
-301470.834    82.000    11.00    8.94
-301094.798    84.103     5.59    5.21
-300718.765    82.263    -4.89    5.37
-300342.734    79.639    -6.98    4.64
-299966.704    76.821    -7.50    4.42
-299590.677    74.135    -7.14    3.45
-299214.652    73.400    -1.96    2.46
-298838.628    73.615     0.57    2.18
-298462.606    73.686     0.19    2.03
-298086.587    73.162    -1.39    1.88
-297710.569    71.811    -3.59    2.09
-297334.553    70.263    -4.12    2.65
-296958.539    68.359    -5.06    2.75
-296582.527    66.622    -4.62    2.55
-296206.517    65.100    -4.05    2.73
-295830.509    63.538    -4.15    2.73
-295454.503    62.553    -2.62    1.91
-295078.499    61.649    -2.40    1.84
-294702.496    61.333    -0.84    1.98
-294326.496    60.769    -1.50    2.01
-293950.497    60.417    -0.94    2.09
-293574.501    59.667    -1.99    2.25
-293198.506    58.528    -3.03    2.75
-292822.513    56.846    -4.47    3.43
-292446.523    54.923    -5.11    3.79
-292070.534    53.882    -2.77    3.36
-291694.547    52.919    -2.56    4.32
-291318.561    53.622     1.87    5.88
-290942.578    54.243     1.65    7.14
-290566.597    54.684     1.17    8.10
-290190.618    54.472    -0.56    8.97
-289814.640    53.846    -1.67    8.99
-289438.664    52.821    -2.73    8.44
-289062.691    50.842    -5.26    7.19
-288686.719    49.108    -4.61    4.56
-288310.749    48.632    -1.27    3.10
-287934.781    49.000     0.98    2.36
-287558.815    49.139     0.37    1.94
-287182.850    48.564    -1.53    1.65
-286806.888    48.278    -0.76    1.50
-286430.928    48.711     1.15    1.56
-286054.969    49.000     0.77    2.03
-285679.012    49.438     1.16    1.85
-285303.057    49.243    -0.52    1.96
-284927.104    49.211    -0.09    1.83
-284551.153    48.784    -1.14    2.03
-284175.204    48.487    -0.79    3.27
-283799.257    48.405    -0.22    3.51
-283423.311    48.513     0.29    3.32
-283047.367    48.923     1.09    3.05
-282671.426    49.974     2.80    3.09
-282295.325    52.486     6.68    4.50
-281919.014    55.718     8.59    5.22
-281542.704    58.026     6.13    4.95
-281166.396    59.972     5.17    3.92
-280790.090    57.865    -5.60    5.60
-280413.786    53.135   -12.57    6.18
-280037.484    50.135    -7.97    5.16
-279661.183    47.795    -6.22    2.21
-279284.885    47.531    -0.70    1.85
-278908.588    47.974     1.18    1.48
-278532.293    47.590    -1.02    1.65
-278156.000    47.139    -1.20    1.62
-277779.709    46.821    -0.85    1.48
-277403.420    46.568    -0.67    1.44
-277027.132    46.897     0.88    1.43
-276650.846    47.421     1.39    1.57
-276274.563    47.684     0.70    1.71
-275898.281    48.000     0.84    1.51
-275522.001    47.769    -0.61    1.56
-275145.722    47.103    -1.77    1.67
-274769.446    46.722    -1.01    1.56
-274393.171    46.865     0.38    2.34
-274016.898    46.838    -0.07    3.02
-273640.627    47.054     0.57    3.27
-273264.358    46.324    -1.94    3.52
-272888.091    45.765    -1.49    3.79
-272511.825    45.000    -2.03    4.45
-272135.562    46.513     4.02    5.40
-271759.300    48.833     6.17    6.21
-271383.040    51.051     5.89    5.59
-271006.782    51.892     2.23    5.47
-270630.525    51.921     0.08    5.45
-270254.271    50.184    -4.62    6.22
-269878.018    50.205     0.06    5.60
-269501.767    49.405    -2.13    5.06
-269125.518    49.316    -0.24    4.15
-268749.270    49.425     0.29    4.14
-268373.025    49.194    -0.61    5.16
-267996.781    47.921    -3.38    6.00
-267620.539    45.946    -5.25    6.19
-267244.299    43.973    -5.24    5.59
-266868.061    42.459    -4.02    4.36
-266491.824    41.514    -2.51    2.37
-266115.590    40.949    -1.50    1.62
-265739.357    40.725    -0.59    1.47
-265363.125    40.135    -1.57    1.42
-264986.896    39.744    -1.04    1.60
-264610.668    39.054    -1.83    1.51
-264234.443    38.816    -0.63    1.83
-263858.219    38.256    -1.49    2.38
-263481.996    37.821    -1.16    2.64
-263105.776    37.306    -1.37    3.14
-262729.557    37.447     0.38    3.51
-262353.340    36.897    -1.46    4.01
-261977.125    36.111    -2.09    4.20
-261600.912    35.359    -2.00    4.26
-261224.700    33.789    -4.17    5.05
-260848.491    31.541    -5.98    5.82
-260472.283    29.514    -5.39    5.80
-260096.076    29.108    -1.08    6.01
-259719.872    29.974     2.30    6.66
-259343.669    29.925    -0.13    6.93
-258967.468    31.081     3.07    5.27
-258591.269    31.825     1.98    3.73
-258215.072    31.711    -0.30    3.07
-257838.876    32.026     0.84    2.93
-257462.682    30.703    -3.52    3.20
-257086.490    29.575    -3.00    3.66
-256710.299    27.056    -6.70    3.38
-256334.111    24.568    -6.61    3.44
-255957.924    22.447    -5.64    3.70
-255581.739    21.556    -2.37    3.63
-255205.555    21.487    -0.18    3.82
-254829.373    21.333    -0.41    4.24
-254453.193    20.417    -2.44    4.23
-254077.015    18.919    -3.98    3.74
-253700.839    17.676    -3.31    3.20
-253324.664    17.184    -1.31    2.69
-252948.491    15.975    -3.21    2.93
-252572.320    15.027    -2.52    2.79
-252196.150    14.590    -1.16    2.83
-251819.982    13.105    -3.95    2.92
-251443.816    12.132    -2.59    2.86
-251067.652    11.324    -2.15    3.06
-250691.489    10.975    -0.93    3.29
-250315.329    11.237     0.70    3.98
-249939.169    11.056    -0.48    4.08
-249563.012    10.730    -0.87    4.34
-249186.856    10.611    -0.32    4.22
-248810.702    11.154     1.44    4.13
-248434.550    12.308     3.07    3.55
-248058.399    14.353     5.44    2.96
-247682.250    16.162     4.81    2.66
-247306.103    17.054     2.37    2.62
-246929.958    18.297     3.31    3.17
-246553.814    20.256     5.21    5.10
-246177.672    21.027     2.05    6.40
-245801.532    22.308     3.40    6.68
-245425.393    22.821     1.36    6.84
-245049.256    23.000     0.48    6.05
-244673.121    22.865    -0.36    5.43
-244296.987    22.625    -0.64    5.41
-243920.855    22.026    -1.59    4.90
-243544.725    21.278    -1.99    4.56
-243168.597    21.703     1.13    3.78
-242792.470    24.306     6.92    4.79
-242416.345    25.486     3.14    4.77
-242040.221    26.026     1.43    4.19
-241664.100    26.515     1.30    4.60
-241287.980    26.132    -1.02    5.47
-240911.861    26.342     0.56    5.95
-240535.745    26.861     1.38    5.89
-240159.630    25.256    -4.27    6.64
-239783.516    23.784    -3.92    6.36
-239407.405    22.308    -3.92    5.35
-239031.295    20.436    -4.98    4.30
-238655.186    18.769    -4.43    3.88
-238279.080    16.541    -5.93    4.15
-237902.975    14.526    -5.36    4.25
-237526.871    11.949    -6.85    4.11
-237150.770     9.583    -6.29    3.89
-236774.670     8.108    -3.92    3.26
-236398.571     6.811    -3.45    2.64
-236022.475     6.865     0.14    2.98
-235646.380     6.579    -0.76    2.84
-235270.286     6.771     0.51    3.03
-234894.195     6.425    -0.92    3.05
-234518.104     6.421    -0.01    3.24
-234142.016     6.730     0.82    3.98
-233765.929     6.026    -1.87    4.00
-233389.844     5.658    -0.98    4.27
-233013.761     5.763     0.28    4.19
-232637.679     5.816     0.14    4.24
-232261.599     6.205     1.04    4.44
-231885.520     5.811    -1.05    4.34
-231509.443     4.868    -2.51    3.56
-231133.368     4.450    -1.11    2.62
-230757.294     4.257    -0.51    1.70
-230381.222     4.162    -0.25    1.28
-230005.152     3.378    -2.08    1.75
-229629.083     3.054    -0.86    2.13
-229253.016     3.216     0.43    2.29
-228876.951     4.750     4.08    3.48
-228500.887     7.675     7.78    4.65
-228124.825    10.342     7.09    4.58
-227748.764    13.865     9.37    4.61
-227372.705    17.256     9.02    4.41
-226996.648    18.921     4.43    4.22
-226620.592    19.538     1.64    4.51
-226244.538    19.135    -1.07    4.94
-225868.485    18.846    -0.77    3.95
-225492.434    20.056     3.22    4.53
-225116.385    21.105     2.79    4.58
-224740.337    22.692     4.22    5.04
-224364.291    25.562     7.63    6.94
-223988.247    28.077     6.69   10.04
-223612.204    29.703     4.32   11.24
-223236.162    30.889     3.15   11.19
-222860.123    31.973     2.88   10.18
-222484.085    34.361     6.35   10.14
-222108.048    39.895    14.72    9.21
-221732.013    42.897     7.99    7.92
-221355.980    42.432    -1.24   10.20
-220979.948    39.256    -8.45   10.69
-220603.918    36.744    -6.68   10.14
-220227.889    35.795    -2.52    8.53
-219851.862    39.108     8.81    8.76
-219475.837    40.410     3.46    9.28
-219099.813    42.459     5.45    8.43
-218723.791    46.053     9.56    7.74
-218347.770    49.053     7.98    7.02
-217971.751    51.281     5.93    6.03
-217595.734    52.000     1.91    6.16
-217219.718    52.895     2.38    6.72
-216843.704    53.730     2.22    7.08
-216467.691    51.946    -4.74    8.37
-216091.680    51.139    -2.15    9.46
-215715.670    50.868    -0.72    9.74
-215339.662    51.632     2.03    9.97
-214963.655    55.378     9.96    9.36
-214587.650    58.256     7.65   10.97
-214211.647    60.513     6.00    9.92
-213835.645    61.128     1.64    8.57
-213459.645    64.216     8.21    6.50
-213083.646    64.231     0.04    6.44
-212707.649    62.054    -5.79    8.72
-212331.653    57.368   -12.46   12.02
-211955.659    52.622   -12.62   12.57
-211579.667    50.879    -4.64   12.02
-211203.676    47.103   -10.04   13.21
-210827.686    43.947    -8.39   11.65
-210451.698    41.889    -5.47    9.47
-210075.712    38.308    -9.53    8.94
-209699.727    38.278    -0.08    9.04
-209323.744    33.462   -12.81    9.21
-208947.762    29.282   -11.12    7.43
-208571.782    25.946    -8.87    6.92
-208195.803    24.763    -3.15    7.70
-207819.826    22.897    -4.96    8.17
-207443.851    19.800    -8.24    7.83
-207067.640    16.838    -7.87    5.52
-206691.363    16.538    -0.80    6.01
-206315.088    18.974     6.47    8.69
-205938.814    21.514     6.75   10.43
-205562.541    24.351     7.54    9.53
-205186.271    22.306    -5.44    9.16
-204810.002    18.462   -10.22    7.16
-204433.734    15.950    -6.68    5.37
-204057.468    13.694    -5.99    3.70
-203681.203    11.821    -4.98    3.41
-203304.940    11.139    -1.81    5.14
-202928.678     8.947    -5.82    4.96
-202552.418     6.385    -6.81    5.32
-202176.159     4.421    -5.22    4.44
-201799.902     2.737    -4.48    2.94
-201423.647     1.703    -2.75    2.26
-201047.393     1.225    -1.27    1.14
-200671.140     0.972    -0.67    1.66
-200294.889     0.300    -1.79    1.90
-199918.639    -0.553    -2.27    2.18
-199542.391    -1.861    -3.48    2.11
-199166.145    -2.568    -1.88    1.86
-198789.899    -2.917    -0.93    1.20
-198413.656    -2.231     1.82    1.94
-198037.414    -1.175     2.81    2.22
-197661.173    -0.378     2.12    2.02
-197284.934     0.725     2.93    1.60
-196908.696     1.308     1.55    1.20
-196532.460     1.395     0.23    1.13
-196156.225     1.447     0.14    1.35
-195779.992     1.154    -0.78    1.25
-195403.760     1.053    -0.27    1.23
-195027.530     1.722     1.78    3.02
-194651.301     3.333     4.28    4.88
-194275.074     5.611     6.05    6.38
-193898.848     8.500     7.68    7.48
-193522.623    10.026     4.06    7.87
-193146.400    11.486     3.88    8.21
-192770.179     9.216    -6.03    7.39
-192393.959     5.946    -8.69    6.84
-192017.740     4.211    -4.61    6.11
-191641.523     2.744    -3.90    4.99
-191265.308     2.054    -1.83    4.04
-190889.094     2.925     2.32    5.25
-190512.881     3.692     2.04    5.61
-190136.670     4.368     1.80    6.11
-189760.460     6.595     5.92    7.08
-189384.251     9.132     6.74    8.00
-189008.045    11.667     6.74    7.58
-188631.839    14.278     6.94    6.46
-188255.635    13.385    -2.37    7.50
-187879.432    10.111    -8.70    8.55
-187503.231     6.921    -8.48    8.46
-187127.032     3.333    -9.54    5.27
-186750.833     1.688    -4.37    1.93
-186374.637     1.541    -0.39    1.74
-185998.441     1.711     0.45    1.99
-185622.247     1.541    -0.45    1.50
-185246.055     2.231     1.83    2.26
-184869.864     2.405     0.46    2.33
-184493.674     2.538     0.35    2.54
-184117.486     2.564     0.07    2.44
-183741.299     2.256    -0.82    1.63
-183365.114     2.108    -0.39    1.22
-182988.930     2.282     0.46    1.62
-182612.747     2.231    -0.14    1.69
-182236.566     2.667     1.16    2.00
-181860.386     3.974     3.47    3.18
-181484.208     5.270     3.45    3.51
-181108.031     6.243     2.59    3.28
-180731.856     7.795     4.12    3.81
-180355.681    10.156     6.28    5.35
-179979.509    14.026    10.29    7.42
-179603.338    17.692     9.75    8.78
-179227.168    20.917     8.57    9.60
-178850.999    24.051     8.33   10.03
-178474.832    26.054     5.32    9.04
-178098.667    28.692     7.01    8.14
-177722.502    30.789     5.58    6.57
-177346.340    32.789     5.32    3.74
-176970.178    32.784    -0.02    3.52
-176594.018    30.846    -5.15    4.30
-176217.859    28.205    -7.02    5.32
-175841.702    24.889    -8.82    6.88
-175465.546    20.000   -13.00    9.10
-175089.392    14.676   -14.15    8.56
-174713.239    10.649   -10.71    8.12
-174337.087     7.946    -7.19    6.13
-173960.936     8.941     2.65    6.33
-173584.787    11.821     7.65    8.39
-173208.640    14.205     6.34    9.24
-172832.494    16.611     6.40    9.49
-172456.349    19.692     8.19   10.26
-172080.205    20.500     2.15    9.57
-171704.063    21.868     3.64    7.66
-171327.922    22.447     1.54    6.71
-170951.783    22.154    -0.78    5.95
-170575.645    22.081    -0.19    7.77
-170199.508    24.289     5.87    8.59
-169823.373    23.282    -2.68    7.65
-169447.239    22.444    -2.23    5.82
-169071.107    23.184     1.97    6.14
-168694.975    25.000     4.83    9.55
-168318.846    29.027    10.71   13.55
-167942.717    30.757     4.60   12.21
-167566.590    30.278    -1.27    9.33
-167190.464    32.385     5.60    8.49
-166814.340    32.925     1.44    8.61
-166438.217    31.806    -2.98    8.00
-166062.095    32.590     2.08    9.27
-165685.974    34.658     5.50   10.42
-165309.855    33.615    -2.77    9.23
-164933.738    33.526    -0.24    7.03
-164557.621    34.256     1.94    5.33
-164181.506    38.722    11.87   12.00
-163805.393    44.000    14.03   14.00
-163429.280    47.308     8.79   14.89
-163053.169    51.600    11.41   16.04
-162677.059    57.308    15.18   16.11
-162300.951    57.816     1.35   15.24
-161924.844    57.378    -1.16   12.95
-161548.738    51.351   -16.03   14.93
-161172.634    45.417   -15.78   13.33
-160796.531    38.821   -17.54   10.77
-160420.429    32.325   -17.27   11.72
-160044.328    27.973   -11.57    9.54
-159668.229    28.923     2.53   11.41
-159292.131    33.184    11.33   16.14
-158916.035    39.763    17.49   17.64
-158539.940    43.730    10.55   15.48
-158163.846    39.400   -11.51   16.12
-157787.753    31.649   -20.61   11.48
-157411.662    26.541   -13.58    5.18
-157035.572    30.378    10.20    9.84
-156659.483    33.722     8.89   10.12
-156283.396    33.718    -0.01   11.11
-155907.310    33.179    -1.43   11.49
-155531.225    30.429    -7.31   10.46
-155155.141    29.270    -3.08    9.71
-154779.059    32.811     9.41   11.47
-154402.978    34.421     4.28   11.61
-154026.899    34.575     0.41   12.29
-153650.820    33.351    -3.25   11.99
-153274.743    31.053    -6.11   11.85
-152898.668    27.500    -9.45   11.79
-152522.593    25.282    -5.90    9.56
-152146.520    22.757    -6.71    7.19
-151770.448    22.625    -0.35    8.24
-151394.378    23.368     1.98   10.39
-151018.308    26.833     9.21   12.07
-150642.240    30.649    10.15   10.49
-150266.173    31.750     2.93    7.75
-149890.108    31.462    -0.77    6.14
-149514.044    30.000    -3.89    5.27
-149137.981    29.200    -2.13    3.23
-148761.919    30.553     3.60    5.13
-148385.858    32.730     5.79    7.53
-148009.799    35.000     6.04    8.92
-147633.741    36.282     3.41   11.66
-147257.685    38.243     5.22   13.00
-146881.629    40.077     4.88   13.84
-146505.575    39.474    -1.60   13.71
-146129.522    41.425     5.19   13.38
-145753.471    44.000     6.85   12.85
-145377.420    45.775     4.72   13.10
-145001.371    47.923     5.71   11.52
-144625.323    51.444     9.36   11.45
-144249.277    55.189     9.96   10.01
-143873.231    54.270    -2.44    9.90
-143497.187    52.216    -5.46    8.49
-143121.144    50.974    -3.30    6.11
-142745.103    47.600    -8.97    6.33
-142369.062    47.615     0.04    8.40
-141993.023    49.658     5.43    9.83
-141616.985    54.583    13.10   10.96
-141240.948    58.821    11.27    9.54
-140864.913    59.205     1.02   11.04
-140488.878    56.342    -7.61   12.23
-140112.845    50.757   -14.85   11.71
-139736.814    48.026    -7.26    9.72
-139360.783    48.784     2.02    8.25
-138984.754    51.128     6.23    8.60
-138608.726    53.525     6.37    9.07
-138232.699    54.343     2.18    8.14
-137856.673    52.730    -4.29    8.14
-137480.648    50.162    -6.83    9.06
-137104.625    47.919    -5.97    8.35
-136728.603    48.946     2.73    8.36
-136352.582    50.111     3.10    7.79
-135976.563    49.950    -0.43    8.53
-135600.544    49.462    -1.30    8.91
-135224.527    48.189    -3.38    9.34
-134848.511    46.282    -5.07    8.10
-134472.496    45.421    -2.29    7.16
-134096.483    44.333    -2.89    6.07
-133720.470    45.730     3.71    6.55
-133344.459    46.436     1.88    5.27
-132968.449    45.694    -1.97    4.55
-132592.440    47.154     3.88    4.60
-132216.403    48.949     4.77    5.93
-131840.152    50.156     3.21    6.15
-131463.903    51.838     4.47    6.08
-131087.655    51.000    -2.23    6.70
-130711.408    50.000    -2.66    7.58
-130335.163    48.158    -4.90    6.68
-129958.918    46.405    -4.66    4.69
-129582.675    47.615     3.22    6.06
-129206.433    50.821     8.52    7.90
-128830.192    54.500     9.78    9.44
-128453.952    56.895     6.36    9.54
-128077.714    56.949     0.14    9.43
-127701.477    55.385    -4.16    9.39
-127325.240    53.514    -4.97    7.49
-126949.005    54.051     1.43    6.46
-126572.772    54.297     0.65    6.27
-126196.539    55.579     3.41    5.84
-125820.307    58.105     6.71    5.11
-125444.077    57.438    -1.77    6.43
-125067.848    56.256    -3.14    8.46
-124691.620    54.342    -5.09    9.63
-124315.393    53.111    -3.27    9.35
-123939.167    54.846     4.61    9.09
-123562.943    57.028     5.80    8.69
-123186.719    56.205    -2.19    8.80
-122810.497    54.579    -4.32    9.16
-122434.276    51.730    -7.57    6.52
-122058.056    52.205     1.26    5.70
-121681.837    53.513     3.48    6.59
-121305.620    57.077     9.47    7.15
-120929.403    57.833     2.01    7.26
-120553.188    58.842     2.68    6.88
-120176.974    59.676     2.22    7.47
-119800.760    61.405     4.60    9.48
-119424.549    63.514     5.60    8.39
-119048.338    64.394     2.34    8.27
-118672.128    64.026    -0.98    8.92
-118295.920    62.842    -3.15    8.08
-117919.712    63.889     2.78    7.55
-117543.506    65.000     2.95    6.96
-117167.301    64.028    -2.58    6.75
-116791.097    64.947     2.44    6.31
-116414.894    67.205     6.00    4.83
-116038.692    68.108     2.40    4.28
-115662.491    67.605    -1.34    3.82
-115286.292    66.897    -1.88    5.07
-114910.093    66.150    -1.99    5.65
-114533.896    65.865    -0.76    4.76
-114157.700    66.487     1.65    4.92
-113781.505    67.316     2.20    4.16
-113405.311    67.243    -0.19    3.70
-113029.118    65.432    -4.81    4.02
-112652.926    64.556    -2.33    3.49
-112276.735    65.474     2.44    4.09
-111900.546    65.925     1.20    4.42
-111524.357    68.528     6.92    5.27
-111148.170    72.949    11.75    9.46
-110771.984    78.054    13.57   10.67
-110395.799    83.324    14.01    9.06
-110019.615    84.684     3.61    8.08
-109643.432    82.842    -4.90    8.47
-109267.250    78.432   -11.72    9.64
-108891.069    74.108   -11.50    8.63
-108514.889    71.275    -7.53    7.94
-108138.711    71.583     0.82    8.85
-107762.533    72.125     1.44   10.29
-107386.357    72.684     1.49   12.62
-107010.181    75.083     6.38   12.34
-106634.007    73.919    -3.10   11.44
-106257.834    71.861    -5.47    8.87
-105881.662    70.641    -3.24    8.23
-105505.490    69.000    -4.36    8.14
-105129.320    68.757    -0.65    7.83
-104753.152    67.275    -3.94    7.56
-104376.984    67.256    -0.05    6.23
-104000.817    68.447     3.17    6.73
-103624.651    71.811     8.94    7.85
-103248.487    76.872    13.45   10.18
-102872.323    77.410     1.43   11.21
-102496.160    78.417     2.68    9.63
-102119.999    74.949    -9.22   10.32
-101743.839    69.806   -13.67    5.78
-101367.679    70.256     1.20    5.37
-100991.521    72.359     5.59    5.99
-100615.364    74.000     4.36    6.29
-100239.207    74.270     0.72    8.43
 -99863.052    76.811     6.75   11.37
 -99486.898    77.108     0.79   11.33
 -99110.745    78.538     3.80   10.18
 -98734.593    77.541    -2.65    8.29
 -98358.442    75.667    -4.98    6.05
 -97982.292    75.513    -0.41    4.88
 -97606.143    76.103     1.57    5.91
 -97229.995    76.378     0.73    6.12
 -96853.849    77.684     3.47    6.49
 -96477.703    76.921    -2.03    4.92
 -96101.558    78.389     3.90    6.55
 -95725.414    78.703     0.83    8.21
 -95349.272    79.351     1.72    9.52
 -94973.130    79.789     1.16    9.65
 -94596.989    81.615     4.85   10.22
 -94220.850    82.688     2.85    7.84
 -93844.711    81.816    -2.32    8.00
 -93468.574    81.763    -0.14    8.70
 -93092.437    81.730    -0.09    9.46
 -92716.301    82.821     2.90    9.08
 -92340.167    86.595    10.03    8.14
 -91964.033    86.846     0.67    8.34
 -91587.901    78.564   -22.02   13.75
 -91211.769    73.763   -12.76   13.54
 -90835.639    72.658    -2.94   13.10
 -90459.509    76.462    10.11   12.92
 -90083.381    82.605    16.33   11.24
 -89707.253    86.611    10.65    9.06
 -89331.127    83.757    -7.59   11.77
 -88955.002    81.081    -7.11   15.84
 -88578.877    77.730    -8.91   17.10
 -88202.754    72.541   -13.80   18.59
 -87826.631    69.719    -7.50   17.47
 -87450.510    69.282    -1.16   17.12
 -87074.389    68.231    -2.80   15.62
 -86698.270    73.500    14.01   14.78
 -86322.151    76.923     9.10   13.93
 -85946.034    75.757    -3.10   13.22
 -85569.917    79.158     9.04   13.59
 -85193.802    84.395    13.92   13.48
 -84817.687    85.000     1.61   14.17
 -84441.573    83.108    -5.03   15.28
 -84065.461    82.447    -1.76   14.94
 -83689.349    82.325    -0.33   12.92
 -83313.238    85.857     9.39   11.55
 -82937.129    90.568    12.52    9.97
 -82561.020    92.405     4.89    9.34
 -82184.912    90.892    -4.02   10.97
 -81808.805    85.649   -13.94   11.83
 -81432.700    81.250   -11.70    9.27
 -81056.595    80.325    -2.46    7.62
 -80680.491    82.821     6.64    8.37
 -80304.388    84.541     4.57    7.46
 -79928.286    83.205    -3.55    7.11
 -79552.185    82.421    -2.08    8.00
 -79176.085    81.868    -1.47    7.20
 -78799.986    80.703    -3.10    7.02
 -78423.888    80.231    -1.25    8.30
 -78047.791    78.111    -5.64    9.10
 -77671.694    74.921    -8.48   10.53
 -77295.599    74.513    -1.09   14.26
 -76919.505    75.118     1.61   16.14
 -76543.411    78.564     9.16   16.67
 -76167.319    78.189    -1.00   15.98
 -75791.227    76.243    -5.17   14.79
 -75415.137    77.541     3.45   13.29
 -75039.047    81.778    11.27   12.73
 -74662.958    84.026     5.98   11.25
 -74286.870    85.293     3.37    8.50
 -73910.784    83.622    -4.44   11.03
 -73534.698    81.462    -5.74   11.22
 -73158.613    83.154     4.50    9.87
 -72782.529    83.692     1.43   11.20
 -72406.446    81.579    -5.62   14.38
 -72030.363    81.077    -1.33   14.85
 -71654.282    80.324    -2.00   15.11
 -71278.202    77.324    -7.98   15.52
 -70902.122    74.649    -7.11   17.07
 -70526.044    72.529    -5.64   18.02
 -70149.966    67.897   -12.32   17.57
 -69773.889    64.026   -10.30   16.34
 -69397.814    61.600    -6.45   14.97
 -69021.739    58.216    -9.00   15.37
 -68645.665    64.056    15.53   18.61
 -68269.592    69.658    14.90   17.56
 -67893.520    69.275    -1.02   17.76
 -67517.448    65.514   -10.00   16.31
 -67141.378    63.184    -6.19   14.54
 -66765.309    62.158    -2.73   13.67
 -66389.240    62.342     0.49   14.53
 -66013.172    64.216     4.98   14.95
 -65637.106    59.750   -11.88   14.37
 -65261.040    56.730    -8.03   12.97
 -64884.975    54.919    -4.82   13.10
 -64508.911    58.405     9.27   15.61
 -64132.848    56.257    -5.71   12.15
 -63756.785    52.667    -9.55   12.26
 -63380.724    50.821    -4.91   11.27
 -63004.663    50.944     0.33    9.35
 -62628.604    57.974    18.69   16.54
 -62252.545    68.278    27.40   17.62
 -61876.487    72.027     9.97   14.52
 -61500.430    71.410    -1.64   12.90
 -61124.374    62.297   -24.23   16.25
 -60748.319    50.789   -30.60   14.69
 -60372.264    44.421   -16.93    9.81
 -59996.211    48.375    10.51   12.59
 -59620.158    58.568    27.10   18.19
 -59244.106    66.550    21.23   16.43
 -58868.055    72.538    15.92    9.94
 -58492.005    69.838    -7.18   11.99
 -58115.956    62.865   -18.54   11.85
 -57739.908    55.459   -19.69    9.85
 -57363.860    50.842   -12.28    9.66
 -56987.735    49.128    -4.56    8.73
 -56611.520    51.417     6.08    9.48
 -56235.307    55.300    10.32   10.47
 -55859.094    62.132    18.16    9.34
 -55482.882    64.028     5.04    8.51
 -55106.670    59.053   -13.22   13.18
 -54730.460    55.795    -8.66   16.03
 -54354.250    50.711   -13.51   12.88
 -53978.042    49.000    -4.55   12.74
 -53601.834    48.795    -0.55   10.44
 -53225.627    45.351    -9.15    8.85
 -52849.421    42.625    -7.25    6.69
 -52473.215    40.590    -5.41    4.37
 -52097.011    39.057    -4.07    2.42
 -51720.807    40.459     3.73    2.40
 -51344.604    41.676     3.23    3.27
 -50968.402    42.919     3.30    4.19
 -50592.201    43.447     1.40    4.98
 -50216.001    44.000     1.47    4.67
 -49839.801    43.073    -2.46    3.36
 -49463.603    42.282    -2.10    3.38
 -49087.405    41.838    -1.18    4.23
 -48711.208    40.676    -3.09    5.00
 -48335.012    37.684    -7.95    7.16
 -47958.816    38.538     2.27    6.95
 -47582.622    37.139    -3.72    8.02
 -47206.428    39.744     6.92    7.07
 -46830.235    40.444     1.86    8.60
 -46454.043    37.923    -6.70   10.55
 -46077.851    34.692    -8.59   10.23
 -45701.661    32.219    -6.58    8.81
 -45325.471    28.405   -10.14    9.03
 -44949.282    28.000    -1.08    8.65
 -44573.094    30.027     5.39    9.59
 -44196.907    33.500     9.23   10.06
 -43820.720    37.486    10.60    7.40
 -43444.534    37.667     0.48    6.75
 -43068.349    36.154    -4.02    7.68
 -42692.165    35.053    -2.93    7.44
 -42315.982    35.000    -0.14    8.48
 -41939.799    31.538    -9.20   10.16
 -41563.618    26.641   -13.02   11.84
 -41187.437    21.135   -14.64   10.59
 -40811.256    17.769    -8.95    8.01
 -40435.077    15.730    -5.42    6.70
 -40058.898    15.919     0.50    7.42
 -39682.720    18.154     5.94   10.06
 -39306.543    21.156     7.98   10.05
 -38930.367    24.821     9.74    9.44
 -38554.192    28.421     9.57    6.55
 -38178.017    29.667     3.31    4.21
 -37801.843    27.256    -6.41    4.63
 -37425.670    26.703    -1.47    4.60
 -37049.497    26.923     0.59    4.69
 -36673.325    25.342    -4.20    4.71
 -36297.155    25.243    -0.26    5.07
 -35920.984    24.842    -1.07    4.99
 -35544.815    26.564     4.58    7.27
 -35168.646    28.231     4.43    7.13
 -34792.479    29.722     3.96    6.18
 -34416.311    30.342     1.65    6.38
 -34040.145    29.568    -2.06    6.71
 -33663.979    28.676    -2.37    8.27
 -33287.815    26.676    -5.32    8.75
 -32911.651    25.333    -3.57    7.14
 -32535.487    23.718    -4.29    5.03
 -32159.325    24.615     2.39    4.59
 -31783.163    24.972     0.95    4.08
 -31407.002    24.667    -0.81    4.03
 -31030.841    25.583     2.44    4.77
 -30654.682    26.053     1.25    4.47
 -30278.523    26.051    -0.00    4.58
 -29902.364    25.079    -2.58    4.59
 -29526.207    22.270    -7.47    7.00
 -29150.050    19.282    -7.94    8.11
 -28773.894    18.775    -1.35    7.36
 -28397.739    18.081    -1.84    7.35
 -28021.585    19.184     2.93    6.80
 -27645.431    21.649     6.55    3.85
 -27269.278    22.351     1.87    5.14
 -26893.125    23.784     3.81    4.85
 -26516.974    25.829     5.44    3.43
 -26140.823    26.641     2.16    2.17
 -25764.673    26.550    -0.24    2.50
 -25388.523    26.389    -0.43    2.93
 -25012.375    26.026    -0.97    4.48
 -24636.226    25.763    -0.70    4.96
 -24260.079    25.079    -1.82    4.43
 -23883.933    24.282    -2.12    3.70
 -23507.787    24.263    -0.05    3.00
 -23131.641    24.917     1.74    2.96
 -22755.497    25.132     0.57    2.84
 -22379.353    24.821    -0.83    2.86
 -22003.210    24.057    -2.03    4.20
 -21627.068    23.077    -2.61    4.62
 -21250.926    22.316    -2.02    4.67
 -20874.785    22.784     1.24    3.43
 -20498.645    20.568    -5.89    6.29
 -20122.505    18.703    -4.96    8.50
 -19746.366    15.308    -9.03    9.61
 -19370.228    11.590    -9.88    9.83
 -18994.090    10.054    -4.08    9.45
 -18617.953     8.564    -3.96    8.51
 -18241.817     8.474    -0.24    8.43
 -17865.682     7.447    -2.73    7.71
 -17489.547     9.649     5.85    7.98
 -17113.413    11.846     5.84    8.32
 -16737.279    13.763     5.10    7.90
 -16361.147    15.472     4.54    6.79
 -15985.015    16.158     1.82    5.99
 -15608.883    13.972    -5.81    3.89
 -15232.752    13.564    -1.09    3.65
 -14856.622    12.744    -2.18    1.60
 -14480.493    12.314    -1.14    1.37
 -14104.364    12.622     0.82    1.44
 -13728.236    13.000     1.01    1.84
 -13352.108    13.297     0.79    1.75
 -12975.982    13.700     1.07    1.77
 -12599.856    13.514    -0.50    1.89
 -12223.730    13.711     0.52    1.89
 -11847.605    13.895     0.49    1.98
 -11471.481    13.949     0.14    1.79
 -11095.358    14.027     0.21    2.11
 -10719.235    13.692    -0.89    1.84
 -10343.113    13.684    -0.02    2.24
  -9966.991    14.028     0.91    2.90
  -9590.870    13.865    -0.43    4.06
  -9214.750    13.139    -1.93    6.57
  -8838.630    12.053    -2.89    7.84
  -8462.511    12.949     2.38    7.71
  -8086.393    14.688     4.62    8.00
  -7710.275    16.605     5.10    6.86
  -7334.158    16.919     0.83    6.87
  -6958.042    16.000    -2.44    7.63
  -6581.926    12.026   -10.57    8.64
  -6205.811     8.514    -9.34    9.18
  -5829.696     4.436   -10.84    7.86
  -5453.582     1.359    -8.18    2.10
  -5077.469     2.105     1.98    2.67
  -4701.356     1.784    -0.85    2.99
  -4325.244     1.263    -1.38    2.63
  -3949.133     0.846    -1.11    2.16
  -3573.022    -0.028    -2.32    0.70
  -3196.912    -0.081    -0.14    0.36
  -2820.802     0.000     0.22    0.00
  -2444.693     0.000     0.00    0.00
  -2068.585     0.026     0.07    0.16
  -1692.477    -0.029    -0.15    0.30
  -1316.370    -0.050    -0.06    0.32
   -940.264    -0.079    -0.08    0.36
   -564.158    -0.056     0.06    0.23
   -188.052     0.000     0.15    0.00
    188.052     0.000     0.00    0.00
    564.156     0.000     0.00    0.00
    940.260     0.000     0.00    0.00
   1316.363     0.000     0.00    0.00
   1692.465     0.000     0.00    0.00
   2068.567     0.000     0.00    0.00
   2444.668     0.000     0.00    0.00
   2820.769     0.000     0.00    0.00
   3196.869     0.000     0.00    0.00
   3572.968    -0.081    -0.22    0.28
   3949.067    -0.108    -0.07    0.31
   4325.165     0.162     0.72    0.69
   4701.263     0.583     1.12    1.63
   5077.360     0.872     0.77    1.69
   5453.456     1.263     1.04    1.72
   5829.552     1.297     0.09    1.82
   6205.647     1.103    -0.52    1.37
   6581.742     1.368     0.71    1.40
   6957.836     1.667     0.79    3.26
   7333.930     2.324     1.75    4.02
   7710.023     2.026    -0.79    3.97
   8086.115     1.528    -1.32    3.12
   8462.207     1.237    -0.77    1.79
   8838.299     1.333     0.26    1.77
   9214.389     1.344     0.03    2.01
   9590.480     1.538     0.52    3.68
   9966.569     2.649     2.95    4.82
  10342.658     4.083     3.81    5.62
  10718.747     5.486     3.73    5.49
  11094.835     5.833     0.92    5.81
  11470.922     5.447    -1.03    5.74
  11847.009     4.872    -1.53    5.48
  12223.096     4.351    -1.38    5.10
  12599.181     5.872     4.04    7.05
  12975.267     8.487     6.95    8.54
  13351.351    12.795    11.45    8.89
  13727.436    14.919     5.65    6.98
  14103.519    13.846    -2.85    7.16
  14479.602    10.973    -7.64    7.37
  14855.685     9.486    -3.95    6.78
  15231.767    11.270     4.74    6.64
  15607.848    12.750     3.93    6.46
  15983.929    11.077    -4.45    6.57
  16360.010     9.711    -3.63    5.85
  16736.090     8.500    -3.22    5.10
  17112.169     8.103    -1.06    5.24
  17488.248     7.528    -1.53    5.25
  17864.326     6.000    -4.06    3.99
  18240.495     6.308     0.82    4.22
  18616.686     8.324     5.36    5.96
  18992.877    10.737     6.41    6.62
  19369.067    12.590     4.93    6.77
  19745.256    12.667     0.20    6.13
  20121.446    13.757     2.90    5.58
  20497.634    14.974     3.24    5.52
  20873.822    17.000     5.38    5.01
  21250.009    18.583     4.21    3.77
  21626.196    19.622     2.76    3.08
  22002.383    21.083     3.89    2.49
  22378.569    21.974     2.37    2.61
  22754.754    22.205     0.61    2.75
  23130.939    22.056    -0.40    2.01
  23507.124    21.462    -1.58    2.19
  23883.308    20.278    -3.15    2.54
  24259.491    20.026    -0.67    2.38
  24635.674    20.513     1.29    2.50
  25011.857    21.263     1.99    2.64
  25388.039    22.105     2.24    2.49
  25764.220    22.947     2.24    1.97
  26140.401    23.350     1.07    2.07
  26516.582    23.500     0.40    1.83
  26892.762    23.450    -0.13    1.77
  27268.941    23.316    -0.36    1.69
  27645.121    23.000    -0.84    1.77
  28021.299    23.108     0.29    1.84
  28397.477    23.611     1.34    1.86
  28773.655    24.316     1.87    1.77
  29149.832    24.525     0.56    1.85
  29526.009    24.649     0.33    1.99
  29902.185    24.925     0.73    1.93
  30278.361    25.128     0.54    2.08
  30654.536    26.053     2.46    1.51
  31030.711    26.263     0.56    1.50
  31406.886    26.231    -0.09    1.53
  31783.060    26.263     0.09    1.78
  32159.233    26.083    -0.48    1.98
  32535.406    26.077    -0.02    2.07
  32911.579    25.611    -1.24    1.98
  33287.751    25.800     0.50    1.98
  33663.922    25.436    -0.97    2.07
  34040.094    25.088    -0.92    2.01
  34416.264    24.622    -1.24    1.89
  34792.435    24.486    -0.36    2.16
  35168.605    24.378    -0.29    2.18
  35544.774    24.179    -0.53    2.82
  35920.943    24.081    -0.26    2.59
  36297.112    24.282     0.53    2.65
  36673.280    24.974     1.84    2.43
  37049.447    25.053     0.21    2.42
  37425.615    24.757    -0.79    2.80
  37801.781    24.421    -0.89    2.75
  38177.948    24.615     0.52    2.55
  38554.114    24.639     0.06    2.58
  38930.279    25.205     1.51    1.82
  39306.444    25.111    -0.25    1.65
  39682.609    25.053    -0.16    1.69
  40058.773    25.615     1.50    1.48
  40434.937    25.625     0.03    1.62
  40811.100    26.079     1.21    1.60
  41187.263    26.553     1.26    1.33
  41563.426    27.270     1.91    1.57
  41939.588    27.590     0.85    1.53
  42315.750    27.946     0.95    1.70
  42691.911    28.179     0.62    1.71
  43068.072    28.436     0.68    1.80
  43444.232    28.342    -0.25    2.21
  43820.393    28.351     0.02    2.04
  44196.552    28.615     0.70    2.53
  44572.711    28.184    -1.15    2.28
  44948.870    28.361     0.47    2.06
  45325.029    28.162    -0.53    1.86
  45701.187    27.838    -0.86    1.55
  46077.345    28.459     1.65    1.98
  46453.502    28.919     1.22    1.93
  46829.659    28.844    -0.20    1.99
  47205.815    28.769    -0.20    1.93
  47581.971    28.051    -1.91    1.85
  47958.127    27.778    -0.73    1.66
  48334.282    27.667    -0.30    1.38
  48710.437    27.432    -0.62    1.39
  49086.592    28.051     1.65    1.52
  49462.746    28.342     0.77    1.51
  49838.900    28.513     0.45    1.41
  50215.053    28.405    -0.29    1.40
  50591.206    28.205    -0.53    1.32
  50967.359    27.825    -1.01    1.39
  51343.511    27.806    -0.05    1.49
  51719.663    27.946     0.37    1.49
  52095.815    27.838    -0.29    1.54
  52471.966    27.919     0.22    1.42
  52848.117    27.865    -0.14    1.55
  53224.267    27.314    -1.46    1.69
  53600.417    27.150    -0.44    1.59
  53976.567    26.744    -1.08    1.52
  54352.716    26.811     0.18    1.37
  54728.865    26.795    -0.04    1.56
  55105.014    26.622    -0.46    1.52
  55481.162    26.632     0.03    1.28
  55857.310    26.553    -0.21    1.22
  56233.458    26.641     0.23    1.22
  56609.605    26.889     0.66    1.28
  56985.752    26.421    -1.24    1.69
  57361.899    26.513     0.24    1.65
  57738.045    26.371    -0.38    1.83
  58114.191    26.308    -0.17    1.99
  58490.336    26.351     0.12    1.77
  58866.481    26.486     0.36    1.69
  59242.626    26.378    -0.29    1.74
  59618.771    26.611     0.62    2.00
  59994.915    26.641     0.08    1.91
  60371.059    26.625    -0.04    2.13
  60747.202    26.973     0.93    2.02
  61123.345    26.615    -0.95    2.59
  61499.488    26.526    -0.24    2.84
  61875.631    26.205    -0.85    2.71
  62251.773    25.622    -1.55    3.14
  62627.915    25.333    -0.77    3.32
  63004.056    25.000    -0.89    3.35
  63380.198    24.405    -1.58    3.27
  63756.339    24.378    -0.07    2.78
  64132.479    23.771    -1.61    2.38
  64508.619    24.000     0.61    2.63
  64884.759    25.282     3.41    2.85
  65260.899    26.171     2.36    2.93
  65637.038    27.838     4.43    2.27
  66013.177    28.432     1.58    1.63
  66389.316    28.368    -0.17    1.73
  66765.455    28.400     0.08    1.69
  67141.593    28.135    -0.70    1.36
  67517.731    28.079    -0.15    1.51
  67893.868    28.184     0.28    1.63
  68270.005    28.447     0.70    1.98
  68646.142    28.703     0.68    2.33
  69022.279    28.975     0.72    2.20
  69398.415    29.289     0.84    2.01
  69774.551    29.676     1.03    1.25
  70150.687    30.000     0.86    1.18
  70526.823    30.371     0.99    1.24
  70902.958    30.513     0.38    1.34
  71279.093    30.513     0.00    1.41
  71655.227    30.171    -0.91    1.56
  72031.362    29.946    -0.60    1.58
  72407.496    29.919    -0.07    1.64
  72783.630    30.111     0.51    1.53
  73159.763    29.974    -0.36    1.42
  73535.896    29.811    -0.43    1.41
  73912.029    28.385    -3.79    2.52
  74288.162    26.789    -4.24    2.59
  74664.294    25.385    -3.74    2.36
  75040.426    25.757     0.99    2.94
  75416.558    27.775     5.37    3.98
  75792.690    30.308     6.73    3.72
  76168.821    32.500     5.83    2.47
  76544.952    33.730     3.27    2.10
  76921.083    34.054     0.86    1.93
  77297.214    33.946    -0.29    1.63
  77673.344    33.769    -0.47    1.74
  78049.474    33.686    -0.22    1.66
  78425.604    32.923    -2.03    1.97
  78801.734    32.868    -0.15    2.09
  79177.863    32.361    -1.35    1.62
  79553.992    31.974    -1.03    1.48
  79930.121    31.921    -0.14    1.28
  80306.250    32.000     0.21    1.12
  80682.378    32.342     0.91    1.19
  81058.506    33.077     1.95    1.44
  81434.634    33.892     2.17    1.20
  81810.761    34.128     0.63    1.10
  82186.889    34.050    -0.21    1.55
  82563.016    33.943    -0.28    1.64
  82939.143    33.649    -0.78    1.64
  83315.270    33.297    -0.93    1.68
  83691.396    33.108    -0.50    1.37
  84067.522    32.243    -2.30    1.38
  84443.648    32.333     0.24    1.60
  84819.774    32.925     1.57    1.95
  85195.900    33.410     1.29    2.00
  85572.025    33.703     0.78    2.04
  85948.150    33.526    -0.47    2.27
  86324.275    32.684    -2.24    2.16
  86700.400    32.718     0.09    2.26
  87076.524    33.459     1.97    2.34
  87452.648    34.077     1.64    2.02
  87828.773    34.278     0.53    1.56
  88204.896    34.205    -0.19    1.54
  88581.020    34.154    -0.14    1.33
  88957.143    34.344     0.50    1.23
  89333.267    34.568     0.60    1.24
  89709.390    34.973     1.08    1.30
  90085.513    35.351     1.01    1.53
  90461.635    35.649     0.79    1.48
  90837.758    35.861     0.56    1.38
  91213.880    35.692    -0.45    1.52
  91590.002    35.128    -1.50    1.92
  91966.124    35.054    -0.20    2.37
  92342.245    34.658    -1.05    2.53
  92718.367    33.744    -2.43    2.99
  93094.493    33.000    -1.98    2.61
  93470.653    33.135     0.36    2.38
  93846.811    33.846     1.89    2.56
  94222.970    35.162     3.50    1.85
  94599.129    35.947     2.09    1.72
  94975.287    36.459     1.36    1.66
  95351.445    36.906     1.19    1.51
  95727.604    38.051     3.04    1.23
  96103.761    38.711     1.75    1.23
  96479.919    38.833     0.33    1.30
  96856.077    39.385     1.47    1.33
  97232.234    39.556     0.45    1.36
  97608.391    39.359    -0.52    1.48
  97984.548    39.342    -0.04    2.04
  98360.705    39.162    -0.48    1.77
  98736.862    38.947    -0.57    1.77
  99113.018    38.821    -0.34    1.64
  99489.175    39.000     0.48    1.62
  99865.331    38.889    -0.30    1.35
 100241.487    39.436     1.45    1.47
 100617.643    39.895     1.22    1.48
 100993.799    39.946     0.14    1.49
 101369.955    40.378     1.15    1.44
 101746.110    40.257    -0.32    1.38
 102122.265    40.487     0.61    1.57
 102498.421    40.475    -0.03    1.43
 102874.576    40.778     0.80    1.51
 103250.730    41.000     0.59    1.52
 103626.885    40.972    -0.07    1.40
 104003.040    41.026     0.14    1.28
 104379.194    40.872    -0.41    1.20
 104755.349    41.053     0.48    1.11
 105131.503    41.237     0.49    1.34
 105507.657    41.447     0.56    1.35
 105883.811    41.550     0.27    1.38
 106259.965    41.432    -0.31    1.37
 106636.118    41.350    -0.22    1.48
 107012.272    41.053    -0.79    1.45
 107388.426    40.811    -0.64    1.52
 107764.579    40.459    -0.93    1.68
 108140.732    39.889    -1.52    1.83
 108516.885    39.897     0.02    1.71
 108893.038    40.250     0.94    1.68
 109269.191    40.676     1.13    1.70
 109645.344    40.500    -0.47    1.88
 110021.496    40.158    -0.91    2.01
 110397.649    39.921    -0.63    1.82
 110773.801    39.553    -0.98    1.77
 111149.954    39.667     0.30    1.72
 111526.106    39.649    -0.05    1.48
 111902.258    39.083    -1.50    1.46
 112278.410    38.744    -0.90    1.43
 112654.562    38.278    -1.24    1.45
 113030.714    38.000    -0.74    1.41
 113406.865    38.256     0.68    1.82
 113783.017    38.714     1.22    1.74
 114159.169    38.946     0.62    1.54
 114535.320    39.378     1.15    1.48
 114911.471    38.919    -1.22    1.62
 115287.623    38.410    -1.35    1.80
 115663.774    38.135    -0.73    1.83
 116039.925    38.000    -0.36    1.99
 116416.076    38.256     0.68    1.86
 116792.227    38.763     1.35    1.82
 117168.378    39.297     1.42    1.93
 117544.528    39.308     0.03    1.67
 117920.679    39.395     0.23    1.75
 118296.830    39.222    -0.46    1.99
 118672.980    38.316    -2.41    1.93
 119049.131    38.139    -0.47    1.84
 119425.281    37.895    -0.65    1.77
 119801.431    38.026     0.35    1.66
 120177.582    38.188     0.43    1.69
 120553.732    37.676    -1.36    1.76
 120929.882    37.108    -1.51    1.93
 121306.032    36.514    -1.58    1.45
 121682.182    36.256    -0.68    1.77
 122058.332    35.973    -0.75    1.83
 122434.482    36.154     0.48    1.77
 122810.632    35.744    -1.09    1.73
 123186.782    35.051    -1.84    1.88
 123562.931    34.541    -1.36    1.89
 123939.081    33.744    -2.12    1.74
 124315.231    33.053    -1.84    1.92
 124691.380    32.556    -1.32    1.90
 125067.530    32.000    -1.48    1.49
 125443.679    31.556    -1.18    1.42
 125819.829    31.216    -0.90    1.46
 126195.978    30.872    -0.92    1.54
 126572.128    30.375    -1.32    1.31
 126948.277    30.436     0.16    1.33
 127324.426    30.474     0.10    1.41
 127700.576    30.833     0.96    1.80
 128076.725    31.410     1.53    1.76
 128452.874    31.919     1.35    1.79
 128829.023    33.282     3.62    2.78
 129205.172    34.447     3.10    2.97
 129581.322    35.795     3.58    3.15
 129957.471    36.838     2.77    2.47
 130333.620    37.211     0.99    2.22
 130709.769    37.700     1.30    2.26
 131085.918    38.333     1.68    2.24
 131462.067    39.054     1.92    2.15
 131838.216    39.811     2.01    1.78
 132214.365    40.622     2.16    1.62
 132590.514    41.378     2.01    1.60
 132966.663    41.971     1.58    1.15
 133342.812    42.050     0.21    1.36
 133718.961    42.237     0.50    1.44
 134095.110    42.432     0.52    1.66
 134471.259    42.590     0.42    1.73
 134847.408    42.632     0.11    1.76
 135223.557    42.206    -1.13    1.74
 135599.706    42.000    -0.55    1.87
