-142436.610    31.421     0.00    2.38
-142060.464    31.472     0.14    2.26
-141684.318    31.810     0.90    2.73
-141308.172    32.361     1.46    2.97
-140932.025    32.788     1.13    2.68
-140555.878    32.072    -1.90    2.75
-140179.730    30.999    -2.85    2.53
-139803.582    30.229    -2.05    1.85
-139427.433    29.446    -2.08    2.15
-139051.283    29.893     1.19    2.70
-138675.134    30.594     1.86    2.97
-138298.983    31.147     1.47    2.93
-137922.832    31.709     1.49    2.78
-137546.681    31.675    -0.09    2.88
-137170.529    31.053    -1.65    3.33
-136794.376    30.258    -2.11    2.78
-136418.223    30.921     1.76    3.10
-136042.070    31.049     0.34    3.15
-135665.916    30.778    -0.72    3.32
-135289.761    30.026    -2.00    3.27
-134913.606    29.080    -2.51    2.81
-134537.450    28.972    -0.29    2.64
-134161.294    30.322     3.59    2.61
-133785.138    31.459     3.02    3.00
-133408.980    32.788     3.53    3.09
-133032.823    33.972     3.15    2.89
-132656.664    34.408     1.16    3.02
-132280.505    34.594     0.49    2.98
-131904.346    35.472     2.34    2.86
-131528.186    35.357    -0.31    2.47
-131152.026    35.056    -0.80    2.73
-130775.865    34.837    -0.58    2.26
-130399.703    33.972    -2.30    2.22
-130023.541    33.134    -2.23    3.33
-129647.378    32.254    -2.34    3.63
-129271.215    31.472    -2.08    3.53
-128895.051    30.767    -1.87    3.18
-128518.887    30.288    -1.27    2.48
-128142.722    30.722     1.15    2.68
-127766.557    30.690    -0.09    2.89
-127390.391    30.818     0.34    3.01
-127014.224    31.578     2.02    2.64
-126638.057    32.026     1.19    2.85
-126261.889    31.767    -0.69    2.87
-125885.721    30.810    -2.54    2.96
-125509.552    30.767    -0.11    2.63
-125133.383    30.622    -0.39    2.37
-124757.213    30.258    -0.97    2.42
-124381.042    29.837    -1.12    2.75
-124004.871    28.810    -2.73    2.67
-123628.699    28.216    -1.58    3.45
-123252.527    25.867    -6.24    5.33
-122876.354    23.722    -5.70    5.45
-122500.181    20.872    -7.58    5.23
-122124.007    19.683    -3.16    4.88
-121747.832    22.702     8.03    6.55
-121371.657    26.588    10.33    6.76
-120995.481    28.788     5.85    5.51
-120619.304    29.657     2.31    4.33
-120243.127    29.567    -0.24    3.94
-119866.950    30.126     1.49    3.12
-119490.772    30.333     0.55    2.81
-119114.593    30.126    -0.55    2.76
-118738.413    29.049    -2.86    4.19
-118362.234    28.004    -2.78    5.47
-117986.099    25.999    -5.33    7.00
-117610.041    22.270    -9.92    7.24
-117233.983    20.270    -5.32    6.27
-116857.924    19.405    -2.30    5.51
-116481.864    22.778     8.97    6.89
-116105.804    25.408     6.99    6.51
-115729.743    28.049     7.02    4.78
-115353.681    28.735     1.82    4.06
-114977.619    30.157     3.78    4.49
-114601.556    32.306     5.71    3.80
-114225.493    30.793    -4.02    6.59
-113849.429    27.405    -9.01    8.22
-113473.364    22.613   -12.74    7.96
-113097.299    20.756    -4.94    6.29
-112721.233    22.841     5.54    6.50
-112345.167    26.235     9.03    7.30
-111969.100    30.597    11.60    5.85
-111593.032    32.203     4.27    4.85
-111216.964    31.788    -1.10    5.56
-110840.895    31.639    -0.40    5.41
-110464.825    28.383    -8.66    6.75
-110088.755    24.417   -10.55    7.32
-109712.684    21.306    -8.27    6.79
-109336.612    17.525   -10.05    2.51
-108960.540    16.837    -1.83    2.25
-108584.467    16.998     0.43    2.15
-108208.393    16.716    -0.75    2.11
-107832.319    16.947     0.61    2.71
-107456.244    17.972     2.73    3.16
-107080.169    19.657     4.48    3.68
-106704.093    21.648     5.30    3.25
-106328.016    22.459     2.16    2.82
-105951.939    21.945    -1.37    2.96
-105575.861    20.691    -3.33    2.69
-105199.782    18.177    -6.68    3.03
-104823.702    16.895    -3.41    2.99
-104447.622    15.750    -3.05    1.91
-104071.542    15.280    -1.25    1.52
-103695.460    15.695     1.10    1.77
-103319.378    15.814     0.32    1.75
-102943.295    17.280     3.90    4.33
-102567.212    20.104     7.51    6.09
-102191.128    21.891     4.75    6.58
-101815.043    22.690     2.12    6.34
-101438.958    20.572    -5.63    4.79
-101062.872    19.648    -2.46    4.52
-100686.785    19.814     0.44    4.72
-100310.697    19.918     0.28    6.01
 -99934.609    19.837    -0.22    6.46
 -99558.520    21.162     3.52    7.40
 -99182.431    19.087    -5.52    6.56
 -98806.340    18.639    -1.19    6.26
 -98430.249    16.972    -4.43    3.12
 -98054.158    17.556     1.55    4.43
 -97678.066    18.844     3.43    5.09
 -97301.973    20.709     4.96    6.15
 -96925.879    21.630     2.45    6.42
 -96549.784    22.101     1.25    6.58
 -96173.689    22.235     0.36    6.82
 -95797.594    22.139    -0.26    6.50
 -95421.497    22.420     0.75    6.70
 -95045.400    23.101     1.81    6.79
 -94669.302    23.333     0.62    6.11
 -94293.203    22.460    -2.32    5.79
 -93917.104    21.525    -2.48    5.92
 -93541.004    19.891    -4.34    5.18
 -93164.903    18.270    -4.31    4.77
 -92788.802    17.486    -2.08    4.11
 -92412.699    18.716     3.27    4.20
 -92036.596    20.049     3.55    4.31
 -91660.493    20.621     1.52    3.97
 -91284.388    18.716    -5.07    4.33
 -90908.283    17.867    -2.26    3.98
 -90532.178    18.104     0.63    4.62
 -90156.071    19.351     3.32    5.35
 -89779.964    21.197     4.91    5.52
 -89403.856    23.341     5.70    4.97
 -89027.747    24.500     3.08    4.95
 -88651.637    26.630     5.66    4.99
 -88275.527    27.917     3.42    3.71
 -87899.416    26.972    -2.51    4.62
 -87523.305    26.254    -1.91    4.65
 -87147.192    24.772    -3.94    4.58
 -86771.079    23.729    -2.77    3.85
 -86394.965    24.432     1.87    2.74
 -86018.850    24.351    -0.22    2.31
 -85642.735    23.722    -1.67    2.48
 -85266.619    23.567    -0.41    2.92
 -84890.502    23.525    -0.11    3.87
 -84514.384    22.999    -1.40    3.98
 -84138.266    23.485     1.29    3.99
 -83762.147    23.486     0.00    3.70
 -83386.027    21.897    -4.22    4.93
 -83009.906    22.130     0.62    5.81
 -82633.785    20.417    -4.56    6.65
 -82257.662    19.513    -2.40    6.68
 -81881.539    18.583    -2.47    6.58
 -81505.416    16.657    -5.12    5.32
 -81129.291    14.793    -4.95    4.68
 -80753.166    12.518    -6.05    1.37
 -80377.040    14.841     6.18    4.94
 -80000.913    17.675     7.54    6.03
 -79624.785    18.945     3.38    5.84
 -79248.657    18.357    -1.56    5.72
 -78872.528    16.814    -4.10    5.71
 -78496.398    14.588    -5.92    4.62
 -78120.267    14.306    -0.75    4.49
 -77744.136    13.841    -1.24    4.17
 -77368.003    14.756     2.43    4.97
 -76991.870    15.177     1.12    5.75
 -76615.736    14.818    -0.95    5.84
 -76239.602    14.695    -0.33    5.31
 -75863.466    14.972     0.74    5.00
 -75487.330    15.810     2.23    4.51
 -75111.193    16.621     2.16    4.10
 -74735.055    16.209    -1.09    2.90
 -74358.917    17.201     2.64    3.75
 -73982.777    18.722     4.04    4.61
 -73606.637    20.051     3.53    4.87
 -73230.496    19.722    -0.87    5.18
 -72854.354    18.203    -4.04    5.99
 -72478.211    16.946    -3.34    5.93
 -72102.068    14.499    -6.51    5.15
 -71725.924    14.867     0.98    5.55
 -71349.779    15.947     2.87    6.32
 -70973.633    16.270     0.86    6.85
 -70597.486    17.341     2.85    6.65
 -70221.339    19.072     4.60    5.80
 -69845.190    19.629     1.48    4.28
 -69469.041    19.702     0.19    3.66
 -69092.891    19.621    -0.22    3.71
 -68716.740    21.594     5.25    4.40
 -68340.589    23.729     5.68    4.41
 -67964.436    24.778     2.79    4.27
 -67588.283    24.972     0.52    3.49
 -67212.129    24.499    -1.26    3.16
 -66835.974    22.918    -4.20    3.64
 -66459.818    21.331    -4.22    3.57
 -66083.661    20.314    -2.70    3.54
 -65707.504    19.383    -2.48    3.30
 -65331.346    18.783    -1.59    3.09
 -64955.186    19.024     0.64    3.47
 -64579.027    19.111     0.23    3.39
 -64202.866    19.235     0.33    3.20
 -63826.704    18.511    -1.93    2.56
 -63450.542    18.785     0.73    2.74
 -63074.378    19.331     1.45    2.42
 -62698.214    19.216    -0.31    2.44
 -62322.049    19.528     0.83    2.29
 -61945.883    18.918    -1.62    1.88
 -61569.716    18.611    -0.82    1.64
 -61193.549    18.630     0.05    1.63
 -60817.380    18.895     0.70    1.84
 -60441.211    18.324    -1.52    2.18
 -60065.040    17.818    -1.34    2.48
 -59688.869    17.357    -1.23    2.45
 -59312.697    16.870    -1.30    2.27
 -58936.525    16.107    -2.03    2.14
 -58560.351    16.101    -0.02    1.98
 -58184.176    15.540    -1.49    2.43
 -57808.001    14.351    -3.16    2.89
 -57431.825    13.567    -2.08    3.35
 -57055.647    11.691    -4.99    3.58
 -56679.469     9.331    -6.27    3.95
 -56303.290     7.367    -5.22    4.04
 -55927.111     5.695    -4.45    3.04
 -55550.930     4.107    -4.22    1.70
 -55174.748     3.417    -1.84    0.97
 -54798.566     3.262    -0.41    1.01
 -54422.383     3.024    -0.63    1.15
 -54046.198     2.702    -0.85    1.15
 -53670.013     2.393    -0.82    1.31
 -53293.827     2.152    -0.64    1.32
 -52917.640     2.177     0.07    1.36
 -52541.452     2.134    -0.11    1.28
 -52165.264     1.921    -0.57    1.21
 -51789.074     1.864    -0.15    1.65
 -51412.884     2.080     0.57    1.82
 -51036.692     2.026    -0.14    1.49
 -50660.500     2.250     0.59    1.97
 -50284.307     2.203    -0.12    1.66
 -49908.112     2.665     1.23    1.98
 -49531.917     3.000     0.89    2.04
 -49155.721     3.657     1.74    1.89
 -48779.524     4.445     2.09    2.49
 -48403.327     4.053    -1.04    2.59
 -48027.128     4.203     0.40    2.69
 -47650.928     4.486     0.75    3.01
 -47274.728     6.051     4.16    3.71
 -46898.526     6.946     2.38    3.48
 -46522.324     7.972     2.73    3.30
 -46146.121     8.162     0.50    2.93
 -45769.916     8.372     0.56    3.13
 -45393.711     9.306     2.48    3.34
 -45017.505     9.750     1.18    3.47
 -44641.298     9.945     0.52    2.93
 -44265.090     9.324    -1.65    3.10
 -43888.881     8.604    -1.91    2.79
 -43512.671     8.485    -0.32    2.37
 -43136.461     8.297    -0.50    2.25
 -42760.386     9.172     2.33    2.31
 -42384.362     8.814    -0.95    2.83
 -42008.337     8.297    -1.38    2.90
 -41632.311     8.867     1.52    3.21
 -41256.284     9.306     1.17    3.18
 -40880.256     9.472     0.44    3.22
 -40504.227     8.945    -1.40    3.57
 -40128.198     7.639    -3.47    3.69
 -39752.167     6.000    -4.36    2.92
 -39376.135     5.422    -1.54    2.40
 -39000.103     5.485     0.17    2.17
 -38624.069     5.372    -0.30    1.63
 -38248.035     5.351    -0.06    1.52
 -37871.999     5.351     0.00    1.48
 -37495.963     4.946    -1.08    1.60
 -37119.925     5.921     2.59    2.96
 -36743.887     6.918     2.65    3.36
 -36367.848     8.777     4.94    3.77
 -35991.808     9.383     1.61    3.24
 -35615.766     8.999    -1.02    3.41
 -35239.724     8.216    -2.08    3.52
 -34863.681     7.101    -2.97    3.16
 -34487.637     6.075    -2.73    2.44
 -34111.591     5.778    -0.79    1.55
 -33735.545     6.998     3.24    3.17
 -33359.498     8.028     2.74    3.81
 -32983.450     8.972     2.51    3.90
 -32607.401     8.870    -0.27    4.24
 -32231.351     7.441    -3.80    3.89
 -31855.300     7.432    -0.02    3.93
 -31479.248     6.235    -3.18    2.66
 -31103.195     5.783    -1.20    1.84
 -30727.141     5.383    -1.07    1.29
 -30351.086     5.945     1.50    2.65
 -29975.030     7.562     4.30    4.58
 -29598.973    10.434     7.64    5.43
 -29222.914    12.383     5.18    5.26
 -28846.855    15.351     7.89    3.97
 -28470.795    16.921     4.18    2.70
 -28094.734    17.306     1.02    2.26
 -27718.672    17.861     1.48    2.14
 -27342.609    17.814    -0.12    2.42
 -26966.545    16.837    -2.60    2.93
 -26590.480    16.486    -0.93    3.04
 -26214.414    17.562     2.86    3.77
 -25838.347    18.941     3.67    3.47
 -25462.279    20.306     3.63    3.02
 -25086.210    21.485     3.14    2.27
 -24710.139    21.306    -0.48    2.56
 -24334.068    21.049    -0.68    2.74
 -23957.996    20.270    -2.07    2.53
 -23581.923    19.870    -1.06    2.19
 -23205.849    19.499    -0.99    2.05
 -22829.773    19.025    -1.26    2.39
 -22453.697    19.053     0.08    2.98
 -22077.620    16.793    -6.01    5.78
 -21701.541    13.767    -8.05    6.54
 -21325.462    10.195    -9.50    6.00
 -20949.381     7.648    -6.77    4.19
 -20573.300     5.540    -5.61    2.44
 -20197.217     4.540    -2.66    1.79
 -19821.134     3.999    -1.44    1.42
 -19445.049     3.590    -1.09    0.92
 -19068.964     3.472    -0.31    0.96
 -18692.877     3.075    -1.06    1.19
 -18316.789     2.722    -0.94    1.05
 -17940.700     2.434    -0.77    1.07
 -17564.610     2.405    -0.08    0.99
 -17188.519     2.262    -0.38    1.09
 -16812.427     1.841    -1.12    1.19
 -16436.334     1.357    -1.29    1.31
 -16060.240     0.810    -1.45    1.21
 -15684.145     0.341    -1.25    0.88
 -15308.049     0.072    -0.71    0.44
 -14931.952    -0.028    -0.27    0.00
 -14555.853     0.051     0.21    0.49
 -14179.754     0.405     0.94    1.14
 -13803.654     0.729     0.86    1.72
 -13427.552     1.053     0.86    1.93
 -13051.449     1.111     0.15    1.99
 -12675.346     0.844    -0.71    1.84
 -12299.241     0.588    -0.68    1.43
 -11923.135     0.486    -0.27    1.26
 -11547.028     0.280    -0.55    1.00
 -11170.920     0.209    -0.19    0.91
 -10794.811     0.177    -0.08    0.89
 -10418.701    -0.028    -0.55    0.00
 -10042.590    -0.028     0.00    0.00
  -9666.477    -0.028     0.00    0.00
  -9290.364    -0.028     0.00    0.00
  -8914.249    -0.028     0.00    0.00
  -8538.134    -0.028     0.00    0.00
  -8162.017    -0.028     0.00    0.00
  -7785.899    -0.028     0.00    0.00
  -7409.780    -0.028     0.00    0.00
  -7033.660    -0.028     0.00    0.00
  -6657.539    -0.028     0.00    0.00
  -6281.417    -0.028     0.00    0.00
  -5905.294     0.094     0.32    0.78
  -5529.169     0.324     0.61    1.40
  -5153.044     0.152    -0.46    0.68
  -4776.917     0.235     0.22    0.83
  -4400.789     0.152    -0.22    0.79
  -4024.660     0.216     0.17    1.04
  -3648.530     0.472     0.68    1.54
  -3272.399     0.270    -0.54    1.13
  -2896.267     0.243    -0.07    1.07
  -2520.134     0.162    -0.22    0.57
  -2143.999     0.029    -0.35    0.34
  -1767.864     0.024    -0.02    0.32
  -1391.727    -0.028    -0.14    0.00
  -1015.589     0.001     0.08    0.17
   -639.450    -0.001    -0.00    0.16
   -263.310    -0.001     0.00    0.29
    112.831    -0.107    -0.28    0.43
    488.973    -0.278    -0.45    0.49
    865.117    -0.379    -0.27    0.59
   1241.261    -0.501    -0.33    0.56
   1617.407    -0.449     0.14    0.60
   1993.554    -0.361     0.23    0.62
   2369.702    -0.271     0.24    0.49
   2745.851    -0.103     0.45    0.47
   3122.002     0.025     0.34    0.32
   3498.153     0.080     0.15    0.31
   3874.306     0.026    -0.14    0.23
   4250.459    -0.055    -0.22    0.29
   4626.614    -0.130    -0.20    0.45
   5002.770    -0.233    -0.27    0.47
   5378.928    -0.228     0.01    0.47
   5755.086    -0.212     0.04    0.46
   6131.246    -0.136     0.20    0.46
   6507.406    -0.055     0.21    0.38
   6883.568     0.049     0.28    0.35
   7259.731     0.080     0.08    0.31
   7635.895     0.024    -0.15    0.22
   8012.061     0.025     0.00    0.23
   8388.227     0.022    -0.01    0.22
   8764.395    -0.028    -0.13    0.00
   9140.564    -0.028     0.00    0.00
   9516.734    -0.028     0.00    0.00
   9892.905     0.000     0.07    0.17
  10269.078    -0.028    -0.07    0.33
  10645.251    -0.163    -0.36    0.48
  11021.426    -0.298    -0.36    0.56
  11397.602    -0.489    -0.51    0.55
  11773.779    -0.628    -0.37    0.50
  12149.957    -0.515     0.30    0.51
  12526.137    -0.317     0.53    0.46
  12902.318    -0.139     0.47    0.32
  13278.499    -0.028     0.30    0.00
  13654.682     0.051     0.21    0.49
  14030.867     0.314     0.70    0.97
  14407.052     0.621     0.81    1.25
  14783.239     0.844     0.59    1.32
  15159.427     1.134     0.77    1.40
  15535.616     0.895    -0.64    1.24
  15911.806     0.472    -1.12    0.93
  16287.997     0.144    -0.87    0.51
  16664.190     0.053    -0.24    0.36
  17040.384    -0.028    -0.22    0.00
  17416.579    -0.001     0.07    0.16
  17792.775     0.324     0.86    1.62
  18168.973     0.417     0.25    1.70
  18545.172     0.297    -0.32    1.51
  18921.372     0.306     0.02    1.51
  19297.573     0.594     0.77    2.71
  19673.775     3.921     8.84    8.64
  20049.979     8.183    11.33   13.79
  20426.184    15.331    19.00   20.05
  20802.390    28.270    34.39   28.26
  21178.597    38.229    26.47   32.73
  21554.805    41.639     9.06   29.59
  21931.015    37.818   -10.16   22.68
  22307.226    30.562   -19.29   14.71
  22683.438    28.066    -6.63   10.21
  23059.652    30.594     6.72   10.33
  23435.866    36.972    16.95   14.23
  23812.082    44.999    21.34   24.16
  24188.299    59.783    39.30   35.10
  24564.518    73.556    36.61   33.67
  24940.737    92.235    49.65   36.09
  25316.958   108.254    42.58   36.55
  25693.180   120.891    33.59   32.86
  26069.404   128.104    19.17   31.00
  26445.628   132.460    11.58   33.85
  26821.854   148.280    42.05   33.53
  27198.081   163.810    41.28   27.52
  27574.310   176.639    34.10   21.10
  27950.539   179.243     6.92   18.35
  28326.770   170.709   -22.68   25.66
  28703.002   148.262   -59.66   39.74
  29079.236   116.722   -83.83   43.21
  29455.471    81.152   -94.54   36.05
  29831.706    57.946   -61.68   16.84
  30207.944    54.167   -10.04   11.53
  30584.182    60.075    15.70   16.65
  30960.422    70.389    27.41   16.16
  31336.663    82.367    31.84   26.91
  31712.905    92.367    26.58   29.69
  32089.127   101.134    23.30   27.28
  32465.111   115.972    39.46   31.23
  32841.097   133.075    45.49   35.22
  33217.084   155.588    59.88   32.78
  33593.073   175.945    54.14   24.82
  33969.062   182.536    17.53   19.39
  34345.053   185.053     6.69   15.72
  34721.045   179.432   -14.95   17.48
  35097.039   166.675   -33.93   19.43
  35473.034   153.972   -33.78   16.48
  35849.030   146.049   -21.07   12.42
  36225.027   145.818    -0.61   11.59
  36601.026   146.611     2.11   11.00
  36977.026   151.895    14.05    9.86
  37353.027   154.056     5.75   11.79
  37729.030   154.157     0.27   16.95
  38105.033   151.460    -7.17   23.68
  38481.039   141.918   -25.38   27.00
  38857.045   130.841   -29.46   26.62
  39233.053   118.024   -34.09   24.16
  39609.062   105.022   -34.58   20.24
  39985.072    94.513   -27.95   14.82
  40361.084    84.485   -26.67   12.71
  40737.097    74.735   -25.93   10.98
  41113.111    69.189   -14.75    9.30
  41489.127    62.783   -17.04    7.45
  41865.144    58.583   -11.17    7.53
  42241.162    52.604   -15.90    8.05
  42617.182    46.772   -15.51    7.47
  42993.203    41.972   -12.77    5.61
  43369.225    37.229   -12.62    4.50
  43745.248    34.513    -7.22    4.02
  44121.273    35.262     1.99    6.35
  44497.299    41.613    16.89   14.52
  44873.327    51.551    26.43   17.82
  45249.356    62.445    28.97   17.37
  45625.386    75.920    35.84   19.18
  46001.418    86.972    29.39   22.89
  46377.451    99.722    33.91   25.13
  46753.485   108.844    24.26   22.69
  47129.520   121.209    32.88   20.72
  47505.557   129.756    22.73   20.03
  47881.596   130.675     2.44   20.38
  48257.635   132.445     4.71   26.22
  48633.676   141.921    25.20   26.56
  49009.718   140.922    -2.66   25.48
  49385.762   133.810   -18.91   23.84
  49761.807   123.172   -28.29   19.95
  50137.853   115.025   -21.67   11.71
  50513.901   115.972     2.52   11.48
  50889.950   118.594     6.97   11.75
  51266.001   121.972     8.98   11.66
  51642.052   127.729    15.31   17.75
  52018.106   135.611    20.96   18.77
  52394.160   147.472    31.54   20.82
  52770.216   165.195    47.13   18.37
  53146.273   172.434    19.25   20.68
  53522.332   183.075    28.30   21.23
  53898.392   192.972    26.32   17.09
  54274.453   197.918    13.15   17.70
  54650.516   199.026     2.95   16.44
  55026.580   202.540     9.34   15.13
  55402.646   204.022     3.94   13.93
  55778.713   206.675     7.05   12.29
  56154.781   211.735    13.46   10.79
  56530.850   217.499    15.32   10.17
  56906.921   228.499    29.25   17.22
  57282.994   242.864    38.20   19.29
  57659.068   256.562    36.42   16.97
  58035.143   266.683    26.91   12.80
  58411.219   272.028    14.21    9.26
  58787.297   274.810     7.40    8.96
  59163.377   279.778    13.21    9.94
  59539.458   282.972     8.49   10.86
  59915.540   290.075    18.89    9.07
  60291.623   294.847    12.69    6.28
  60667.708   293.513    -3.55    6.44
  61043.795   291.756    -4.67    5.91
  61419.883   290.162    -4.24    4.38
  61795.972   292.306     5.70    3.91
  62172.062   295.630     8.84    4.92
  62548.154   298.562     7.80    9.01
  62924.248   296.485    -5.52   18.60
  63300.343   286.921   -25.43   30.74
  63676.439   268.134   -49.95   36.64
  64052.537   251.742   -43.59   37.33
  64428.636   235.788   -42.42   28.80
  64804.736   225.639   -26.99   23.47
  65180.838   222.378    -8.67   22.29
  65556.941   214.972   -19.69   19.79
  65933.046   207.675   -19.40   14.17
  66309.152   201.511   -16.39   12.42
  66685.260   194.275   -19.24   12.49
  67061.369   195.254     2.60   17.49
  67437.480   196.499     3.31   24.05
  67813.592   191.945   -12.11   27.81
  68189.705   190.434    -4.02   30.39
  68565.820   184.107   -16.82   30.68
  68941.936   179.536   -12.15   32.55
  69318.054   181.078     4.10   36.95
  69694.173   181.947     2.31   35.50
  70070.294   175.540   -17.03   33.54
  70446.416   169.814   -15.22   29.71
  70822.539   158.818   -29.24   22.84
  71198.664   146.056   -33.93   17.49
  71574.790   139.107   -18.47   19.48
  71950.918   135.405    -9.84   20.38
  72327.047   130.107   -14.08   21.42
  72703.178   126.351    -9.99   23.21
  73079.310   122.887    -9.21   25.83
  73455.444   124.447     4.15   31.45
  73831.579   125.920     3.91   36.76
  74207.716   134.702    23.35   41.77
  74583.854   139.383    12.44   37.31
  74959.993   135.472   -10.40   35.80
  75336.134   133.235    -5.95   32.99
  75712.277   124.078   -24.35   32.43
  76088.421   115.998   -21.48   35.46
  76464.566    98.778   -45.78   46.71
  76840.713    67.157   -84.07   45.92
  77216.861    43.872   -61.90   29.82
  77593.011    29.144   -39.16   16.92
  77969.163    33.837    12.48   18.79
  78345.315    49.702    42.18   26.31
  78721.470    63.810    37.51   32.16
  79097.625    89.837    69.19   40.53
  79473.783   117.611    73.84   44.09
  79849.941   144.690    71.99   44.75
  80226.102   158.844    37.63   45.96
  80602.263   172.999    37.63   49.10
  80978.427   165.639   -19.57   52.81
  81354.591   159.536   -16.22   48.13
  81730.757   156.101    -9.13   38.38
  82106.925   162.026    15.75   36.07
  82483.094   183.203    56.30   41.51
  82859.265   207.222    63.85   36.50
  83235.437   220.657    35.71   26.83
  83611.611   227.235    17.49   23.58
  83987.786   226.441    -2.11   28.36
  84363.963   226.306    -0.36   29.61
  84740.141   233.053    17.94   28.15
  85116.321   244.028    29.17   25.46
  85492.502   259.080    40.01   18.68
  85868.685   268.639    25.41    9.98
  86244.869   272.367     9.91    8.49
  86621.055   273.397     2.74    8.39
  86997.243   275.486     5.55    8.14
  87373.431   275.434    -0.14    8.40
  87749.622   274.485    -2.52   10.29
  88125.814   271.460    -8.04   13.42
  88502.007   263.810   -20.33   16.96
  88878.202   254.639   -24.38   20.48
  89254.399   244.270   -27.56   24.62
  89630.597   237.351   -18.39   24.90
  90006.796   235.162    -5.82   27.13
  90382.997   247.796    33.58   23.07
  90759.200   255.434    20.30   19.07
  91135.404   253.434    -5.32   17.25
  91511.610   244.195   -24.56   24.19
  91887.817   234.999   -24.44   25.38
  92264.026   229.445   -14.77   29.35
  92640.236   234.341    13.01   30.62
  93016.448   239.229    12.99   24.28
  93392.662   236.513    -7.22   20.26
  93768.877   235.288    -3.26   17.92
  94145.093   236.446     3.08   19.81
  94521.312   246.613    27.03   22.62
  94897.531   260.783    37.66   18.80
  95273.752   267.647    18.25   16.62
  95649.975   269.525     4.99   13.64
  96026.200   265.810    -9.87   15.11
  96402.426   255.297   -27.94   18.93
  96778.653   245.500   -26.04   17.51
  97154.882   242.716    -7.40   18.99
  97531.113   243.742     2.73   20.68
  97907.345   252.744    23.93   15.68
  98283.579   261.367    22.92   18.92
  98659.814   266.134    12.67   14.62
  99036.051   262.139   -10.62   16.54
  99412.289   250.297   -31.47   21.51
  99788.530   239.026   -29.96   22.51
 100164.771   230.578   -22.46   23.24
 100541.014   229.025    -4.13   25.00
 100917.259   224.722   -11.44   22.82
 101293.506   220.729   -10.61   19.97
 101669.754   211.147   -25.47   21.55
 102046.003   198.921   -32.50   20.44
 102422.254   187.611   -30.06   21.21
 102798.507   181.540   -16.14   16.94
 103174.762   185.080     9.41   20.13
 103551.017   198.972    36.92   25.62
 103927.275   218.818    52.75   23.01
 104303.534   233.139    38.06   20.39
 104679.795   247.613    38.47   17.86
 105056.057   257.867    27.25   14.60
 105432.321   268.361    27.89   12.41
 105808.587   276.767    22.34   14.26
 106184.854   281.588    12.81   15.64
 106561.123   293.104    30.61   15.33
 106937.393   301.026    21.06   12.49
 107313.518   307.024    15.94    7.96
 107689.460   311.432    11.73    4.61
 108065.404   312.152     1.92    4.25
 108441.349   313.347     3.18    4.08
 108817.297   313.887     1.43    3.84
 109193.245   314.783     2.38    4.53
 109569.196   315.270     1.29    4.90
 109945.148   315.134    -0.36    4.63
 110321.101   315.709     1.53    4.80
 110697.056   316.806     2.92    4.35
 111073.013   316.680    -0.34    3.66
 111448.972   317.383     1.87    2.94
 111824.932   317.216    -0.44    2.35
 112200.894   317.049    -0.44    2.46
 112576.857   316.472    -1.53    2.68
 112952.822   315.177    -3.44    3.16
 113328.789   314.445    -1.95    3.43
 113704.757   314.126    -0.85    3.14
 114080.727   314.639     1.36    2.15
 114456.699   315.101     1.23    1.67
 114832.672   315.152     0.14    1.65
 115208.647   314.629    -1.39    1.62
 115584.623   314.891     0.70    1.85
 115960.601   314.134    -2.01    2.56
 116336.581   313.999    -0.36    2.61
 116712.563   313.867    -0.35    2.35
 117088.546   313.783    -0.22    2.28
 117464.530   314.254     1.25    1.65
 117840.517   314.229    -0.07    1.60
 118216.505   314.130    -0.26    1.79
 118592.495   313.756    -1.00    1.72
 118968.486   313.420    -0.89    1.86
 119344.479   312.562    -2.28    1.93
 119720.474   311.195    -3.64    2.19
 120096.470   309.870    -3.52    2.40
 120472.468   309.361    -1.35    2.42
 120848.468   309.683     0.86    2.77
 121224.470   311.101     3.77    3.21
 121600.473   313.472     6.31    2.77
 121976.477   315.841     6.30    3.13
 122352.484   317.683     4.90    2.82
 122728.492   319.134     3.86    2.03
 123104.502   319.870     1.96    1.48
 123480.513   320.513     1.71    2.34
 123856.527   322.024     4.02    4.40
 124232.541   321.665    -0.95    5.67
 124608.558   320.078    -4.22    5.99
 124984.576   318.893    -3.15    4.89
 125360.596   318.126    -2.04    3.49
 125736.618   318.434     0.82    3.20
 126112.641   319.324     2.37    2.04
 126488.666   319.446     0.33    2.02
 126864.693   319.540     0.25    1.94
 127240.721   319.972     1.15    1.78
 127616.751   320.341     0.98    1.57
 127992.783   321.222     2.34    1.74
 128368.817   322.126     2.40    1.71
 128744.852   322.870     1.98    1.64
 129120.889   323.556     1.82    1.38
 129496.928   324.126     1.52    1.48
 129872.968   324.648     1.39    1.63
 130249.010   325.306     1.75    1.72
 130625.054   326.025     1.91    1.54
 131001.099   326.288     0.70    1.30
 131377.147   326.297     0.02    1.43
 131753.196   326.306     0.02    1.49
 132129.246   326.597     0.78    1.84
 132505.299   327.472     2.33    2.04
 132881.353   328.189     1.90    2.42
 133257.409   328.864     1.80    2.20
 133633.466   329.053     0.50    2.13
 134009.526   328.783    -0.72    1.79
 134385.587   328.825     0.11    1.74
 134761.649   328.747    -0.21    1.59
 135137.714   328.511    -0.63    1.68
 135513.780   328.306    -0.55    1.43
 135889.848   328.434     0.34    1.54
 136265.918   328.513     0.21    1.64
 136641.989   329.288     2.06    1.69
 137018.063   329.893     1.61    1.99
 137394.138   330.562     1.78    2.06
 137770.214   330.999     1.16    1.83
 138146.293   331.551     1.47    2.04
 138522.373   333.022     3.91    3.18
 138898.455   336.000     7.92    5.08
 139274.539   338.288     6.08    5.44
 139650.624   340.243     5.20    5.31
 140026.711   340.702     1.22    6.83
 140402.800   337.567    -8.34    6.01
 140778.891   336.417    -3.06    5.02
 141154.984   337.229     2.16    5.56
 141531.078   338.972     4.64    5.78
 141907.174   340.270     3.45    5.42
 142283.272   341.613     3.57    4.54
 142659.371   340.946    -1.77    4.41
 143035.473   339.793    -3.07    4.95
 143411.576   338.314    -3.93    4.65
 143787.681   337.742    -1.52    5.33
 144163.788   335.083    -7.07    5.48
 144539.896   333.288    -4.77    4.92
 144916.006   331.024    -6.02    3.07
 145292.118   329.829    -3.18    1.78
 145668.232   330.075     0.65    2.34
 146044.348   330.513     1.16    2.59
 146420.465   331.026     1.37    2.56
 146796.584   330.891    -0.36    2.60
 147172.705   330.111    -2.07    2.34
 147548.828   329.639    -1.26    2.51
 147924.953   328.972    -1.77    2.95
 148301.079   328.216    -2.01    2.82
 148677.207   327.152    -2.83    3.32
 149053.337   325.709    -3.84    3.79
 149429.469   324.604    -2.94    3.69
 149805.602   324.270    -0.89    3.30
 150181.738   324.097    -0.46    3.11
 150557.875   324.107     0.03    2.49
 150934.014   324.459     0.93    2.56
 151310.155   324.189    -0.72    2.37
 151686.297   324.361     0.46    2.18
 152062.442   324.434     0.19    2.05
 152438.588   324.639     0.55    2.26
 152814.736   325.389     1.99    2.16
 153190.886   324.621    -2.04    3.33
 153567.037   322.405    -5.89    5.66
 153943.191   319.762    -7.03    7.17
 154319.346   315.672   -10.87    7.92
 154695.503   309.297   -16.95   13.54
 155071.662   297.630   -31.02   23.36
 155447.823   282.999   -38.90   27.98
 155823.986   259.235   -63.17   33.00
 156200.150   238.053   -56.31   29.82
 156576.316   228.622   -25.07   29.84
 156952.484   209.578   -50.63   38.72
 157328.654   189.918   -52.26   43.63
 157704.826   174.810   -40.16   38.74
 158081.000   164.029   -28.66   41.72
 158457.175   158.665   -14.26   43.61
 158833.353   163.818    13.70   45.95
 159209.532   161.687    -5.67   48.42
 159585.713   168.891    19.15   61.25
 159961.896   181.107    32.47   69.29
 160338.080   177.675    -9.12   64.12
 160714.267   180.272     6.90   65.93
 161090.455   179.972    -0.80   64.10
 161466.646   184.613    12.34   62.86
 161842.838   179.051   -14.79   70.18
 162219.032   178.280    -2.05   70.83
 162595.228   176.486    -4.77   76.45
 162971.425   182.119    14.97   81.69
 163347.625   186.499    11.64   81.39
 163723.826   189.195     7.17   87.12
 164100.030   198.837    25.63   87.61
 164476.235   201.162     6.18   82.00
 164852.442   200.810    -0.93   79.16
 165228.651   212.972    32.33   81.46
 165604.862   233.914    55.66   77.80
 165981.074   239.921    15.97   89.63
 166357.289   244.157    11.26   91.87
 166733.505   239.222   -13.12   84.99
 167109.724   213.921   -67.25   96.82
 167485.944   185.243   -76.23  100.16
 167862.166   138.998  -122.92   85.96
 168238.390   102.357   -97.39   53.88
 168614.616    91.306   -29.37   30.77
 168990.843   109.053    47.17   41.65
 169367.073   145.254    96.22   57.84
 169743.305   193.562   128.40   64.74
 170119.538   246.417   140.49   57.58
 170495.773   284.702   101.76   43.16
 170872.010   313.243    75.86   24.59
 171248.250   327.945    39.08   12.46
 171624.491   335.551    20.22    9.65
 172000.734   340.201    12.36    6.89
 172376.978   343.122     7.76    6.04
 172753.225   345.762     7.02    4.21
 173129.474   347.648     5.01    3.35
 173505.724   349.921     6.04    2.86
 173881.977   351.420     3.98    2.61
 174258.231   352.314     2.38    2.03
 174634.487   353.341     2.73    1.38
 175010.746   353.588     0.66    1.58
 175387.006   354.432     2.24    2.32
 175763.268   355.762     3.53    2.35
 176139.532   357.047     3.42    2.51
 176515.798   358.744     4.51    2.24
 176892.065   359.594     2.26    2.20
 177268.335   360.405     2.15    1.64
 177644.607   360.432     0.07    1.82
 178020.881   360.540     0.29    2.29
 178397.156   360.306    -0.62    2.32
 178773.434   360.472     0.44    2.00
 179149.713   361.051     1.54    2.41
 179525.994   360.945    -0.28    2.85
 179902.278   361.331     1.03    2.78
 180278.563   361.367     0.10    2.86
 180654.850   361.921     1.47    2.93
 181031.139   363.432     4.01    3.37
 181407.430   364.562     3.00    3.68
 181783.723   366.472     5.08    3.53
 182160.018   367.683     3.22    2.86
 182536.003   368.897     3.23    2.47
 182911.914   370.366     3.91    2.86
 183287.828   371.229     2.29    2.88
 183663.743   372.107     2.34    2.73
 184039.660   372.134     0.07    2.37
 184415.580   371.378    -2.01    2.64
 184791.501   370.528    -2.26    3.03
 185167.424   369.972    -1.48    2.55
 185543.349   369.895    -0.20    2.53
 185919.276   369.864    -0.08    1.78
 186295.205   370.536     1.79    1.89
 186671.136   370.588     0.14    1.95
 187047.069   371.049     1.23    1.86
 187423.004   371.324     0.73    1.80
 187798.941   371.818     1.32    1.53
 188174.880   372.432     1.63    1.76
 188550.821   373.351     2.44    2.53
 188926.764   374.104     2.00    2.51
 189302.709   375.285     3.14    2.43
 189678.656   375.947     1.76    2.68
 190054.604   375.525    -1.12    3.26
 190430.555   374.864    -1.76    4.67
 190806.508   372.648    -5.90    7.23
 191182.463   367.917   -12.58   14.11
 191558.419   365.025    -7.69   16.88
 191934.378   361.314    -9.87   17.23
 192310.339   355.513   -15.43   17.33
 192686.302   337.793   -47.13   39.71
 193062.266   312.947   -66.09   54.26
 193438.233   264.536  -128.77   77.94
 193814.202   203.026  -163.61   78.69
 194190.172   151.280  -137.64   76.77
 194566.145    97.675  -142.58   64.86
 194942.120    55.540  -112.07   53.32
 195318.096    20.702   -92.66   39.50
 195694.075    -0.653   -56.80   19.43
 196070.056    -8.233   -20.16    2.85
 196446.039    -5.738     6.64    9.48
 196822.023     3.417    24.35   19.39
 197198.010    22.665    51.19   32.99
 197573.999    45.722    61.33   37.12
 197949.990    68.235    59.88   40.39
 198325.983    99.562    83.32   42.30
 198701.977   125.648    69.38   48.20
 199077.974   159.025    88.77   56.80
 199453.973   175.972    45.07   72.76
 199829.974   194.434    49.10   86.97
 200205.977   199.594    13.72   91.40
 200581.982   195.460   -11.00   93.00
 200957.989   182.288   -35.03   87.51
 201333.998   166.500   -41.99   74.20
 201710.009   166.405    -0.25   65.53
 202086.022   188.000    57.43   77.50
 202462.037   222.485    91.71   93.34
 202838.054   254.613    85.45   95.63
 203214.074   272.083    46.46   93.38
 203590.095   292.049    53.10   85.80
 203966.118   295.056     8.00   82.12
 204342.144   308.078    34.63   69.40
 204718.171   320.049    31.84   62.37
 205094.200   337.183    45.57   51.66
 205470.232   357.972    55.29   35.21
 205846.266   372.921    39.75   16.34
 206222.301   379.122    16.49   10.97
 206598.339   383.026    10.38    5.72
 206974.379   383.847     2.18    6.36
 207350.420   385.998     5.72    4.77
 207726.464   387.583     4.22    2.32
 208102.510   387.810     0.60    2.48
 208478.558   387.861     0.14    2.21
 208854.608   388.393     1.42    2.29
 209230.660   387.747    -1.72    4.14
 209606.714   387.389    -0.95    5.20
 209982.771   386.672    -1.91    6.43
 210358.829   388.080     3.74    5.58
 210734.889   389.918     4.89    4.64
 211110.952   391.867     5.18    3.95
 211487.016   393.630     4.69    2.07
 211863.083   395.080     3.86    1.63
 212239.152   395.891     2.16    1.50
 212615.223   396.597     1.88    1.48
 212991.296   397.195     1.59    1.48
 213367.371   396.197    -2.65    4.32
 213743.448   395.104    -2.91    5.90
 214119.527   395.000    -0.28    6.73
 214495.608   394.999    -0.00    6.62
 214871.691   395.111     0.30    6.31
 215247.777   395.613     1.34    5.57
 215623.864   394.747    -2.30    5.74
 215999.954   394.432    -0.84    5.83
 216376.046   394.522     0.24    5.22
 216752.140   394.762     0.64    4.62
 217128.236   394.999     0.63    3.95
 217504.334   395.405     1.08    2.66
 217880.434   395.434     0.08    3.03
 218256.536   395.297    -0.36    2.68
 218632.640   395.167    -0.35    2.96
 219008.747   395.075    -0.24    3.25
 219384.856   394.889    -0.49    3.43
 219760.966   395.229     0.90    3.45
 220137.079   396.357     3.00    2.65
 220513.194   396.778     1.12    2.33
 220889.311   396.864     0.23    2.25
 221265.431   396.972     0.29    2.19
 221641.552   396.841    -0.35    2.33
 222017.675   397.383     1.44    2.69
 222393.801   398.216     2.21    2.63
 222769.929   399.613     3.72    1.72
 223146.059   400.536     2.45    1.12
 223522.191   400.893     0.95    1.17
 223898.325   401.270     1.00    1.84
 224274.461   401.921     1.73    2.03
 224650.599   402.735     2.17    2.34
 225026.740   403.083     0.93    2.31
 225402.883   403.716     1.68    2.16
 225779.027   404.306     1.57    2.15
 226155.174   404.578     0.72    1.90
 226531.324   405.024     1.19    1.54
 226907.475   405.097     0.20    1.79
 227283.628   404.999    -0.26    1.91
 227659.784   405.405     1.08    2.02
 228035.942   405.134    -0.72    2.67
 228412.102   405.588     1.20    3.02
 228788.264   405.667     0.21    3.58
 229164.428   404.947    -1.91    7.67
 229540.594   401.177   -10.02   16.83
 229916.763   397.357   -10.16   24.62
 230292.933   387.324   -26.67   42.82
 230669.106   381.280   -16.07   36.19
 231045.281   365.183   -42.79   46.82
 231421.459   343.695   -57.12   55.84
 231797.638   308.837   -92.66   73.74
 232173.820   270.594  -101.67   74.65
 232550.003   247.972   -60.14   72.13
 232926.189   232.767   -40.42   81.39
 233302.377   195.160   -99.97   80.96
 233678.568   152.341  -113.83   66.44
 234054.760   118.920   -88.84   42.00
 234430.955   100.891   -47.92   19.41
 234807.151    97.460    -9.12   19.96
 235183.350   105.756    22.05   32.65
 235559.552   112.460    17.82   51.00
 235935.755   129.793    46.08   68.77
 236311.961   153.314    62.53   84.04
 236688.168   141.420   -31.62   76.07
 237064.378   123.536   -47.54   68.91
 237440.591   100.104   -62.29   51.97
 237816.805    84.500   -41.48   42.19
 238193.021    92.243    20.58   62.64
 238569.240   100.162    21.05   78.41
 238945.461   104.459    11.42   82.49
 239321.684   103.921    -1.43   87.85
 239697.910    87.941   -42.48   63.11
 240074.137    73.511   -38.36   46.78
 240450.367    74.254     1.98   41.62
 240826.599    84.528    27.31   56.61
 241202.833    91.511    18.56   65.41
 241579.070    88.107    -9.05   63.78
 241955.309    77.383   -28.51   40.05
 242331.550    68.130   -24.59   23.11
 242707.793    66.280    -4.92   21.54
 243084.038    69.648     8.95   25.83
 243460.286    73.998    11.56   32.35
 243836.535    73.072    -2.46   33.22
 244212.787    68.972   -10.90   34.41
 244589.042    64.648   -11.49   28.92
 244965.298    62.432    -5.89   26.33
 245341.557    57.486   -13.15   23.37
 245717.818    57.243    -0.65   23.65
 246094.081    60.258     8.01   25.64
 246470.346    66.047    15.39   32.68
 246846.614    77.306    29.92   33.05
 247222.884    82.972    15.06   30.45
 247599.156    85.306     6.20   28.40
 247975.431    87.195     5.02   26.02
 248351.707   100.630    35.71   39.32
 248727.986   130.446    79.24   57.87
 249104.267   185.229   145.60   83.69
 249480.551   250.026   172.21   88.12
 249856.836   303.683   142.60   83.50
 250233.124   348.716   119.68   71.59
 250609.414   376.528    73.91   52.59
 250985.707   380.025     9.29   45.25
 251362.002   363.297   -44.46   62.26
 251738.299   346.459   -44.75   70.63
 252114.598   353.648    19.11   62.85
 252490.899   369.744    42.78   53.01
 252867.203   332.511   -98.95   87.09
 253243.509   261.972  -187.46  110.69
 253619.817   189.810  -191.77  104.71
 253996.128   118.716  -188.93   62.79
 254372.441    86.209   -86.39   25.83
 254748.756    77.716   -22.57   20.69
 255125.073    76.126    -4.22   23.76
 255501.393    73.818    -6.13   25.49
 255877.715    61.611   -32.44   21.40
 256254.039    53.893   -20.51   16.39
 256630.366    48.742   -13.69    6.36
 257006.695    47.806    -2.49    5.75
 257382.947    48.075     0.72    5.54
 257758.820    46.762    -3.49    2.74
 258134.695    47.837     2.86    7.47
 258510.572    47.216    -1.65    5.42
 258886.452    48.864     4.39    6.01
 259262.334    51.665     7.45    7.23
 259638.218    54.947     8.73    6.75
 260014.105    57.216     6.03    6.20
 260389.994    60.347     8.33   10.91
 260765.885    63.130     7.40   14.59
 261141.778    61.709    -3.78   12.78
 261517.674    64.594     7.67   16.48
 261893.572    67.049     6.53   19.65
 262269.473    74.556    19.97   24.12
 262645.376    76.837     6.07   24.44
 263021.281    77.262     1.13   22.97
 263397.188    78.744     3.94   20.07
 263773.098    79.126     1.02   19.03
 264149.010    89.280    27.01   18.50
 264524.924   100.056    28.67   12.53
 264900.841   103.324     8.69   13.90
 265276.760   104.053     1.94   19.92
 265652.681   100.683    -8.97   19.58
 266028.604   100.172    -1.36   19.42
 266404.530   102.513     6.23   18.73
 266780.458   116.408    36.96   25.06
 267156.389   126.709    27.40   24.22
 267532.322   140.946    37.87   29.73
 267908.257   154.270    35.44   34.74
 268284.195   163.372    24.21   35.76
 268660.135   170.762    19.66   32.95
 269036.077   162.837   -21.08   36.72
 269412.021   151.053   -31.35   36.88
 269787.968   135.583   -41.15   34.80
 270163.918   125.767   -26.11   35.09
 270539.869   125.588    -0.48   37.47
 270915.823   128.172     6.88   40.39
 271291.779   124.729    -9.16   41.25
 271667.738   113.189   -30.70   38.01
 272043.699   101.183   -31.93   31.61
 272419.662    98.097    -8.21   30.41
 272795.628    93.621   -11.91   22.97
 273171.596    92.578    -2.78   17.04
 273547.566    94.762     5.81   20.67
 273923.539    95.383     1.65   21.77
 274299.514    87.243   -21.65   20.85
 274675.492    78.672   -22.80   14.07
 275051.472    73.157   -14.67    7.40
 275427.454    70.945    -5.88    5.10
 275803.438    71.107     0.43    5.12
 276179.425    70.917    -0.51    4.99
 276555.415    68.818    -5.58    4.63
 276931.406    68.075    -1.98    5.57
 277307.401    66.222    -4.93    3.38
 277683.397    66.810     1.56    5.14
 278059.396    68.675     4.96    8.11
 278435.397    70.783     5.61   13.26
 278811.401    73.397     6.95   14.85
 279187.407    73.864     1.24   15.92
 279563.415    79.472    14.92   21.87
 279939.426    84.999    14.70   23.75
 280315.439    95.588    28.16   32.07
 280691.454    97.216     4.33   33.41
 281067.472    98.289     2.86   31.66
 281443.493   109.203    29.03   35.26
 281819.515   112.500     8.77   37.13
 282195.540   118.351    15.56   37.07
 282571.568   118.567     0.58   36.66
 282947.598   116.998    -4.17   34.22
 283323.630   127.280    27.34   35.32
 283699.665   125.515    -4.69   36.20
 284075.702   116.716   -23.40   38.03
 284451.741    99.891   -44.74   23.18
 284827.783    93.639   -16.63   15.77
 285203.828   112.229    49.44   33.62
 285579.874   128.657    43.69   39.72
 285955.924   148.049    51.57   39.23
 286331.975   151.235     8.47   36.70
 286708.029   138.297   -34.41   39.51
 287084.086   119.297   -50.53   32.24
 287460.144   113.397   -15.69   19.54
 287836.206   120.049    17.69   25.69
 288212.269   136.972    45.00   31.58
 288588.336   137.270     0.79   32.49
 288964.404   140.459     8.48   27.87
 289340.475   145.459    13.30   32.33
 289716.548   153.844    22.30   36.57
 290092.624   159.083    13.93   37.14
 290468.703   158.280    -2.14   38.16
 290844.783   155.841    -6.49   34.01
 291220.866   145.278   -28.09   27.54
 291596.952   151.101    15.48   28.81
 291973.040   149.229    -4.98   27.31
 292349.131   145.306   -10.43   24.37
 292725.223   143.783    -4.05   18.49
 293101.319   148.947    13.73   22.99
 293477.417   152.297     8.91   23.90
 293853.517   150.690    -4.27   22.57
 294229.620   147.272    -9.09   17.71
 294605.725   153.945    17.74   26.11
 294981.833   158.621    12.43   25.69
 295357.943   156.918    -4.53   27.79
 295734.055   152.053   -12.94   29.22
 296110.170   136.578   -41.15   14.43
 296486.288   133.389    -8.48   12.24
 296862.408   137.572    11.12   15.04
 297238.530   145.341    20.66   19.24
 297614.655   147.891     6.78   18.98
 297990.782   155.460    20.12   25.70
 298366.912   160.078    12.28   26.15
 298743.044   161.393     3.50   26.92
 299119.179   163.722     6.19   28.87
 299495.316   162.536    -3.15   26.22
 299871.456   158.243   -11.42   20.49
 300247.598   157.818    -1.13   21.19
 300623.743   165.797    21.21   28.49
 300999.890   171.001    13.83   29.40
 301376.040   175.405    11.71   30.71
 301752.192   182.837    19.76   33.05
 302128.347   183.026     0.50   28.25
 302504.504   191.216    21.77   31.52
 302880.663   202.500    30.00   38.55
 303256.825   211.547    24.05   41.35
 303632.990   220.177    22.94   43.26
 304009.157   220.621     1.18   38.08
 304385.327   224.613    10.61   35.92
 304761.499   225.946     3.54   32.26
 305137.673   221.690   -11.31   23.62
 305513.851   228.270    17.49   21.75
 305890.030   234.177    15.71   18.94
 306266.212   243.889    25.82   17.41
 306642.397   251.152    19.31   15.46
 307018.584   253.767     6.95   19.24
 307394.774   242.816   -29.11   29.92
 307770.966   220.621   -59.00   37.00
 308147.161   198.026   -60.06   28.92
 308523.358   182.104   -42.33   15.31
 308899.558   178.459    -9.69   12.93
 309275.760   176.667    -4.76   11.90
 309651.965   183.947    19.35   16.05
 310028.172   200.383    43.69   25.74
 310404.382   229.867    78.38   53.59
 310780.594   268.578   102.90   63.74
 311156.809   286.678    48.12   59.55
 311533.026   306.059    51.52   60.99
