-241999.482    96.654     0.00    5.45
-241623.404    99.010     6.27    7.06
-241247.330    98.438    -1.52    7.75
-240871.260    96.457    -5.27    9.70
-240495.193    89.795   -17.72   11.57
-240119.131    82.617   -19.09   11.61
-239743.074    77.038   -14.84   10.55
-239367.020    72.295   -12.61    7.50
-238990.970    71.938    -0.95    6.18
-238614.924    73.012     2.86    6.45
-238238.882    76.835    10.17    8.37
-237862.845    83.143    16.78    9.92
-237486.811    92.788    25.65   11.92
-237110.782    98.564    15.36    9.85
-236734.756   104.897    16.84    7.56
-236358.735   108.808    10.40    7.19
-235982.717   114.322    14.66   11.33
-235606.704   120.890    17.47   12.98
-235230.695   128.769    20.96   14.19
-234854.689   137.709    23.78   12.29
-234478.688   142.781    13.49    9.44
-234102.691   140.638    -5.70   10.36
-233726.698   134.459   -16.43    9.23
-233350.709   127.986   -17.22    7.69
-232974.724   122.890   -13.55    5.58
-232598.742   119.738    -8.38    6.21
-232222.765   114.959   -12.71    6.32
-231846.792   111.403    -9.46    4.95
-231470.823   110.565    -2.23    4.77
-231094.858   114.733    11.09    7.74
-230718.897   119.231    11.96    8.56
-230342.940   125.025    15.41    7.76
-229966.988   126.646     4.31    6.62
-229591.039   125.781    -2.30    7.24
-229215.094   122.052    -9.92    7.08
-228839.153   119.077    -7.91    5.42
-228463.216   119.563     1.29    6.17
-228087.283   121.160     4.25    5.69
-227711.354   124.188     8.06    5.21
-227335.429   127.275     8.21    5.13
-226959.508   131.117    10.22    5.68
-226583.592   135.349    11.26    6.69
-226207.679   138.713     8.95    7.21
-225831.770   141.376     7.08    6.02
-225455.865   140.971    -1.08    5.86
-225079.964   136.846   -10.97    7.97
-224704.067   131.349   -14.62    6.82
-224328.174   127.154   -11.16    6.21
-223952.285   123.102   -10.78    5.45
-223576.400   121.268    -4.88    6.03
-223200.519   118.052    -8.56    5.71
-222824.642   115.592    -6.54    6.14
-222448.769   112.974    -6.97    6.56
-222072.900   108.367   -12.26    7.95
-221697.035   104.890    -9.25    8.80
-221321.174    99.613   -14.04    6.87
-220945.317    96.354    -8.67    5.10
-220569.464    94.436    -5.10    5.36
-220193.615    92.971    -3.90    5.35
-219817.769    91.388    -4.21    5.47
-219441.928    89.998    -3.70    5.55
-219066.091    88.091    -5.07    6.20
-218690.257    86.051    -5.43    6.59
-218314.428    85.094    -2.55    6.15
-217938.603    85.692     1.59    7.87
-217562.781    84.436    -3.34    9.28
-217186.964    80.565   -10.30    8.90
-216811.150    78.349    -5.90    8.08
-216435.341    77.316    -2.75    6.56
-216059.535    76.205    -2.96    7.60
-215683.733    78.904     7.18    7.23
-215307.935    81.890     7.94    6.59
-214932.142    85.038     8.38    6.89
-214556.352    86.354     3.50    5.82
-214180.566    83.538    -7.49    8.15
-213804.784    77.256   -16.72   10.18
-213429.006    71.128   -16.31    9.46
-213053.232    63.781   -19.55    8.72
-212677.461    56.749   -18.72    8.38
-212301.695    51.718   -13.39    6.59
-211925.933    50.760    -2.55    5.36
-211550.174    52.589     4.87    6.15
-211174.420    58.256    15.08    6.94
-210798.669    64.295    16.07    8.82
-210422.923    71.646    19.57    9.12
-210047.180    77.594    15.83    8.80
-209671.441    83.564    15.89    7.95
-209295.706    87.733    11.10    7.15
-208919.975    90.241     6.67    5.07
-208544.248    89.638    -1.60    5.30
-208168.525    89.643     0.01    5.33
-207792.806    91.282     4.36    6.07
-207417.090    95.384    10.92    6.82
-207041.379    98.974     9.56    6.19
-206665.671   102.733    10.00    5.94
-206289.968   103.170     1.16    8.17
-205914.268   101.692    -3.93    8.74
-205538.572    97.624   -10.83    7.36
-205162.880    95.410    -5.89    5.08
-204787.192    96.025     1.64    4.98
-204411.508    98.376     6.26    6.39
-204035.827   101.944     9.50    7.03
-203659.741   104.760     7.49    7.16
-203283.291   105.897     3.02    6.79
-202906.845   107.685     4.75    5.79
-202530.402   109.354     4.44    5.55
-202153.964   111.988     7.00    5.31
-201777.529   114.407     6.42    4.91
-201401.098   116.410     5.32    5.28
-201024.671   118.948     6.74    6.07
-200648.248   121.205     5.99    6.67
-200271.829   126.149    13.14    6.47
-199895.413   130.038    10.33    6.34
-199519.002   132.974     7.80    6.68
-199142.595   135.052     5.52    6.89
-198766.191   138.077     8.04    8.05
-198389.791   139.538     3.88    8.61
-198013.395   136.673    -7.61   10.93
-197637.003   128.565   -21.54    9.91
-197260.615   124.760   -10.11    8.42
-196884.231   121.846    -7.74    5.93
-196507.851   122.038     0.51    4.56
-196131.474   124.484     6.50    5.59
-195755.101   129.038    12.10    7.26
-195378.733   132.538     9.30    8.83
-195002.368   137.461    13.08   10.43
-194626.007   144.897    19.76   11.15
-194249.649   146.846     5.18    8.52
-193873.296   146.816    -0.08    7.96
-193496.947   143.143    -9.76    8.11
-193120.601   140.388    -7.32    6.48
-192744.259   140.094    -0.78    6.98
-192367.921   142.231     5.68    7.74
-191991.587   142.384     0.41    7.27
-191615.257   138.944    -9.14    7.58
-191238.930   136.079    -7.61    8.26
-190862.608   134.998    -2.87    8.62
-190486.289   133.205    -4.76    8.00
-190109.974   133.813     1.62    6.52
-189733.663   135.619     4.80    9.43
-189357.356   149.338    36.46   28.47
-188981.053   158.880    25.36   29.05
-188604.753   163.512    12.31   26.58
-188228.457   164.170     1.75   24.28
-187852.166   155.948   -21.85   16.13
-187475.878   149.880   -16.13    6.67
-187099.593   150.160     0.74    6.72
-186723.313   152.088     5.13    9.06
-186347.036   157.094    13.30    9.21
-185970.764   160.613     9.35    8.18
-185594.495   162.051     3.82    7.50
-185218.230   161.344    -1.88    7.67
-184841.968   159.376    -5.23    7.12
-184465.711   158.510    -2.30    7.88
-184089.457   159.282     2.05    7.70
-183713.207   160.613     3.54    6.84
-183336.961   161.808     3.18    6.78
-182960.719   162.588     2.07    8.07
-182584.480   165.615     8.05    9.72
-182208.246   170.249    12.32   11.22
-181832.015   174.933    12.45   14.44
-181455.788   181.743    18.10   15.14
-181079.565   189.923    21.74   22.54
-180703.345   188.722    -3.19   23.06
-180327.129   191.863     8.35   23.98
-179950.918   202.052    27.08   37.50
-179574.709   201.488    -1.50   36.51
-179198.505   201.738     0.66   36.85
-178822.305   193.788   -21.13   40.79
-178446.108   174.700   -50.74   26.25
-178069.915   163.430   -29.96    8.08
-177693.726   161.696    -4.61    6.08
-177317.540   162.363     1.77    5.97
-176941.359   164.727     6.28    6.06
-176565.181   165.138     1.09    6.08
-176189.007   166.513     3.65    6.24
-175812.836   166.781     0.71    5.27
-175436.670   165.065    -4.56    5.32
-175060.507   161.564    -9.31    7.06
-174684.348   158.154    -9.07    6.43
-174308.193   155.591    -6.81    4.45
-173932.041   153.897    -4.50    4.74
-173555.894   152.241    -4.40    4.61
-173179.750   151.563    -1.80    4.85
-172803.609   153.488     5.12    6.38
-172427.473   157.938    11.83    6.92
-172051.340   163.322    14.31    6.32
-171675.211   166.971     9.70    5.65
-171299.086   170.025     8.12    6.53
-170922.965   174.692    12.41    8.50
-170546.847   177.944     8.65    8.26
-170170.733   181.663     9.89    5.95
-169794.623   180.769    -2.38    7.82
-169418.516   179.295    -3.92    8.78
-169042.413   181.077     4.74   12.72
-168666.314   187.564    17.25   18.13
-168290.219   199.948    32.93   20.99
-167914.128   208.354    22.35   14.68
-167538.040   211.282     7.79   12.11
-167161.956   205.646   -14.99   14.85
-166785.875   194.613   -29.34   15.30
-166409.799   183.713   -28.98   13.45
-166033.726   173.288   -27.72    8.36
-165657.657   167.484   -15.43    8.04
-165281.591   161.890   -14.88    9.98
-164905.529   160.322    -4.17   10.01
-164529.471   161.282     2.55   11.21
-164153.417   163.349     5.50   11.24
-163777.366   165.333     5.28    9.50
-163401.320   167.012     4.46    8.22
-163025.276   171.727    12.54    9.77
-162649.237   176.589    12.93    9.69
-162273.201   180.666    10.84    9.52
-161897.169   188.564    21.00   11.76
-161521.141   192.106     9.42   12.12
-161145.116   194.743     7.01   10.34
-160769.095   194.052    -1.84   11.57
-160393.078   189.763   -11.41   10.99
-160017.064   183.763   -15.96    7.27
-159641.054   180.010    -9.98    9.02
-159265.048   174.998   -13.33    7.88
-158889.046   170.430   -12.15    6.11
-158513.047   169.160    -3.38    5.98
-158137.052   172.718     9.46    8.26
-157761.060   177.899    13.78   10.67
-157385.072   181.666    10.02   10.18
-157009.088   181.512    -0.41   10.99
-156633.108   176.917   -12.22   11.81
-156257.131   169.948   -18.53    9.64
-155881.158   166.872    -8.18    8.21
-155505.189   163.231    -9.68    6.62
-155129.223   163.376     0.39    5.80
-154753.261   165.307     5.14    7.25
-154377.303   169.322    10.68    8.47
-154001.348   171.863     6.76    8.06
-153625.397   174.588     7.25    6.76
-153249.449   177.733     8.36    7.54
-152873.506   181.565    10.19    8.58
-152497.566   185.349    10.07    7.52
-152121.629   184.565    -2.08    6.58
-151745.696   182.923    -4.37    5.92
-151369.767   183.122     0.53    8.79
-150993.842   188.384    14.00   14.03
-150617.920   192.666    11.39   15.99
-150242.002   195.430     7.35   14.86
-149866.087   193.820    -4.28   13.33
-149490.177   194.641     2.18   13.51
-149114.269   190.328   -11.47   11.25
-148738.366   184.079   -16.62   11.06
-148362.466   179.641   -11.81   10.21
-147986.570   174.484   -13.72    9.09
-147610.677   169.938   -12.09    9.85
-147234.788   163.688   -16.63    9.76
-146858.903   156.455   -19.24    6.80
-146483.021   153.403    -8.12    4.68
-146107.143   152.971    -1.15    5.42
-145731.268   152.322    -1.73    6.47
-145355.397   152.743     1.12    7.80
-144979.530   152.646    -0.26    7.65
-144603.666   152.463    -0.49    7.98
-144227.806   153.666     3.20    7.16
-143851.950   154.484     2.18    6.75
-143476.097   152.923    -4.15    6.84
-143100.248   150.872    -5.46    7.30
-142724.402   148.907    -5.23    7.25
-142348.560   145.646    -8.68    6.05
-141972.722   144.307    -3.56    5.31
-141596.887   148.349    10.75    8.32
-141221.056   151.863     9.35    8.96
-140845.229   153.313     3.86    7.66
-140469.405   151.281    -5.41    7.12
-140093.584   147.754    -9.38    6.25
-139717.768   148.295     1.44    6.68
-139341.954   151.538     8.63    8.50
-138966.145   154.188     7.05    6.86
-138590.339   155.214     2.73    7.11
-138214.537   153.338    -4.99    8.58
-137838.738   153.051    -0.76    7.90
-137462.943   155.349     6.12    8.87
-137087.151   157.670     6.18    8.39
-136711.363   160.718     8.11    9.96
-136335.579   164.012     8.77   10.28
-135959.798   161.457    -6.80   11.72
-135584.020   161.461     0.01   11.40
-135208.247   157.890    -9.51   10.39
-134832.477   154.538    -8.92    9.63
-134456.710   151.938    -6.92    8.44
-134080.947   149.195    -7.30    5.66
-133705.188   151.484     6.09    8.63
-133329.432   161.971    27.91   30.39
-132953.680   172.565    28.19   44.10
-132577.931   179.213    17.70   50.99
-132202.186   180.673     3.89   53.28
-131826.444   164.988   -41.75   31.92
-131450.706   158.231   -17.99   13.58
-131074.972   160.196     5.23   11.81
-130699.241   179.117    50.36   34.13
-130323.513   203.897    65.95   45.12
-129947.789   237.696    89.96   46.42
-129572.069   262.038    64.79   28.35
-129196.352   267.205    13.75   23.35
-128820.639   262.187   -13.36   24.40
-128444.289   261.763    -1.13   22.04
-128067.870   267.231    14.53   19.41
-127691.455   277.316    26.79   12.35
-127315.044   283.727    17.03   10.09
-126938.636   287.700    10.56   10.46
-126562.232   287.091    -1.62   16.23
-126185.831   267.888   -51.02   41.37
-125809.433   243.376   -65.13   52.12
-125433.040   214.338   -77.15   47.47
-125056.650   185.282   -77.20   21.55
-124680.263   173.917   -30.20    8.09
-124303.880   169.854   -10.79    4.88
-123927.500   168.000    -4.93    4.49
-123551.124   167.065    -2.48    2.84
-123174.752   167.010    -0.14    2.67
-122798.383   167.718     1.88    2.42
-122422.017   169.565     4.91    4.35
-122045.655   173.666    10.90    7.47
-121669.297   180.213    17.40    9.83
-121292.942   185.510    14.07    8.38
-120916.591   187.808     6.11    8.27
-120540.243   187.322    -1.29    8.11
-120163.899   184.079    -8.62    6.89
-119787.558   182.854    -3.25    6.20
-119411.220   181.344    -4.01    5.09
-119034.887   180.246    -2.92    4.30
-118658.556   181.769     4.05    5.51
-118282.230   183.268     3.98    5.84
-117905.906   183.820     1.47    6.52
-117529.587   186.117     6.10    6.86
-117153.271   185.795    -0.86    6.32
-116776.958   185.275    -1.38    5.59
-116400.649   185.846     1.52    4.26
-116024.343   188.106     6.01    5.51
-115648.041   190.410     6.12    6.25
-115271.742   194.488    10.84    8.42
-114895.447   200.788    16.74   11.58
-114519.155   202.619     4.87   11.05
-114142.867   204.268     4.38   10.43
-113766.582   205.998     4.60    9.60
-113390.301   205.944    -0.14    7.83
-113014.023   207.881     5.15    8.20
-112637.748   209.288     3.74    7.95
-112261.478   210.795     4.00    9.47
-111885.210   212.538     4.63    9.46
-111508.946   206.769   -15.33   12.81
-111132.686   199.275   -19.92   15.32
-110756.429   189.384   -26.29   13.92
-110380.176   181.354   -21.34    8.20
-110003.926   179.179    -5.78    8.48
-109627.679   177.700    -3.93    7.89
-109251.436   177.051    -1.73    7.77
-108875.197   175.838    -3.22    8.19
-108498.960   174.024    -4.82    8.05
-108122.728   170.700    -8.83    9.49
-107746.499   165.971   -12.57    9.00
-107370.273   162.295    -9.77    7.84
-106994.051   157.917   -11.64    7.01
-106617.832   157.149    -2.04    8.75
-106241.616   153.938    -8.54    9.99
-105865.404   149.769   -11.08   10.72
-105489.196   145.971   -10.10    9.41
-105112.991   142.846    -8.31    7.75
-104736.789   140.407    -6.48    6.77
-104360.591   135.948   -11.85    8.73
-103984.396   131.117   -12.84    6.47
-103608.205   128.743    -6.31    6.57
-103232.017   127.673    -2.84    7.11
-102855.833   127.512    -0.43    8.28
-102479.652   125.213    -6.11    7.74
-102103.474   122.138    -8.17    7.81
-101727.300   120.486    -4.39    7.53
-101351.130   118.863    -4.31    6.38
-100974.962   118.754    -0.29    7.84
-100598.799   123.998    13.94   10.74
-100222.638   124.899     2.40   11.65
 -99846.481   125.988     2.89   21.75
 -99470.328   127.538     4.12   22.42
 -99094.178   124.643    -7.70   22.28
 -98718.031   125.282     1.70   22.40
 -98341.888   132.000    17.86   21.46
 -97965.748   132.948     2.52   16.61
 -97589.611   132.801    -0.39   12.61
 -97213.478   135.513     7.21   12.12
 -96837.349   135.316    -0.52   10.65
 -96461.222   136.143     2.20    8.69
 -96085.100   132.113   -10.72    9.30
 -95708.980   126.967   -13.68    9.56
 -95332.864   122.179   -12.73   10.22
 -94956.751   118.727    -9.18   10.63
 -94580.642   115.619    -8.26   10.15
 -94204.536   112.214    -9.05    9.27
 -93828.434   112.788     1.53   11.82
 -93452.335   115.154     6.29   13.07
 -93076.239   119.838    12.46   15.27
 -92700.147   128.617    23.34   16.50
 -92324.058   140.256    30.95   15.89
 -91947.972   140.692     1.16   13.57
 -91571.890   142.820     5.66   14.17
 -91195.812   138.457   -11.60   13.64
 -90819.736   139.615     3.08   15.15
 -90443.664   142.622     7.99   17.11
 -90067.596   133.643   -23.87   20.27
 -89691.530   122.666   -29.19   21.31
 -89315.468   109.803   -34.21   16.94
 -88939.410   103.615   -16.45   10.76
 -88563.355   101.025    -6.89    9.47
 -88187.303   102.511     3.95    9.75
 -87811.255   109.457    18.47   11.36
 -87435.210   115.066    14.92   11.60
 -87059.168   119.897    12.85   10.73
 -86683.130   120.688     2.10   11.04
 -86307.095   116.775   -10.41   13.42
 -85931.063   111.088   -15.12   10.11
 -85555.035   109.128    -5.21    9.81
 -85179.010   114.718    14.87   13.77
 -84802.988   122.214    19.94   17.30
 -84426.970   133.179    29.16   15.82
 -84050.955   140.372    19.13   13.06
 -83674.944   140.459     0.23   11.86
 -83298.936   128.692   -31.30   18.80
 -82922.931   114.395   -38.02   19.41
 -82546.929   104.513   -26.28   14.63
 -82170.931    98.592   -15.75    6.53
 -81794.936   101.971     8.99    9.31
 -81418.945   105.998    10.71   11.33
 -81042.957   109.622     9.64   13.30
 -80666.972   107.615    -5.34   14.17
 -80290.991   103.416   -11.17   13.68
 -79915.012   100.025    -9.02    9.07
 -79539.038    99.038    -2.62    8.57
 -79163.066    97.872    -3.10    8.07
 -78787.098    97.795    -0.20    7.34
 -78411.133    99.933     5.69    8.69
 -78035.171   103.000     8.16   10.94
 -77659.213   107.872    12.96   11.54
 -77283.258   109.854     5.27   11.91
 -76907.307   114.256    11.71   11.91
 -76531.358   118.097    10.22   11.10
 -76155.413   119.641     4.11   10.51
 -75779.472   122.407     7.36   10.85
 -75403.533   127.619    13.87    8.54
 -75027.598   130.187     6.83    7.12
 -74651.667   129.122    -2.83    7.51
 -74275.738   130.154     2.75    6.49
 -73899.813   129.148    -2.68    7.47
 -73523.891   129.457     0.82    7.14
 -73147.973   129.948     1.31    7.87
 -72772.057   131.000     2.80    8.66
 -72396.145   132.256     3.34    9.00
 -72020.237   131.380    -2.33    9.30
 -71644.331   128.666    -7.22   10.02
 -71268.429   125.781    -7.67    8.69
 -70892.530   123.196    -6.88    8.27
 -70516.635   123.775     1.54    8.38
 -70140.743   123.387    -1.03    8.65
 -69764.854   122.589    -2.12    9.07
 -69388.968   122.091    -1.33    9.41
 -69013.085   120.538    -4.13    9.47
 -68637.206   120.106    -1.15    9.23
 -68261.330   121.733     4.33   11.13
 -67885.458   119.959    -4.72   10.36
 -67509.589   119.313    -1.72    9.83
 -67133.722   117.565    -4.65    7.54
 -66757.860   116.102    -3.89    3.08
 -66382.000   116.461     0.96    1.98
 -66006.144   117.128     1.77    1.86
 -65630.291   118.143     2.70    2.30
 -65254.441   119.436     3.44    2.59
 -64878.595   121.214     4.73    2.59
 -64502.751   122.781     4.17    2.81
 -64126.911   124.828     5.44    3.62
 -63751.075   128.101     8.71    3.46
 -63375.241   131.102     7.99    3.61
 -62999.411   134.170     8.16    3.31
 -62623.584   136.376     5.87    2.89
 -62247.760   138.565     5.83    2.48
 -61871.939   140.094     4.07    1.99
 -61496.122   141.275     3.14    2.20
 -61120.308   142.588     3.49    2.46
 -60744.497   145.241     7.06    4.50
 -60368.690   147.872     7.00    5.96
 -59992.885   148.974     2.93    5.45
 -59617.084   150.564     4.23    5.11
 -59241.287   152.749     5.81    6.72
 -58865.492   156.974    11.24   11.77
 -58489.700   160.754    10.06   11.40
 -58113.912   162.187     3.81   10.78
 -57738.127   161.591    -1.59   10.89
 -57362.346   157.101   -11.95    6.81
 -56986.567   154.359    -7.30    5.65
 -56610.792   151.775    -6.88    4.04
 -56235.020   150.268    -4.01    2.96
 -55859.251   149.354    -2.43    2.70
 -55483.485   148.205    -3.06    2.39
 -55107.723   148.301     0.26    2.68
 -54731.963   147.282    -2.71    3.02
 -54356.207   145.890    -3.71    2.99
 -53980.454   145.179    -1.89    2.77
 -53604.531   144.666    -1.36    2.64
 -53228.137   146.487     4.84    4.98
 -52851.747   150.149     9.73    9.35
 -52475.360   151.128     2.60    9.40
 -52098.976   151.673     1.45    9.40
 -51722.595   152.025     0.93   11.05
 -51346.218   151.457    -1.51   12.72
 -50969.844   152.194     1.96   13.80
 -50593.473   151.718    -1.27   13.36
 -50217.105   148.897    -7.49    9.36
 -49840.740   146.122    -7.37    5.17
 -49464.379   144.591    -4.07    4.62
 -49088.020   144.566    -0.07    6.73
 -48711.665   142.959    -4.27    7.15
 -48335.314   141.666    -3.44    7.27
 -47958.965   139.727    -5.15    6.27
 -47582.619   138.025    -4.52    1.94
 -47206.277   137.617    -1.08    2.15
 -46829.938   136.615    -2.66    2.34
 -46453.602   134.430    -5.81    4.09
 -46077.269   132.288    -5.69    4.52
 -45700.940   128.863    -9.10    5.37
 -45324.613   125.592    -8.69    4.69
 -44948.290   125.025    -1.51    5.44
 -44571.970   123.760    -3.36    5.54
 -44195.653   122.769    -2.63    6.08
 -43819.339   121.359    -3.75    6.66
 -43443.029   119.260    -5.58    4.58
 -43066.721   117.433    -4.86    3.76
 -42690.417   116.483    -2.53    3.29
 -42314.116   115.249    -3.28    3.11
 -41937.818   113.588    -4.41    2.23
 -41561.523   112.619    -2.57    1.96
 -41185.232   111.117    -3.99    2.15
 -40808.943   110.091    -2.73    2.20
 -40432.658   109.077    -2.70    2.26
 -40056.376   107.727    -3.59    2.36
 -39680.097   106.588    -3.03    2.72
 -39303.821   104.933    -4.40    2.33
 -38927.548   103.754    -3.13    2.07
 -38551.279   102.538    -3.23    2.55
 -38175.012   101.622    -2.44    2.69
 -37798.749   100.872    -1.99    2.38
 -37422.489   100.513    -0.95    2.32
 -37046.232   100.649     0.36    2.24
 -36669.978   100.880     0.61    3.34
 -36293.727   100.998     0.31    3.63
 -35917.479   100.106    -2.37    3.59
 -35541.235    98.363    -4.63    2.98
 -35164.994    97.700    -1.76    2.52
 -34788.755    98.179     1.27    2.65
 -34412.520    99.117     2.49    2.78
 -34036.288   100.820     4.53    2.65
 -33660.060   102.890     5.50    2.50
 -33283.834   103.758     2.31    3.20
 -32907.611   105.205     3.85    6.74
 -32531.392   107.455     5.98    9.14
 -32155.175   107.592     0.37    9.78
 -31778.962   105.322    -6.03   10.55
 -31402.752   101.461   -10.26    9.80
 -31026.545    95.051   -17.04    6.87
 -30650.341    91.652    -9.03    4.97
 -30274.140    88.513    -8.35    3.69
 -29897.942    85.486    -8.05    4.58
 -29521.748    80.944   -12.07    7.07
 -29145.556    76.000   -13.14    7.41
 -28769.368    71.775   -11.23    7.00
 -28393.182    67.820   -10.51    6.17
 -28017.000    66.249    -4.18    5.43
 -27640.821    65.938    -0.83    4.48
 -27264.645    65.592    -0.92    4.32
 -26888.472    64.977    -1.63    5.29
 -26512.302    63.154    -4.85    5.57
 -26136.135    60.372    -7.40    6.55
 -25759.972    58.917    -3.87    7.21
 -25383.811    56.484    -6.47    7.52
 -25007.653    54.079    -6.39    7.68
 -24631.499    51.461    -6.96    7.15
 -24255.348    49.391    -5.50    5.72
 -23879.199    48.436    -2.54    4.33
 -23503.054    48.249    -0.50    4.39
 -23126.912    48.510     0.70    4.77
 -22750.773    46.615    -5.04    4.79
 -22374.637    45.619    -2.65    5.21
 -21998.504    44.666    -2.53    5.76
 -21622.374    41.769    -7.70    5.81
 -21246.247    39.461    -6.14    6.06
 -20870.123    36.301    -8.40    5.34
 -20494.002    33.563    -7.28    5.28
 -20117.885    30.641    -7.77    5.14
 -19741.770    28.483    -5.74    4.57
 -19365.659    26.998    -3.95    4.05
 -18989.550    26.619    -1.01    5.21
 -18613.445    26.944     0.86    5.72
 -18237.342    26.051    -2.37    5.95
 -17861.243    24.195    -4.93    5.41
 -17485.147    21.538    -7.07    3.27
 -17109.053    19.880    -4.41    2.53
 -16732.963    18.372    -4.01    1.75
 -16356.876    17.615    -2.01    2.23
 -15980.792    16.349    -3.37    1.54
 -15604.711    15.718    -1.68    1.48
 -15228.633    15.091    -1.67    1.55
 -14852.558    14.231    -2.29    1.47
 -14476.486    13.403    -2.20    1.11
 -14100.417    12.801    -1.60    1.13
 -13724.351    12.338    -1.23    1.18
 -13348.288    12.122    -0.58    1.23
 -12972.228    11.484    -1.69    1.54
 -12596.171     9.781    -4.53    3.42
 -12220.117     7.268    -6.68    4.85
 -11844.066     3.907    -8.94    4.71
 -11468.018     1.024    -7.67    2.61
 -11091.973    -0.337    -3.62    0.56
 -10715.932    -0.462    -0.33    0.00
 -10339.893    -0.462     0.00    0.00
  -9963.857    -0.462     0.00    0.00
  -9587.824    -0.462     0.00    0.00
  -9211.795    -0.462     0.00    0.00
  -8835.768    -0.462     0.00    0.00
  -8459.744    -0.462     0.00    0.00
  -8083.723    -0.462     0.00    0.00
  -7707.706    -0.409     0.14    0.32
  -7331.691    -0.412    -0.01    0.32
  -6955.679    -0.406     0.01    0.33
  -6579.670    -0.462    -0.15    0.00
  -6203.664    -0.462     0.00    0.00
  -5827.662    -0.462     0.00    0.00
  -5451.662    -0.462     0.00    0.00
  -5075.665    -0.462     0.00    0.00
  -4699.671     0.463     2.46    2.23
  -4323.680     1.433     2.58    2.47
  -3947.693     2.565     3.01    2.46
  -3571.708     3.692     3.00    1.87
  -3195.726     3.854     0.43    1.61
  -2819.747     3.722    -0.35    1.80
  -2443.771     3.354    -0.98    2.06
  -2067.798     3.564     0.56    1.88
  -1691.828     3.457    -0.28    2.14
  -1315.861     3.670     0.57    2.04
   -939.897     2.788    -2.34    2.53
   -563.936     1.367    -3.78    1.96
   -187.978     0.998    -0.98    1.86
    187.978     0.863    -0.36    1.70
    563.930     1.430     1.51    2.12
    939.879     2.349     2.44    1.85
   1315.825     2.760     1.09    1.71
   1691.769     2.713    -0.13    1.47
   2067.709     2.249    -1.24    1.33
   2443.647     2.268     0.05    1.43
   2819.581     2.410     0.38    1.76
   3195.513     2.617     0.55    1.85
   3571.441     3.102     1.29    1.71
   3947.367     3.295     0.51    1.44
   4323.290     3.513     0.58    1.37
   4699.209     3.483    -0.08    1.31
   5075.126     4.486     2.67    3.11
   5451.040     8.863    11.65   12.06
   5826.951    15.881    18.67   15.38
   6202.859    21.079    13.83   15.67
   6578.764    23.376     6.11   15.80
   6954.666    24.511     3.02   15.99
   7330.565    19.106   -14.38   15.37
   7706.462    14.788   -11.49   10.98
   8082.355    17.863     8.18   13.23
   8458.246    23.282    14.42   16.31
   8834.133    26.619     8.88   15.74
   9210.018    27.538     2.44   14.57
   9585.899    29.643     5.60   17.05
   9961.778    30.564     2.45   17.51
  10337.654    31.863     3.46   17.32
  10713.527    27.872   -10.62   16.32
  11089.397    20.955   -18.40   12.69
  11465.264    15.538   -14.41    9.71
  11841.128    12.359    -8.46    5.84
  12216.990    12.417     0.16    6.14
  12592.848    13.307     2.37    6.60
  12968.703    13.646     0.90    5.19
  13344.556    13.214    -1.15    5.36
  13720.406    12.187    -2.73    5.07
  14096.253    10.566    -4.31    3.30
  14472.096     9.974    -1.57    4.64
  14847.937    10.436     1.23    5.61
  15223.776     9.959    -1.27    5.45
  15599.611    12.143     5.81    8.75
  15975.443    13.205     2.82    8.35
  16351.273    13.615     1.09    7.95
  16727.099    15.106     3.97    8.87
  17102.923    13.256    -4.92    6.09
  17478.744    12.816    -1.17    5.17
  17854.562    15.820     7.99    9.19
  18230.377    16.923     2.93   10.99
  18606.189    17.882     2.55   11.01
  18981.998    18.410     1.41    8.68
  19357.805    17.863    -1.46    8.46
  19733.608    16.403    -3.88    7.40
  20109.409    17.038     1.69    7.26
  20485.207    15.649    -3.70    5.35
  20861.002    16.846     3.18    6.11
  21236.794    18.410     4.16    5.72
  21612.950    19.301     2.37    5.96
  21989.313    20.461     3.08    8.26
  22365.673    19.589    -2.32    7.82
  22742.030    18.538    -2.79    5.24
  23118.384    18.619     0.22    5.44
  23494.736    19.589     2.58    5.40
  23871.085    21.403     4.82    5.85
  24247.431    22.692     3.42    5.21
  24623.774    22.038    -1.74    5.42
  25000.114    20.726    -3.49    4.58
  25376.451    21.436     1.89    5.90
  25752.785    21.196    -0.64    6.17
  26129.117    22.187     2.63    5.91
  26505.446    24.591     6.39    5.81
  26881.771    26.149     4.14    6.48
  27258.094    30.407    11.31    5.79
  27634.415    34.564    11.05    6.07
  28010.732    37.538     7.90    5.29
  28387.046    40.487     7.84    5.47
  28763.358    43.128     7.02    5.95
  29139.667    47.487    11.58    6.75
  29515.973    50.890     9.04    5.94
  29892.276    51.769     2.34    7.46
  30268.576    51.646    -0.33    7.91
  30644.874    50.403    -3.30   10.29
  31021.169    52.052     4.38   14.05
  31397.460    51.288    -2.03   12.57
  31773.749    49.923    -3.63   10.98
  32150.036    48.974    -2.52    9.07
  32526.319    48.483    -1.31    9.26
  32902.599    46.433    -5.45    9.18
  33278.877    49.066     7.00    9.94
  33655.152    52.065     7.97   10.18
  34031.424    57.692    14.96   10.77
  34407.693    60.565     7.64   10.57
  34783.960    66.128    14.78   11.60
  35160.224    70.196    10.81   14.21
  35536.484    74.051    10.25   17.76
  35912.743    78.971    13.08   17.05
  36288.998    82.888    10.41   16.56
  36665.250    85.484     6.90   14.31
  37041.500    84.322    -3.09   13.14
  37417.747    83.160    -3.09   11.48
  37793.991    84.899     4.62   13.42
  38170.232    89.128    11.24   14.03
  38546.471    99.872    28.56   19.65
  38922.706   108.122    21.93   20.15
  39298.939   114.722    17.54   14.95
  39675.169   114.649    -0.19   13.27
  40051.396   111.854    -7.43   10.45
  40427.621   110.238    -4.29    8.03
  40803.843   113.944     9.85    9.54
  41180.062   118.328    11.65   11.52
  41556.278   120.486     5.74   12.23
  41932.491   125.154    12.41   11.74
  42308.702   129.511    11.58   13.43
  42684.910   135.788    16.68   15.00
  43061.115   141.077    14.06   11.59
  43437.317   139.754    -3.51   13.15
  43813.517   140.457     1.87   15.62
  44189.714   140.781     0.86   17.52
  44565.908   143.589     7.46   18.84
  44942.099   148.641    13.43   21.34
  45318.287   153.338    12.49   22.11
  45694.473   155.433     5.57   23.43
  46070.656   153.214    -5.90   17.88
  46446.836   153.427     0.57   11.52
  46823.014   161.333    21.02   15.56
  47199.188   167.917    17.50   16.26
  47575.360   174.000    16.17   15.27
  47951.530   177.196     8.50   14.99
  48327.696   173.813    -8.99   14.71
  48703.860   166.565   -19.27   14.33
  49080.021   159.963   -17.55   15.36
  49456.179   152.384   -20.15   15.62
  49832.335   146.177   -16.50   10.62
  50208.487   148.214     5.41   13.74
  50584.637   157.133    23.71   19.50
  50960.785   167.328    27.10   17.10
  51336.929   171.410    10.85   13.81
  51713.071   168.760    -7.04   13.89
  52089.210   161.615   -19.00   11.50
  52465.346   157.275   -11.54   12.87
  52841.480   162.899    14.95   17.65
  53217.611   169.641    17.92   18.03
  53593.739   169.718     0.20   17.38
  53969.865   171.102     3.68   18.13
  54345.987   162.301   -23.40   20.19
  54722.107   150.838   -30.48   25.31
  55098.225   144.998   -15.53   25.83
  55474.339   133.738   -29.94   19.59
  55850.451   129.102   -12.33   17.32
  56226.560   125.677    -9.11   20.42
  56602.667   117.538   -21.64   25.02
  56978.771   104.241   -35.36   29.62
  57354.872    85.268   -50.45   28.88
  57730.970    68.513   -44.55   18.94
  58107.066    63.288   -13.89   15.55
  58483.159    56.948   -16.86   16.13
  58859.249    50.380   -17.46   17.54
  59235.337    45.241   -13.67   18.06
  59611.421    43.025    -5.89   17.87
  59987.504    43.828     2.13   19.19
  60363.583    45.933     5.60   18.80
  60739.660    49.295     8.94   17.40
  61115.734    49.615     0.85   16.44
  61491.805    50.619     2.67   18.06
  61867.874    57.615    18.60   24.68
  62243.940    66.638    23.99   25.58
  62620.004    72.816    16.43   19.60
  62996.064    77.133    11.48   14.59
  63372.122    85.944    23.43   18.42
  63748.178   101.349    40.97   22.89
  64124.230   109.512    21.71   24.55
  64500.280   112.177     7.09   24.91
  64876.327   124.038    31.54   30.12
  65252.372   126.038     5.32   28.95
  65628.414   129.457     9.09   25.11
  66004.453   141.282    31.44   24.55
  66380.490   153.775    33.22   24.89
  66756.524   165.433    31.00   26.05
  67132.555   177.430    31.90   17.74
  67508.584   173.692    -9.94   18.32
  67884.610   163.268   -27.72   20.92
  68260.633   153.487   -26.01   23.67
  68636.654   139.613   -36.90   21.56
  69012.672   128.567   -29.38   18.77
  69388.688   119.241   -24.80   18.96
  69764.700   105.646   -36.15   16.94
  70140.711    98.349   -19.41   14.24
  70516.718    99.457     2.95   16.18
  70892.723   106.177    17.87   18.58
  71268.725   118.163    31.88   19.82
  71644.725   127.564    25.00   23.42
  72020.721   138.998    30.41   23.50
  72396.716   149.051    26.74   28.44
  72772.707   153.617    12.14   31.58
  73148.696   157.872    11.32   31.59
  73524.683   164.863    18.59   31.70
  73900.667   163.897    -2.57   26.50
  74276.648   160.649    -8.64   33.28
  74652.626   150.154   -27.92   36.25
  75028.602   144.025   -16.30   34.52
  75404.575   145.694     4.44   39.14
  75780.546   161.781    42.79   40.43
  76156.514   181.268    51.83   29.71
  76532.479   187.486    16.54   26.55
  76908.442   185.565    -5.11   21.39
  77284.402   194.241    23.08   26.66
  77660.360   204.988    28.59   31.31
  78036.315   216.102    29.56   31.22
  78412.267   223.617    19.99   25.96
  78788.217   222.512    -2.94   23.79
  79164.164   225.974     9.21   20.30
  79540.108   227.923     5.18   14.48
  79916.050   230.160     5.95   13.60
  80291.990   220.128   -26.68   19.17
  80667.926   208.510   -30.90   21.15
  81043.861   200.102   -22.37   22.69
  81419.792   196.154   -10.50   19.89
  81795.721   200.632    11.91   19.08
  82171.647   204.333     9.85   26.52
  82547.571   196.025   -22.10   32.88
  82923.492   179.511   -43.93   34.33
  83299.411   166.354   -35.00   27.66
  83675.327   158.214   -21.65   28.61
  84051.240   150.769   -19.80   34.78
  84427.151   151.641     2.32   40.40
  84803.060   152.301     1.76   41.01
  85178.965   145.749   -17.43   34.60
  85554.868   147.948     5.85   33.01
  85930.769   156.769    23.46   36.38
  86306.667   175.700    50.36   44.14
  86682.562   202.718    71.87   45.70
  87058.455   227.295    65.38   31.99
  87434.345   241.854    38.73   29.95
  87810.233   248.846    18.60   26.18
  88186.118   245.694    -8.38   24.01
  88562.001   245.384    -0.82   22.68
  88937.881   249.880    11.96   22.17
  89313.758   245.673   -11.19   27.50
  89689.633   232.231   -35.76   30.02
  90065.506   222.754   -25.21   21.27
  90441.375   219.795    -7.87   15.60
  90817.243   223.282     9.28   15.67
  91193.107   229.808    17.36   18.32
  91568.970   235.196    14.33   19.27
  91944.829   245.077    26.29   19.98
  92320.686   252.307    19.24   15.57
  92696.541   255.673     8.96   10.71
  93072.393   254.143    -4.07    9.69
  93448.242   249.890   -11.32    9.19
  93824.089   247.457    -6.47    9.26
  94199.934   243.012   -11.83    9.48
  94575.775   240.069    -7.83    9.14
  94951.615   239.384    -1.82   10.73
  95327.452   237.307    -5.53    8.82
  95703.286   237.288    -0.05   14.75
  96079.117   230.846   -17.14   25.46
  96454.947   219.971   -28.94   32.93
  96831.284   202.615   -46.12   36.25
  97207.619   189.117   -35.87   33.57
  97583.952   189.775     1.75   26.45
  97960.282   184.349   -14.42   32.23
  98336.609   177.513   -18.17   35.68
  98712.934   173.441   -10.82   38.68
  99089.256   159.705   -36.50   33.99
  99465.576   156.065    -9.67   32.92
  99841.893   149.249   -18.11   38.63
 100218.208   134.133   -40.17   40.79
 100594.521   115.917   -48.41   30.47
 100970.830   112.710    -8.52   25.56
 101347.138   126.538    36.75   37.29
 101723.443   130.384    10.22   36.67
 102099.745   129.788    -1.58   36.59
 102476.045   119.154   -28.26   37.25
 102852.342    94.066   -66.67   23.57
 103228.637    86.666   -19.66   18.17
 103604.929    84.128    -6.75   20.78
 103981.219    95.670    30.67   27.30
 104357.506   112.268    44.11   32.32
 104733.791   129.923    46.92   32.02
 105110.073   151.588    57.58   29.71
 105486.353   169.511    47.63   41.61
 105862.630   190.974    57.04   46.79
 106238.905   214.512    62.55   42.00
 106615.178   213.781    -1.94   40.73
 106991.448   205.457   -22.12   39.23
 107367.715   194.024   -30.39   31.34
 107743.980   196.461     6.48   36.89
 108120.242   199.888     9.11   30.08
 108496.502   206.673    18.03   26.54
 108872.760   222.051    40.87   41.38
 109249.015   236.816    39.24   43.65
 109625.267   239.512     7.17   41.66
 110001.517   238.128    -3.68   45.98
 110377.765   220.249   -47.52   38.77
 110754.010   213.433   -18.11   46.07
 111130.253   207.564   -15.60   48.20
 111506.493   200.213   -19.54   50.16
 111882.731   197.890    -6.18   59.11
 112258.966   194.413    -9.24   63.83
 112635.199   191.038    -8.97   63.55
 113011.429   195.205    11.07   65.30
 113387.657   180.917   -37.98   49.08
 113763.883   178.899    -5.36   42.90
 114140.106   180.564     4.42   47.21
 114516.327   181.363     2.12   42.17
 114892.545   178.106    -8.66   22.43
 115268.760   189.188    29.46   26.42
 115644.974   202.801    36.18   25.11
 116021.184   220.354    46.66   28.45
 116397.393   231.328    29.17   28.55
 116773.599   232.538     3.22   38.45
 117149.802   234.196     4.41   46.18
 117526.003   234.622     1.13   60.10
 117902.202   227.333   -19.37   56.70
 118278.398   223.983    -8.91   49.56
 118654.592   220.513    -9.22   35.55
 119030.783   224.359    10.22   32.97
 119406.972   232.149    20.71   35.11
 119783.159   250.619    49.10   32.04
 120159.343   265.205    38.77   28.05
 120535.524   275.974    28.63   28.36
 120911.704   284.743    23.31   25.97
 121287.880   283.322    -3.78   23.59
 121664.055   282.238    -2.88   23.85
 122040.227   285.743     9.32   24.67
 122416.396   295.328    25.48   20.02
 122792.564   306.187    28.87   22.56
 123168.728   306.051    -0.36   34.56
 123544.891   296.359   -25.77   42.06
 123921.051   285.372   -29.21   46.42
 124297.208   267.307   -48.02   45.36
 124673.363   254.705   -33.50   32.11
 125049.516   249.613   -13.54   26.59
 125425.666   246.307    -8.79   17.55
 125801.814   255.652    24.84   17.64
 126177.960   266.781    29.59   20.14
 126554.103   281.214    38.37   18.49
 126930.244   291.091    26.26   15.05
 127306.382   295.846    12.64   10.58
 127682.518   295.835    -0.03   10.34
 128058.652   290.588   -13.95   14.07
 128434.783   282.666   -21.06   17.60
 128810.912   274.617   -21.40   21.75
 129187.038   260.457   -37.65   21.25
 129563.162   248.907   -30.71   21.79
 129939.284   244.897   -10.66   24.97
 130315.403   234.899   -26.58   26.92
 130691.520   220.795   -37.50   34.21
 131067.635   202.427   -48.83   36.14
 131443.747   190.775   -30.98   26.78
 131819.857   187.923    -7.58   19.64
 132195.964   198.351    27.73   29.79
 132572.070   213.268    39.66   30.64
 132948.172   232.512    51.17   34.88
 133324.273   241.457    23.78   29.83
 133700.371   246.231    12.69   27.96
 134076.466   253.944    20.51   25.50
 134452.560   258.410    11.88   21.46
 134828.651   263.461    13.43   17.38
 135204.739   266.615     8.39   13.30
 135580.825   266.106    -1.35   13.10
 135956.909   260.461   -15.01   22.96
 136332.991   245.538   -39.68   31.85
 136709.070   225.899   -52.22   36.17
 137085.147   206.872   -50.59   33.02
 137461.221   187.727   -50.90   20.00
 137837.294   178.933   -23.38   17.39
 138213.364   170.513   -22.39   14.05
 138589.431   166.663   -10.24   11.14
 138965.496   169.591     7.78   13.29
 139341.559   179.692    26.86   17.62
 139717.620   188.511    23.45   19.34
 140093.678   192.897    11.66   18.68
 140469.734   194.349     3.86   19.23
 140845.787   186.333   -21.32   19.66
 141221.838   183.718    -6.95   16.84
 141597.887   188.249    12.05   19.90
 141973.934   192.222    10.57   22.35
 142349.978   199.410    19.11   24.44
 142726.020   208.872    25.16   26.00
 143102.059   215.205    16.84   28.25
 143478.097   220.754    14.76   30.63
 143854.132   223.052     6.11   28.60
 144230.164   213.106   -26.45   23.98
 144606.195   209.617    -9.28   23.69
 144982.223   204.851   -12.68   21.89
 145358.248   206.666     4.83   19.89
 145734.272   208.897     5.93   18.13
 146110.293   213.205    11.46    9.03
 146486.312   214.795     4.23    8.34
 146862.328   211.673    -8.30   10.76
 147238.342   207.077   -12.22   12.95
 147614.354   201.065   -15.99   13.53
 147990.364   196.222   -12.88   11.12
 148366.371   194.863    -3.62   10.06
 148742.376   195.051     0.50    9.31
 149118.379   197.263     5.88   10.10
 149494.380   201.316    10.78   11.74
 149870.378   203.619     6.13   11.62
 150246.374   204.727     2.95   10.29
 150622.367   203.944    -2.08   10.25
 150998.359   202.079    -4.96    8.18
 151374.348   202.362     0.75    9.47
 151750.334   208.063    15.16   13.38
 152126.319   215.025    18.52   14.72
 152502.301   218.538     9.34   12.25
 152878.281   221.025     6.62    9.50
 153254.259   217.700    -8.84    9.63
 153630.234   218.301     1.60   12.09
 154006.207   220.143     4.90   13.07
 154382.178   226.077    15.78   17.23
 154758.147   229.214     8.34   15.49
 155134.113   238.486    24.66   19.63
 155510.077   246.363    20.95   22.35
 155886.039   253.233    18.27   22.40
 156261.999   254.670     3.82   19.72
 156637.956   258.700    10.72   19.02
 157013.911   263.322    12.29   18.49
 157389.864   266.295     7.91   16.64
 157765.815   268.788     6.63   15.50
 158141.763   275.263    17.22   14.48
 158517.709   280.102    12.87   15.60
 158893.653   284.241    11.01   15.82
 159269.594   282.205    -5.42   18.79
 159645.534   277.012   -13.81   19.91
 160021.471   275.643    -3.64   17.77
 160397.406   273.828    -4.83   19.98
 160773.338   276.307     6.60   18.33
 161149.269   269.927   -16.97   19.07
 161525.197   265.091   -12.86   21.05
 161901.123   271.923    18.17   40.57
 162277.047   281.733    26.09   57.21
 162652.968   293.846    32.22   64.13
 163028.887   291.538    -6.14   58.55
 163404.804   274.079   -46.44   48.78
 163780.719   253.971   -53.49   39.05
 164156.632   241.399   -33.44   24.90
 164532.542   243.897     6.64   17.14
 164908.450   249.313    14.41   16.79
 165284.356   258.376    24.11   13.88
 165660.260   266.923    22.74   16.15
 166036.162   283.743    44.75   36.29
 166412.061   294.718    29.19   41.19
 166787.958   305.187    27.85   40.38
 167163.853   307.179     5.30   36.01
 167539.746   302.316   -12.94   31.17
 167915.636   300.907    -3.75   31.31
 168291.524   302.154     3.32   32.01
 168667.411   300.659    -3.97   32.49
 169043.294   316.769    42.86   40.30
 169419.176   329.863    34.83   49.01
 169795.056   347.094    45.84   64.41
 170170.933   382.944    95.37   71.36
 170546.808   401.149    48.43   65.89
 170922.681   405.459    11.47   59.69
 171298.552   391.188   -37.97   56.28
 171674.579   388.835    -6.26   51.12
 172050.886   379.307   -25.32   49.14
 172427.190   376.718    -6.88   56.19
 172803.493   372.564   -11.04   53.51
 173179.793   377.619    13.43   48.96
 173556.091   385.589    21.18   49.73
 173932.387   397.295    31.11   51.30
 174308.681   415.160    47.47   54.37
 174684.972   410.863   -11.42   45.37
 175061.261   414.038     8.44   36.14
 175437.549   428.333    37.99   47.73
 175813.834   451.436    61.39   62.64
 176190.116   464.795    35.50   58.88
 176566.397   489.700    66.19   62.24
 176942.675   505.038    40.76   61.39
 177318.952   508.670     9.65   63.05
 177695.226   515.338    17.72   68.46
 178071.498   522.781    19.78   68.84
 178447.768   526.170     9.00   66.09
 178824.035   531.433    13.99   56.22
 179200.301   542.275    28.81   55.30
 179576.564   577.133    92.64   66.22
 179952.825   627.688   134.36   76.30
 180329.084   665.670   100.94   66.75
 180705.341   688.133    59.70   53.63
 181081.596   681.808   -16.81   62.73
 181457.849   639.481  -112.49   53.60
 181834.099   616.436   -61.25   40.84
 182210.347   597.436   -50.50   32.86
 182586.593   595.427    -5.34   41.23
 182962.837   586.944   -22.55   47.74
 183339.079   569.781   -45.61   48.56
 183715.319   559.268   -27.94   46.80
 184091.557   555.838    -9.12   46.16
 184467.792   549.079   -17.97   51.35
 184844.026   555.880    18.08   55.59
 185220.257   564.012    21.61   68.17
 185596.486   568.282    11.35   81.52
 185972.713   584.457    42.99   88.57
 186348.938   578.538   -15.73   85.59
 186725.160   569.231   -24.74   74.26
 187101.381   563.233   -15.94   69.56
 187477.599   547.133   -42.79   76.46
 187853.816   503.808  -115.15   78.15
 188230.030   476.205   -73.37   77.02
 188606.242   442.923   -88.46   72.42
 188982.452   417.481   -67.62   66.31
 189358.660   387.897   -78.63   58.77
 189734.866   364.380   -62.51   41.34
 190111.070   353.594   -28.67   33.53
 190487.271   349.820   -10.03   37.25
 190863.471   349.933     0.30   36.96
 191239.668   341.436   -22.59   38.56
 191615.863   342.091     1.74   38.54
 191992.057   335.641   -17.15   27.10
 192368.248   341.781    16.32   30.11
 192744.437   353.538    31.25   30.48
 193120.624   366.769    35.17   29.27
 193496.808   366.927     0.42   32.11
 193872.991   352.430   -38.54   37.29
 194249.172   335.592   -44.76   33.35
 194625.350   324.944   -28.31   26.66
 195001.527   323.670    -3.39   29.91
 195377.701   331.566    20.99   34.56
 195753.874   337.938    16.94   38.76
 196130.044   342.854    13.07   46.68
 196506.212   354.944    32.14   55.60
 196882.378   367.538    33.48   63.06
 197258.542   377.301    25.95   61.60
 197634.704   361.354   -42.39   57.28
 198010.864   343.749   -46.80   52.18
 198387.022   333.256   -27.89   35.85
 198763.177   339.484    16.56   41.35
 199139.331   370.256    81.80   64.57
 199515.482   388.463    48.40   59.23
 199891.632   402.427    37.12   55.57
 200267.779   421.133    49.73   56.69
 200643.925   456.322    93.55   86.61
 201020.068   490.457    90.75  100.46
 201396.210   524.890    91.54   92.08
 201772.349   535.452    28.08   80.68
 202148.486   513.338   -58.79   78.39
 202524.621   502.959   -27.59   66.57
 202900.754   476.457   -70.46   62.79
 203276.885   444.231   -85.68   55.11
 203653.014   433.117   -29.55   48.72
 204029.141   446.410    35.34   55.56
 204405.266   481.781    94.04   58.35
 204781.389   517.359    94.59   62.79
 205157.510   537.316    53.06   80.11
 205533.629   553.256    42.38   98.88
 205909.745   551.813    -3.84  104.76
 206285.860   531.144   -54.95  110.36
 206661.973   495.349   -95.17  114.12
 207038.084   433.511  -164.41   92.85
 207414.192   406.106   -72.86   71.82
 207790.299   379.484   -70.78   52.89
 208166.403   352.760   -71.05   40.63
 208542.506   331.615   -56.22   40.25
 208918.607   314.974   -44.24   35.39
 209294.705   300.854   -37.54   29.26
 209670.802   293.196   -20.36   24.60
 210046.896   284.795   -22.34   20.74
 210422.989   279.000   -15.41   20.52
 210799.079   270.835   -21.71   17.82
 211175.167   262.666   -21.72   14.83
 211551.254   258.479   -11.13   15.01
 211927.338   258.909     1.14   18.18
