# NaN NaN NaN ;Mean Elev.(m), Avg Gradient(m/km), RMS Gradient(m/km) - SRTM1     
# NaN NaN NaN ;Mean Elev.(m), Avg Gradient(m/km), RMS Gradient(m/km) - ASTER GDEM
#  304.099  -0.447   2.616 ;Mean Elev.(m), Avg Gradient(m/km), RMS Gradient(m/km) - GMTED2010 
  7  18.059526  -0.229507   301.230   301.226  8 52475.36647789 18.286
  8  18.072501  -0.213481   301.303   301.269  7 52510.36643183 22.813
  9  18.070784  -0.214941   302.219   302.220  7 52545.36644358 53.245
 10  18.064860  -0.220866   302.930   302.930  6 52580.36647452 52.406
 11  18.061216  -0.227371   303.612   303.617  8 52615.36644447 51.119
 12  18.072934  -0.212425   303.852   303.848  6 52650.36641952 42.529
 13  18.072630  -0.213326   302.188   302.187  7 52685.36640596 50.698
 14  18.065096  -0.219979   301.331   301.329  6 52720.36645905 52.843
 15  18.051363  -0.234399   301.272   301.308 10 52755.36648576 37.819
 16  18.067361  -0.218239   302.205   302.208  6 52790.36643069 51.600
 17  18.069755  -0.217030   301.566   301.560  6 52825.36650019 52.883
 18  18.072105  -0.214752   301.704   301.698  6 52860.36654556 21.110
 19  18.063388  -0.223885   301.876   301.771  8 52895.36657818 22.994
 20  18.062370  -0.225679   302.567   302.582  8 52930.36652747 46.185
 21  18.071215  -0.214568   303.126   303.122  6 52965.36651736 50.950
 22  18.057324  -0.231420   303.157   303.165  8 53000.36655444 52.044
 23  18.062625  -0.225675   302.237   302.228  8 53035.36650255 47.895
 24  18.067322  -0.217720   301.332   301.332  6 53070.36652047 49.351
 25  18.062088  -0.225782   300.951   300.941  7 53105.36650387 45.980
 26  18.068841  -0.216716   301.770   301.770  6 53140.36652617 52.009
 27  18.066689  -0.219196   300.740   300.670  6 53175.36656027 24.874
 28  18.063664  -0.224422   300.277   300.267  8 53210.36657955 46.826
 29  18.068868  -0.217117   301.454   301.462  7 53245.36654580 52.627
 30  18.063915  -0.224766   301.378   301.375  8 53280.36653029 51.590
 31  18.067481  -0.217124   302.587   302.589  6 53315.36654553 52.007
 32  18.071622  -0.214243   302.946   302.976  6 53350.36651060 32.291
 33  18.066639  -0.219547   302.687   302.685  6 53385.36649197 51.722
 34  18.076851  -0.210148   301.132   301.175  6 53420.36649470 37.673
 35  18.071042  -0.215184   300.914   300.903  6 53455.36650134 43.662
 36  18.056306  -0.233126   301.060   301.024  8 53490.36659002 32.911
 37  18.071945  -0.213446   301.619   301.620  6 53525.36657029 52.950
 38  18.057166  -0.231861   300.951   300.963  7 53560.36660219 22.669
 39  18.074211  -0.212455   300.738   300.758  6 53595.36653620 19.375
 40  18.059477  -0.228557   301.375   301.376  7 53630.36653312 52.026
 41  18.061284  -0.226995   301.959   301.969  8 53665.36655641 51.949
 42  18.070414  -0.214730   303.222   303.220  6 53700.36650781 51.844
 43  18.073288  -0.213300   302.150   302.217  7 53735.36642949 40.841
 44  18.074375  -0.212491   300.914   300.877  7 53770.36641813 22.022
 45  18.072369  -0.213353   301.127   301.126  6 53805.36641149 53.104
 47  18.069762  -0.215439   301.199   301.200  6 53875.36647870 52.153
 48  18.059214  -0.229442   301.141   301.143  8 53910.36652845 48.946
 49  18.054846  -0.233488   300.564   300.530  9 53945.36654965 36.690
 50  18.064820  -0.221426   300.901   300.882  6 53980.36649422 24.720
 51  18.069459  -0.217122   301.773   301.776  6 54015.36651163 52.806
 52  18.076617  -0.209381   302.352   302.364  6 54050.36651248 21.895
 53  18.067907  -0.218599   303.719   303.720  6 54085.36650650 47.306
 54  18.067457  -0.219171   303.021   303.020  6 54120.36643321 51.727
 55  18.066433  -0.218597   301.762   301.765  6 54155.36646433 51.882
 56  18.067754  -0.217919   301.529   301.533  6 54190.36643000 51.691
 57  18.066428  -0.219154   301.802   301.802  6 54225.36647472 52.136
 58  18.068014  -0.217787   301.592   301.651  6 54260.36649501 20.930
 59  18.068429  -0.217623   301.345   301.355  7 54295.36649929 38.383
 60  18.070135  -0.215488   301.910   301.917  6 54330.36649117 44.802
 61  18.067903  -0.217729   302.253   302.264  6 54365.36643618 50.899
 62  18.069521  -0.216137   302.943   302.983  6 54400.36643312 39.922
 63  18.068037  -0.217818   303.614   303.605  7 54435.36639086 52.151
 64  18.070773  -0.214476   303.702   303.702  6 54470.36641648 51.665
 65  18.067955  -0.218631   302.440   302.440  6 54505.36640480 52.476
 66  18.069703  -0.216020   301.211   301.199  6 54540.36643157 22.296
 67  18.068882  -0.216533   301.672   301.674  6 54575.36640499 51.947
 68  18.068176  -0.217685   301.289   301.294  7 54610.36642407 46.853
 69  18.067171  -0.218171   301.606   301.603  6 54645.36643193 45.838
 70  18.067161  -0.218388   300.719   300.682  6 54680.36643293 32.574
 71  18.069661  -0.216166   301.234   301.150  6 54715.36638297 24.303
 72  18.066945  -0.218122   301.997   301.997  6 54750.36640421 50.567
 73  18.068338  -0.217647   302.811   302.813  7 54785.36637242 52.943
 74  18.068399  -0.217610   303.510   303.570  7 54820.36639656 43.246
 75  18.068967  -0.216800   301.923   301.922  7 54855.36636873 52.146
 76  18.065242  -0.221352   301.757   301.690  6 54890.36640202 23.364
 77  18.066234  -0.218697   301.102   301.130  6 54925.36636756 27.889
 78  18.066373  -0.219132   302.103   302.104  6 54960.36639884 50.920
 79  18.063737  -0.224397   301.876   302.050  7 54995.36642212 25.925
 80  18.067438  -0.217504   301.565   301.566  6 55030.36641033 50.584
 81  18.068921  -0.217037   301.137   301.083  6 55065.36640051 26.858
 82  18.066078  -0.219541   301.729   301.728  6 55100.36634444 51.792
 83  18.067438  -0.218647   302.482   302.487  6 55135.36634661 51.683
 84  18.068721  -0.217893   303.238   303.238  6 55170.36630936 52.626
 85  18.067080  -0.219736   303.016   303.017  6 55205.36633999 52.054
 86  18.066996  -0.217686   302.399   302.394  6 55240.36631612 51.757
 87  18.067198  -0.218497   302.215   302.214  7 55275.36633334 51.561
 88  18.068666  -0.217149   302.752   302.755  7 55310.36629904 52.541
 89  18.068788  -0.218199   302.589   302.589  6 55345.36630230 52.858
 90  18.067885  -0.218159   302.134   302.136  6 55380.36629570 50.463
 91  18.068203  -0.217993   301.583   301.538  6 55415.36632148 19.540
 92  18.069131  -0.217130   300.986   300.870  6 55450.36630720 21.723
 93  18.069628  -0.215370   301.656   301.658  6 55485.36623197 51.138
