# NaN NaN NaN ;Mean Elev.(m), Avg Gradient(m/km), RMS Gradient(m/km) - SRTM1     
# NaN NaN NaN ;Mean Elev.(m), Avg Gradient(m/km), RMS Gradient(m/km) - ASTER GDEM
#  294.996  -0.730   2.233 ;Mean Elev.(m), Avg Gradient(m/km), RMS Gradient(m/km) - GMTED2010 
  6  17.529564  -0.743473   294.988   294.829  9 52441.86834098 32.120
  7  17.534487  -0.744068   296.159   296.177 12 52476.86833679 52.446
  8  17.544704  -0.733041   296.571   296.573 12 52511.86828589 52.002
  9  17.540111  -0.743892   296.595   297.000 12 52546.86831376 21.827
 10  17.540276  -0.742609   297.170   297.725 12 52581.86832854 24.423
 11  17.535951  -0.744038   298.059   298.412 12 52616.86829971 30.309
 12  17.544629  -0.732941   298.559   298.560 13 52651.86827734 47.831
 13  17.541652  -0.739601   295.084   295.270 12 52686.86827034 31.592
 14  17.539486  -0.745146   296.053   296.049 12 52721.86831791 50.625
 15  17.527738  -0.743746   295.449   295.457  9 52756.86834094 19.760
 17  17.542415  -0.738409   296.606   296.590 12 52826.86836113 52.318
 18  17.543784  -0.737036   296.985   296.981 12 52861.86840675 52.199
 19  17.537861  -0.744425   297.584   297.578 13 52896.86843547 47.812
 20  17.536867  -0.744974   297.969   297.950 13 52931.86838247 47.443
 21  17.541370  -0.740278   298.648   298.643 12 52966.86838397 50.522
 22  17.533578  -0.746220   298.116   298.115 12 53001.86841055 47.915
 23  17.536407  -0.743737   297.020   297.038 11 53036.86836047 51.859
 24  17.539093  -0.744736   296.038   296.028 12 53071.86838364 52.212
 25  17.536826  -0.746248   295.408   295.455 13 53106.86836059 23.465
 26  17.539685  -0.742768   295.053   294.920 12 53141.86839240 25.621
 27  17.540146  -0.740958   294.319   294.321 12 53176.86841935 38.030
 28  17.537847  -0.744417   295.333   295.275 12 53211.86843825 22.018
 29  17.540036  -0.740058   296.794   296.784 13 53246.86840730 46.962
 30  17.537276  -0.744628   295.927   296.062 13 53281.86839405 22.581
 31  17.541161  -0.740752   298.135   298.113 13 53316.86840191 52.064
 32  17.542969  -0.737301   298.313   298.314 12 53351.86836808 52.716
 33  17.539640  -0.744980   297.319   297.309 12 53386.86835564 50.464
 34  17.544838  -0.732866   295.612   295.505 13 53421.86836004 44.548
 35  17.542563  -0.736793   295.683   295.690 13 53456.86836473 52.350
 36  17.532772  -0.745499   295.913   295.937 11 53491.86844871 52.275
 37  17.542816  -0.737537   296.340   296.326 12 53526.86843149 52.406
 38  17.533697  -0.746311   296.314   296.306 12 53561.86845868 52.045
 39  17.543267  -0.737736   296.114   296.139 12 53596.86839906 43.016
 40  17.535502  -0.744714   297.086   297.086 12 53631.86839285 50.703
 41  17.535831  -0.745114   297.025   297.030 11 53666.86841526 24.745
 42  17.542399  -0.737144   298.384   298.387 12 53701.86836468 52.418
 43  17.543399  -0.735679   297.353   297.354 12 53736.86827504 45.308
 44  17.544039  -0.734485   294.865   294.943 12 53771.86828259 38.355
 45  17.542950  -0.739614   295.617   295.637 12 53806.86827142 48.505
 47  17.541773  -0.739621   295.867   295.876 13 53876.86833990 49.441
 48  17.533498  -0.742559   295.621   295.545 11 53911.86839000 34.126
 49  17.530907  -0.743345   295.604   295.538 10 53946.86840666 42.984
 50  17.539036  -0.745395   296.618   296.628 12 53981.86834955 49.346
 51  17.541126  -0.739678   297.385   297.395 12 54016.86837541 52.517
 52  17.546039  -0.733219   298.150   298.147 13 54051.86837359 52.534
 53  17.540676  -0.740258   298.874   298.867 13 54086.86836409 52.109
 54  17.540343  -0.744141   297.615   297.657 12 54121.86828834 40.783
 55  17.539868  -0.745135   296.068   296.133 12 54156.86832431 39.910
 56  17.539687  -0.740064   296.079   296.085 13 54191.86828753 51.495
 57  17.539539  -0.743249   295.865   295.847 12 54226.86833614 18.581
 58  17.540060  -0.741314   296.502   296.541 12 54261.86835642 48.919
 59  17.540241  -0.739905   296.407   296.393 13 54296.86836093 52.634
 60  17.541424  -0.741005   297.000   297.014 12 54331.86835147 52.003
 61  17.539922  -0.741419   296.720   296.632 12 54366.86829369 21.588
 62  17.540894  -0.741064   297.883   297.997 13 54401.86829394 38.332
 63  17.539686  -0.742154   298.632   298.632 12 54436.86825080 26.438
 64  17.541904  -0.739487   298.460   298.460 12 54471.86827902 42.362
 65  17.540450  -0.742117   297.112   297.107 13 54506.86826287 52.298
 66  17.541291  -0.740698   296.135   296.131 13 54541.86829330 50.841
 67  17.540302  -0.742270   296.270   296.282 13 54576.86826504 46.934
 68  17.540594  -0.741542   296.178   296.185 13 54611.86828512 50.091
 69  17.540149  -0.744476   296.571   296.571 12 54646.86829129 49.801
 70  17.539821  -0.741924   296.183   296.170 12 54681.86829275 52.009
 71  17.540558  -0.739987   297.090   297.165 13 54716.86824197 44.410
 72  17.539987  -0.743265   297.546   297.576 12 54751.86826429 41.125
 73  17.540277  -0.742052   298.277   298.273 13 54786.86823073 52.833
 74  17.540878  -0.742455   298.409   298.406 12 54821.86825819 52.885
 75  17.540729  -0.741012   296.422   296.374 12 54856.86822759 18.874
 76  17.539113  -0.743921   296.701   296.703 13 54891.86826091 49.590
 77  17.538986  -0.743825   295.950   295.926 12 54926.86822500 50.317
 78  17.539232  -0.743450   295.644   295.781 12 54961.86826059 35.320
 79  17.537902  -0.743843   294.977   294.640 12 54996.86828155 26.692
 80  17.540042  -0.745100   296.395   296.399 12 55031.86827048 46.375
 81  17.540354  -0.739898   296.380   296.378 13 55066.86826106 50.984
 82  17.538793  -0.743416   295.965   295.842 12 55101.86820080 30.224
 83  17.540254  -0.741379   296.728   296.590 12 55136.86820631 39.368
 84  17.540503  -0.742109   298.563   298.560 13 55171.86816828 52.712
 85  17.539932  -0.741287   297.724   297.725 13 55206.86820069 52.004
 86  17.539582  -0.743245   295.990   295.733 12 55241.86817324 26.523
 87  17.540262  -0.744611   296.645   296.638 12 55276.86819344 50.680
 88  17.540184  -0.742025   297.196   297.199 13 55311.86815890 50.929
 89  17.540529  -0.740650   297.051   297.050 12 55346.86816463 45.410
 90  17.540280  -0.743193   296.507   296.508 11 55381.86815539 21.578
 91  17.540233  -0.740582   296.545   296.488 13 55416.86818362 18.152
 92  17.540733  -0.740978   296.883   296.881 12 55451.86816656 50.029
 93  17.540979  -0.740216   297.451   297.469 13 55486.86808924 46.957
