-119042.693    15.119     0.00    5.67
-118666.572    15.314     0.52    7.41
-118290.452    16.799     3.95    8.56
-117914.332    17.925     2.99    9.27
-117538.211    17.055    -2.31    9.66
-117162.091    15.673    -3.67    8.50
-116785.970    15.978     0.81    8.64
-116409.850    16.672     1.84    9.92
-116033.729    17.856     3.15   10.23
-115657.609    18.754     2.39   10.39
-115281.488    18.337    -1.11    9.38
-114905.368    19.132     2.11    9.58
-114529.247    22.536     9.05   10.22
-114153.127    22.133    -1.07   10.38
-113777.006    21.700    -1.15   11.10
-113400.886    21.673    -0.07   10.71
-113024.765    17.592   -10.85    9.29
-112648.645    17.207    -1.02    8.70
-112272.524    18.244     2.76    9.23
-111896.403    20.209     5.22    9.74
-111520.283    18.943    -3.36   10.16
-111144.162    19.286     0.91    9.74
-110768.041    18.808    -1.27   10.15
-110391.920    17.093    -4.56    9.20
-110015.800    18.303     3.22    9.09
-109639.679    17.927    -1.00    8.89
-109263.558    19.202     3.39    8.32
-108887.437    20.488     3.42    7.76
-108511.316    21.519     2.74    6.58
-108135.195    23.314     4.77    4.38
-107759.074    23.461     0.39    4.65
-107382.953    23.349    -0.30    5.61
-107006.832    25.727     6.32    5.35
-106630.711    27.970     5.96    5.94
-106254.590    30.480     6.67    4.92
-105878.468    31.004     1.39    5.85
-105502.347    29.850    -3.07    7.31
-105126.226    26.565    -8.73    9.23
-104750.104    26.722     0.42    8.52
-104373.983    26.935     0.57    7.02
-103997.861    28.311     3.66    4.38
-103621.739    27.724    -1.56    3.65
-103245.618    27.235    -1.30    3.45
-102869.496    26.425    -2.15    2.97
-102493.374    27.160     1.95    2.95
-102117.252    27.645     1.29    2.49
-101741.130    28.362     1.91    1.93
-101365.008    28.337    -0.07    2.38
-100988.886    27.927    -1.09    2.84
-100612.764    27.814    -0.30    2.84
-100236.642    27.349    -1.24    2.29
 -99860.519    27.341    -0.02    2.36
 -99484.397    27.909     1.51    2.93
 -99108.275    28.144     0.63    2.90
 -98732.152    28.214     0.19    2.69
 -98356.029    26.491    -4.58    3.99
 -97979.907    24.777    -4.56    4.22
 -97603.784    22.909    -4.97    4.82
 -97227.661    22.025    -2.35    4.69
 -96851.538    21.994    -0.08    4.07
 -96475.415    21.025    -2.58    4.26
 -96099.291    21.457     1.15    3.88
 -95723.168    20.970    -1.29    3.89
 -95347.045    21.076     0.28    4.31
 -94970.921    21.106     0.08    4.68
 -94594.798    20.722    -1.02    4.73
 -94218.674    20.730     0.02    4.29
 -93842.550    21.457     1.93    4.02
 -93466.426    22.457     2.66    2.94
 -93090.302    22.777     0.85    2.80
 -92714.178    22.819     0.11    2.53
 -92338.054    22.781    -0.10    2.32
 -91961.929    22.619    -0.43    2.22
 -91585.805    22.619     0.00    2.12
 -91209.680    22.568    -0.14    2.28
 -90833.556    22.565    -0.01    2.26
 -90457.431    22.491    -0.20    2.24
 -90081.306    22.132    -0.95    2.48
 -89705.181    22.484     0.94    2.62
 -89329.055    22.160    -0.86    3.01
 -88952.930    21.295    -2.30    2.76
 -88576.805    21.119    -0.47    2.17
 -88200.679    20.722    -1.06    2.01
 -87824.553    20.676    -0.12    1.92
 -87448.427    21.747     2.85    2.42
 -87072.301    22.409     1.76    1.96
 -86696.175    22.980     1.52    1.78
 -86320.049    23.363     1.02    1.90
 -85943.923    23.337    -0.07    2.05
 -85567.796    23.382     0.12    2.10
 -85191.669    23.430     0.13    2.26
 -84815.542    23.311    -0.32    2.49
 -84439.415    22.538    -2.06    3.39
 -84063.288    20.594    -5.17    5.02
 -83687.161    18.286    -6.14    5.87
 -83311.033    15.905    -6.33    5.88
 -82934.906    14.754    -3.06    5.75
 -82558.778    14.484    -0.72    5.78
 -82182.650    14.998     1.37    5.59
 -81806.522    14.461    -1.43    5.02
 -81430.394    14.147    -0.84    4.41
 -81054.265    16.269     5.64    5.56
 -80678.137    17.773     4.00    6.28
 -80302.008    19.538     4.69    5.31
 -79925.879    18.824    -1.90    5.94
 -79549.750    17.277    -4.11    6.13
 -79173.621    16.014    -3.36    5.51
 -78797.491    15.675    -0.90    5.70
 -78421.362    16.388     1.90    5.58
 -78045.232    17.619     3.27    4.83
 -77669.102    17.568    -0.14    4.29
 -77292.972    18.260     1.84    4.27
 -76916.842    18.650     1.04    3.95
 -76540.711    17.943    -1.88    4.57
 -76164.581    16.565    -3.66    5.21
 -75788.450    15.889    -1.80    5.68
 -75412.319    14.882    -2.68    6.09
 -75036.187    14.268    -1.63    5.86
 -74660.056    14.670     1.07    6.13
 -74283.924    16.081     3.75    6.20
 -73907.793    17.698     4.30    6.12
 -73531.660    20.014     6.16    4.49
 -73155.528    20.824     2.15    3.79
 -72779.396    20.517    -0.82    3.86
 -72403.263    20.241    -0.73    2.74
 -72027.130    19.927    -0.83    2.46
 -71650.997    18.943    -2.61    2.51
 -71274.864    18.403    -1.44    2.46
 -70898.731    17.670    -1.95    2.25
 -70522.597    17.525    -0.39    2.49
 -70146.463    18.235     1.89    1.91
 -69770.329    18.409     0.46    1.91
 -69394.195    18.341    -0.18    1.88
 -69018.060    17.850    -1.31    1.77
 -68641.926    17.091    -2.02    2.01
 -68265.791    16.004    -2.89    1.95
 -67889.656    15.461    -1.44    1.75
 -67513.520    15.241    -0.59    1.83
 -67137.385    15.119    -0.32    2.08
 -66761.249    16.440     3.51    2.85
 -66385.113    17.645     3.20    3.15
 -66008.976    19.230     4.22    2.62
 -65632.840    20.593     3.62    2.83
 -65256.703    21.862     3.38    2.94
 -64880.566    23.214     3.59    3.77
 -64504.429    24.187     2.59    3.59
 -64128.291    25.588     3.73    3.96
 -63752.154    26.183     1.58    3.31
 -63376.016    25.747    -1.16    2.85
 -62999.878    25.647    -0.27    2.87
 -62623.739    25.209    -1.16    3.30
 -62247.620    24.341    -2.31    3.42
 -61871.530    24.909     1.51    3.07
 -61495.439    24.952     0.12    2.86
 -61119.348    25.277     0.86    2.00
 -60743.257    25.484     0.55    1.49
 -60367.165    25.158    -0.87    1.54
 -59991.074    25.019    -0.37    1.86
 -59614.982    25.052     0.09    1.89
 -59238.889    25.066     0.04    1.98
 -58862.797    24.592    -1.26    1.80
 -58486.704    24.538    -0.14    1.80
 -58110.611    23.970    -1.51    2.38
 -57734.518    22.905    -2.83    3.12
 -57358.424    22.799    -0.28    3.11
 -56982.330    22.894     0.25    2.71
 -56606.236    23.397     1.34    2.45
 -56230.142    23.670     0.73    2.44
 -55854.047    23.645    -0.07    1.88
 -55477.952    24.014     0.98    2.03
 -55101.857    24.696     1.81    2.49
 -54725.762    25.106     1.09    2.50
 -54349.666    25.147     0.11    2.43
 -53973.570    25.382     0.63    2.43
 -53597.473    24.619    -2.03    2.24
 -53221.377    24.362    -0.68    2.64
 -52845.280    24.542     0.48    2.37
 -52469.183    24.119    -1.12    2.66
 -52093.085    24.052    -0.18    2.77
 -51716.987    23.241    -2.16    3.11
 -51340.889    22.943    -0.79    3.04
 -50964.791    22.106    -2.23    2.48
 -50588.692    22.158     0.14    2.19
 -50212.593    22.781     1.66    1.95
 -49836.494    22.978     0.52    2.02
 -49460.394    23.356     1.00    2.15
 -49084.294    23.593     0.63    1.68
 -48708.194    23.592    -0.00    1.44
 -48332.094    23.444    -0.39    1.60
 -47955.993    22.856    -1.56    1.85
 -47579.892    22.480    -1.00    1.68
 -47203.790    22.376    -0.28    1.69
 -46827.688    22.702     0.87    1.59
 -46451.586    23.029     0.87    1.80
 -46075.484    23.158     0.34    1.88
 -45699.381    23.048    -0.29    1.54
 -45323.278    21.781    -3.37    4.57
 -44947.175    18.484    -8.77    8.22
 -44571.071    13.511   -13.22   10.33
 -44194.967     8.694   -12.81   10.18
 -43818.863     5.133    -9.47    7.91
 -43442.758     2.119    -8.01    1.66
 -43066.653     2.409     0.77    1.45
 -42690.548     2.670     0.70    1.70
 -42314.442     3.781     2.95    5.31
 -41938.336     2.794    -2.62    4.36
 -41562.229     2.645    -0.40    4.49
 -41186.123     2.675     0.08    4.59
 -40810.016     4.214     4.09    5.57
 -40433.908     6.147     5.14    6.30
 -40057.801     5.198    -2.52    5.80
 -39681.693     4.414    -2.08    5.15
 -39305.584     3.219    -3.18    3.18
 -38929.475     2.593    -1.67    1.37
 -38553.366     2.835     0.64    1.46
 -38177.257     2.869     0.09    1.54
 -37801.147     2.260    -1.62    1.74
 -37425.037     2.856     1.58    3.74
 -37048.926     3.850     2.64    4.85
 -36672.815     4.363     1.36    5.07
 -36296.704     3.414    -2.52    3.42
 -35920.592     4.369     2.54    3.46
 -35544.480     4.209    -0.43    3.48
 -35168.368     5.568     3.61    6.28
 -34792.255     8.314     7.30    7.59
 -34416.142     9.484     3.11    8.44
 -34040.028     9.430    -0.14    8.51
 -33663.915     8.889    -1.44    7.98
 -33287.800     7.856    -2.75    7.56
 -32911.686     6.591    -3.36    7.03
 -32535.571     4.244    -6.24    5.10
 -32159.455     2.409    -4.88    1.21
 -31783.340     2.133    -0.73    1.46
 -31407.223     1.850    -0.75    1.22
 -31031.107     1.724    -0.33    1.27
 -30654.990     1.777     0.14    1.73
 -30278.873     2.430     1.74    3.25
 -29902.755     2.773     0.91    3.62
 -29526.637     3.952     3.14    4.74
 -29150.518     5.029     2.86    5.44
 -28774.400     4.969    -0.16    5.49
 -28398.280     4.505    -1.23    5.21
 -28022.161     4.376    -0.34    4.11
 -27646.041     6.106     4.60    5.96
 -27269.920     6.214     0.29    5.74
 -26893.799     5.349    -2.30    5.56
 -26517.678     3.897    -3.86    4.99
 -26141.556     2.029    -4.97    1.83
 -25765.434     2.055     0.07    3.49
 -25389.311     3.322     3.37    5.70
 -25013.189     4.672     3.59    6.62
 -24637.065     6.619     5.18    6.58
 -24260.941    11.850    13.91    9.99
 -23884.817    15.133     8.73    9.94
 -23508.693    14.773    -0.96   10.41
 -23132.568    11.202    -9.49   10.57
 -22756.442     5.388   -15.46    7.78
 -22380.316     3.850    -4.09    5.12
 -22004.190     7.463     9.61    8.60
 -21628.063    11.542    10.85    9.33
 -21251.936    13.457     5.09    8.93
 -20875.809    11.700    -4.67    9.76
 -20499.681     7.970    -9.92    9.00
 -20123.552     7.397    -1.52    8.90
 -19747.423     5.093    -6.13    6.66
 -19371.294     3.696    -3.71    4.25
 -18995.164     3.052    -1.71    2.47
 -18619.034     3.158     0.28    2.36
 -18242.903     2.696    -1.23    2.16
 -17866.772     2.286    -1.09    2.25
 -17490.641     2.869     1.55    4.22
 -17114.509     4.850     5.27    6.83
 -16738.376     5.403     1.47    6.86
 -16362.243     6.277     2.32    6.63
 -15986.110     5.133    -3.04    4.86
 -15609.976     6.150     2.71    6.60
 -15233.842    13.183    18.70   12.92
 -14857.707    21.777    22.85   14.58
 -14481.572    27.341    14.79   14.56
 -14105.436    30.568     8.58   13.50
 -13729.300    29.786    -2.08   13.10
 -13353.164    26.029    -9.99   13.35
 -12977.027    17.363   -23.04   14.08
 -12600.889    10.673   -17.78   11.88
 -12224.751     6.330   -11.55    8.27
 -11848.613     3.158    -8.43    2.47
 -11472.474     3.388     0.61    1.98
 -11096.334     3.808     1.12    1.60
 -10720.195     3.747    -0.16    1.61
 -10344.054     3.488    -0.69    1.51
  -9967.913     3.564     0.20    1.64
  -9591.772     3.808     0.65    1.93
  -9215.630     7.036     8.58    7.28
  -8839.488     7.517     1.28    7.25
  -8463.345     6.694    -2.19    6.63
  -8087.202     5.848    -2.25    6.58
  -7711.058     5.132    -1.90    5.56
  -7334.914     5.758     1.66    6.52
  -6958.769     7.277     4.04    8.19
  -6582.624     8.619     3.57    8.60
  -6206.478     8.040    -1.54    8.74
  -5830.332     6.619    -3.78    7.43
  -5454.185    10.268     9.70   11.07
  -5078.038    19.169    23.66   13.24
  -4701.890    22.341     8.43   12.44
  -4325.742    21.744    -1.59   12.74
  -3949.594    17.409   -11.53   12.74
  -3573.444    12.508   -13.03    9.79
  -3197.295     9.727    -7.39    4.65
  -2821.144    11.897     5.77    8.40
  -2444.993    14.517     6.96   13.38
  -2068.842    13.469    -2.78   15.21
  -1692.690    10.646    -7.50   15.75
  -1316.538     4.869   -15.36   11.38
   -940.385     0.286   -12.18    1.83
   -564.232     0.172    -0.30    1.83
   -188.078     0.214     0.11    1.72
    188.076    -0.355    -1.51    0.16
    564.231    -0.381    -0.07    0.00
    940.387    -0.186     0.52    1.17
   1316.543     3.311     9.30    8.23
   1692.699    10.341    18.69   13.39
   2068.857    20.440    26.85   17.33
   2445.014    27.978    20.04   15.13
   2821.172    32.325    11.56   11.89
   3197.331    30.511    -4.82   11.17
   3573.490    28.314    -5.84    9.44
   3949.650    27.376    -2.49    9.40
   4325.810    28.209     2.21    9.35
   4701.971    31.106     7.70    8.49
   5078.133    33.952     7.57    9.24
   5454.294    33.696    -0.68   12.49
   5830.457    29.935   -10.00   12.99
   6206.620    24.592   -14.20   11.16
   6582.784    22.029    -6.81    9.09
   6958.948    20.145    -5.01    5.77
   7335.113    21.591     3.84    6.53
   7711.278    25.093     9.31   11.02
   8087.444    28.925    10.19   12.60
   8463.610    35.198    16.68   14.46
   8839.777    34.568    -1.68   14.25
   9215.945    32.682    -5.01   11.81
   9592.113    33.409     1.93   13.32
   9968.281    36.751     8.88   13.85
  10344.451    39.565     7.48   12.20
  10720.620    37.927    -4.36   12.21
  11096.791    37.133    -2.11   11.29
  11472.962    38.055     2.45   12.63
  11849.133    39.542     3.95   12.92
  12225.305    40.882     3.56   13.18
  12601.478    37.970    -7.74   13.65
  12977.560    35.491    -6.59   11.63
  13353.615    32.251    -8.62    9.79
  13729.671    32.314     0.17    9.28
  14105.727    35.187     7.64    9.72
  14481.784    35.536     0.93    9.61
  14857.842    36.241     1.87   10.31
  15233.900    38.672     6.46   11.32
  15609.958    35.400    -8.70   10.26
  15986.018    34.568    -2.21    9.77
  16362.078    35.158     1.57    9.76
  16738.138    37.341     5.81   11.17
  17114.199    44.029    17.78   15.01
  17490.261    50.592    17.45   13.17
  17866.323    53.435     7.56    9.61
  18242.386    47.356   -16.16   14.07
  18618.449    43.542   -10.14   13.53
  18994.513    38.565   -13.23    9.68
  19370.578    35.198    -8.95    8.73
  19746.644    31.894    -8.79    9.92
  20122.709    28.476    -9.09    9.03
  20498.776    27.511    -2.57    7.57
  20874.843    29.673     5.75    8.74
  21250.911    32.781     8.26    8.61
  21626.979    34.889     5.61    8.58
  22003.048    36.036     3.05    8.33
  22379.118    40.319    11.39   10.69
  22755.188    46.004    15.12   14.30
  23131.259    51.808    15.43   14.27
  23507.331    53.927     5.63   13.13
  23883.403    50.198    -9.91   12.31
  24259.476    48.066    -5.67   11.46
  24635.549    47.457    -1.62   12.56
  25011.623    50.722     8.68   13.96
  25387.698    53.508     7.41   11.89
  25763.773    50.645    -7.61   11.41
  26139.849    48.209    -6.48    9.92
  26515.926    48.207    -0.00   10.63
  26892.003    50.978     7.37   12.09
  27268.081    55.025    10.76   12.37
  27644.160    60.862    15.52   13.02
  28020.239    69.646    23.36   14.75
  28396.319    75.175    14.70   12.66
  28772.399    76.517     3.57    9.88
  29148.481    66.469   -26.72   19.28
  29524.562    53.052   -35.68   19.95
  29900.645    42.004   -29.38   13.99
  30276.728    35.337   -17.73    5.19
  30652.812    38.363     8.05   10.29
  31028.896    46.935    22.79   17.38
  31404.981    53.440    17.30   19.60
  31781.067    62.258    23.45   19.91
  32157.154    66.998    12.60   20.38
  32533.241    72.916    15.74   20.62
  32909.329    81.207    22.05   19.34
  33285.417    86.081    12.96   16.06
  33661.506    82.363    -9.89   16.72
  34037.596    80.276    -5.55   16.71
  34413.687    76.322   -10.51   16.19
  34789.778    75.286    -2.75   16.52
  35165.870    77.145     4.94   15.19
  35541.962    69.844   -19.41   14.74
  35918.056    63.322   -17.34   14.22
  36294.150    59.093   -11.24   12.51
  36670.244    58.988    -0.28   13.43
  37046.339    64.856    15.60   15.98
  37422.435    69.619    12.66   14.18
  37798.532    65.469   -11.03   16.92
  38174.630    59.835   -14.98   17.78
  38550.728    56.079    -9.99   15.42
  38926.826    55.538    -1.44   14.78
  39302.926    66.476    29.08   17.10
  39679.026    73.517    18.72   18.57
  40055.127    69.260   -11.32   20.63
  40431.229    69.397     0.36   17.35
  40807.331    68.593    -2.14   15.86
  41183.434    69.091     1.33   17.87
  41559.538    69.349     0.68   18.30
  41935.642    65.850    -9.30   18.53
  42311.747    59.835   -15.99   16.33
  42687.853    53.619   -16.53   11.71
  43063.960    52.014    -4.27    9.92
  43440.067    52.544     1.41   10.40
  43816.175    54.646     5.59   10.44
  44192.284    57.994     8.90   13.29
  44568.393    59.952     5.21   14.18
  44944.503    60.511     1.49   13.86
  45320.614    58.133    -6.32   13.38
  45696.726    57.592    -1.44   13.40
  46072.838    57.461    -0.35   13.40
  46448.951    61.773    11.46   15.84
  46825.065    65.869    10.89   16.14
  47201.180    71.094    13.89   16.54
  47577.295    70.935    -0.42   17.43
  47953.411    66.119   -12.80   14.96
  48329.528    68.882     7.35   15.97
  48705.645    71.927     8.09   16.36
  49081.764    76.066    11.01   15.56
  49457.883    79.480     9.08   14.42
  49834.003    80.158     1.80   13.01
  50210.123    80.511     0.94   12.30
  50586.244    78.144    -6.29   13.14
  50962.366    72.901   -13.94   15.82
  51338.489    63.591   -24.75   15.63
  51714.613    52.349   -29.89   12.05
  52090.737    52.322    -0.07   12.45
  52466.862    56.646    11.50   17.33
  52842.988    65.311    23.04   17.61
  53219.114    70.322    13.32   13.64
  53595.242    63.269   -18.75   16.74
  53971.370    54.952   -22.11   16.02
  54347.499    50.862   -10.87   12.96
  54723.628    48.322    -6.75   11.65
  55099.759    47.777    -1.45   11.99
  55475.890    44.388    -9.01   10.91
  55852.022    40.897    -9.28    9.19
  56228.154    36.235   -12.40    5.26
  56604.288    35.702    -1.41    5.56
  56980.422    39.029     8.85   10.50
  57356.557    43.081    10.77   12.38
  57732.693    45.432     6.25   12.14
  58108.830    46.241     2.15   10.24
  58484.967    45.592    -1.72    8.53
  58861.105    43.673    -5.10    6.25
  59237.244    42.488    -3.15    2.99
  59613.384    42.403    -0.23    1.81
  59989.525    43.004     1.60    2.56
  60365.666    45.106     5.59    5.30
  60741.808    46.927     4.84    6.11
  61117.951    49.781     7.59    7.23
  61494.095    53.029     8.64    8.27
  61870.240    52.491    -1.43    7.76
  62246.385    53.619     3.00    8.08
  62622.531    57.337     9.88    9.23
  62998.678    59.322     5.28    8.83
  63374.826    58.457    -2.30    9.99
  63750.974    54.055   -11.70   11.46
  64127.124    46.150   -21.01    7.73
  64503.274    41.978   -11.09    6.70
  64879.425    41.927    -0.14    5.89
  65255.577    40.647    -3.40    3.95
  65631.730    41.106     1.22    5.22
  66007.883    41.781     1.79    6.60
  66384.037    45.952    11.09   11.26
  66760.192    51.251    14.09   13.91
  67136.348    56.593    14.20   14.30
  67512.505    59.856     8.68   12.36
  67888.663    57.029    -7.51   12.32
  68264.821    49.901   -18.95   12.00
  68640.980    42.430   -19.86   10.51
  69017.141    38.777    -9.71    7.44
  69393.301    41.356     6.86    9.72
  69769.463    47.268    15.72   11.70
  70145.626    52.998    15.23   11.77
  70521.789    52.255    -1.97   12.49
  70897.954    51.440    -2.17   15.75
  71274.119    51.414    -0.07   16.03
  71650.285    51.091    -0.86   12.75
  72026.451    59.773    23.08    9.46
  72402.619    62.064     6.09    8.41
  72778.788    58.198   -10.28   11.55
  73154.957    52.698   -14.62   14.30
  73531.127    45.517   -19.09   11.92
  73907.298    40.457   -13.45    8.68
  74283.470    40.488     0.08    9.60
  74659.643    40.824     0.90    9.84
  75035.817    41.147     0.86   10.28
  75411.991    42.961     4.82   12.39
  75788.167    45.025     5.48   13.32
  76164.343    45.403     1.01   12.07
  76540.520    45.187    -0.57   10.94
  76916.698    43.762    -3.79    9.18
  77292.877    39.696   -10.81    7.62
  77669.056    37.269    -6.45    3.94
  78045.237    37.758     1.30    3.68
  78421.418    39.593     4.88    4.92
  78797.601    40.830     3.29    5.55
  79173.784    44.619    10.07    9.85
  79549.968    49.645    13.36   11.15
  79926.153    53.927    11.38   11.27
  80302.339    59.675    15.28    9.14
  80678.526    60.540     2.30    7.97
  81054.713    61.081     1.44    8.27
  81430.902    59.419    -4.42    8.83
  81807.091    55.004   -11.74    9.46
  82183.282    48.145   -18.23    9.32
  82559.473    42.646   -14.62    7.43
  82935.665    38.619   -10.70    4.79
  83311.858    36.754    -4.96    2.57
  83688.052    37.158     1.07    3.52
  84064.247    37.773     1.64    4.63
  84440.442    38.511     1.96    5.35
  84816.639    38.209    -0.80    7.53
  85192.836    37.198    -2.69    7.46
  85569.035    36.803    -1.05    7.36
  85945.234    40.376     9.50    9.97
  86321.434    46.444    16.13   13.79
  86697.636    53.540    18.86   13.99
  87073.838    59.980    17.12   13.32
  87450.041    63.382     9.04   14.01
  87826.219    66.925     9.42   14.53
  88202.235    66.645    -0.74   14.82
  88578.252    67.337     1.84   14.22
  88954.270    65.276    -5.48   15.28
  89330.289    58.457   -18.14   14.53
  89706.309    54.592   -10.28   10.86
  90082.330    53.727    -2.30    9.52
  90458.352    56.369     7.03   10.06
  90834.374    59.808     9.15   10.39
  91210.398    57.119    -7.15   10.38
  91586.422    56.619    -1.33   10.66
  91962.448    56.491    -0.34   11.31
  92338.474    57.349     2.28   11.61
  92714.502    60.969     9.63   11.72
  93090.530    63.066     5.58   11.44
  93466.559    66.369     8.78   11.21
  93842.589    68.484     5.62   10.47
  94218.620    72.564    10.85   12.07
  94594.652    77.542    13.24   12.94
  94970.685    81.029     9.27   11.51
  95346.719    79.207    -4.85   12.45
  95722.754    78.488    -1.91   13.20
  96098.790    73.754   -12.59   14.68
  96474.827    70.564    -8.49   15.43
  96850.865    71.132     1.51   16.17
  97226.903    73.066     5.14   15.55
  97602.943    74.901     4.88   13.88
  97978.984    76.066     3.10   12.99
  98355.025    67.645   -22.40   16.53
  98731.068    58.106   -25.37   11.78
  99107.111    57.286    -2.18   12.50
  99483.156    58.747     3.89   15.37
  99859.201    61.841     8.23   15.64
 100235.248    67.727    15.65   13.84
 100611.295    73.376    15.02   15.19
 100987.344    75.376     5.32   16.05
 101363.393    77.927     6.78   16.04
 101739.443    77.219    -1.88   14.89
 102115.495    69.542   -20.41   16.66
 102491.547    62.040   -19.95   14.16
 102867.600    55.008   -18.70   10.80
 103243.654    55.850     2.24   13.96
 103619.710    53.145    -7.19   14.57
 103995.766    50.935    -5.88   14.44
 104371.823    47.435    -9.31   13.16
 104747.881    47.388    -0.12   11.88
 105123.941    48.835     3.85   11.99
 105500.001    52.414     9.52   13.83
 105876.062    55.544     8.32   14.34
 106252.124    54.897    -1.72   13.69
 106628.188    52.727    -5.77   13.09
 107004.252    46.970   -15.31   12.49
 107380.317    46.268    -1.87   12.31
 107756.383    55.808    25.37   17.56
 108132.451    60.476    12.41   18.86
 108508.519    65.569    13.54   18.98
 108884.588    68.235     7.09   16.96
 109260.658    60.646   -20.18   16.09
 109636.730    55.901   -12.62   14.07
 110012.802    50.198   -15.17   13.13
 110388.875    45.029   -13.74   10.43
 110764.950    45.241     0.56   10.89
 111141.025    52.542    19.42   17.56
 111517.101    60.841    22.07   17.58
 111893.179    69.183    22.18   16.08
 112269.257    72.568     9.00   15.42
 112645.337    67.182   -14.32   16.26
 113021.417    59.835   -19.53   16.48
 113397.499    55.457   -11.64   14.58
 113773.581    60.998    14.73   16.25
 114149.665    71.484    27.88   15.96
 114525.749    78.814    19.49   11.45
 114901.835    79.645     2.21   10.67
 115277.922    71.978   -20.39   17.23
 115654.010    62.646   -24.81   21.20
 116030.098    51.014   -30.93   19.74
 116406.188    40.158   -28.87   13.52
 116782.279    33.004   -19.02   10.11
 117158.371    29.781    -8.57    6.79
 117534.464    27.337    -6.50    3.49
 117910.558    27.646     0.82    2.94
 118286.653    28.409     2.03    2.94
 118662.749    28.645     0.63    2.89
 119038.846    29.869     3.25    2.51
 119414.945    30.311     1.18    2.89
 119791.044    33.909     9.56    8.08
 120167.144    39.452    14.74   11.33
 120543.246    51.286    31.46   18.73
 120919.348    62.647    30.21   16.53
 121295.452    67.773    13.63   14.72
 121671.556    68.645     2.32   15.17
 122047.662    62.187   -17.17   16.28
 122423.769    59.830    -6.27   17.41
 122799.877    56.542    -8.74   20.11
 123175.986    55.055    -3.95   21.82
 123552.096    52.619    -6.48   21.90
 123928.207    45.145   -19.87   19.64
 124304.319    38.214   -18.43   14.74
 124680.432    36.349    -4.96   10.56
 125056.546    41.673    14.16   13.63
 125432.662    49.913    21.91   12.27
 125808.778    56.440    17.35   14.27
 126184.896    58.901     6.54   14.50
 126561.014    55.869    -8.06   13.75
 126937.134    55.542    -0.87   13.68
 127313.255    52.758    -7.40   15.12
 127689.377    51.645    -2.96   14.96
 128065.500    56.183    12.06   14.89
 128441.624    58.566     6.34   13.57
 128817.749    58.856     0.77   11.45
 129193.876    61.491     7.01   11.91
 129570.003    62.419     2.47   11.40
 129946.132    58.241   -11.11   11.82
 130322.261    54.542    -9.83   11.92
 130698.392    52.322    -5.90   11.84
 131074.524    49.268    -8.12   12.94
 131450.657    50.079     2.16   12.70
 131826.791    52.619     6.75   13.10
 132202.926    57.514    13.01   18.20
 132579.063    67.044    25.34   19.46
 132955.200    77.175    26.93   15.88
 133331.339    79.919     7.30   16.17
 133707.478    80.435     1.37   15.29
 134083.619    83.145     7.21   12.44
 134459.761    86.172     8.05   12.10
 134835.904    89.935    10.00    8.62
 135212.048    90.480     1.45    9.33
 135588.194    88.214    -6.03   13.29
 135964.340    88.769     1.48   13.22
 136340.488    88.341    -1.14   12.48
 136716.637    87.158    -3.15   11.00
 137092.786    83.619    -9.41   11.81
 137468.937    81.970    -4.38   11.02
 137845.090    79.484    -6.61   10.01
 138221.243    75.341   -11.01   10.04
 138597.397    73.414    -5.12    8.89
 138973.553    71.260    -5.73    7.04
 139349.710    69.565    -4.51    5.31
 139725.868    72.644     8.19    6.73
 140102.027    74.935     6.09    6.54
 140478.187    76.777     4.90    6.52
 140854.348    78.457     4.47    4.76
 141230.511    79.542     2.89    4.99
 141606.674    79.382    -0.43    4.66
 141982.839    78.508    -2.32    4.71
 142359.005    77.277    -3.27    4.15
 142735.172    77.675     1.06    5.79
 143111.340    79.311     4.35    7.02
 143487.510    80.773     3.89    8.18
 143863.681    81.649     2.33    8.58
 144239.852    81.079    -1.52    6.83
 144616.025    80.295    -2.08    6.29
 144992.199    79.160    -3.02    5.63
 145368.375    78.294    -2.30    4.85
 145744.551    78.484     0.50    5.19
 146120.729    82.465    10.58    5.67
 146496.908    87.747    14.04    8.81
 146873.088    90.722     7.91    8.85
 147249.269    95.079    11.58   10.93
 147625.451    99.004    10.43   13.75
 148001.635   100.698     4.50   14.61
 148377.820    99.869    -2.20   14.56
 148754.006    95.835   -10.72   14.99
 149130.193    88.052   -20.69   12.39
 149506.381    83.882   -11.08    9.20
 149882.571    80.593    -8.74    9.59
 150258.762    81.963     3.64    9.44
 150634.953    83.303     3.56   10.34
 151011.147    86.268     7.88    9.73
 151387.341    86.897     1.67    9.12
 151763.536    86.927     0.08    8.83
 152139.733    87.889     2.56    9.28
 152515.931    88.645     2.01   11.56
 152892.130    85.004    -9.68   16.29
 153268.331    79.909   -13.54   17.66
 153644.532    71.382   -22.66   17.82
 154020.735    66.978   -11.71   16.48
 154396.939    61.747   -13.90   16.18
 154773.144    58.147    -9.57   13.24
 155149.351    60.970     7.51   15.97
 155525.558    69.160    21.77   20.90
 155901.767    80.808    30.96   18.86
 156277.977    86.646    15.52   16.07
 156654.189    86.619    -0.07   14.32
 157030.401    79.747   -18.27   17.70
 157406.615    73.645   -16.22   18.25
 157782.830    69.425   -11.22   19.44
 158159.046    75.619    16.47   20.92
 158535.264    78.268     7.04   19.56
 158911.483    78.698     1.14   18.49
 159287.703    71.382   -19.45   21.23
 159663.924    64.440   -18.45   21.11
 160040.146    53.808   -28.26   15.83
 160416.370    47.409   -17.01   11.69
 160792.595    41.769   -14.99    9.93
 161168.821    40.676    -2.90    9.09
 161545.048    41.619     2.51   11.10
 161921.277    44.376     7.33   13.01
 162297.507    47.943     9.48   13.15
 162673.738    49.592     4.38   11.31
 163049.843    54.619    13.37   13.79
 163425.824    62.244    20.28   18.14
 163801.806    71.696    25.14   20.29
 164177.789    80.727    24.02   19.34
 164553.774    88.645    21.06   14.91
 164929.760    86.777    -4.97   15.62
 165305.747    79.935   -18.20   19.18
 165681.735    66.349   -36.13   19.00
 166057.725    57.952   -22.33   15.07
 166433.715    55.147    -7.46   13.63
 166809.708    65.724    28.13   22.08
 167185.701    80.260    38.66   23.58
 167561.696    91.296    29.35   17.45
 167937.691    91.978     1.82   13.29
 168313.689    85.673   -16.77   11.99
 168689.687    80.727   -13.15    8.34
 169065.687    78.916    -4.82    6.67
 169441.688    80.230     3.49    7.89
 169817.690    82.132     5.06    8.03
 170193.694    84.219     5.55    7.41
 170569.699    86.349     5.66    5.84
 170945.705    86.106    -0.65    6.49
 171321.712    87.517     3.75    6.33
 171697.721    87.978     1.23    5.21
 172073.731    86.251    -4.59    5.73
 172449.742    83.722    -6.73    5.11
 172825.755    82.241    -3.94    4.35
 173201.769    82.998     2.01    4.53
 173577.784    85.052     5.46    5.10
 173953.801    87.165     5.62    4.98
 174329.819    87.568     1.07    5.10
 174705.838    87.566    -0.00    5.20
 175081.858    86.008    -4.14    5.67
 175457.880    84.484    -4.05    5.43
 175833.903    84.425    -0.16    5.16
 176209.927    82.488    -5.15    5.30
 176585.953    83.568     2.87    6.05
 176961.980    83.484    -0.22    6.36
 177338.008    84.029     1.45    6.17
 177714.038    86.303     6.05    5.36
 178090.069    87.724     3.78    5.28
 178466.101    88.592     2.31    5.26
 178842.135    86.969    -4.32    6.40
 179218.170    84.079    -7.69    7.17
 179594.206    80.998    -8.19    6.27
 179970.244    78.916    -5.53    3.21
 180346.283    80.305     3.69    3.85
 180722.323    82.004     4.52    4.90
 181098.364    83.337     3.55    5.75
 181474.407    83.925     1.56    5.84
 181850.452    83.330    -1.58    6.05
 182226.497    82.147    -3.15    5.83
 182602.544    81.040    -2.94    5.79
 182978.592    80.927    -0.30    5.85
 183354.642    82.916     5.29    7.24
 183730.693    85.040     5.65    7.27
 184106.745    88.672     9.66    7.19
 184482.799    92.069     9.03    6.76
 184858.854    94.565     6.64    5.70
 185234.910    96.491     5.12    5.17
 185610.968    95.927    -1.50    5.06
 185987.027    97.322     3.71    5.25
 186363.088    98.133     2.16    5.27
 186739.149   100.052     5.10    5.30
 187115.212   101.330     3.40    4.60
 187491.277   102.773     3.84    4.37
 187867.343   104.480     4.54    4.02
 188243.410   106.019     4.09    4.72
 188619.479   107.066     2.79    5.05
 188995.549   107.841     2.06    5.63
 189371.620   107.356    -1.29    6.10
 189747.693   107.593     0.63    6.39
 190123.767   111.158     9.48   10.60
 190499.842   116.093    13.12   12.78
 190875.919   118.819     7.25   11.51
 191251.997   122.202     9.00    9.06
 191628.077   123.569     3.63    8.25
 192004.158   121.882    -4.49    7.32
 192380.240   124.064     5.80    8.24
 192756.324   123.376    -1.83    7.78
 193132.409   122.457    -2.44    9.35
 193508.496   123.565     2.95    9.95
 193884.584   122.465    -2.92    9.81
 194260.673   121.889    -1.53    8.41
 194636.764   121.419    -1.25    8.88
 195012.856   119.593    -4.85    7.70
 195388.949   118.277    -3.50    8.01
 195765.044   119.593     3.50    9.25
 196141.141   120.183     1.57   10.10
 196517.238   119.830    -0.94    9.98
 196893.337   119.897     0.18   10.26
 197269.438   118.106    -4.76   10.21
 197645.540   119.564     3.87    9.86
 198021.643   121.694     5.66    9.66
 198397.748   121.465    -0.61    9.57
 198773.854   120.076    -3.69   10.79
 199149.962   117.430    -7.04    9.54
 199526.071   112.808   -12.29    9.11
 199902.181   113.830     2.72    8.84
 200278.293   111.517    -6.15    8.49
 200654.406   108.119    -9.03    8.49
 201030.521   103.696   -11.76    9.05
 201406.637   100.029    -9.75    6.70
 201782.754    97.356    -7.11    6.39
 202158.873    95.727    -4.33    6.67
 202534.994    94.014    -4.56    6.20
 202911.116    91.029    -7.94    2.38
 203287.239    93.036     5.33    5.29
 203663.364    94.799     4.69    5.46
 204039.490    95.758     2.55    4.35
 204415.617    97.672     5.09    5.87
 204791.746    99.004     3.54    7.69
 205167.877   101.119     5.62    8.07
 205544.009    97.889    -8.59   11.34
 205920.142    88.382   -25.28   19.64
 206296.277    81.943   -17.12   21.05
 206672.413    76.311   -14.97   19.36
 207048.551    70.376   -15.78   17.16
 207424.690    70.363    -0.04   15.35
 207800.830    74.388    10.70   14.29
 208176.972    79.260    12.95   14.89
 208553.116    90.970    31.13   11.98
 208929.261    96.978    15.97    8.44
 209305.407    99.696     7.23    5.12
 209681.555   101.619     5.11    3.29
 210057.704   100.830    -2.10    3.86
 210433.855    96.457   -11.63    8.39
 210810.008    91.268   -13.80   12.99
 211186.161    84.568   -17.81   15.95
 211562.316    78.494   -16.15   16.19
 211938.473    77.029    -3.89   16.60
 212314.631    78.055     2.73   16.72
 212690.791    80.508     6.52   16.70
 213066.952    85.568    13.45   14.05
 213443.115    90.241    12.42    8.06
 213819.279    93.286     8.10    2.56
 214195.444    94.488     3.19    3.06
 214571.611    93.488    -2.66    6.33
 214947.780    89.241   -11.29   12.33
 215323.950    77.183   -32.05   20.00
 215700.121    66.850   -27.47   20.79
 216076.294    58.869   -21.22   21.70
 216452.469    60.673     4.80   22.61
 216828.645    59.700    -2.59   21.48
 217204.822    56.160    -9.41   18.55
 217581.001    50.889   -14.01   17.37
 217957.182    43.207   -20.42   13.65
 218333.364    41.670    -4.09   16.65
 218709.547    42.722     2.79   20.92
 219085.732    43.147     1.13   22.55
 219461.919    39.337   -10.13   21.16
 219838.107    33.147   -16.46   17.41
 220214.296    29.277   -10.29   15.17
 220590.487    27.119    -5.74   14.52
 220966.680    22.824   -11.42   11.52
 221342.874    20.673    -5.72   10.32
 221719.070    19.224    -3.85   10.49
 222095.267    16.978    -5.97    8.92
 222471.465    17.202     0.60    9.17
 222847.665    15.803    -3.72    8.61
 223223.867    13.646    -5.73    8.25
 223600.070    10.430    -8.55    9.10
 223976.275     3.511   -18.39    9.87
 224352.481    -2.798   -16.77    7.94
 224728.689    -7.048   -11.30    5.45
 225104.898    -9.656    -6.93    2.17
 225481.109   -10.075    -1.11    1.31
 225857.321   -10.176    -0.27    1.00
 226233.535   -10.223    -0.13    0.95
 226609.751    -9.868     0.94    1.32
 226985.968    -9.945    -0.20    1.60
 227362.186   -10.381    -1.16    1.78
 227738.406   -10.909    -1.40    1.66
 228114.628   -11.565    -1.74    0.77
 228490.851    -5.432    16.30   11.75
 228867.076     3.619    24.06   15.05
 229243.302    10.722    18.88   13.78
 229619.530    17.251    17.35    9.02
 229995.759    17.835     1.55    8.89
 230371.990    20.133     6.11    7.90
 230748.223    22.889     7.33    9.03
 231124.457    24.901     5.35   11.09
 231500.692    30.235    14.18   12.90
 231876.930    34.457    11.22   14.03
 232253.168    39.876    14.40   17.17
 232629.409    48.277    22.33   22.91
 233005.650    56.435    21.68   24.95
 233381.894    63.106    17.73   24.16
 233758.139    64.694     4.22   22.50
 234134.385    60.672   -10.69   21.15
 234510.634    50.341   -27.46   22.50
 234886.883    44.014   -16.82   18.03
 235263.135    43.091    -2.45   17.16
 235639.387    51.158    21.44   24.47
 236015.642    62.978    31.42   26.23
 236391.898    76.905    37.01   25.81
 236768.156    89.943    34.65   25.41
 237144.415    93.998    10.77   25.90
 237520.676   100.998    18.60   20.94
 237896.938    99.419    -4.19   23.06
 238272.922    98.970    -1.19   22.91
 238648.866    96.093    -7.65   20.71
 239024.812    93.830    -6.02   18.77
 239400.760    98.235    11.72   14.83
 239776.710   104.214    15.90   11.92
 240152.660   106.544     6.20   11.34
 240528.613   108.435     5.03   10.72
 240904.567   110.202     4.70    7.49
 241280.523   111.322     2.98    7.68
 241656.480   112.008     1.83   12.67
 242032.439   106.235   -15.36   22.99
 242408.400    98.337   -21.01   27.93
 242784.362   100.384     5.44   25.64
 243160.326   100.106    -0.74   23.23
 243536.291   105.214    13.59   20.06
 243912.258   106.673     3.88   20.09
 244288.227    94.722   -31.79   29.03
 244664.197    87.511   -19.18   30.07
 245040.169    79.363   -21.67   26.11
 245416.143    82.856     9.29   26.62
 245792.118    89.517    17.72   28.74
 246168.095    99.754    27.23   26.97
 246544.073   108.204    22.48   22.41
 246920.053   116.670    22.52   11.51
 247296.035   118.314     4.37   10.28
 247672.018   119.943     4.34   10.21
 248048.003   119.916    -0.07   11.73
 248423.990   121.241     3.52   11.50
 248799.978   122.773     4.08   11.25
 249175.968   121.031    -4.63   10.49
 249551.959   120.004    -2.73   10.32
 249927.952   121.882     5.00   10.57
 250303.947   123.619     4.62   12.43
 250679.943   127.799    11.12   11.54
 251055.941   132.727    13.11   10.90
 251431.941   134.927     5.85   12.51
 251807.942   133.961    -2.57   13.41
 252183.945   131.055    -7.73   13.80
 252559.950   123.673   -19.63   10.78
 252935.956   117.824   -15.56    7.07
 253311.964   116.568    -3.34    6.42
 253687.974   118.786     5.90    8.56
 254063.985   120.727     5.16    8.98
 254439.998   122.079     3.59    8.01
 254816.013   120.943    -3.02    7.49
 255192.029   118.830    -5.62    5.70
 255568.047   119.647     2.17    6.55
 255944.066   121.294     4.38    8.82
 256320.088   121.909     1.63    8.96
 256696.111   123.619     4.55    8.42
 257072.135   127.183     9.48    8.96
 257448.161   132.330    13.69   11.47
 257824.189   135.488     8.40   12.45
 258200.219   138.241     7.32   11.13
 258576.250   138.004    -0.63   10.76
 258952.283   133.675   -11.51   10.48
 259328.318   131.158    -6.69   11.23
 259704.354   127.747    -9.07   10.94
 260080.393   125.119    -6.99   10.63
 260456.432   124.241    -2.34    8.85
 260832.474   125.646     3.74    8.14
 261208.517   126.889     3.31    7.73
 261584.562   128.943     5.46    7.26
 261960.608   130.119     3.13    6.25
 262336.656   129.311    -2.15    7.18
 262712.706   126.619    -7.16   10.82
 263088.758   121.943   -12.43   16.88
 263464.811   117.672   -11.36   19.42
 263840.866   113.672   -10.64   20.53
 264216.923   102.773   -28.98   21.84
 264592.981    94.511   -21.97   17.89
 264969.042    97.414     7.72   20.02
 265345.103   104.202    18.05   21.73
 265721.167   113.081    23.61   21.45
 266097.232   113.978     2.39   22.98
 266473.299   105.088   -23.64   25.42
 266849.368    97.517   -20.13   21.49
 267225.439    96.889    -1.67   20.66
 267601.511   105.700    23.43   24.74
 267977.585   121.251    41.35   22.25
 268353.660   132.202    29.12   19.30
 268729.738   140.337    21.63   18.90
 269105.817   147.235    18.34   17.16
 269481.897   152.998    15.32    9.98
 269857.980   153.491     1.31    8.74
 270234.064   150.696    -7.43    6.81
 270610.150   144.209   -17.25    8.48
 270986.238   138.700   -14.65    8.80
 271362.327   133.876   -12.83    7.08
 271738.419   131.268    -6.93    3.87
 272114.512   133.014     4.64    4.97
 272490.606   132.540    -1.26    6.93
 272866.703   131.057    -3.94    7.11
 273242.801   131.363     0.81    7.00
 273618.901   134.724     8.94    6.88
 273995.003   139.091    11.61    7.86
 274371.106   142.619     9.38    7.44
 274747.211   150.452    20.83   12.84
 275123.318   156.978    17.35   15.38
 275499.427   161.830    12.90   16.61
 275875.537   163.835     5.33   13.73
 276251.650   164.935     2.92   12.10
 276627.764   163.593    -3.57   12.02
 277003.879   159.132   -11.86   13.48
 277379.997   156.258    -7.64   13.63
 277756.116   156.014    -0.65   13.54
 278132.237   155.700    -0.83   15.83
 278508.360   157.295     4.24   19.57
 278884.485   157.052    -0.65   19.21
 279260.611   153.649    -9.05   19.76
 279636.739   152.927    -1.92   17.74
 280012.869   152.593    -0.89   14.04
 280389.001   154.647     5.46    7.78
 280765.134   158.517    10.29    8.80
 281141.270   161.341     7.51    9.83
 281517.407   160.882    -1.22    9.51
 281893.545   156.106   -12.70   16.88
 282269.686   143.198   -34.32   24.72
 282645.828   135.988   -19.17   21.95
 283021.973   134.670    -3.50   19.98
 283398.119   140.644    15.88   16.92
 283774.267   147.781    18.98   13.14
 284150.416   153.747    15.86   13.13
 284526.567   161.484    20.57   14.07
 284902.721   169.754    21.99   16.34
 285278.876   182.970    35.14   17.05
 285655.032   192.019    24.06   15.94
 286031.191   192.465     1.19   17.84
 286407.352   190.269    -5.84   18.67
 286783.514   185.341   -13.10   17.25
 287159.678   184.029    -3.49   15.54
 287535.844   188.175    11.02   19.44
 287912.011   197.356    24.41   22.35
 288288.181   207.517    27.01   18.66
 288664.352   207.672     0.41   19.38
 289040.525   208.286     1.63   16.58
 289416.700   203.540   -12.62   15.34
 289792.877   195.894   -20.33   14.46
 290169.055   185.536   -27.54   16.13
 290545.236   175.106   -27.73   14.18
 290921.418   164.540   -28.09   11.25
 291297.602   160.619   -10.42   10.08
 291673.788   159.998    -1.65   11.84
 292049.976   160.064     0.18   12.75
 292426.165   161.029     2.57   13.01
 292802.357   160.694    -0.89   11.85
 293178.550   160.538    -0.41   10.01
 293554.745   164.319    10.05   12.56
 293930.942   170.356    16.05   12.14
 294307.141   173.803     9.16   12.08
 294683.341   175.754     5.19   11.12
 295059.544   179.029     8.71   10.15
 295435.748   181.619     6.88   11.11
 295811.954   187.564    15.80   12.67
 296188.162   194.106    17.39   14.29
 296564.372   200.536    17.09   16.57
 296940.583   206.235    15.15   19.28
 297316.797   216.363    26.92   24.66
 297693.012   225.991    25.59   24.71
 298069.230   232.268    16.69   23.25
 298445.449   231.889    -1.01   23.35
 298821.670   226.909   -13.24   23.76
 299197.893   221.773   -13.65   21.31
 299574.117   221.403    -0.98   22.06
 299950.344   227.337    15.77   24.30
 300326.572   229.799     6.54   24.96
 300702.803   223.382   -17.05   25.73
 301079.035   213.403   -26.53   18.20
 301455.269   220.158    17.95   22.46
 301831.505   232.540    32.91   27.98
 302207.743   247.258    39.12   32.82
 302583.983   259.388    32.24   30.82
 302960.224   261.397     5.34   30.97
 303336.468   251.935   -25.15   34.19
 303712.713   232.876   -50.66   33.83
 304088.960   215.432   -46.36   24.42
 304465.209   204.970   -27.80   15.67
 304841.461   200.014   -13.17    9.54
 305217.713   202.349     6.21   10.32
 305593.968   207.876    14.69   14.84
 305970.225   215.619    20.58   18.38
 306346.484   222.927    19.42   18.65
 306722.744   224.465     4.09   17.06
 307099.007   220.363   -10.90   14.12
 307475.271   217.835    -6.72   10.64
 307851.537   217.670    -0.44   10.55
 308227.805   223.909    16.58   12.91
 308604.075   234.480    28.10   12.70
 308980.347   242.430    21.13   13.56
 309356.621   247.241    12.79   15.21
 309732.897   245.430    -4.81   20.40
 310109.174   241.670    -9.99   22.99
 310485.454   230.088   -30.78   21.04
 310861.736   221.440   -22.98   19.72
 311238.019   216.850   -12.20   14.02
 311614.304   216.869     0.05   15.55
 311990.592   219.593     7.24   20.48
 312366.881   222.268     7.11   19.80
 312743.172   219.824    -6.49   17.40
 313119.369   220.055     0.61   16.67
 313495.277   216.961    -8.23   13.52
 313871.187   224.198    19.25   20.03
 314247.099   228.311    10.94   24.04
 314623.013   227.311    -2.66   22.87
 314998.929   223.536   -10.04   17.45
 315374.847   220.862    -7.11   10.70
 315750.766   222.754     5.03   12.06
 316126.688   225.619     7.62   12.96
 316502.611   228.619     7.98   14.84
 316878.537   233.195    12.17   15.40
 317254.464   242.824    25.62   20.13
 317630.394   251.696    23.60   24.77
 318006.325   258.591    18.34   26.17
 318382.258   272.978    38.27   31.39
 318758.193   287.970    39.88   31.48
 319134.131   300.901    34.40   20.81
 319510.070   308.961    21.44    6.39
 319886.011   303.491   -14.55   10.94
 320261.954   290.349   -34.96   18.11
 320637.899   274.751   -41.49   22.79
 321013.846   258.144   -44.17   23.23
 321389.795   246.333   -31.42   16.26
 321765.745   250.214    10.32   20.60
 322141.698   265.430    40.48   30.51
 322517.653   284.565    50.90   29.63
 322893.610   305.646    56.08   17.38
 323269.569   315.564    26.38    8.38
 323645.529   317.844     6.07    5.89
 324021.492   317.235    -1.62    6.53
 324397.457   313.349   -10.34    8.95
 324773.423   299.927   -35.70   20.15
 325149.392   282.014   -47.65   28.24
 325525.362   260.724   -56.63   30.87
 325901.335   241.514   -51.10   19.36
 326277.309   236.440   -13.50   12.83
 326653.286   239.119     7.13   14.48
 327029.265   245.382    16.66   16.97
 327405.245   250.519    13.66   17.64
 327781.228   249.591    -2.47   16.83
 328157.212   248.961    -1.67   17.29
 328533.199   246.457    -6.66   16.77
 328909.187   240.916   -14.74   12.51
 329285.178   239.241    -4.46    9.52
 329661.170   238.119    -2.98    7.33
 330037.165   237.388    -1.94    7.13
 330413.161   239.540     5.72    8.37
 330789.160   244.935    14.35   13.90
 331165.160   257.901    34.49   21.87
 331541.163   273.517    41.53   22.31
 331917.167   291.363    47.46   19.42
 332293.174   302.538    29.72   15.31
 332669.182   310.722    21.77   11.47
 333045.193   317.091    16.94    6.05
 333421.205   319.251     5.74    5.32
 333797.220   321.014     4.69    4.38
 334173.236   322.994     5.27    2.88
 334549.255   323.791     2.12    3.41
 334925.276   324.577     2.09    3.51
