#   76.271  -6.338  25.652 ;Mean Elev.(m), Avg Gradient(m/km), RMS Gradient(m/km) - SRTM1     
#   79.225  -5.510  21.801 ;Mean Elev.(m), Avg Gradient(m/km), RMS Gradient(m/km) - ASTER GDEM
#   75.805  -6.525  28.651 ;Mean Elev.(m), Avg Gradient(m/km), RMS Gradient(m/km) - GMTED2010 
  7    40.803 52469.88135870 45.31  13.572505  -5.577526 22.858
  7    41.639 52469.88135934 47.08  13.571775  -5.574216 22.858
  7    41.297 52469.88135999 44.97  13.571045  -5.570916 22.858
  7    41.354 52469.88136450 33.97  13.565935  -5.547786 22.858
  7    41.571 52469.88136515 32.51  13.565200  -5.544487  6.224
  7    41.538 52469.88136579 31.17  13.564470  -5.541177  6.224
  8    40.786 52504.88134287 39.21  13.573183  -5.577838 22.795
  8    40.333 52504.88134351 40.62  13.572453  -5.574528 22.795
  8    40.434 52504.88134415 40.18  13.571723  -5.571228 22.795
  8    39.241 52504.88134931 31.70  13.565873  -5.544798 22.795
  8    39.394 52504.88134996 30.21  13.565143  -5.541488 22.795
 12    55.125 52644.88132084 35.77  13.575550  -5.580200  9.675
 12    54.928 52644.88132148 36.04  13.574820  -5.576900  9.675
 16    44.556 52784.88131357 43.90  13.574223  -5.579143 22.105
 16    44.539 52784.88131422 43.34  13.573493  -5.575843 22.105
 16    44.675 52784.88131486 44.05  13.572763  -5.572533 22.105
 16    44.641 52784.88132002 34.08  13.566913  -5.546103 22.105
 16    45.073 52784.88132066 31.30  13.566183  -5.542803 22.105
 21   110.293 52959.88139688  3.95  13.575658  -5.547824  1.949
 21    88.825 52959.88139753  5.77  13.574928  -5.544524  1.949
 23    51.563 53029.88138726 33.02  13.576866  -5.582654 19.833
 23    51.972 53029.88138791 34.43  13.576136  -5.579344 19.833
 23    52.016 53029.88138855 33.54  13.575406  -5.576044 19.833
 23    51.637 53029.88138920 33.34  13.574676  -5.572734 19.833
 23    50.342 53029.88139436 28.19  13.568826  -5.546304 19.833
 23    50.111 53029.88139500 26.96  13.568096  -5.543004 19.833
 24    44.679 53064.88139408 39.62  13.581642  -5.584802 19.556
 24    44.917 53064.88139472 43.30  13.580912  -5.581502 19.556
 24    44.971 53064.88139537 44.38  13.580182  -5.578192 19.556
 24    44.103 53064.88140117 30.11  13.573602  -5.548462 19.556
 24    44.566 53064.88140182 29.63  13.572872  -5.545152 19.556
 25   100.804 53099.88140869  4.23  13.563761  -5.549777  3.116
 25   103.399 53099.88140934  3.95  13.563031  -5.546477  3.116
 25   104.728 53099.88140998  4.73  13.562301  -5.543177  3.116
 25   106.647 53099.88141063  5.74  13.561571  -5.539867  3.116
 26    43.731 53134.88139459 42.19  13.582860  -5.582737 20.172
 26    43.819 53134.88139523 45.44  13.582130  -5.579427 20.172
 26    43.390 53134.88140168 29.21  13.574820  -5.546387 20.172
 28    39.357 53204.88146482 43.54  13.574186  -5.580760 23.868
 28    39.679 53204.88146547 48.18  13.573456  -5.577460 23.868
 28    39.589 53204.88146611 46.55  13.572726  -5.574150 23.868
 28    39.647 53204.88146676 46.16  13.571989  -5.570850 15.512
 28    40.081 53204.88147127 33.41  13.566879  -5.547720 15.512
 28    40.359 53204.88147191 31.78  13.566149  -5.544420 15.512
 28    40.155 53204.88147256 30.89  13.565419  -5.541110 15.512
 31    46.941 53309.88144833 42.79  13.571237  -5.577827 19.038
 31    47.103 53309.88144898 42.85  13.570507  -5.574517 19.038
 31    46.950 53309.88144962 41.98  13.569777  -5.571217 19.038
 31    47.047 53309.88145027 38.73  13.569047  -5.567907 19.038
 31    47.307 53309.88145413 32.87  13.564657  -5.548087 19.038
 31    47.475 53309.88145478 30.70  13.563927  -5.544787 19.038
 31    47.477 53309.88145542 29.95  13.563197  -5.541477 19.038
 35    43.483 53449.88138368 37.73  13.577824  -5.580564  8.700
 35    41.987 53449.88138432 42.43  13.577094  -5.577264  8.700
 35    43.493 53449.88138497 39.40  13.576364  -5.573964  8.700
 37    42.801 53519.88146528 45.58  13.577842  -5.582735 21.780
 37    42.980 53519.88146593 48.94  13.577112  -5.579435 21.780
 37    43.178 53519.88146657 45.36  13.576382  -5.576125 21.780
 37    43.174 53519.88147237 32.26  13.569802  -5.546395 21.780
 37    43.190 53519.88147302 30.32  13.569072  -5.543085 21.780
 39    38.942 53589.88143155 40.94  13.582542  -5.584162 18.425
 39    39.087 53589.88143220 45.82  13.581812  -5.580852 18.425
 39    39.113 53589.88143284 46.60  13.581082  -5.577552 18.425
 39    38.791 53589.88143865 29.95  13.574502  -5.547812 18.425
 39    38.812 53589.88143929 29.13  13.573772  -5.544512 18.425
 40    47.082 53624.88141459 34.00  13.567416  -5.569242 15.022
 40    46.213 53624.88141523 35.82  13.566686  -5.565942 15.022
 40    46.892 53624.88141587 34.42  13.565956  -5.562632 15.022
 40    46.598 53624.88141845 30.74  13.563026  -5.549422 15.022
 40    46.674 53624.88141910 29.94  13.562296  -5.546112 15.022
 40    46.354 53624.88141974 28.80  13.561566  -5.542812 15.022
 40    45.916 53624.88142039 26.90  13.560836  -5.539502 15.022
 42    66.771 53694.88141999 12.86  13.567464  -5.546724  3.515
 42    61.654 53694.88142064 13.55  13.566734  -5.543424  3.515
 43   105.379 53729.88134234  3.47  13.571858  -5.549308  1.855
 43    84.704 53729.88134298  5.43  13.571128  -5.546008  1.855
 43   111.320 53729.88134363  5.60  13.570398  -5.542708  1.855
 44    78.154 53764.88130240  4.85  13.582183  -5.576391  4.600
 44    43.999 53764.88130755 27.22  13.576333  -5.549961  4.600
 44    44.027 53764.88130820 27.89  13.575603  -5.546661  4.600
 45   119.555 53799.88130654  1.08  13.580382  -5.583848  6.529
 45    43.464 53799.88131363 28.03  13.572342  -5.547508  6.529
 45    43.488 53799.88131427 27.97  13.571612  -5.544208  6.529
 46    43.227 53834.88130757 47.79  13.578224  -5.583048 21.830
 46    43.349 53834.88130822 48.62  13.577494  -5.579748 21.830
 46    43.450 53834.88130886 45.64  13.576764  -5.576438 21.830
 46    43.037 53834.88131467 32.46  13.570184  -5.546708 21.830
 46    43.623 53834.88131531 30.18  13.569454  -5.543408 21.830
 47    43.734 53869.88136934 47.91  13.574715  -5.579368 20.497
 47    43.726 53869.88136999 44.34  13.573985  -5.576068 20.497
 47    43.865 53869.88137063 45.22  13.573255  -5.572768 20.497
 47    43.991 53869.88137579 32.98  13.567405  -5.546328 20.497
 47    43.911 53869.88137643 32.38  13.566675  -5.543028 20.497
 48    43.187 53904.88140438 43.31  13.573240  -5.578565 23.220
 48    43.198 53904.88140503 44.64  13.572510  -5.575265 23.220
 48    43.350 53904.88140567 45.07  13.571780  -5.571955 23.220
 48    43.575 53904.88141083 32.26  13.565930  -5.545525 23.220
 48    43.841 53904.88141148 30.78  13.565200  -5.542225 23.220
 50    41.154 53974.88139625 45.25  13.572046  -5.577406 22.491
 50    41.325 53974.88139690 49.99  13.571316  -5.574106 22.491
 50    41.143 53974.88139754 47.88  13.570586  -5.570806 22.491
 50    40.668 53974.88140206 35.15  13.565466  -5.547676 22.491
 50    41.554 53974.88140270 33.18  13.564736  -5.544366 22.491
 50    41.493 53974.88140335 30.58  13.564006  -5.541066 22.491
 52    69.608 54044.88140945  7.39  13.582067  -5.580205  6.348
 52    70.200 54044.88141010 10.84  13.581337  -5.576895  6.348
 53   108.055 54079.88140900  6.67  13.568356  -5.547079  2.841
 53   109.751 54079.88140965  6.38  13.567626  -5.543769  2.841
 56    66.391 54184.88132865 10.24  13.575730  -5.580480  6.552
 56    65.293 54184.88132929 12.64  13.575000  -5.577170  6.552
 56    66.347 54184.88132993 13.04  13.574270  -5.573870  6.552
 57   302.379 54219.88136585  4.90  13.567818  -5.547757  5.782
 57   303.766 54219.88136649  5.47  13.567088  -5.544447  5.782
 57   305.917 54219.88136713  5.45  13.566358  -5.541147  5.782
 58    43.480 54254.88138402 46.36  13.575429  -5.580758 23.805
 58    43.662 54254.88138467 45.16  13.574699  -5.577458 23.805
 58    43.590 54254.88138531 45.34  13.573969  -5.574148 23.805
 58    43.786 54254.88139047 33.62  13.568119  -5.547718 23.805
 58    43.807 54254.88139111 32.21  13.567389  -5.544418 23.805
 59    46.180 54289.88138777 34.31  13.576386  -5.574007 18.255
 59    44.201 54289.88139293 29.41  13.570536  -5.547567 18.255
 59    43.649 54289.88139358 28.40  13.569806  -5.544267 18.255
 60    46.136 54324.88138329 38.20  13.578358  -5.582849 15.127
 60    45.824 54324.88138394 36.80  13.577628  -5.579539 15.127
 60    46.481 54324.88138458 37.16  13.576898  -5.576239 15.127
 60    44.367 54324.88139038 26.38  13.570318  -5.546499 15.127
 60    43.297 54324.88139103 26.26  13.569588  -5.543199 15.127
 61    49.097 54359.88133747 37.07  13.577005  -5.582737 18.065
 61    48.332 54359.88133811 37.28  13.576275  -5.579427 18.065
 61    48.434 54359.88133875 35.11  13.575545  -5.576127 18.065
 61    47.981 54359.88133940 37.26  13.574815  -5.572827 18.065
 61    46.263 54359.88134456 30.33  13.568965  -5.546387 18.065
 61    45.855 54359.88134520 29.03  13.568235  -5.543087 18.065
 63    51.595 54429.88128729 41.02  13.578126  -5.582866 20.307
 63    51.687 54429.88128793 44.38  13.577396  -5.579556 20.307
 63    51.666 54429.88128858 43.41  13.576666  -5.576256 20.307
 63    52.132 54429.88129438 31.10  13.570086  -5.546516 20.307
 63    52.712 54429.88129503 31.54  13.569356  -5.543216 20.307
 64    51.653 54464.88130324 41.73  13.578230  -5.581607 19.990
 64    51.717 54464.88130388 43.56  13.577500  -5.578307 19.990
 64    51.821 54464.88130453 41.23  13.576770  -5.575007 19.990
 64    51.172 54464.88130969 31.19  13.570920  -5.548577 19.990
 64    51.562 54464.88131033 31.82  13.570190  -5.545267 19.990
 64    52.180 54464.88131097 29.12  13.569460  -5.541967 19.990
 65    70.047 54499.88129964  8.23  13.576896  -5.578156  6.416
 65    70.470 54499.88130029  9.72  13.576166  -5.574846  6.416
 65    48.903 54499.88130545 28.95  13.570316  -5.548416  6.416
 66   304.066 54534.88132442  6.34  13.570375  -5.546469  6.743
 66   305.065 54534.88132506  8.18  13.569645  -5.543169  6.743
 67    64.414 54569.88130891 13.65  13.569522  -5.547734  3.085
 67    61.575 54569.88130955 15.22  13.568792  -5.544434  3.085
 68    44.488 54604.88131268 44.41  13.575983  -5.581232 22.723
 68    44.677 54604.88131332 45.23  13.575253  -5.577922 22.723
 68    44.824 54604.88131397 44.27  13.574523  -5.574622 22.723
 68    44.799 54604.88131913 33.22  13.568673  -5.548192 22.723
 68    45.151 54604.88131977 31.58  13.567943  -5.544882 22.723
 68    45.287 54604.88132042 30.31  13.567213  -5.541582 22.723
 69    47.290 54639.88132276 37.98  13.575106  -5.579247 18.598
 69    46.667 54639.88132340 36.42  13.574376  -5.575937 18.598
 69    46.577 54639.88132405 37.93  13.573646  -5.572637 18.598
 69    45.636 54639.88132921 29.16  13.567796  -5.546207 18.598
 69    45.040 54639.88132985 28.01  13.567066  -5.542897 18.598
 70    43.203 54674.88133177 27.23  13.567169  -5.545474  8.775
 70    43.105 54674.88133241 26.97  13.566439  -5.542164  8.775
 71    47.160 54709.88128189 37.64  13.578039  -5.581007 17.760
 71    47.276 54709.88128253 37.15  13.577309  -5.577707 17.760
 71    48.572 54709.88128318 35.62  13.576579  -5.574397 17.760
 71    45.266 54709.88128834 29.03  13.570729  -5.547967 17.760
 71    45.352 54709.88128898 27.67  13.569999  -5.544667 17.760
 72    46.750 54744.88129206 38.99  13.576043  -5.580509  7.561
 72    47.015 54744.88129270 38.07  13.575313  -5.577199  7.561
 72    47.638 54744.88129335 36.67  13.574583  -5.573899  7.561
 74    52.808 54814.88129160 27.44  13.569192  -5.546219  7.741
 74    53.156 54814.88129224 26.26  13.568462  -5.542919  7.741
 75    49.557 54849.88126493 33.31  13.576169  -5.578567  7.674
 75    49.104 54849.88126557 37.08  13.575439  -5.575257  7.674
 76    46.185 54884.88128869 43.10  13.575356  -5.580473 21.143
 76    46.177 54884.88128933 42.80  13.574626  -5.577163 21.143
 76    46.334 54884.88128998 44.01  13.573896  -5.573863 21.143
 76    46.014 54884.88129513 32.76  13.568046  -5.547433 21.143
 76    46.137 54884.88129578 32.08  13.567316  -5.544123 21.143
 77    45.724 54919.88127226 29.56  13.566447  -5.547304  4.650
 77    45.142 54919.88127290 28.54  13.565717  -5.544004  4.650
 77    45.244 54919.88127354 28.24  13.564987  -5.540694  4.650
 78    44.612 54954.88128412 44.34  13.575412  -5.581172 23.039
 78    44.585 54954.88128477 45.03  13.574682  -5.577862 23.039
 78    44.706 54954.88128541 45.94  13.573952  -5.574562 23.039
 78    45.384 54954.88129057 33.42  13.568102  -5.548132 23.039
 78    45.230 54954.88129121 31.70  13.567372  -5.544832 23.039
 78    45.216 54954.88129186 30.42  13.566642  -5.541522 23.039
 79    45.082 54989.88130846 42.76  13.572993  -5.578513 21.824
 79    45.073 54989.88130911 44.62  13.572263  -5.575213 21.824
 79    45.129 54989.88130975 42.79  13.571533  -5.571913 21.824
 79    45.347 54989.88131491 33.62  13.565683  -5.545473 21.824
 79    45.428 54989.88131556 31.80  13.564953  -5.542173 21.824
 80    44.054 55024.88129866 39.85  13.577644  -5.581987 23.097
 80    45.825 55024.88129931 41.46  13.576914  -5.578687 23.097
 80    43.955 55024.88129995 41.27  13.576184  -5.575377 23.097
 80    42.347 55024.88130511 32.17  13.570334  -5.548947 23.097
 80    42.475 55024.88130575 31.44  13.569604  -5.545647 23.097
 80    42.718 55024.88130640 29.16  13.568874  -5.542337 23.097
 81   101.101 55059.88129377  8.64  13.576163  -5.579228  7.018
 81   119.086 55059.88129441  7.55  13.575433  -5.575918  7.018
 82    43.585 55094.88124568 45.68  13.575480  -5.581263 22.224
 82    43.678 55094.88124632 46.41  13.574750  -5.577963 22.224
 82    43.812 55094.88124697 42.65  13.574020  -5.574663 22.224
 82    43.618 55094.88125212 33.22  13.568170  -5.548223 22.224
 82    44.199 55094.88125277 31.34  13.567440  -5.544923 22.224
 82    44.192 55094.88125341 29.28  13.566710  -5.541613 22.224
 83    67.496 55129.88124106 11.97  13.569211  -5.548801  3.191
 83    65.203 55129.88124171 13.21  13.568481  -5.545501  3.191
 83    60.245 55129.88124235 14.92  13.567751  -5.542191  3.191
 86    47.201 55234.88121250 40.79  13.575734  -5.581405 18.262
 86    47.354 55234.88121314 41.72  13.575004  -5.578105 18.262
 86    47.457 55234.88121379 41.33  13.574274  -5.574795 18.262
 86    47.428 55234.88121895 31.08  13.568424  -5.548365 18.262
 86    47.421 55234.88121959 31.00  13.567694  -5.545065 18.262
 86    47.841 55234.88122024 28.52  13.566964  -5.541755 18.262
 87    45.284 55269.88122064 45.15  13.576789  -5.581919 21.312
 87    45.450 55269.88122129 44.54  13.576059  -5.578619 21.312
 87    45.567 55269.88122193 42.58  13.575329  -5.575309 21.312
 87    44.925 55269.88122709 32.49  13.569479  -5.548879 21.312
 87    45.592 55269.88122773 31.94  13.568749  -5.545579 21.312
 87    45.800 55269.88122838 29.80  13.568019  -5.542279 21.312
 88    49.185 55304.88119351 35.72  13.577241  -5.581283  7.856
 88    49.215 55304.88119415 34.03  13.576511  -5.577983  7.856
 88    49.377 55304.88119480 35.09  13.575781  -5.574673  7.856
 89    46.208 55339.88119372 43.32  13.576350  -5.580059 19.948
 89    46.372 55339.88119436 42.64  13.575620  -5.576749 19.948
 89    46.380 55339.88119501 43.86  13.574890  -5.573449 19.948
 89    46.552 55339.88120017 32.04  13.569040  -5.547019 19.948
 89    46.776 55339.88120081 30.58  13.568310  -5.543709 19.948
 90    47.453 55374.88118466 32.66  13.577434  -5.582558 14.956
 90    47.340 55374.88118530 36.74  13.576704  -5.579258 14.956
 90    47.407 55374.88118594 37.34  13.575974  -5.575948 14.956
 90    46.851 55374.88119175 28.08  13.569394  -5.546218 14.956
 90    46.498 55374.88119239 26.60  13.568664  -5.542908 14.956
 91    42.178 55409.88120649 45.80  13.578317  -5.583114 22.948
 91    42.347 55409.88120713 48.22  13.577587  -5.579814 22.948
 91    42.522 55409.88120778 45.56  13.576857  -5.576504 22.948
 91    42.220 55409.88121358 31.19  13.570277  -5.546774 22.948
 91    42.240 55409.88121422 30.08  13.569547  -5.543474 22.948
 92    42.263 55444.88120166 48.86  13.577289  -5.582780 24.716
 92    42.429 55444.88120230 48.90  13.576559  -5.579480 24.716
 92    42.619 55444.88120295 46.00  13.575829  -5.576170 24.716
 92    42.406 55444.88120875 31.64  13.569249  -5.546440 24.716
 92    42.759 55444.88120940 30.66  13.568519  -5.543130 24.716
