#  372.081  -2.194   4.538 ;Mean Elev.(m), Avg Gradient(m/km), RMS Gradient(m/km) - SRTM1     
#  369.420  -2.409   6.527 ;Mean Elev.(m), Avg Gradient(m/km), RMS Gradient(m/km) - ASTER GDEM
#  372.286  -2.246   4.641 ;Mean Elev.(m), Avg Gradient(m/km), RMS Gradient(m/km) - GMTED2010 
  8  24.400552   0.750659   369.245   369.212  5 52496.84863861 47.325
  9  24.394763   0.751453   370.019   369.943  5 52531.84862532 49.861
 10  24.402277   0.750555   370.271   370.279  5 52566.84864750 51.538
 11  24.392666   0.751332   371.848   371.846  5 52601.84865618 50.961
 12  24.394589   0.751708   371.732   371.750  6 52636.84862256 50.402
 13  24.396154   0.750354   371.111   371.095  6 52671.84862650 50.089
 14  24.398460   0.750625   370.076   370.009  6 52706.84862684 50.192
 15  24.393675   0.750587   370.083   370.102  6 52741.84865875 33.886
 16  24.400835   0.750910   370.421   370.439  5 52776.84860128 52.134
 17  24.394129   0.750968   369.593   369.590  6 52811.84867992 50.687
 18  24.396286   0.751197   369.939   369.931  6 52846.84873475 51.777
 20  24.399777   0.750596   370.311   370.268  5 52916.84872822 52.850
 21  24.402542   0.749831   370.030   369.829  5 52951.84868902 25.804
 22  24.404941   0.750680   371.776   371.802  5 52986.84870550 51.169
 23  24.401615   0.751014   370.654   370.673  6 53021.84869475 52.315
 24  24.403936   0.750047   370.424   370.427  5 53056.84868562 49.842
 25  24.389965   0.749624   369.958   369.976  6 53091.84872340 50.242
 26  24.400443   0.750353   370.538   370.544  6 53126.84869419 41.710
 27  24.391260   0.751078   369.326   369.329  5 53161.84875791 49.062
 28  24.398963   0.750924   368.709   368.698  5 53196.84875644 48.543
 29  24.404015   0.750939   368.808   368.810  5 53231.84873657 50.741
 30  24.395987   0.752148   368.886   368.944  6 53266.84870627 40.446
 31  24.388597   0.749978   369.244   369.304  6 53301.84875880 51.154
 32  24.396817   0.751397   370.676   370.687  5 53336.84872905 51.487
 33  24.399830   0.750335   371.120   371.131  5 53371.84866470 51.328
 34  24.399441   0.750737   370.323   370.297  5 53406.84870161 52.252
 35  24.397931   0.750524   369.632   369.610  6 53441.84868725 50.941
 36  24.391725   0.752509   370.011   370.054  6 53476.84875707 28.247
 37  24.396772   0.751129   370.440   370.451  6 53511.84876993 50.066
 38  24.392428   0.751226   369.468   369.493  5 53546.84878755 50.931
 39  24.397307   0.751108   368.599   368.665  6 53581.84875825 51.275
 40  24.394370   0.751427   369.418   369.393  6 53616.84871373 51.820
 41  24.397874   0.751455   369.188   369.194  5 53651.84872994 50.274
 42  24.393419   0.750109   370.898   370.887  6 53686.84873425 50.585
 43  24.400205   0.751727   370.436   370.447  5 53721.84866003 53.285
 44  24.405118   0.750074   369.677   369.673  5 53756.84859090 51.177
 45  24.401880   0.749953   369.463   369.455  6 53791.84861650 50.872
 46  24.402296   0.750267   370.475   370.505  5 53826.84858026 52.043
 47  24.393975   0.751188   369.815   369.810  6 53861.84866914 50.566
 48  24.398277   0.751384   369.466   369.408  5 53896.84868998 39.028
 49  24.387224   0.751587   369.141   369.267  5 53931.84874025 50.280
 50  24.391418   0.749847   368.418   368.450  6 53966.84871477 25.121
 51  24.400209   0.750351   369.139   369.115  6 54001.84867788 47.728
 52  24.400047   0.751419   369.637   369.584  5 54036.84871731 49.362
 53  24.399172   0.750396   372.758   372.778  6 54071.84871104 51.591
 54  24.396546   0.751364   371.820   371.823  5 54106.84866202 51.310
 55  24.397123   0.750613   371.344   371.130  6 54141.84864570 50.625
 56  24.396928   0.750467   370.798   370.791  6 54176.84864375 43.311
 58  24.396845   0.751188   370.493   370.479  6 54246.84868248 52.534
 60  24.399233   0.751074   369.439   369.519  5 54316.84869049 29.102
 61  24.397808   0.752088   369.875   369.852  6 54351.84865730 52.038
 62  24.398436   0.751919   370.879   370.875  5 54386.84862998 51.284
 63  24.397028   0.751729   370.855   370.851  6 54421.84860679 31.706
 64  24.398334   0.751800   371.518   371.563  5 54456.84860317 51.227
 65  24.398545   0.751202   371.365   371.369  5 54491.84860875 51.374
 66  24.399363   0.751758   370.465   370.481  6 54526.84861578 51.523
 67  24.397055   0.751863   370.799   370.620  5 54561.84861718 48.941
 68  24.397018   0.751796   369.915   369.845  5 54596.84861224 51.338
 69  24.396440   0.750438   370.318   370.308  6 54631.84862526 51.882
 70  24.395710   0.751855   369.452   369.448  6 54666.84863133 49.049
 71  24.398827   0.751918   369.669   369.622  5 54701.84859902 50.325
 72  24.397367   0.751455   369.899   369.923  5 54736.84859179 44.701
 73  24.398904   0.750783   370.479   370.488  6 54771.84857903 51.465
 74  24.396398   0.751355   370.753   370.790  6 54806.84858488 51.994
 75  24.398104   0.750531   370.545   370.569  5 54841.84857572 51.961
 76  24.396355   0.751103   371.117   370.964  5 54876.84858677 51.707
 77  24.396127   0.750756   370.571   370.587  6 54911.84858024 51.758
 78  24.395801   0.750203   371.396   371.690  6 54946.84857944 44.173
 79  24.395918   0.751119   370.865   370.854  5 54981.84860572 51.024
 80  24.397400   0.751972   370.047   370.065  6 55016.84860553 51.163
 81  24.398566   0.750754   369.101   369.091  5 55051.84860037 47.084
 82  24.396941   0.751165   369.155   369.062  5 55086.84856485 36.020
 83  24.398936   0.750973   370.210   370.201  6 55121.84853478 50.552
 84  24.396594   0.750929   371.679   371.674  6 55156.84852451 51.146
 85  24.396782   0.751349   371.529   371.508  5 55191.84852469 52.616
 86  24.396505   0.752232   371.317   371.312  6 55226.84852592 51.536
 87  24.398327   0.751280   372.003   372.019  6 55261.84851969 51.708
 88  24.397804   0.750660   371.680   371.638  6 55296.84851033 36.724
 89  24.395784   0.750191   371.587   371.566  6 55331.84850047 49.936
 90  24.398171   0.750623   370.583   370.651  5 55366.84849263 52.598
 91  24.397465   0.751416   369.751   369.793  6 55401.84850652 50.644
 92  24.398994   0.751882   368.992   368.959  6 55436.84851056 43.396
 93  24.398426   0.750421   369.581   369.592  6 55471.84846072 51.802
