#    4.046  -9.687  27.119 ;Mean Elev.(m), Avg Gradient(m/km), RMS Gradient(m/km) - SRTM1     
#   13.113  -6.992  27.865 ;Mean Elev.(m), Avg Gradient(m/km), RMS Gradient(m/km) - ASTER GDEM
#   13.993 -10.451  27.179 ;Mean Elev.(m), Avg Gradient(m/km), RMS Gradient(m/km) - GMTED2010 
  9  13.227645  -5.863642     7.443     7.443  2 52535.37752221 23.763
 15  13.223750  -5.862187     7.566     7.566  2 52745.37755679 29.916
 16  13.228496  -5.863608     6.196     6.196  2 52780.37749350 32.027
 20  13.230810  -5.866738    86.037    86.037  2 52920.37761943  2.320
 24  13.238720  -5.864107     6.572     6.452  3 53060.37757370 31.417
 25  13.225028  -5.861983     7.220     7.538  3 53095.37760659 38.640
 26  13.236909  -5.865078     8.967     9.046  3 53130.37757880 38.081
 28  13.230376  -5.863557     8.176     8.579  3 53200.37765181 35.061
 29  13.238297  -5.867783    63.701    63.701  2 53235.37762201  9.770
 30  13.230301  -5.864513    85.959    85.959  2 53270.37758396  8.517
 31  13.224145  -5.860787     8.747     8.747  2 53305.37764625 17.401
 33  13.233712  -5.867826     9.981     9.981  2 53375.37754591 20.604
 35  13.231721  -5.864943     6.110     6.732  3 53445.37757204 33.851
 37  13.231039  -5.863678     6.043     6.991  3 53515.37765910 34.238
 38  13.225668  -5.862084     7.087     7.087  2 53550.37767886 45.617
 39  13.232724  -5.866261     6.212     5.800  3 53585.37763915 43.171
 41  13.229146  -5.864237     6.205     5.742  3 53655.37762537 42.909
 43  13.233944  -5.864506     8.733     8.733  2 53725.37754148 44.339
 44  13.237408  -5.865761     7.744     8.173  3 53760.37748770 44.034
 45  13.234865  -5.864370     8.249     8.304  3 53795.37750434 27.398
 47  13.227757  -5.864623     6.914     6.914  2 53865.37756071 33.961
 48  13.230223  -5.864211     7.305     7.199  3 53900.37758735 41.511
 49  13.220766  -5.863947   119.038   119.038  2 53935.37762948  8.202
 55  13.229973  -5.865764     8.662     9.139  3 54145.37753956 24.428
 56  13.230524  -5.865105     6.386     6.302  3 54180.37752927 23.766
 57  13.229643  -5.864041     8.142     8.142  2 54215.37754675 38.583
 58  13.230046  -5.864184     7.757     7.811  3 54250.37757385 33.831
 59  13.231954  -5.865402     7.484     8.153  3 54285.37758135 23.943
 60  13.232089  -5.866246     5.900     6.265  3 54320.37757848 29.009
 61  13.232423  -5.865334     8.149     6.259  3 54355.37754009 19.736
 62  13.231511  -5.865541     8.011     8.011  2 54390.37751906 31.847
 64  13.231445  -5.864938     9.400     9.400  2 54460.37749510 18.755
 65  13.232022  -5.865824     8.940     8.866  3 54495.37749641 24.234
 66  13.232635  -5.865136     6.728     7.747  3 54530.37750797 40.267
 67  13.231659  -5.864766     6.745     6.824  3 54565.37750197 22.512
 68  13.230576  -5.865300     8.789     8.789  2 54600.37750329 19.704
 69  13.229458  -5.864999     5.749     6.257  3 54635.37751583 31.350
 70  13.230028  -5.864783     5.677     5.635  3 54670.37751967 15.623
 71  13.232814  -5.865261     5.406     5.406  2 54705.37748183 41.429
 72  13.231237  -5.863350     6.717     6.992  3 54740.37748319 14.234
 76  13.229554  -5.863859     7.293     7.562  3 54880.37748025 38.141
 77  13.229684  -5.863887     7.441     7.441  2 54915.37746560 19.392
 79  13.228744  -5.864215     6.263     7.687  3 54985.37749763 24.462
 80  13.232252  -5.865017     6.402     6.166  3 55020.37749192 31.946
 81  13.232102  -5.865062     4.643     4.643  2 55055.37748823 20.755
 82  13.230679  -5.865243     6.605     6.558  3 55090.37744775 32.213
 83  13.231250  -5.865819     5.614     5.757  3 55125.37742727 21.198
 85  13.230554  -5.863670   135.896   135.870  3 55195.37741697  3.539
 86  13.230014  -5.866038     7.010     6.788  3 55230.37741220 20.114
 87  13.231338  -5.865114     7.195     7.195  2 55265.37741228 34.200
 88  13.232012  -5.866372     7.504     8.361  3 55300.37739333 37.270
 89  13.230300  -5.865051     7.917     8.362  3 55335.37738868 41.378
 90  13.231914  -5.864338     7.011     7.082  3 55370.37737927 42.872
 91  13.232137  -5.863987     5.968     5.886  3 55405.37739687 20.194
 92  13.232010  -5.866211     5.675     5.482  3 55440.37739797 18.505
 93  13.232653  -5.864510     7.241     7.466  3 55475.37734247 32.051
