#  324.157  -2.315   7.005 ;Mean Elev.(m), Avg Gradient(m/km), RMS Gradient(m/km) - SRTM1     
#  318.141  -2.928   8.996 ;Mean Elev.(m), Avg Gradient(m/km), RMS Gradient(m/km) - ASTER GDEM
#  327.709  -2.031   6.633 ;Mean Elev.(m), Avg Gradient(m/km), RMS Gradient(m/km) - GMTED2010 
  7   325.139 52470.86085025 42.95  19.844484   1.834431 30.578
  7   325.050 52470.86085089 45.47  19.843754   1.837731 30.578
  7   325.042 52470.86085154 49.23  19.843034   1.841041 30.578
  8   322.465 52505.86083119 52.67  19.845901   1.835408 24.746
  8   322.602 52505.86083184 49.48  19.845181   1.838718 24.746
  8   322.650 52505.86083248 48.04  19.844451   1.842018 24.746
  9   325.483 52540.86081404 50.32  19.850872   1.839160 19.245
  9   325.444 52540.86081468 52.18  19.850148   1.842471 36.766
 10   325.748 52575.86086072 52.12  19.842975   1.836381 28.312
 10   325.577 52575.86086136 52.10  19.842245   1.839681 28.312
 10   325.685 52575.86086201 48.26  19.841515   1.842991 28.312
 11   326.399 52610.86082228 52.97  19.846210   1.836512 35.264
 11   326.435 52610.86082293 52.69  19.845480   1.839822 35.264
 11   326.504 52610.86082357 51.19  19.844760   1.843122 35.264
 12   326.844 52645.86080984 51.17  19.847678   1.833917 31.498
 12   326.911 52645.86081049 50.40  19.846958   1.837217 31.498
 12   326.973 52645.86081113 51.58  19.846228   1.840527 31.498
 13   325.743 52680.86078397 51.48  19.854138   1.837154 23.222
 13   325.649 52680.86078461 53.06  19.853408   1.840464 23.222
 13   325.761 52680.86078525 46.98  19.852688   1.843774 23.222
 16   325.581 52785.86080554 48.76  19.845535   1.834005 28.031
 16   325.447 52785.86080619 53.19  19.844805   1.837315 28.031
 16   325.528 52785.86080683 50.42  19.844075   1.840615 28.031
 17   324.875 52820.86087998 51.62  19.845960   1.835156 22.490
 17   325.047 52820.86088063 51.33  19.845230   1.838466 22.490
 17   325.074 52820.86088127 52.62  19.844500   1.841766 22.490
 18   325.312 52855.86092784 50.45  19.849299   1.836045 24.760
 18   325.055 52855.86092849 52.01  19.848569   1.839355 24.760
 18   325.129 52855.86092913 53.26  19.847839   1.842655 24.760
 19   325.494 52890.86096058 31.14  19.843259   1.835723 22.572
 19   325.383 52890.86096123 31.11  19.842529   1.839033 22.572
 19   325.586 52890.86096187 43.24  19.841809   1.842333 22.572
 20   325.661 52925.86091296 49.72  19.846150   1.833706 29.368
 20   325.802 52925.86091361 52.03  19.845420   1.837006 29.368
 20   325.752 52925.86091425 51.42  19.844690   1.840316 29.368
 21   326.159 52960.86088120 50.71  19.853704   1.838198 27.641
 21   326.066 52960.86088184 53.42  19.852974   1.841508 27.641
 22   326.467 52995.86091807 45.06  19.846555   1.834537 30.555
 22   326.427 52995.86091871 49.67  19.845825   1.837847 30.555
 22   326.344 52995.86091936 51.76  19.845105   1.841147 30.555
 23   325.568 53030.86088171 50.74  19.846588   1.836651 22.915
 23   325.375 53030.86088236 50.68  19.845858   1.839951 22.915
 23   325.498 53030.86088300 49.88  19.845128   1.843264 37.875
 24   324.870 53065.86088879 51.66  19.850707   1.837880 23.665
 24   325.060 53065.86088943 54.32  19.849987   1.841180 23.665
 24   324.919 53065.86089008 53.49  19.849259   1.844492 38.216
 25   324.916 53100.86089011 52.55  19.843534   1.834331 28.694
 25   324.875 53100.86089076 53.07  19.842804   1.837641 28.694
 25   324.816 53100.86089140 51.92  19.842074   1.840941 28.694
 26   325.416 53135.86089037 51.97  19.851838   1.839383 24.859
 26   325.541 53135.86089102 49.74  19.851119   1.842694 36.737
 28   324.056 53205.86095653 50.96  19.845235   1.836848 38.211
 28   324.123 53205.86095718 49.06  19.844515   1.840158 38.211
 29   324.668 53240.86092398 50.92  19.851359   1.836953 24.937
 29   324.778 53240.86092463 51.13  19.850629   1.840263 24.937
 29   324.731 53240.86092527 44.73  19.849909   1.843563 24.937
 30   324.788 53275.86089266 34.73  19.847808   1.836793 11.298
 30   324.414 53275.86089331 24.70  19.847078   1.840103 11.298
 30   324.102 53275.86089395 17.45  19.846358   1.843403 11.298
 31   325.234 53310.86093630 50.93  19.843916   1.834773 28.481
 31   325.375 53310.86093694 51.06  19.843196   1.838073 28.481
 31   325.214 53310.86093759 51.66  19.842466   1.841383 28.481
 32   326.053 53345.86090234 51.36  19.848105   1.836056 23.724
 32   325.893 53345.86090298 42.94  19.847375   1.839356 23.724
 32   326.037 53345.86090363 42.94  19.846645   1.842666 23.724
 33   326.020 53380.86085779 50.79  19.849365   1.836793 28.614
 33   325.912 53380.86085844 52.24  19.848635   1.840093 28.614
 33   325.853 53380.86085908 52.15  19.847911   1.843403 40.371
 34   325.079 53415.86088050 51.64  19.852729   1.839138 24.833
 34   324.987 53415.86088115 53.37  19.851999   1.842448 24.833
 35   324.559 53450.86087573 49.80  19.848721   1.835042 25.973
 35   324.591 53450.86087638 52.55  19.847991   1.838352 25.973
 35   324.580 53450.86087702 53.64  19.847261   1.841652 25.973
 36   325.077 53485.86096173 49.25  19.839137   1.837293 30.881
 36   325.000 53485.86096238 50.93  19.838417   1.840593 30.881
 37   324.962 53520.86095605 51.32  19.848920   1.837220 28.453
 37   324.996 53520.86095669 51.89  19.848190   1.840530 28.453
 37   325.071 53520.86095734 51.71  19.847470   1.843830 28.453
 38   324.789 53555.86097997 35.42  19.839768   1.837055 23.216
 38   324.625 53555.86098061 38.71  19.839038   1.840365 23.216
 39   324.433 53590.86092031 52.79  19.853840   1.838980 26.081
 39   324.425 53590.86092095 54.70  19.853110   1.842280 26.081
 40   324.650 53625.86090454 40.89  19.840562   1.834982 12.452
 40   324.907 53625.86090519 34.38  19.839832   1.838282 12.452
 40   324.709 53625.86090583 32.23  19.839102   1.841592 12.452
 41   324.996 53660.86093029 53.38  19.845087   1.834823 26.698
 41   324.942 53660.86093093 51.59  19.844357   1.838133 26.698
 41   324.947 53660.86093158 51.77  19.843627   1.841433 26.698
 42   326.190 53695.86090151 53.59  19.847005   1.836562 30.784
 42   326.059 53695.86090216 54.97  19.846275   1.839862 30.784
 42   326.148 53695.86090280 50.75  19.845545   1.843172 30.784
 43   325.394 53730.86082414 50.16  19.851294   1.836152 28.662
 43   325.248 53730.86082479 54.71  19.850564   1.839462 28.662
 43   325.329 53730.86082543 51.17  19.849834   1.842762 28.662
 44   324.285 53765.86079438 18.93  19.852872   1.839835 11.126
 44   324.159 53765.86079502 18.64  19.852142   1.843135 11.126
 45   324.770 53800.86079750 51.04  19.851057   1.839008 25.662
 45   324.725 53800.86079814 49.61  19.850327   1.842318 25.662
 46   325.183 53835.86080228 52.38  19.847595   1.836327 29.441
 46   325.151 53835.86080293 52.68  19.846875   1.839627 29.441
 46   325.322 53835.86080357 51.15  19.846145   1.842937 29.441
 47   325.051 53870.86085991 47.92  19.846515   1.836200 24.126
 47   324.842 53870.86086056 49.26  19.845785   1.839510 24.126
 47   324.792 53870.86086120 50.82  19.845055   1.842810 24.126
 48   324.703 53905.86089614 51.22  19.844895   1.833859 22.875
 48   324.951 53905.86089678 50.35  19.844165   1.837169 22.875
 48   324.766 53905.86089743 52.03  19.843435   1.840469 22.875
 49   324.370 53940.86092778 52.61  19.837434   1.834963 23.441
 49   324.393 53940.86092842 52.56  19.836714   1.838273 23.441
 50   324.658 53975.86088408 50.83  19.844976   1.836068 25.139
 50   324.668 53975.86088473 53.36  19.844246   1.839368 25.139
 50   324.623 53975.86088537 53.62  19.843526   1.842678 25.139
 51   325.133 54010.86088392 50.17  19.848681   1.835408 23.613
 51   325.144 54010.86088456 51.59  19.847951   1.838718 23.613
 51   325.045 54010.86088521 46.73  19.847231   1.842018 23.613
 52   325.558 54045.86089974 29.43  19.852919   1.839131 13.893
 52   325.330 54045.86090039 26.91  19.852199   1.842441 13.893
 53   327.204 54080.86089212 53.24  19.847407   1.836512 34.679
 53   327.239 54080.86089277 53.93  19.846677   1.839812 34.679
 53   327.301 54080.86089341 51.44  19.845957   1.843122 34.679
 54   326.221 54115.86082567 53.19  19.848310   1.834193 32.443
 54   326.262 54115.86082631 54.04  19.847580   1.837503 32.443
 54   326.301 54115.86082695 51.87  19.846860   1.840803 32.443
 55   325.464 54150.86084187 50.96  19.846422   1.835319 31.208
 55   325.580 54150.86084251 50.93  19.845692   1.838629 31.208
 55   325.586 54150.86084316 52.14  19.844972   1.841929 31.208
 56   325.307 54185.86081733 50.32  19.848422   1.834333 27.598
 56   325.237 54185.86081797 53.20  19.847702   1.837633 27.598
 56   325.407 54185.86081862 50.76  19.846972   1.840943 27.598
 57   325.396 54220.86085072 48.07  19.846547   1.833670 27.865
 57   325.305 54220.86085137 52.20  19.845817   1.836980 27.865
 57   325.348 54220.86085201 52.85  19.845087   1.840280 27.865
 58   325.309 54255.86087462 48.62  19.847430   1.833788 26.953
 58   325.194 54255.86087527 52.58  19.846700   1.837088 26.953
 58   325.272 54255.86087591 53.83  19.845980   1.840398 26.953
 59   325.055 54290.86087694 53.01  19.849032   1.837285 26.033
 59   325.118 54290.86087758 53.20  19.848302   1.840585 26.033
 59   324.978 54290.86087823 51.14  19.847582   1.843895 26.033
 60   325.139 54325.86087386 49.89  19.849722   1.835023 27.100
 60   325.050 54325.86087450 51.00  19.848992   1.838333 27.100
 60   325.157 54325.86087515 50.66  19.848262   1.841633 27.100
 61   325.227 54360.86082625 21.75  19.848850   1.835051 13.144
 61   325.120 54360.86082689 21.97  19.848120   1.838361 13.144
 61   325.153 54360.86082753 36.60  19.847390   1.841661 13.144
 62   326.131 54395.86081408 53.33  19.848746   1.836518 29.241
 62   326.023 54395.86081473 55.79  19.848016   1.839818 29.241
 62   326.091 54395.86081537 48.53  19.847286   1.843128 29.241
 63   326.565 54430.86077592 49.77  19.849862   1.834734 28.808
 63   326.459 54430.86077657 53.33  19.849132   1.838044 28.808
 63   326.481 54430.86077721 54.33  19.848402   1.841344 28.808
 64   326.546 54465.86079443 52.49  19.849242   1.836173 30.012
 64   326.571 54465.86079507 51.55  19.848512   1.839473 30.012
 64   326.628 54465.86079572 53.56  19.847792   1.842783 30.012
 65   325.678 54500.86078877 53.48  19.849314   1.835028 30.667
 65   325.792 54500.86078942 53.76  19.848584   1.838328 30.667
 65   325.787 54500.86079006 51.21  19.847854   1.841638 30.667
 66   325.091 54535.86080921 52.52  19.849165   1.836416 21.339
 66   325.176 54535.86080985 52.22  19.848429   1.839727 41.216
 66   325.158 54535.86081050 49.09  19.847709   1.843027 41.216
 67   325.188 54570.86079154 53.12  19.849093   1.835338 24.099
 67   325.126 54570.86079219 53.50  19.848373   1.838638 24.099
 67   325.161 54570.86079283 51.46  19.847643   1.841950 38.938
 68   324.838 54605.86080376 50.11  19.847211   1.835748 22.573
 68   324.850 54605.86080440 53.79  19.846474   1.839061 38.160
 68   324.912 54605.86080505 50.98  19.845754   1.842361 38.160
 69   324.802 54640.86081303 22.96  19.847057   1.836240 14.815
 69   324.546 54640.86081368 24.57  19.846322   1.839553  5.316
 69   324.935 54640.86081432 22.43  19.845602   1.842853  5.316
 70   324.427 54675.86081535 53.72  19.846183   1.836737 25.798
 70   324.551 54675.86081599 53.03  19.845447   1.840048 41.877
 70   324.648 54675.86081664 48.65  19.844727   1.843348 41.877
 71   324.967 54710.86077091 50.23  19.850232   1.834934 23.344
 71   325.139 54710.86077156 48.77  19.849502   1.838234 23.344
 71   325.022 54710.86077220 52.15  19.848771   1.841547 37.547
 72   325.185 54745.86078311 54.71  19.846947   1.836813 23.962
 72   325.272 54745.86078375 55.34  19.846219   1.840126 41.804
 72   325.141 54745.86078440 50.70  19.845499   1.843426 41.804
 73   325.875 54780.86075507 52.51  19.849549   1.835219 26.773
 73   326.013 54780.86075572 52.34  19.848829   1.838519 26.773
 73   326.025 54780.86075636 51.97  19.848094   1.841830 39.615
 74   326.122 54815.86077526 49.64  19.848349   1.833610 30.788
 74   325.983 54815.86077590 53.01  19.847619   1.836910 30.788
 74   326.022 54815.86077655 50.99  19.846900   1.840220 43.265
 74   326.077 54815.86077719 52.03  19.846170   1.843520 43.265
 75   325.188 54850.86075369 48.75  19.849011   1.833971 24.078
 75   325.163 54850.86075434 52.70  19.848291   1.837271 24.078
 75   325.296 54850.86075498 50.86  19.847558   1.840585 29.342
 76   325.431 54885.86077968 53.48  19.846511   1.836034 23.415
 76   325.403 54885.86078032 53.19  19.845793   1.839347 40.307
 76   325.316 54885.86078097 52.39  19.845063   1.842647 40.307
 77   325.334 54920.86075470 42.90  19.846418   1.834968 16.689
 77   325.467 54920.86075534 47.17  19.845698   1.838278 16.689
 77   325.026 54920.86075599 42.42  19.844968   1.841578 16.689
 78   325.507 54955.86077566 50.69  19.846506   1.835272 24.587
 78   325.643 54955.86077631 53.93  19.845787   1.838584 40.330
 78   325.461 54955.86077695 50.16  19.845057   1.841884 40.330
 79   325.511 54990.86079890 51.34  19.845181   1.834219 27.614
 79   325.542 54990.86079954 53.26  19.844444   1.837532 37.627
 79   325.614 54990.86080019 52.46  19.843724   1.840832 37.627
 80   324.863 55025.86078986 54.66  19.848686   1.836374 23.614
 80   324.914 55025.86079051 52.73  19.847951   1.839686 37.675
 80   324.980 55025.86079115 48.38  19.847231   1.842986 37.675
 81   324.296 55060.86078389 20.21  19.847784   1.836757 15.663
 81   324.397 55060.86078454 19.46  19.847048   1.840068  5.616
 81   325.015 55060.86078518 18.69  19.846328   1.843368  5.616
 82   324.753 55095.86073410 52.80  19.847736   1.834893 26.543
 82   324.835 55095.86073475 54.54  19.847006   1.838193 26.543
 82   324.762 55095.86073539 53.44  19.846277   1.841498 36.806
 83   325.611 55130.86072582 51.52  19.847290   1.836589 21.458
 83   325.613 55130.86072646 50.40  19.846562   1.839901 39.142
 83   325.525 55130.86072711 49.80  19.845832   1.843201 39.142
 84   326.255 55165.86069583 52.29  19.849135   1.836300 31.699
 84   326.079 55165.86069648 53.46  19.848415   1.839600 31.699
 84   326.128 55165.86069712 51.54  19.847682   1.842912 39.621
 85   326.227 55200.86071792 51.91  19.847005   1.835281 31.149
 85   326.200 55200.86071856 51.90  19.846287   1.838593 43.550
 85   326.179 55200.86071921 50.96  19.845557   1.841893 43.550
 86   325.631 55235.86070164 48.08  19.847988   1.834042 26.993
 86   325.562 55235.86070228 51.95  19.847268   1.837342 26.993
 86   325.636 55235.86070293 52.10  19.846536   1.840656 36.362
 87   325.852 55270.86071157 51.36  19.848123   1.834237 28.666
 87   325.870 55270.86071221 52.62  19.847403   1.837537 28.666
 87   325.921 55270.86071286 52.24  19.846667   1.840848 37.352
 88   326.415 55305.86068333 50.02  19.849525   1.834336 33.283
 88   326.440 55305.86068397 52.37  19.848805   1.837636 33.283
 88   326.477 55305.86068462 50.28  19.848075   1.840948 39.954
 89   326.066 55340.86068362 35.59  19.848110   1.835834 24.257
 89   325.926 55340.86068426 32.30  19.847373   1.839147 16.299
 89   325.882 55340.86068491 27.60  19.846653   1.842447 16.299
 90   325.566 55375.86067600 52.43  19.848374   1.836909 22.971
 90   325.522 55375.86067664 48.60  19.847640   1.840221 15.409
 90   325.512 55375.86067729 47.99  19.846920   1.843521 15.409
 91   325.258 55410.86069845 51.21  19.848822   1.835576 24.435
 91   325.313 55410.86069909 48.80  19.848094   1.838887 35.786
 91   325.308 55410.86069973 51.25  19.847364   1.842187 35.786
 92   324.685 55445.86069162 49.41  19.848919   1.833932 25.871
 92   324.775 55445.86069226 49.20  19.848199   1.837232 25.871
 92   324.855 55445.86069291 50.80  19.847463   1.840545 37.310
 93   324.802 55480.86062529 53.08  19.849318   1.837034 28.362
 93   324.805 55480.86062593 49.34  19.848588   1.840334 28.362
 93   324.823 55480.86062657 51.80  19.847860   1.843648 32.790
