#  315.085  -0.631   2.007 ;Mean Elev.(m), Avg Gradient(m/km), RMS Gradient(m/km) - SRTM1     
#  303.705  -1.101   4.144 ;Mean Elev.(m), Avg Gradient(m/km), RMS Gradient(m/km) - ASTER GDEM
#  315.858  -0.475   2.521 ;Mean Elev.(m), Avg Gradient(m/km), RMS Gradient(m/km) - GMTED2010 
  7   311.819 52473.86470764 24.37  18.561766   1.124774 23.019
  7   311.115 52473.86470829 26.34  18.561036   1.128074 23.019
  7   311.449 52473.86470893 24.90  18.560306   1.131384 23.019
  7   311.847 52473.86470958 26.75  18.559586   1.134684 23.019
  7   311.984 52473.86471022 33.94  18.558856   1.137995 15.647
  7   312.074 52473.86471086 35.61  18.558126   1.141295 15.647
  7   312.193 52473.86471151 38.36  18.557406   1.144605 15.647
  7   312.161 52473.86471215 41.85  18.556676   1.147905 15.647
  7   312.227 52473.86471280 44.77  18.555956   1.151215 15.647
  8   312.243 52508.86467469 53.26  18.567068   1.129982 30.408
  8   312.120 52508.86467534 51.17  18.566338   1.133282 30.408
  8   312.114 52508.86467598 52.31  18.565611   1.136594 28.786
  8   312.143 52508.86467663 51.94  18.564881   1.139894 28.786
  8   312.184 52508.86467727 52.21  18.564161   1.143204 28.786
  8   312.243 52508.86467792 48.68  18.563431   1.146504 28.786
  8   312.286 52508.86467856 44.08  18.562701   1.149814 28.786
  8   312.318 52508.86467921 52.42  18.561981   1.153114 28.786
  8   312.385 52508.86467985 51.45  18.561251   1.156424 28.786
  8   312.398 52508.86468050 52.63  18.560531   1.159734 28.786
  9   312.109 52543.86466850 24.44  18.570266   1.135094  5.816
  9   312.437 52543.86466914 25.81  18.569530   1.138404 14.933
  9   312.832 52543.86466979 27.72  18.568810   1.141704 14.933
  9   313.045 52543.86467043 29.85  18.568080   1.145014 14.933
  9   313.141 52543.86467108 33.69  18.567350   1.148314 14.933
  9   312.879 52543.86467172 31.57  18.566630   1.151624 14.933
  9   313.052 52543.86467237 32.12  18.565900   1.154934 14.933
  9   313.056 52543.86467301 43.09  18.565170   1.158234 14.933
  9   313.142 52543.86467366 44.47  18.564450   1.161544 14.933
  9   313.210 52543.86467430 41.05  18.563720   1.164844 14.933
 10   313.390 52578.86471077 52.48  18.562875   1.126782 49.144
 10   313.219 52578.86471142 52.75  18.562145   1.130082 49.144
 10   313.243 52578.86471206 50.58  18.561425   1.133392 49.144
 10   313.254 52578.86471271 53.49  18.560695   1.136692 49.144
 10   313.262 52578.86471335 49.99  18.559965   1.140002 49.144
 10   313.265 52578.86471400 45.09  18.559245   1.143312 49.144
 10   313.371 52578.86471464 51.13  18.558515   1.146612 49.144
 10   313.388 52578.86471529 50.74  18.557785   1.149922 49.144
 10   313.441 52578.86471593 52.77  18.557065   1.153222 49.144
 10   313.462 52578.86471658 50.05  18.556333   1.156533 18.514
 11   313.903 52613.86467666 27.43  18.563191   1.125806 26.596
 11   313.534 52613.86467730 22.58  18.562461   1.129106 26.596
 11   313.584 52613.86467795 21.44  18.561741   1.132416 26.596
 11   313.926 52613.86467859 20.71  18.561011   1.135726 26.596
 11   314.142 52613.86467924 30.27  18.560291   1.139026 26.596
 11   314.228 52613.86467988 38.30  18.559561   1.142336 26.596
 11   314.277 52613.86468053 28.37  18.558831   1.145636 26.596
 11   313.985 52613.86468117 22.32  18.558111   1.148946 26.596
 11   313.991 52613.86468182 22.04  18.557381   1.152246 26.596
 11   314.223 52613.86468246 20.81  18.556655   1.155558  9.809
 12   314.480 52648.86465879 51.64  18.567687   1.131115 49.605
 12   314.517 52648.86465944 53.46  18.566967   1.134425 49.605
 12   314.522 52648.86466008 52.82  18.566237   1.137725 49.605
 12   314.544 52648.86466073 51.79  18.565507   1.141035 49.605
 12   314.566 52648.86466137 53.87  18.564787   1.144345 49.605
 12   314.582 52648.86466202 51.83  18.564057   1.147645 49.605
 12   314.624 52648.86466266 47.36  18.563327   1.150955 49.605
 12   314.670 52648.86466331 52.77  18.562607   1.154255 49.605
 12   314.663 52648.86466395 52.51  18.561874   1.157565 28.524
 12   314.687 52648.86466460 53.80  18.561154   1.160865 28.524
 13   312.936 52683.86463824 54.52  18.570709   1.134582 36.746
 13   312.977 52683.86463888 53.69  18.569989   1.137892 36.746
 13   313.037 52683.86463953 50.68  18.569259   1.141202 36.746
 13   313.114 52683.86464017 47.17  18.568529   1.144502 36.746
 13   313.163 52683.86464082 50.46  18.567809   1.147812 36.746
 13   313.136 52683.86464146 49.42  18.567079   1.151112 36.746
 13   313.176 52683.86464211 53.05  18.566352   1.154423 27.324
 13   313.161 52683.86464275 53.36  18.565622   1.157723 27.324
 13   313.165 52683.86464340 51.52  18.564902   1.161033 27.324
 13   313.137 52683.86464404 53.31  18.564172   1.164333 27.324
 14   312.174 52718.86469184 50.39  18.563919   1.126072 29.366
 14   312.183 52718.86469248 52.65  18.563199   1.129382 29.366
 14   312.178 52718.86469313 51.63  18.562469   1.132692 29.366
 14   312.193 52718.86469377 50.54  18.561739   1.135992 29.366
 14   312.207 52718.86469442 49.12  18.561019   1.139302 29.366
 14   312.215 52718.86469506 43.99  18.560289   1.142602 29.366
 14   312.253 52718.86469571 48.14  18.559559   1.145912 29.366
 14   312.274 52718.86469635 51.25  18.558839   1.149212 29.366
 14   312.284 52718.86469700 50.58  18.558107   1.152525 11.619
 14   312.307 52718.86469764 53.82  18.557387   1.155825 11.619
 16   312.972 52788.86466356 34.39  18.564975   1.126663 32.178
 16   312.949 52788.86466421 34.72  18.564245   1.129973 32.178
 16   312.804 52788.86466485 31.23  18.563525   1.133273 32.178
 16   312.741 52788.86466550 28.02  18.562795   1.136583 32.178
 16   312.569 52788.86466614 25.28  18.562065   1.139893 32.178
 16   312.951 52788.86466679 24.52  18.561345   1.143193 32.178
 16   312.952 52788.86466743 26.31  18.560615   1.146503 32.178
 16   312.999 52788.86466808 26.88  18.559885   1.149803 32.178
 16   313.075 52788.86466872 29.70  18.559166   1.153113 15.897
 16   313.548 52788.86466937 40.48  18.558436   1.156413 15.897
 16   313.379 52788.86467001 49.66  18.557706   1.159723 15.897
 17   312.337 52823.86473447 53.09  18.566722   1.127562 42.548
 17   312.354 52823.86473511 50.15  18.566002   1.130872 42.548
 17   312.397 52823.86473576 50.34  18.565272   1.134172 42.548
 17   312.434 52823.86473640 52.98  18.564542   1.137482 42.548
 17   312.495 52823.86473705 52.39  18.563822   1.140792 42.548
 17   312.546 52823.86473769 49.40  18.563092   1.144092 42.548
 17   312.537 52823.86473834 44.81  18.562362   1.147402 42.548
 17   312.635 52823.86473898 49.50  18.561642   1.150702 42.548
 17   312.620 52823.86473963 52.09  18.560916   1.154013 22.581
 17   312.594 52823.86474027 53.01  18.560186   1.157313 22.581
 17   312.622 52823.86474092 52.04  18.559456   1.160623 22.581
 18   312.432 52858.86478154 51.44  18.568152   1.131581 29.728
 18   312.527 52858.86478219 50.52  18.567422   1.134881 29.728
 18   312.576 52858.86478283 52.93  18.566692   1.138191 29.728
 18   312.566 52858.86478348 49.56  18.565972   1.141501 29.728
 18   312.592 52858.86478412 51.87  18.565242   1.144801 29.728
 18   312.626 52858.86478477 51.99  18.564512   1.148111 29.728
 18   312.629 52858.86478541 44.60  18.563792   1.151411 29.728
 18   312.589 52858.86478606 47.82  18.563057   1.154722 15.356
 18   312.611 52858.86478670 50.36  18.562337   1.158022 15.356
 18   312.622 52858.86478735 50.87  18.561607   1.161332 15.356
 19   313.317 52893.86481204 53.05  18.562990   1.126632 48.891
 19   313.219 52893.86481268 54.78  18.562260   1.129932 48.891
 19   313.186 52893.86481333 53.38  18.561540   1.133242 48.891
 19   313.223 52893.86481397 52.62  18.560810   1.136542 48.891
 19   313.194 52893.86481461 47.80  18.560080   1.139852 48.891
 19   313.193 52893.86481526 44.73  18.559360   1.143162 48.891
 19   313.385 52893.86481590 50.52  18.558630   1.146462 48.891
 19   313.403 52893.86481655 52.30  18.557900   1.149772 48.891
 19   313.453 52893.86481719 53.18  18.557180   1.153072 48.891
 19   313.463 52893.86481784 49.94  18.556450   1.156383 18.644
 20   313.288 52928.86476201 38.06  18.563631   1.125287 43.849
 20   313.267 52928.86476266 42.22  18.562901   1.128597 43.849
 20   313.302 52928.86476330 40.33  18.562181   1.131897 43.849
 20   313.322 52928.86476395 42.82  18.561451   1.135207 43.849
 20   313.357 52928.86476459 47.03  18.560721   1.138507 43.849
 20   313.371 52928.86476524 45.35  18.560001   1.141817 43.849
 20   313.417 52928.86476588 46.24  18.559271   1.145127 43.849
 20   313.451 52928.86476653 52.96  18.558541   1.148427 43.849
 20   313.480 52928.86476717 52.29  18.557821   1.151737 43.849
 20   313.498 52928.86476781 53.93  18.557091   1.155037 43.849
 21   314.009 52963.86474569 50.44  18.569646   1.131791 43.499
 21   314.088 52963.86474633 50.25  18.568916   1.135101 43.499
 21   314.170 52963.86474698 50.22  18.568196   1.138411 43.499
 21   314.137 52963.86474762 49.51  18.567466   1.141711 43.499
 21   314.141 52963.86474827 48.04  18.566736   1.145021 43.499
 21   314.155 52963.86474891 50.21  18.566016   1.148321 43.499
 21   314.253 52963.86474956 49.06  18.565280   1.151631 28.030
 21   314.279 52963.86475020 52.85  18.564560   1.154931 28.030
 21   314.177 52963.86475085 54.03  18.563830   1.158241 28.030
 21   314.152 52963.86475149 53.26  18.563100   1.161541 28.030
 22   313.977 52998.86478082 52.67  18.561859   1.121751 44.678
 22   314.008 52998.86478146 52.63  18.561129   1.125051 44.678
 22   314.039 52998.86478211 51.42  18.560409   1.128361 44.678
 22   314.072 52998.86478275 49.80  18.559679   1.131661 44.678
 22   314.105 52998.86478340 49.83  18.558949   1.134971 44.678
 22   314.133 52998.86478404 51.19  18.558229   1.138281 44.678
 22   314.146 52998.86478469 46.98  18.557499   1.141581 44.678
 22   314.144 52998.86478533 50.34  18.556779   1.144891 44.678
 22   314.178 52998.86478597 54.19  18.556049   1.148191 44.678
 22   314.205 52998.86478662 54.03  18.555319   1.151502 14.188
 23   312.938 53033.86473461 49.67  18.564145   1.125369 42.001
 23   313.000 53033.86473526 51.28  18.563425   1.128669 42.001
 23   313.040 53033.86473590 49.75  18.562695   1.131979 42.001
 23   313.054 53033.86473655 51.18  18.561965   1.135289 42.001
 23   313.055 53033.86473719 51.74  18.561245   1.138589 42.001
 23   312.985 53033.86473784 45.87  18.560515   1.141899 42.001
 23   313.060 53033.86473848 45.05  18.559785   1.145199 42.001
 23   313.165 53033.86473913 52.56  18.559065   1.148509 42.001
 23   313.107 53033.86473977 52.93  18.558335   1.151809 42.001
 23   313.115 53033.86474042 52.91  18.557611   1.155122 14.777
 23   313.115 53033.86474106 46.00  18.556881   1.158422 14.777
 24   312.253 53068.86475029 52.36  18.566998   1.129076 37.462
 24   312.245 53068.86475093 49.80  18.566268   1.132376 37.462
 24   312.316 53068.86475158 52.28  18.565538   1.135686 37.462
 24   312.276 53068.86475222 51.94  18.564818   1.138996 37.462
 24   312.324 53068.86475287 53.21  18.564088   1.142296 37.462
 24   312.288 53068.86475351 50.86  18.563358   1.145606 37.462
 24   312.159 53068.86475416 44.15  18.562638   1.148906 37.462
 24   312.396 53068.86475480 49.75  18.561906   1.152217 22.207
 24   312.401 53068.86475545 50.40  18.561186   1.155517 22.207
 24   312.390 53068.86475609 52.99  18.560456   1.158827 22.207
 24   312.392 53068.86475674 48.66  18.559726   1.162127 22.207
 25   311.045 53103.86473637 25.45  18.563257   1.126005 28.211
 25   311.419 53103.86473702 25.69  18.562537   1.129305 28.211
 25   311.682 53103.86473766 26.71  18.561807   1.132615 28.211
 25   312.070 53103.86473831 30.83  18.561077   1.135925 28.211
 25   312.076 53103.86473895 41.32  18.560357   1.139225 28.211
 25   312.152 53103.86473959 39.33  18.559627   1.142535 28.211
 25   311.995 53103.86474024 27.96  18.558907   1.145835 28.211
 25   311.801 53103.86474088 25.51  18.558177   1.149145 28.211
 25   312.240 53103.86474153 25.58  18.557447   1.152445 28.211
 25   312.233 53103.86474217 33.45  18.556725   1.155756  7.978
 26   312.861 53138.86475575 51.79  18.567479   1.131836 34.862
 26   312.922 53138.86475639 47.85  18.566749   1.135146 34.862
 26   312.924 53138.86475704 53.00  18.566029   1.138456 34.862
 26   312.934 53138.86475768 49.68  18.565299   1.141756 34.862
 26   312.975 53138.86475832 52.44  18.564569   1.145066 34.862
 26   312.993 53138.86475897 50.03  18.563849   1.148366 34.862
 26   312.873 53138.86475961 40.73  18.563116   1.151676 17.126
 26   312.852 53138.86476026 38.41  18.562396   1.154976 17.126
 26   312.774 53138.86476090 36.39  18.561666   1.158286 17.126
 26   313.063 53138.86476155 51.63  18.560936   1.161586 17.126
 27   311.870 53173.86479472 53.09  18.565071   1.124928 43.580
 27   311.895 53173.86479537 53.33  18.564341   1.128228 43.580
 27   311.790 53173.86479601 53.06  18.563621   1.131538 43.580
 27   311.776 53173.86479665 52.06  18.562891   1.134848 43.580
 27   311.769 53173.86479730 53.29  18.562161   1.138148 43.580
 27   311.789 53173.86479794 50.30  18.561441   1.141458 43.580
 27   311.825 53173.86479859 42.45  18.560711   1.144758 43.580
 27   311.904 53173.86479923 51.78  18.559981   1.148068 43.580
 27   311.972 53173.86479988 48.62  18.559261   1.151368 43.580
 27   311.983 53173.86480052 52.37  18.558528   1.154679 19.271
 27   311.892 53173.86480117 53.98  18.557808   1.157979 19.271
 28   310.662 53208.86481144 24.14  18.564001   1.126825 32.508
 28   310.504 53208.86481208 25.19  18.563281   1.130135 32.508
 28   310.860 53208.86481273 31.58  18.562551   1.133435 32.508
 28   310.982 53208.86481337 42.60  18.561821   1.136745 32.508
 28   311.029 53208.86481402 49.78  18.561101   1.140055 32.508
 28   311.072 53208.86481466 45.23  18.560371   1.143355 32.508
 28   311.083 53208.86481530 37.65  18.559651   1.146665 32.508
 28   311.205 53208.86481595 43.15  18.558921   1.149965 32.508
 28   311.175 53208.86481659 45.23  18.558191   1.153277 18.514
 28   310.968 53208.86481724 53.06  18.557461   1.156577 18.514
 29   312.068 53243.86477909 51.72  18.567871   1.128373 34.398
 29   312.221 53243.86477973 53.10  18.567151   1.131683 34.398
 29   312.190 53243.86478038 53.04  18.566421   1.134983 34.398
 29   312.244 53243.86478102 53.35  18.565701   1.138293 34.398
 29   312.209 53243.86478167 52.50  18.564971   1.141603 34.398
 29   312.180 53243.86478231 54.11  18.564241   1.144903 34.398
 29   312.106 53243.86478296 48.43  18.563521   1.148213 34.398
 29   312.244 53243.86478360 49.01  18.562791   1.151513 34.398
 29   312.236 53243.86478424 51.89  18.562064   1.154824 20.365
 29   312.189 53243.86478489 50.20  18.561334   1.158124 20.365
 29   312.338 53243.86478553 51.27  18.560614   1.161434 20.365
 30   311.795 53278.86475725 30.26  18.565021   1.127387 20.683
 30   311.820 53278.86475789 31.90  18.564291   1.130687 20.683
 30   311.707 53278.86475854 26.66  18.563561   1.133997 20.683
 30   311.417 53278.86475918 23.45  18.562841   1.137307 20.683
 30   311.452 53278.86475983 22.54  18.562111   1.140607 20.683
 30   311.790 53278.86476047 22.12  18.561381   1.143917 20.683
 30   311.819 53278.86476111 23.93  18.560661   1.147217 20.683
 30   311.786 53278.86476176 24.09  18.559924   1.150527  9.795
 30   311.902 53278.86476240 28.27  18.559204   1.153827  9.795
 30   311.928 53278.86476305 25.72  18.558474   1.157137  9.795
 31   312.878 53313.86478244 30.63  18.565248   1.124348 29.799
 31   312.946 53313.86478309 28.77  18.564518   1.127658 29.799
 31   312.817 53313.86478373 30.02  18.563788   1.130958 29.799
 31   313.029 53313.86478437 42.35  18.563068   1.134268 29.799
 31   313.062 53313.86478502 49.58  18.562338   1.137568 29.799
 31   312.982 53313.86478566 53.02  18.561608   1.140878 29.799
 31   312.998 53313.86478631 44.48  18.560888   1.144188 29.799
 31   313.072 53313.86478695 50.96  18.560158   1.147488 29.799
 31   313.172 53313.86478760 50.35  18.559428   1.150798 29.799
 31   313.165 53313.86478824 52.12  18.558708   1.154098 29.799
 31   313.129 53313.86478889 51.42  18.557976   1.157410 12.736
 32   313.536 53348.86474947 51.71  18.567656   1.131940 48.105
 32   313.554 53348.86475011 53.90  18.566936   1.135250 48.105
 32   313.572 53348.86475076 52.46  18.566206   1.138550 48.105
 32   313.649 53348.86475140 51.47  18.565486   1.141860 48.105
 32   313.749 53348.86475205 51.38  18.564756   1.145170 48.105
 32   313.817 53348.86475269 50.34  18.564026   1.148470 48.105
 32   313.793 53348.86475334 50.55  18.563306   1.151780 48.105
 32   313.842 53348.86475398 52.68  18.562576   1.155080 48.105
 32   313.877 53348.86475463 51.65  18.561848   1.158392 24.290
 32   313.885 53348.86475527 51.70  18.561118   1.161692 24.290
 33   313.487 53383.86472034 52.35  18.566743   1.125342 49.638
 33   313.421 53383.86472098 52.08  18.566023   1.128652 49.638
 33   313.363 53383.86472163 52.00  18.565293   1.131952 49.638
 33   313.469 53383.86472227 53.15  18.564563   1.135262 49.638
 33   313.493 53383.86472292 53.45  18.563843   1.138572 49.638
 33   313.491 53383.86472356 52.29  18.563113   1.141872 49.638
 33   313.465 53383.86472421 49.39  18.562383   1.145182 49.638
 33   313.587 53383.86472485 47.43  18.561663   1.148482 49.638
 33   313.629 53383.86472550 53.76  18.560927   1.151792 24.496
 33   313.609 53383.86472614 51.97  18.560207   1.155092 24.496
 33   313.669 53383.86472678 51.37  18.559477   1.158402 24.496
 34   312.437 53418.86472988 49.97  18.572457   1.135779 23.476
 34   312.307 53418.86473052 49.92  18.571727   1.139089 23.476
 34   312.433 53418.86473117 49.05  18.571007   1.142389 23.476
 34   312.309 53418.86473181 47.95  18.570277   1.145699 23.476
 34   312.466 53418.86473246 43.13  18.569547   1.148999 23.476
 34   312.401 53418.86473310 45.19  18.568827   1.152309 23.476
 34   312.397 53418.86473374 46.86  18.568097   1.155609 23.476
 34   312.400 53418.86473439 49.54  18.567367   1.158921 11.245
 34   312.461 53418.86473503 49.10  18.566647   1.162221 11.245
 34   312.573 53418.86473568 48.76  18.565917   1.165531 11.245
 35   311.768 53453.86473419 52.99  18.567656   1.130808 38.762
 35   311.757 53453.86473484 51.07  18.566936   1.134108 38.762
 35   311.783 53453.86473548 52.41  18.566206   1.137418 38.762
 35   311.795 53453.86473613 51.05  18.565476   1.140728 38.762
 35   311.839 53453.86473677 50.65  18.564756   1.144028 38.762
 35   311.874 53453.86473742 53.59  18.564026   1.147338 38.762
 35   311.916 53453.86473806 45.80  18.563296   1.150638 38.762
 35   311.957 53453.86473871 53.53  18.562577   1.153948 14.916
 35   312.021 53453.86473935 50.12  18.561847   1.157248 14.916
 35   312.059 53453.86474000 50.61  18.561117   1.160558 14.916
 36   312.100 53488.86481751 19.49  18.559873   1.119348 23.212
 36   311.700 53488.86481816 20.00  18.559143   1.122658 23.212
 36   311.598 53488.86481880 20.00  18.558413   1.125958 23.212
 36   311.775 53488.86481945 18.29  18.557693   1.129268 23.212
 36   312.161 53488.86482009 17.64  18.556963   1.132578 23.212
 36   312.377 53488.86482074 20.50  18.556233   1.135878 23.212
 36   312.490 53488.86482138 21.24  18.555513   1.139188 23.212
 36   312.320 53488.86482203 18.06  18.554783   1.142488 23.212
 36   313.163 53488.86482267 16.90  18.554053   1.145798 23.212
 37   312.399 53523.86480774 51.90  18.567803   1.132068 39.444
 37   312.415 53523.86480839 52.24  18.567073   1.135378 39.444
 37   312.466 53523.86480903 53.24  18.566343   1.138678 39.444
 37   312.523 53523.86480968 50.40  18.565623   1.141988 39.444
 37   312.597 53523.86481032 51.52  18.564893   1.145288 39.444
 37   312.633 53523.86481097 49.44  18.564163   1.148598 39.444
 37   312.506 53523.86481161 48.85  18.563443   1.151898 39.444
 37   312.563 53523.86481226 53.06  18.562712   1.155210 24.110
 37   312.621 53523.86481290 51.37  18.561992   1.158510 24.110
 37   312.650 53523.86481354 52.05  18.561262   1.161820 24.110
 38   311.986 53558.86483197 52.62  18.560306   1.120060 46.994
 38   312.024 53558.86483261 51.91  18.559576   1.123370 46.994
 38   312.047 53558.86483326 50.46  18.558846   1.126670 46.994
 38   312.004 53558.86483390 50.96  18.558126   1.129980 46.994
 38   312.047 53558.86483455 50.89  18.557396   1.133290 46.994
 38   312.083 53558.86483519 50.78  18.556676   1.136590 46.994
 38   312.085 53558.86483584 46.67  18.555946   1.139900 46.994
 38   312.134 53558.86483648 50.20  18.555216   1.143200 46.994
 38   312.140 53558.86483713 52.54  18.554496   1.146510 46.994
 38   312.059 53558.86483777 50.97  18.553766   1.149810 46.994
 39   311.787 53593.86477173 46.93  18.571162   1.135017 28.462
 39   311.833 53593.86477238 48.88  18.570442   1.138317 28.462
 39   311.836 53593.86477302 50.48  18.569712   1.141627 28.462
 39   311.827 53593.86477367 46.77  18.568982   1.144927 28.462
 39   311.889 53593.86477431 47.85  18.568262   1.148237 28.462
 39   311.929 53593.86477496 50.74  18.567532   1.151537 28.462
 39   311.930 53593.86477560 51.17  18.566807   1.154849 21.008
 39   311.791 53593.86477624 51.63  18.566077   1.158149 21.008
 39   311.777 53593.86477689 51.94  18.565357   1.161459 21.008
 39   311.948 53593.86477753 49.66  18.564627   1.164759 21.008
 40   311.338 53628.86476168 22.84  18.560897   1.121850 34.574
 40   311.701 53628.86476232 26.66  18.560167   1.125150 34.574
 40   311.934 53628.86476296 36.99  18.559447   1.128460 34.574
 40   311.962 53628.86476361 42.08  18.558717   1.131760 34.574
 40   311.988 53628.86476425 46.36  18.557987   1.135070 34.574
 40   312.028 53628.86476490 42.34  18.557257   1.138370 34.574
 40   312.035 53628.86476554 44.05  18.556537   1.141680 34.574
 40   312.060 53628.86476619 52.28  18.555807   1.144990 34.574
 40   312.040 53628.86476683 53.62  18.555077   1.148290 34.574
 40   311.921 53628.86476748 51.72  18.554358   1.151600 14.393
 41   312.305 53663.86478678 45.91  18.562681   1.127025 37.191
 41   312.345 53663.86478742 47.58  18.561961   1.130335 37.191
 41   312.385 53663.86478807 47.02  18.561231   1.133635 37.191
 41   312.438 53663.86478871 49.14  18.560501   1.136945 37.191
 41   312.481 53663.86478936 46.75  18.559781   1.140255 37.191
 41   312.416 53663.86479000 42.62  18.559051   1.143555 37.191
 41   312.516 53663.86479065 51.25  18.558321   1.146865 37.191
 41   312.556 53663.86479129 49.40  18.557601   1.150165 37.191
 41   312.589 53663.86479194 48.22  18.556869   1.153476  9.617
 41   312.633 53663.86479258 47.35  18.556149   1.156776  9.617
 42   313.742 53698.86474648 51.61  18.567092   1.128881 48.403
 42   313.754 53698.86474713 51.05  18.566362   1.132181 48.403
 42   313.835 53698.86474777 54.64  18.565642   1.135491 48.403
 42   313.705 53698.86474842 53.91  18.564912   1.138801 48.403
 42   313.730 53698.86474906 54.43  18.564192   1.142101 48.403
 42   313.776 53698.86474971 52.24  18.563462   1.145411 48.403
 42   313.728 53698.86475035 47.18  18.562732   1.148711 48.403
 42   313.866 53698.86475100 51.00  18.562012   1.152021 48.403
 42   313.912 53698.86475164 53.90  18.561282   1.155321 48.403
 42   313.916 53698.86475229 54.90  18.560555   1.158633 22.745
 42   313.924 53698.86475293 49.64  18.559825   1.161933 22.745
 43   312.636 53733.86466970 51.96  18.569544   1.133382 41.650
 43   312.677 53733.86467035 53.62  18.568824   1.136692 41.650
 43   312.720 53733.86467099 52.74  18.568094   1.139992 41.650
 43   312.767 53733.86467164 50.43  18.567374   1.143302 41.650
 43   312.840 53733.86467228 50.84  18.566644   1.146612 41.650
 43   312.919 53733.86467293 51.77  18.565914   1.149912 41.650
 43   312.928 53733.86467357 48.48  18.565194   1.153222 41.650
 43   312.955 53733.86467422 51.13  18.564464   1.156522 41.650
 43   312.944 53733.86467486 51.93  18.563741   1.159834 18.019
 43   312.941 53733.86467551 51.55  18.563011   1.163134 18.019
 44   311.900 53768.86465237 52.84  18.570127   1.135493 38.009
 44   311.931 53768.86465301 53.16  18.569407   1.138803 38.009
 44   311.967 53768.86465366 48.80  18.568677   1.142103 38.009
 44   312.007 53768.86465430 45.78  18.567947   1.145413 38.009
 44   312.065 53768.86465495 51.00  18.567227   1.148723 38.009
 44   312.105 53768.86465559 50.57  18.566497   1.152023 38.009
 44   312.125 53768.86465624 52.57  18.565767   1.155333 38.009
 44   312.070 53768.86465688 51.83  18.565047   1.158633 38.009
 44   312.011 53768.86465753 51.71  18.564314   1.161945 22.376
 45   311.895 53803.86464798 45.12  18.569593   1.130720 27.554
 45   311.735 53803.86464863 45.60  18.568873   1.134030 27.554
 45   311.805 53803.86464927 37.48  18.568143   1.137330 27.554
 45   311.891 53803.86464992 42.93  18.567423   1.140640 27.554
 45   311.853 53803.86465056 40.33  18.566693   1.143950 27.554
 45   311.946 53803.86465121 42.69  18.565963   1.147250 27.554
 45   311.907 53803.86465185 51.84  18.565243   1.150560 27.554
 45   311.937 53803.86465250 45.70  18.564513   1.153860 27.554
 45   312.018 53803.86465314 48.84  18.563788   1.157172 12.174
 45   311.886 53803.86465379 48.10  18.563058   1.160472 12.174
 45   312.026 53803.86465443 39.01  18.562338   1.163782 12.174
 46   312.244 53838.86466538 50.42  18.565428   1.125100 40.262
 46   312.385 53838.86466602 50.30  18.564698   1.128410 40.262
 46   312.468 53838.86466666 51.07  18.563968   1.131710 40.262
 46   312.464 53838.86466731 49.45  18.563248   1.135020 40.262
 46   312.436 53838.86466795 53.02  18.562518   1.138320 40.262
 46   312.400 53838.86466860 52.20  18.561788   1.141630 40.262
 46   312.342 53838.86466924 44.20  18.561068   1.144940 40.262
 46   312.548 53838.86466989 50.64  18.560338   1.148240 40.262
 46   312.546 53838.86467053 54.22  18.559608   1.151550 40.262
 46   312.526 53838.86467118 53.14  18.558888   1.154850 40.262
 46   312.499 53838.86467182 53.25  18.558151   1.158160  8.465
 47   312.067 53873.86471336 51.35  18.566722   1.128441 41.685
 47   312.091 53873.86471401 52.36  18.566002   1.131751 41.685
 47   312.130 53873.86471465 52.43  18.565272   1.135051 41.685
 47   312.170 53873.86471530 52.76  18.564542   1.138361 41.685
 47   312.209 53873.86471594 54.31  18.563822   1.141671 41.685
 47   312.278 53873.86471659 51.34  18.563092   1.144971 41.685
 47   312.297 53873.86471723 43.88  18.562362   1.148281 41.685
 47   312.317 53873.86471788 47.31  18.561642   1.151581 41.685
 47   312.322 53873.86471852 52.92  18.560910   1.154892 22.658
 47   312.394 53873.86471916 51.31  18.560190   1.158192 22.658
 47   312.413 53873.86471981 49.24  18.559460   1.161502 22.658
 48   311.705 53908.86475627 28.11  18.562010   1.122419 36.964
 48   311.846 53908.86475692 27.80  18.561290   1.125719 36.964
 48   311.855 53908.86475756 35.22  18.560560   1.129029 36.964
 48   311.882 53908.86475821 35.05  18.559830   1.132329 36.964
 48   311.928 53908.86475885 33.19  18.559110   1.135639 36.964
 48   311.984 53908.86475950 31.39  18.558380   1.138939 36.964
 48   311.949 53908.86476014 33.80  18.557650   1.142249 36.964
 48   312.025 53908.86476078 35.85  18.556930   1.145559 36.964
 48   312.105 53908.86476143 44.01  18.556200   1.148859 36.964
 48   312.175 53908.86476207 46.31  18.555470   1.152169 36.964
 49   311.514 53943.86477921 52.48  18.558529   1.118342 46.951
 49   311.598 53943.86477985 53.37  18.557799   1.121642 46.951
 49   311.544 53943.86478050 54.44  18.557069   1.124952 46.951
 49   311.474 53943.86478114 52.62  18.556349   1.128252 46.951
 49   311.513 53943.86478179 53.45  18.555619   1.131562 46.951
 49   311.511 53943.86478243 50.95  18.554889   1.134862 46.951
 49   311.524 53943.86478308 50.90  18.554169   1.138172 46.951
 49   311.560 53943.86478372 53.62  18.553439   1.141482 46.951
 49   311.602 53943.86478436 51.48  18.552719   1.144782 46.951
 50   310.560 53978.86472994 20.04  18.564774   1.124534 12.317
 50   311.492 53978.86473058 19.39  18.564044   1.127844 12.317
 50   311.921 53978.86473123 21.75  18.563324   1.131144 12.317
 50   312.066 53978.86473187 29.01  18.562594   1.134454 12.317
 50   312.249 53978.86473252 34.19  18.561864   1.137754 12.317
 50   312.089 53978.86473316 26.60  18.561144   1.141064 12.317
 50   312.013 53978.86473381 22.19  18.560414   1.144374 12.317
 50   311.362 53978.86473445 24.22  18.559694   1.147674 12.317
 50   311.451 53978.86473510 24.04  18.558964   1.150984 12.317
 50   311.968 53978.86473574 23.38  18.558234   1.154284 12.317
 50   312.049 53978.86473639 25.83  18.557514   1.157594 12.317
 51   312.430 54013.86474355 53.57  18.566962   1.130080 43.312
 51   312.404 54013.86474420 50.18  18.566232   1.133380 43.312
 51   312.476 54013.86474484 54.42  18.565512   1.136690 43.312
 51   312.554 54013.86474548 51.06  18.564782   1.139990 43.312
 51   312.641 54013.86474613 51.89  18.564052   1.143300 43.312
 51   312.625 54013.86474677 52.03  18.563322   1.146610 43.312
 51   312.472 54013.86474742 46.17  18.562602   1.149910 43.312
 51   312.558 54013.86474806 51.97  18.561872   1.153220 43.312
 51   312.556 54013.86474871 54.62  18.561142   1.156520 43.312
 51   312.564 54013.86474935 53.67  18.560414   1.159831 23.276
 52   313.169 54048.86475062 48.80  18.571511   1.134638 43.219
 52   313.231 54048.86475126 51.44  18.570781   1.137938 43.219
 52   313.309 54048.86475191 48.81  18.570061   1.141248 43.219
 52   313.343 54048.86475255 48.09  18.569331   1.144548 43.219
 52   313.399 54048.86475320 47.21  18.568601   1.147858 43.219
 52   313.446 54048.86475384 49.78  18.567881   1.151168 43.219
 52   313.458 54048.86475449 51.47  18.567151   1.154468 43.219
 52   313.423 54048.86475513 49.83  18.566431   1.157778 43.219
 52   313.425 54048.86475578 50.29  18.565701   1.161078 43.219
 52   313.453 54048.86475642 52.65  18.564970   1.164391 24.606
 54   313.885 54118.86467085 53.03  18.566796   1.126663 52.715
 54   313.894 54118.86467150 51.17  18.566066   1.129973 52.715
 54   313.931 54118.86467214 51.86  18.565346   1.133273 52.715
 54   313.953 54118.86467279 53.25  18.564616   1.136583 52.715
 54   313.949 54118.86467343 50.86  18.563886   1.139883 52.715
 54   313.991 54118.86467408 53.20  18.563166   1.143193 52.715
 54   313.996 54118.86467472 48.75  18.562436   1.146493 52.715
 54   314.038 54118.86467537 51.08  18.561716   1.149803 52.715
 54   314.120 54118.86467601 53.94  18.560986   1.153113 52.715
 54   314.111 54118.86467666 54.69  18.560256   1.156413 52.715
 54   314.114 54118.86467730 52.50  18.559536   1.159723 52.715
 55   312.821 54153.86469663 52.30  18.565658   1.124589 48.835
 55   312.863 54153.86469727 50.66  18.564938   1.127889 48.835
 55   312.834 54153.86469792 49.76  18.564208   1.131199 48.835
 55   312.887 54153.86469856 49.67  18.563478   1.134499 48.835
 55   312.900 54153.86469920 51.26  18.562758   1.137809 48.835
 55   312.918 54153.86469985 50.30  18.562028   1.141109 48.835
 55   312.910 54153.86470049 45.10  18.561298   1.144419 48.835
 55   312.966 54153.86470114 49.51  18.560578   1.147729 48.835
 55   313.004 54153.86470178 47.97  18.559848   1.151029 48.835
 55   313.080 54153.86470243 49.49  18.559118   1.154339 48.835
 55   313.130 54153.86470307 48.14  18.558398   1.157639 48.835
 56   312.699 54188.86466582 48.56  18.566777   1.127191 40.568
 56   312.741 54188.86466646 47.81  18.566047   1.130501 40.568
 56   312.709 54188.86466711 46.62  18.565317   1.133801 40.568
 56   312.793 54188.86466775 49.63  18.564597   1.137111 40.568
 56   312.882 54188.86466840 50.47  18.563867   1.140411 40.568
 56   312.884 54188.86466904 48.26  18.563144   1.143722 21.434
 56   312.878 54188.86466969 44.23  18.562414   1.147022 21.434
 56   312.919 54188.86467033 49.41  18.561694   1.150332 21.434
 56   312.987 54188.86467098 51.01  18.560964   1.153632 21.434
 56   312.955 54188.86467162 51.97  18.560234   1.156942 21.434
 56   313.016 54188.86467227 51.22  18.559514   1.160252 21.434
 57   312.711 54223.86470703 53.70  18.565251   1.125922 37.856
 57   312.786 54223.86470767 52.91  18.564521   1.129222 37.856
 57   312.823 54223.86470832 50.90  18.563791   1.132532 37.856
 57   312.838 54223.86470896 53.19  18.563071   1.135832 37.856
 57   312.725 54223.86470961 52.52  18.562339   1.139141 26.997
 57   312.749 54223.86471025 52.29  18.561619   1.142441 26.997
 57   312.702 54223.86471090 44.41  18.560889   1.145751 26.997
 57   312.791 54223.86471154 51.90  18.560159   1.149051 26.997
 57   312.860 54223.86471219 54.23  18.559439   1.152361 26.997
 57   312.880 54223.86471283 53.19  18.558709   1.155671 26.997
 57   312.927 54223.86471348 51.73  18.557979   1.158971 26.997
 58   312.808 54258.86472905 49.49  18.566281   1.127042 31.553
 58   312.826 54258.86472969 50.50  18.565561   1.130352 31.553
 58   312.788 54258.86473034 47.70  18.564831   1.133652 31.553
 58   312.862 54258.86473098 46.36  18.564101   1.136964 24.834
 58   312.909 54258.86473162 48.27  18.563371   1.140264 24.834
 58   312.912 54258.86473227 47.42  18.562651   1.143574 24.834
 58   312.889 54258.86473291 42.00  18.561921   1.146874 24.834
 58   312.970 54258.86473356 50.68  18.561191   1.150184 24.834
 58   312.928 54258.86473420 48.90  18.560471   1.153494 24.834
 58   312.940 54258.86473485 46.92  18.559741   1.156794 24.834
 58   312.969 54258.86473549 47.80  18.559021   1.160104 24.834
 59   312.312 54293.86473239 32.15  18.566628   1.129995 24.030
 59   312.322 54293.86473303 39.57  18.565908   1.133305 24.030
 59   312.382 54293.86473368 50.14  18.565178   1.136605 24.030
 59   312.444 54293.86473432 49.06  18.564448   1.139917 22.287
 59   312.523 54293.86473497 49.64  18.563718   1.143217 22.287
 59   312.598 54293.86473561 45.74  18.562998   1.146527 22.287
 59   312.573 54293.86473625 43.94  18.562268   1.149827 22.287
 59   312.620 54293.86473690 49.62  18.561548   1.153137 22.287
 59   312.614 54293.86473754 50.14  18.560818   1.156447 22.287
 59   312.607 54293.86473819 52.22  18.560088   1.159747 22.287
 60   312.667 54328.86472689 52.38  18.567458   1.131613 33.787
 60   312.720 54328.86472754 53.35  18.566738   1.134923 33.787
 60   312.808 54328.86472818 50.25  18.566008   1.138223 33.787
 60   312.867 54328.86472883 49.69  18.565281   1.141534 29.206
 60   312.819 54328.86472947 52.78  18.564551   1.144834 29.206
 60   312.785 54328.86473012 50.36  18.563831   1.148144 29.206
 60   312.722 54328.86473076 48.98  18.563101   1.151444 29.206
 60   312.752 54328.86473141 53.42  18.562371   1.154754 29.206
 60   312.770 54328.86473205 51.19  18.561651   1.158064 29.206
 60   312.802 54328.86473270 52.12  18.560921   1.161364 29.206
 61   312.942 54363.86467269 51.83  18.567364   1.124260 32.810
 61   313.002 54363.86467333 52.00  18.566634   1.127570 32.810
 61   312.860 54363.86467398 49.53  18.565904   1.130870 32.810
 61   312.912 54363.86467462 53.11  18.565184   1.134180 32.810
 61   312.965 54363.86467527 48.82  18.564454   1.137480 32.810
 61   313.052 54363.86467591 52.29  18.563732   1.140792 26.190
 61   313.128 54363.86467656 49.99  18.563002   1.144092 26.190
 61   313.121 54363.86467720 44.86  18.562282   1.147402 26.190
 61   313.109 54363.86467785 51.58  18.561552   1.150702 26.190
 61   313.091 54363.86467849 50.14  18.560822   1.154012 26.190
 61   313.113 54363.86467914 52.77  18.560102   1.157322 26.190
 61   313.134 54363.86467978 53.25  18.559372   1.160622 26.190
 62   313.813 54398.86466679 50.82  18.567719   1.129364 43.026
 62   313.789 54398.86466743 50.80  18.566989   1.132674 43.026
 62   313.757 54398.86466808 50.98  18.566269   1.135974 43.026
 62   313.757 54398.86466872 51.07  18.565538   1.139286 31.615
 62   313.836 54398.86466937 52.39  18.564818   1.142586 31.615
 62   313.906 54398.86467001 51.07  18.564088   1.145896 31.615
 62   313.883 54398.86467066 48.12  18.563358   1.149196 31.615
 62   313.940 54398.86467130 50.71  18.562638   1.152506 31.615
 62   313.941 54398.86467195 50.96  18.561908   1.155816 31.615
 62   313.998 54398.86467259 53.05  18.561178   1.159116 31.615
 62   313.940 54398.86467324 51.59  18.560458   1.162426 31.615
 63   314.070 54433.86462460 49.11  18.567280   1.130053 42.850
 63   314.075 54433.86462525 48.99  18.566560   1.133363 42.850
 63   314.106 54433.86462589 46.64  18.565830   1.136663 42.850
 63   314.153 54433.86462654 46.82  18.565106   1.139975 31.921
 63   314.148 54433.86462718 46.35  18.564376   1.143275 31.921
 63   314.160 54433.86462783 44.34  18.563656   1.146585 31.921
 63   314.194 54433.86462847 46.95  18.562926   1.149885 31.921
 63   314.225 54433.86462912 46.88  18.562196   1.153195 31.921
 63   314.242 54433.86462976 51.03  18.561476   1.156495 31.921
 63   314.264 54433.86463041 50.47  18.560746   1.159805 31.921
 64   314.352 54468.86464952 50.82  18.568322   1.128994 41.390
 64   314.378 54468.86465017 51.79  18.567592   1.132304 41.390
 64   314.290 54468.86465081 52.19  18.566872   1.135604 41.390
 64   314.272 54468.86465146 50.95  18.566138   1.138916 36.168
 64   314.324 54468.86465210 52.77  18.565418   1.142216 36.168
 64   314.305 54468.86465274 53.36  18.564688   1.145526 36.168
 64   314.360 54468.86465339 50.95  18.563958   1.148826 36.168
 64   314.338 54468.86465403 51.05  18.563238   1.152136 36.168
 64   314.366 54468.86465468 53.17  18.562508   1.155446 36.168
 64   314.405 54468.86465532 52.77  18.561778   1.158746 36.168
 64   314.405 54468.86465597 54.30  18.561058   1.162056 36.168
 65   313.318 54503.86463994 49.09  18.566693   1.129927 45.107
 65   313.378 54503.86464059 51.04  18.565973   1.133237 45.107
 65   313.270 54503.86464123 50.97  18.565243   1.136537 45.107
 65   313.331 54503.86464188 51.95  18.564523   1.139847 45.107
 65   313.370 54503.86464252 52.53  18.563793   1.143157 45.107
 65   313.392 54503.86464317 49.49  18.563063   1.146457 45.107
 65   313.261 54503.86464381 48.62  18.562343   1.149767 45.107
 65   313.300 54503.86464446 52.95  18.561613   1.153067 45.107
 65   313.329 54503.86464510 53.14  18.560887   1.156379 24.197
 65   313.351 54503.86464575 53.94  18.560157   1.159679 24.197
 66   312.573 54538.86466459 51.27  18.567852   1.128280 37.799
 66   312.447 54538.86466523 51.49  18.567122   1.131590 37.799
 66   312.460 54538.86466588 52.42  18.566402   1.134900 37.799
 66   312.508 54538.86466652 53.21  18.565672   1.138200 37.799
 66   312.571 54538.86466717 51.77  18.564952   1.141510 37.799
 66   312.650 54538.86466781 52.54  18.564222   1.144810 37.799
 66   312.700 54538.86466846 49.25  18.563492   1.148120 22.497
 66   312.477 54538.86466910 48.66  18.562772   1.151420 22.497
 66   312.488 54538.86466975 50.71  18.562042   1.154730 22.497
 66   312.530 54538.86467039 53.67  18.561312   1.158030 22.497
 66   312.557 54538.86467104 51.04  18.560592   1.161340 22.497
 67   312.577 54573.86464093 50.14  18.566956   1.130535 38.603
 67   312.522 54573.86464157 52.87  18.566236   1.133835 38.603
 67   312.569 54573.86464222 53.17  18.565506   1.137145 38.603
 67   312.632 54573.86464286 52.73  18.564776   1.140445 38.603
 67   312.714 54573.86464351 53.54  18.564056   1.143755 38.603
 67   312.780 54573.86464415 49.02  18.563326   1.147055 38.603
 67   312.566 54573.86464479 46.41  18.562602   1.150366 21.813
 67   312.669 54573.86464544 51.99  18.561872   1.153666 21.813
 67   312.640 54573.86464608 53.10  18.561152   1.156976 21.813
 67   312.654 54573.86464673 54.02  18.560422   1.160276 21.813
 68   312.259 54608.86465793 47.90  18.566310   1.127268 39.286
 68   312.211 54608.86465857 44.21  18.565580   1.130578 39.286
 68   312.233 54608.86465922 51.81  18.564860   1.133888 39.286
 68   312.170 54608.86465986 50.68  18.564130   1.137188 39.286
 68   312.203 54608.86466051 52.33  18.563410   1.140498 39.286
 68   312.223 54608.86466115 49.48  18.562680   1.143798 39.286
 68   312.266 54608.86466180 44.20  18.561950   1.147110 18.462
 68   312.336 54608.86466244 49.20  18.561230   1.150410 18.462
 68   312.377 54608.86466309 47.86  18.560500   1.153720 18.462
 68   312.380 54608.86466373 47.64  18.559770   1.157020 18.462
 68   312.430 54608.86466438 49.80  18.559050   1.160330 18.462
 69   312.366 54643.86466518 41.13  18.566551   1.124800 34.662
 69   312.384 54643.86466583 45.56  18.565821   1.128100 34.662
 69   312.412 54643.86466647 41.10  18.565101   1.131410 34.662
 69   312.468 54643.86466711 39.89  18.564371   1.134720 34.662
 69   312.469 54643.86466776 41.62  18.563641   1.138020 34.662
 69   312.479 54643.86466840 43.48  18.562921   1.141330 34.662
 69   312.577 54643.86466905 46.98  18.562191   1.144630 34.662
 69   312.526 54643.86466969 42.55  18.561462   1.147942 17.415
 69   312.623 54643.86467034 49.57  18.560732   1.151242 17.415
 69   312.658 54643.86467098 49.97  18.560012   1.154552 17.415
 69   312.660 54643.86467163 49.41  18.559282   1.157852 17.415
 69   312.686 54643.86467227 47.37  18.558562   1.161162 17.415
 70   311.829 54678.86466697 34.41  18.565889   1.125235 37.487
 70   311.949 54678.86466762 38.47  18.565159   1.128535 37.487
 70   311.852 54678.86466826 43.68  18.564439   1.131845 37.487
 70   311.980 54678.86466891 52.96  18.563709   1.135155 37.487
 70   311.926 54678.86466955 52.91  18.562979   1.138455 37.487
 70   311.950 54678.86467020 52.29  18.562259   1.141765 37.487
 70   311.996 54678.86467084 47.18  18.561529   1.145065 37.487
 70   312.061 54678.86467149 48.42  18.560800   1.148375 16.922
 70   312.114 54678.86467213 49.37  18.560070   1.151675 16.922
 70   312.116 54678.86467278 52.82  18.559350   1.154985 16.922
 70   312.134 54678.86467342 53.97  18.558620   1.158285 16.922
 71   312.592 54713.86462024 44.93  18.567658   1.130122 30.808
 71   312.555 54713.86462088 42.38  18.566938   1.133422 30.808
 71   312.591 54713.86462153 45.52  18.566208   1.136732 30.808
 71   312.598 54713.86462217 49.56  18.565478   1.140032 30.808
 71   312.540 54713.86462282 51.47  18.564758   1.143342 30.808
 71   312.570 54713.86462346 53.92  18.564028   1.146642 30.808
 71   312.631 54713.86462411 44.52  18.563305   1.149955 15.524
 71   312.720 54713.86462475 48.86  18.562575   1.153255 15.524
 71   312.744 54713.86462540 53.30  18.561855   1.156565 15.524
 71   312.631 54713.86462604 53.64  18.561125   1.159865 15.524
 72   312.605 54748.86463700 51.53  18.565699   1.127012 36.093
 72   312.668 54748.86463764 50.68  18.564969   1.130312 36.093
 72   312.749 54748.86463829 52.03  18.564249   1.133622 36.093
 72   312.788 54748.86463893 51.94  18.563519   1.136922 36.093
 72   312.732 54748.86463958 52.58  18.562789   1.140232 36.093
 72   312.664 54748.86464022 49.81  18.562069   1.143532 36.093
 72   312.626 54748.86464087 45.55  18.561337   1.146845 20.660
 72   312.684 54748.86464151 49.38  18.560617   1.150145 20.660
 72   312.705 54748.86464216 52.25  18.559887   1.153455 20.660
 72   312.738 54748.86464280 52.13  18.559157   1.156755 20.660
 72   312.756 54748.86464345 53.06  18.558437   1.160065 20.660
 73   313.642 54783.86460723 49.60  18.566979   1.130643 43.643
 73   313.643 54783.86460787 52.23  18.566259   1.133953 43.643
 73   313.559 54783.86460852 51.04  18.565529   1.137263 43.643
 73   313.670 54783.86460916 52.65  18.564799   1.140563 43.643
 73   313.638 54783.86460981 53.46  18.564079   1.143873 43.643
 73   313.649 54783.86461045 51.23  18.563349   1.147173 43.643
 73   313.651 54783.86461109 49.93  18.562622   1.150484 21.483
 73   313.704 54783.86461174 52.05  18.561892   1.153784 21.483
 73   313.728 54783.86461238 53.54  18.561172   1.157094 21.483
 73   313.737 54783.86461303 54.22  18.560442   1.160394 21.483
 74   313.983 54818.86462951 50.72  18.566577   1.128774 47.202
 74   314.010 54818.86463015 52.65  18.565847   1.132084 47.202
 74   313.977 54818.86463080 51.20  18.565127   1.135394 47.202
 74   314.015 54818.86463144 52.64  18.564397   1.138694 47.202
 74   314.047 54818.86463208 52.95  18.563667   1.142004 47.202
 74   314.055 54818.86463273 49.98  18.562947   1.145304 47.202
 74   314.033 54818.86463337 47.36  18.562215   1.148614 27.081
 74   314.140 54818.86463402 51.87  18.561495   1.151914 27.081
 74   314.191 54818.86463466 52.55  18.560765   1.155224 27.081
 74   314.190 54818.86463531 51.79  18.560035   1.158534 27.081
 74   314.176 54818.86463595 49.89  18.559315   1.161834 27.081
 75   312.103 54853.86460449 16.53  18.567084   1.129349 15.512
 75   312.201 54853.86460513 16.00  18.566364   1.132649 15.512
 75   312.373 54853.86460578 16.22  18.565634   1.135959 15.512
 75   312.488 54853.86460642 15.18  18.564904   1.139259 15.512
 75   312.574 54853.86460707 14.93  18.564184   1.142569 15.512
 75   312.613 54853.86460771 15.45  18.563454   1.145869 15.512
 75   312.489 54853.86460836 16.06  18.562727   1.149182  9.240
 75   312.434 54853.86460900 14.63  18.561997   1.152482  9.240
 75   312.516 54853.86460965 15.64  18.561277   1.155792  9.240
 75   312.863 54853.86461029 15.29  18.560547   1.159092  9.240
 75   313.164 54853.86461094 16.23  18.559817   1.162402  9.240
 76   312.458 54888.86463385 19.81  18.565044   1.127052 16.863
 76   312.500 54888.86463449 19.97  18.564314   1.130362 16.863
 76   312.641 54888.86463514 19.98  18.563584   1.133662 16.863
 76   312.791 54888.86463578 20.62  18.562864   1.136972 16.863
 76   312.872 54888.86463643 26.26  18.562134   1.140272 16.863
 76   312.940 54888.86463707 25.39  18.561404   1.143582 16.863
 76   312.989 54888.86463771 22.15  18.560684   1.146882 16.863
 76   312.736 54888.86463836 18.79  18.559954   1.150194  5.966
 76   312.639 54888.86463900 17.67  18.559224   1.153494  5.966
 76   313.072 54888.86463965 18.83  18.558504   1.156804  5.966
 76   313.120 54888.86464029 27.54  18.557774   1.160104  5.966
 77   312.395 54923.86460286 50.68  18.565782   1.124516 37.512
 77   312.469 54923.86460350 48.74  18.565062   1.127826 37.512
 77   312.470 54923.86460415 52.27  18.564332   1.131126 37.512
 77   312.388 54923.86460479 53.20  18.563612   1.134436 37.512
 77   312.546 54923.86460544 52.33  18.562882   1.137746 37.512
 77   312.481 54923.86460608 52.42  18.562152   1.141046 37.512
 77   312.557 54923.86460673 47.57  18.561432   1.144356 37.512
 77   312.550 54923.86460737 45.76  18.560702   1.147656 37.512
 77   312.502 54923.86460802 51.66  18.559980   1.150967 18.269
 77   312.660 54923.86460866 48.23  18.559250   1.154267 18.269
 77   312.610 54923.86460931 54.05  18.558530   1.157577 18.269
 78   313.067 54958.86463144 51.16  18.565327   1.125581 34.938
 78   313.098 54958.86463208 50.15  18.564597   1.128891 34.938
 78   313.126 54958.86463273 48.90  18.563877   1.132201 34.938
 78   313.156 54958.86463337 48.09  18.563147   1.135501 34.938
 78   313.188 54958.86463402 47.83  18.562417   1.138811 34.938
 78   313.218 54958.86463466 44.07  18.561697   1.142111 34.938
 78   313.161 54958.86463531 37.89  18.560965   1.145422  5.281
 78   313.094 54958.86463595 29.53  18.560245   1.148722  5.281
 78   312.651 54958.86463660 24.96  18.559515   1.152032  5.281
 78   312.696 54958.86463724 23.18  18.558785   1.155332  5.281
 78   312.846 54958.86463788 22.08  18.558065   1.158642  5.281
 79   311.907 54993.86465379 26.05  18.563939   1.126220 23.176
 79   312.464 54993.86465444 24.91  18.563209   1.129530 23.176
 79   312.957 54993.86465508 24.97  18.562489   1.132840 23.176
 79   313.088 54993.86465573 34.46  18.561759   1.136140 23.176
 79   313.171 54993.86465637 40.61  18.561039   1.139450 23.176
 79   313.288 54993.86465702 39.68  18.560309   1.142750 23.176
 79   313.320 54993.86465766 41.44  18.559579   1.146062 14.422
 79   313.208 54993.86465831 41.41  18.558859   1.149362 14.422
 79   313.289 54993.86465895 39.72  18.558129   1.152672 14.422
 79   313.336 54993.86465960 37.62  18.557399   1.155972 14.422
 80   312.231 55028.86464319 49.12  18.567048   1.124969 40.405
 80   312.256 55028.86464383 51.37  18.566318   1.128269 40.405
 80   312.293 55028.86464448 54.06  18.565598   1.131579 40.405
 80   312.336 55028.86464512 53.39  18.564868   1.134889 40.405
 80   312.393 55028.86464577 53.21  18.564138   1.138189 40.405
 80   312.455 55028.86464641 51.16  18.563418   1.141499 40.405
 80   312.473 55028.86464706 49.59  18.562688   1.144799 40.405
 80   312.411 55028.86464770 45.25  18.561960   1.148110 21.540
 80   312.499 55028.86464835 51.27  18.561240   1.151410 21.540
 80   312.496 55028.86464899 50.48  18.560510   1.154720 21.540
 80   312.522 55028.86464964 52.74  18.559780   1.158020 21.540
 80   312.517 55028.86465028 48.88  18.559060   1.161330 21.540
 81   311.975 55063.86463596 50.39  18.566736   1.128724 40.087
 81   311.976 55063.86463660 53.28  18.566006   1.132034 40.087
 81   311.961 55063.86463724 52.19  18.565286   1.135344 40.087
 81   311.917 55063.86463789 51.38  18.564556   1.138644 40.087
 81   311.879 55063.86463853 52.63  18.563836   1.141954 40.087
 81   311.919 55063.86463918 52.86  18.563106   1.145254 40.087
 81   311.877 55063.86463982 43.94  18.562377   1.148566 21.967
 81   311.929 55063.86464047 52.50  18.561647   1.151866 21.967
 81   311.986 55063.86464111 51.58  18.560927   1.155176 21.967
 81   312.058 55063.86464176 51.27  18.560197   1.158476 21.967
 81   312.139 55063.86464240 46.81  18.559467   1.161786 21.967
 82   311.961 55098.86458090 31.76  18.565667   1.126671 30.877
 82   312.079 55098.86458155 36.38  18.564937   1.129981 30.877
 82   312.258 55098.86458219 43.25  18.564217   1.133281 30.877
 82   312.302 55098.86458284 52.15  18.563487   1.136591 30.877
 82   312.270 55098.86458348 53.98  18.562757   1.139891 30.877
 82   312.306 55098.86458413 49.09  18.562037   1.143201 30.877
 82   312.243 55098.86458477 41.98  18.561307   1.146501 30.877
 82   312.366 55098.86458541 51.51  18.560585   1.149815 16.261
 82   312.377 55098.86458606 49.65  18.559855   1.153115 16.261
 82   312.378 55098.86458670 49.33  18.559135   1.156425 16.261
 82   312.401 55098.86458735 50.72  18.558405   1.159725 16.261
 83   313.146 55133.86457883 52.74  18.566875   1.124437 41.526
 83   313.189 55133.86457948 51.91  18.566145   1.127737 41.526
 83   313.254 55133.86458012 53.90  18.565415   1.131047 41.526
 83   313.337 55133.86458077 53.23  18.564695   1.134357 41.526
 83   313.371 55133.86458141 52.35  18.563965   1.137657 41.526
 83   313.252 55133.86458206 50.83  18.563235   1.140967 41.526
 83   313.253 55133.86458270 51.26  18.562515   1.144267 41.526
 83   313.237 55133.86458335 44.72  18.561783   1.147578 17.557
 83   313.291 55133.86458399 51.72  18.561063   1.150878 17.557
 83   313.307 55133.86458463 52.91  18.560333   1.154188 17.557
 83   313.335 55133.86458528 54.37  18.559603   1.157488 17.557
 83   313.360 55133.86458592 49.71  18.558883   1.160798 17.557
 84   313.866 55168.86454445 50.79  18.567594   1.129755 48.207
 84   313.918 55168.86454510 51.50  18.566874   1.133065 48.207
 84   313.916 55168.86454574 51.38  18.566144   1.136375 48.207
 84   313.971 55168.86454639 52.84  18.565414   1.139675 48.207
 84   313.905 55168.86454703 51.19  18.564694   1.142985 48.207
 84   313.923 55168.86454768 50.99  18.563964   1.146285 48.207
 84   313.849 55168.86454832 47.34  18.563238   1.149596 26.576
 84   313.997 55168.86454897 52.97  18.562508   1.152896 26.576
 84   314.057 55168.86454961 53.33  18.561788   1.156206 26.576
 84   314.054 55168.86455026 53.98  18.561058   1.159506 26.576
 84   314.067 55168.86455090 49.71  18.560328   1.162816 26.576
 85   313.799 55203.86457257 53.40  18.565896   1.127302 47.907
 85   313.831 55203.86457322 54.01  18.565166   1.130602 47.907
 85   313.832 55203.86457386 52.36  18.564446   1.133912 47.907
 85   313.853 55203.86457451 53.09  18.563716   1.137212 47.907
 85   313.869 55203.86457515 52.53  18.562986   1.140522 47.907
 85   313.894 55203.86457580 51.86  18.562266   1.143822 47.907
 85   313.895 55203.86457644 45.80  18.561534   1.147134 20.824
 85   313.942 55203.86457709 51.39  18.560814   1.150434 20.824
 85   313.971 55203.86457773 52.63  18.560084   1.153744 20.824
 85   313.989 55203.86457838 53.34  18.559354   1.157044 20.824
 85   314.008 55203.86457902 51.94  18.558634   1.160354 20.824
 86   313.120 55238.86455119 52.08  18.566196   1.126908 42.496
 86   313.154 55238.86455184 52.27  18.565466   1.130218 42.496
 86   313.198 55238.86455248 53.90  18.564746   1.133518 42.496
 86   313.228 55238.86455313 53.83  18.564016   1.136828 42.496
 86   313.272 55238.86455377 50.31  18.563286   1.140128 42.496
 86   313.312 55238.86455442 50.55  18.562566   1.143438 42.496
 86   313.310 55238.86455506 46.29  18.561836   1.146738 42.496
 86   313.310 55238.86455571 49.33  18.561111   1.150051 18.865
 86   313.352 55238.86455635 49.77  18.560381   1.153351 18.865
 86   313.384 55238.86455700 52.12  18.559661   1.156661 18.865
 86   313.413 55238.86455764 51.90  18.558931   1.159961 18.865
 87   313.519 55273.86456550 50.42  18.566691   1.125398 45.117
 87   313.523 55273.86456615 49.20  18.565961   1.128698 45.117
 87   313.538 55273.86456679 52.76  18.565241   1.132008 45.117
 87   313.432 55273.86456744 49.86  18.564511   1.135308 45.117
 87   313.413 55273.86456808 52.53  18.563781   1.138618 45.117
 87   313.434 55273.86456873 51.27  18.563061   1.141928 45.117
 87   313.464 55273.86456937 49.42  18.562331   1.145228 45.117
 87   313.471 55273.86457002 47.01  18.561603   1.148537 20.307
 87   313.500 55273.86457066 51.21  18.560873   1.151837 20.307
 87   313.524 55273.86457131 52.17  18.560153   1.155147 20.307
 87   313.541 55273.86457195 52.73  18.559423   1.158457 20.307
 88   314.060 55308.86453508 49.65  18.566955   1.129125 44.856
 88   314.101 55308.86453572 50.97  18.566225   1.132435 44.856
 88   314.136 55308.86453636 50.36  18.565505   1.135735 44.856
 88   314.185 55308.86453701 50.86  18.564775   1.139045 44.856
 88   314.214 55308.86453765 49.39  18.564045   1.142345 44.856
 88   314.246 55308.86453830 50.85  18.563325   1.145655 44.856
 88   314.225 55308.86453894 44.84  18.562595   1.148955 44.856
 88   314.268 55308.86453959 50.56  18.561872   1.152267 20.426
 88   314.299 55308.86454023 52.91  18.561142   1.155567 20.426
 88   314.325 55308.86454088 50.72  18.560422   1.158877 20.426
 88   314.297 55308.86454152 44.25  18.559692   1.162177 20.426
 89   313.532 55343.86453514 23.64  18.567452   1.128160 29.033
 89   313.254 55343.86453579 25.12  18.566722   1.131460 29.033
 89   313.599 55343.86453643 26.19  18.566002   1.134770 29.033
 89   313.701 55343.86453707 39.14  18.565272   1.138070 29.033
 89   313.805 55343.86453772 46.27  18.564542   1.141380 29.033
 89   313.919 55343.86453836 47.20  18.563822   1.144680 29.033
 89   313.946 55343.86453901 44.21  18.563092   1.147993 18.353
 89   313.911 55343.86453965 43.34  18.562362   1.151293 18.353
 89   313.827 55343.86454030 43.26  18.561642   1.154603 18.353
 89   313.853 55343.86454094 47.32  18.560912   1.157903 18.353
 89   313.889 55343.86454159 47.04  18.560192   1.161213 18.353
 90   313.106 55378.86452951 34.14  18.566616   1.128912 33.578
 90   312.837 55378.86453015 23.47  18.565896   1.132222 33.578
 90   312.996 55378.86453080 27.06  18.565166   1.135532 33.578
 90   313.153 55378.86453144 36.77  18.564436   1.138832 33.578
 90   313.221 55378.86453209 39.93  18.563716   1.142142 33.578
 90   313.210 55378.86453273 44.26  18.562986   1.145442 33.578
 90   313.173 55378.86453338 45.96  18.562260   1.148753 19.148
 90   313.250 55378.86453402 50.75  18.561530   1.152053 19.148
 90   313.272 55378.86453467 52.62  18.560810   1.155363 19.148
 90   313.247 55378.86453531 48.18  18.560080   1.158663 19.148
 90   313.301 55378.86453595 46.39  18.559350   1.161973 19.148
 91   312.836 55413.86455453 50.96  18.566586   1.128380 39.133
 91   312.772 55413.86455518 51.98  18.565856   1.131690 39.133
 91   312.719 55413.86455582 50.82  18.565136   1.135000 39.133
 91   312.777 55413.86455647 53.02  18.564406   1.138300 39.133
 91   312.858 55413.86455711 51.93  18.563676   1.141610 39.133
 91   312.927 55413.86455776 48.60  18.562956   1.144910 39.133
 91   312.785 55413.86455840 45.46  18.562223   1.148220 23.718
 91   312.878 55413.86455905 52.68  18.561503   1.151520 23.718
 91   312.891 55413.86455969 53.74  18.560773   1.154830 23.718
 91   312.897 55413.86456033 52.74  18.560043   1.158130 23.718
 91   312.955 55413.86456098 51.00  18.559323   1.161440 23.718
 92   312.143 55448.86454312 11.94  18.567198   1.128998 13.969
 92   312.150 55448.86454376 11.88  18.566478   1.132308 13.969
 92   312.133 55448.86454441 11.85  18.565748   1.135618 13.969
 92   312.127 55448.86454505 11.95  18.565018   1.138918 13.969
 92   312.124 55448.86454570 11.89  18.564298   1.142228 13.969
 92   312.165 55448.86454634 12.57  18.563568   1.145528 13.969
 92   312.241 55448.86454699 12.31  18.562840   1.148840  9.328
 92   312.262 55448.86454763 12.73  18.562110   1.152140  9.328
 92   312.471 55448.86454827 12.28  18.561390   1.155450  9.328
 92   312.692 55448.86454892 12.88  18.560660   1.158750  9.328
 92   313.063 55448.86454956 14.63  18.559930   1.162060  9.328
 93   312.440 55483.86446958 50.24  18.567868   1.128633 38.532
 93   312.232 55483.86447023 52.90  18.567138   1.131943 38.532
 93   312.247 55483.86447087 52.49  18.566418   1.135243 38.532
 93   312.292 55483.86447152 52.48  18.565688   1.138553 38.532
 93   312.366 55483.86447216 51.28  18.564958   1.141853 38.532
 93   312.434 55483.86447281 49.37  18.564238   1.145163 38.532
 93   312.481 55483.86447345 48.64  18.563508   1.148463 38.532
 93   312.388 55483.86447410 48.87  18.562787   1.151776 20.094
 93   312.450 55483.86447474 51.00  18.562057   1.155076 20.094
 93   312.519 55483.86447539 51.48  18.561337   1.158386 20.094
 93   312.564 55483.86447603 47.88  18.560607   1.161686 20.094
