#   76.271  -6.338  25.652 ;Mean Elev.(m), Avg Gradient(m/km), RMS Gradient(m/km) - SRTM1     
#   79.225  -5.510  21.801 ;Mean Elev.(m), Avg Gradient(m/km), RMS Gradient(m/km) - ASTER GDEM
#   75.805  -6.525  28.651 ;Mean Elev.(m), Avg Gradient(m/km), RMS Gradient(m/km) - GMTED2010 
  7  13.568488  -5.559351    41.367    41.391  6 52469.88136224 43.082
  8  13.571722  -5.571228    40.038    40.247  5 52504.88134415 38.172
 12  13.575185  -5.578550    55.027    55.027  2 52644.88132116 35.907
 16  13.572762  -5.572535    44.697    44.650  5 52784.88131486 41.786
 21  13.575293  -5.546174    99.559    99.559  2 52959.88139721  4.955
 23  13.575040  -5.574392    51.274    51.721  6 53029.88138888 32.368
 24  13.580181  -5.578194    44.647    44.885  5 53064.88139537 40.785
 25  13.562666  -5.544824   103.894   104.063  4 53099.88140966  4.718
 26  13.579937  -5.569517    43.647    43.731  3 53134.88139717 42.421
 28  13.571994  -5.570848    39.838    39.650  7 53204.88146676 44.096
 31  13.569045  -5.567913    47.186    47.087  7 53309.88145027 39.720
 35  13.577094  -5.577264    42.988    43.483  3 53449.88138432 40.299
 37  13.576381  -5.576127    43.065    43.000  5 53519.88146657 44.817
 39  13.581081  -5.577552    38.949    39.062  5 53589.88143284 42.928
 40  13.563029  -5.549416    46.533    46.533  7 53624.88141845 32.525
 42  13.567099  -5.545074    64.213    64.213  2 53694.88142031 13.219
 43  13.571128  -5.546008   100.468   105.379  3 53729.88134298  4.935
 44  13.578040  -5.557671    55.394    44.027  3 53764.88130605 25.819
 45  13.574779  -5.558521    68.836    43.488  3 53799.88131148 26.244
 46  13.576763  -5.576444    43.337    43.373  5 53834.88130886 45.374
 47  13.573254  -5.572764    43.846    43.786  5 53869.88137063 44.012
 48  13.571779  -5.571957    43.430    43.306  5 53904.88140567 42.333
 50  13.568026  -5.559238    41.223    41.324  6 53974.88139980 45.253
 52  13.581702  -5.578550    69.904    69.904  2 54044.88140978  9.449
 53  13.567991  -5.545424   108.903   108.903  2 54079.88140933  6.527
 56  13.575000  -5.577173    66.010    66.347  3 54184.88132929 12.137
 57  13.567088  -5.544450   304.021   303.766  3 54219.88136649  5.281
 58  13.573968  -5.574150    43.665    43.590  5 54254.88138531 43.588
 59  13.572243  -5.555280    44.676    44.201  3 54289.88139143 31.525
 60  13.576897  -5.576240    45.221    45.711  5 54324.88138458 35.428
 61  13.575179  -5.574475    47.660    48.305  6 54359.88133908 35.416
 63  13.576665  -5.576257    51.959    51.666  5 54429.88128858 41.120
 64  13.573845  -5.561789    51.684    51.640  6 54464.88130711 39.584
 65  13.574459  -5.567139    63.140    70.047  3 54499.88130179 24.267
 66  13.570010  -5.544819   304.565   304.565  2 54534.88132474  7.357
 67  13.569157  -5.546084    62.994    62.994  2 54569.88130923 14.506
 68  13.571598  -5.561406    44.871    44.914  6 54604.88131655 41.870
 69  13.573645  -5.572637    46.242    46.577  5 54639.88132405 35.642
 70  13.566804  -5.543819    43.154    43.154  2 54674.88133209 27.102
 71  13.576578  -5.574399    46.725    47.080  5 54709.88128318 35.059
 72  13.575313  -5.577202    47.134    47.015  3 54744.88129270 38.012
 74  13.568827  -5.544569    52.982    52.982  2 54814.88129192 26.890
 75  13.575804  -5.576912    49.330    49.330  2 54849.88126525 35.592
 76  13.573895  -5.573863    46.170    46.176  5 54884.88128998 41.345
 77  13.565717  -5.544001    45.370    45.244  3 54919.88127290 28.818
 78  13.571027  -5.561347    44.955    44.939  6 54954.88128799 42.349
 79  13.571532  -5.571909    45.212    45.109  5 54989.88130975 41.503
 80  13.573259  -5.562163    43.562    43.297  6 55024.88130253 38.338
 81  13.575798  -5.577573   110.094   110.094  2 55059.88129409  8.129
 82  13.571095  -5.561441    43.847    43.912  6 55094.88124954 42.366
 83  13.568481  -5.545498    64.315    65.203  3 55129.88124171 13.536
 86  13.571349  -5.561581    47.450    47.395  6 55234.88121637 38.622
 87  13.572404  -5.562097    45.436    45.521  6 55269.88122451 41.440
 88  13.576511  -5.577980    49.259    49.215  3 55304.88119415 35.002
 89  13.574889  -5.573449    46.457    46.380  5 55339.88119501 41.265
 90  13.575973  -5.575950    47.110    47.296  5 55374.88118594 34.178
 91  13.576856  -5.576510    42.302    42.337  5 55409.88120778 44.555
 92  13.575828  -5.576172    42.495    42.459  5 55444.88120295 45.954
