-237147.712    25.366     0.00    4.28
-236771.522    24.803    -1.50    4.89
-236395.332    25.782     2.60    6.07
-236019.144    27.814     5.40    6.79
-235642.956    29.849     5.41    6.19
-235266.770    30.640     2.10    5.57
-234890.585    32.789     5.71    4.17
-234514.400    32.717    -0.19    4.12
-234138.217    32.379    -0.90    4.21
-233762.034    31.586    -2.11    4.04
-233385.853    31.199    -1.03    4.74
-233009.673    29.776    -3.78    5.43
-232633.493    28.559    -3.23    5.36
-232257.315    27.127    -3.81    4.95
-231881.137    26.150    -2.60    4.31
-231504.961    27.173     2.72    4.26
-231128.785    28.379     3.20    4.81
-230752.611    29.418     2.76    4.53
-230376.438    29.640     0.59    4.19
-230000.265    29.262    -1.01    4.03
-229624.094    28.296    -2.57    4.04
-229247.923    28.257    -0.10    3.82
-228871.753    28.586     0.87    3.57
-228495.585    28.874     0.77    2.67
-228119.417    28.690    -0.49    2.21
-227743.251    27.427    -3.36    1.98
-227367.085    26.695    -1.95    1.74
-226990.920    26.432    -0.70    1.71
-226614.757    26.111    -0.85    2.01
-226238.594    26.586     1.26    2.31
-225862.432    26.397    -0.50    2.37
-225486.271    26.810     1.10    2.22
-225110.111    27.584     2.06    1.97
-224733.953    27.737     0.41    1.67
-224357.795    28.361     1.66    1.74
-223981.638    28.953     1.58    2.13
-223605.482    29.613     1.75    2.53
-223229.327    30.143     1.41    2.36
-222853.172    29.763    -1.01    2.16
-222477.019    28.695    -2.84    2.51
-222100.867    28.302    -1.04    2.18
-221724.716    28.138    -0.44    2.35
-221348.566    28.379     0.64    2.15
-220972.416    28.965     1.56    2.06
-220596.268    28.832    -0.35    1.74
-220220.120    29.122     0.77    1.63
-219843.974    29.143     0.06    1.36
-219467.828    28.586    -1.48    1.67
-219091.683    27.803    -2.08    1.64
-218715.540    27.397    -1.08    1.72
-218339.397    27.148    -0.66    1.57
-217963.255    27.189     0.11    1.39
-217587.114    26.789    -1.07    1.60
-217210.974    26.638    -0.40    1.47
-216834.835    27.060     1.12    1.54
-216458.697    27.455     1.05    1.44
-216082.559    27.789     0.89    1.23
-215706.423    27.717    -0.19    1.41
-215330.287    27.397    -0.85    1.40
-214954.153    27.096    -0.80    1.65
-214578.019    26.749    -0.92    1.51
-214201.887    26.661    -0.23    1.61
-213825.755    26.532    -0.34    1.84
-213449.624    25.789    -1.98    2.01
-213073.494    24.532    -3.34    2.01
-212697.365    23.722    -2.16    1.91
-212321.237    23.046    -1.80    1.84
-211945.110    22.965    -0.22    1.88
-211568.983    22.921    -0.12    1.84
-211192.858    22.582    -0.90    1.63
-210816.733    22.276    -0.81    1.45
-210440.610    22.586     0.83    1.51
-210064.487    22.635     0.13    1.45
-209688.365    22.532    -0.27    1.56
-209312.244    22.225    -0.82    1.49
-208936.124    23.100     2.33    2.67
-208560.005    24.584     3.94    3.87
-208183.886    26.616     5.40    4.51
-207807.769    28.661     5.44    4.26
-207431.652    30.276     4.29    4.11
-207055.537    30.907     1.68    3.40
-206679.422    28.749    -5.74    5.59
-206303.308    24.397   -11.57    8.17
-205927.195    19.884   -12.00    9.04
-205551.083    13.559   -16.82    5.69
-205174.972    10.588    -7.90    2.52
-204798.861     9.430    -3.08    1.45
-204422.752     8.917    -1.36    1.23
-204046.643     8.690    -0.60    1.08
-203670.535     8.743     0.14    1.09
-203294.428     8.840     0.26    1.00
-202918.322     8.763    -0.20    1.06
-202542.217     8.640    -0.33    0.99
-202166.113     8.686     0.12    1.01
-201790.009     8.911     0.60    1.26
-201413.906     8.901    -0.03    1.26
-201037.805    10.480     4.20    4.64
-200661.704    13.689     8.53    7.56
-200285.604    17.045     8.92    9.10
-199909.504    18.901     4.93    9.73
-199533.406    20.782     5.00   10.08
-199157.308    23.507     7.24   10.61
-198781.212    24.505     2.65   10.49
-198405.116    25.609     2.94    9.95
-198029.021    24.874    -1.95    9.28
-197652.927    22.289    -6.87    9.49
-197276.833    21.506    -2.08    8.63
-196900.741    20.404    -2.93    8.64
-196524.649    21.276     2.32    8.38
-196148.558    24.893     9.62    7.60
-195772.468    28.164     8.70    6.36
-195396.379    30.208     5.44    4.18
-195020.291    30.154    -0.14    4.29
-194644.203    31.262     2.95    3.31
-194268.116    31.356     0.25    2.55
-193892.030    31.532     0.47    2.31
-193515.945    31.404    -0.34    2.03
-193139.861    32.171     2.04    2.09
-192763.778    32.737     1.51    1.82
-192387.695    33.393     1.74    2.11
-192011.613    33.980     1.56    2.14
-191635.532    32.199    -4.73    6.19
-191259.452    32.085    -0.30    6.99
-190883.373    30.695    -3.70    8.72
-190507.294    28.661    -5.41    9.72
-190131.216    24.557   -10.91   10.79
-189755.139    19.965   -12.21   10.03
-189379.063    18.122    -4.90    8.80
-189002.988    15.613    -6.67    8.49
-188626.913    13.505    -5.61    7.16
-188250.839    12.640    -2.30    6.03
-187874.766    11.732    -2.41    5.23
-187498.694    10.968    -2.03    4.31
-187122.623    10.082    -2.36    1.45
-186746.552     9.616    -1.24    1.13
-186370.482     9.250    -0.97    1.10
-185994.413     9.006    -0.65    1.06
-185618.345     8.743    -0.70    0.96
-185242.278     8.814     0.19    1.17
-184866.211     9.322     1.35    1.82
-184490.145     9.505     0.49    1.90
-184114.080     9.559     0.14    1.85
-183738.016     9.404    -0.41    1.92
-183361.952     8.704    -1.86    1.22
-182985.889     8.994     0.77    3.06
-182609.827    11.243     5.98    7.33
-182233.766    12.857     4.29    9.14
-181857.706    13.749     2.37    9.78
-181481.646    15.343     4.24   10.36
-181105.587    13.789    -4.13    8.48
-180729.529    14.122     0.89    7.50
-180353.471    14.749     1.67    7.18
-179977.415    13.430    -3.51    5.66
-179601.359    13.743     0.83    5.93
-179225.304    16.269     6.72    7.88
-178849.249    19.370     8.25    9.44
-178473.196    23.357    10.60    8.41
-178097.143    26.848     9.28    6.46
-177721.036    27.949     2.93    7.16
-177344.843    29.322     3.65    7.20
-176968.651    31.560     5.95    5.50
-176592.460    31.635     0.20    5.37
-176216.269    31.866     0.61    4.43
-175840.080    32.504     1.70    3.44
-175463.891    31.830    -1.79    2.21
-175087.702    31.127    -1.87    2.83
-174711.515    30.127    -2.66    3.35
-174335.328    29.757    -0.98    3.27
-173959.142    29.127    -1.68    2.64
-173582.956    28.506    -1.65    3.64
-173206.772    27.848    -1.75    3.79
-172830.588    28.404     1.48    3.64
-172454.404    28.749     0.92    3.53
-172078.222    29.891     3.04    2.64
-171702.040    30.217     0.86    2.30
-171325.859    29.143    -2.85    3.14
-170949.679    28.722    -1.12    3.80
-170573.499    27.449    -3.38    4.07
-170197.320    27.085    -0.97    3.55
-169821.142    27.404     0.85    3.12
-169444.965    27.782     1.01    3.51
-169068.788    28.190     1.08    3.63
-168692.612    29.073     2.35    2.04
-168316.436    29.116     0.11    1.93
-167940.262    29.148     0.09    1.93
-167564.088    28.857    -0.77    2.60
-167187.915    28.891     0.09    2.73
-166811.742    28.430    -1.23    2.94
-166435.570    27.374    -2.81    2.59
-166059.399    27.138    -0.63    2.44
-165683.229    27.173     0.10    2.07
-165307.059    27.379     0.55    1.80
-164930.890    27.227    -0.40    1.89
-164554.722    26.424    -2.13    3.04
-164178.554    25.722    -1.87    3.06
-163802.387    25.370    -0.93    3.16
-163426.221    25.453     0.22    3.50
-163050.055    26.218     2.03    3.31
-162673.890    26.982     2.03    3.01
-162297.726    27.243     0.69    2.44
-161921.562    27.143    -0.26    2.19
-161545.399    27.045    -0.26    2.53
-161169.237    27.506     1.23    1.92
-160793.076    27.217    -0.77    3.64
-160416.915    22.032   -13.78    8.77
-160040.755    17.045   -13.26    9.71
-159664.595    11.667   -14.30    7.39
-159288.436     8.585    -8.19    1.86
-158912.278     8.082    -1.34    2.11
-158536.121     7.532    -1.46    2.13
-158159.964     8.613     2.87    5.12
-157783.807    14.208    14.87   10.25
-157407.652    19.640    14.44   10.11
-157031.497    25.370    15.23    6.96
-156655.343    27.338     5.23    4.21
-156279.189    28.020     1.81    4.12
-155903.036    28.848     2.20    2.91
-155526.884    28.289    -1.49    3.54
-155150.732    26.814    -3.92    4.73
-154774.581    25.217    -4.25    5.38
-154398.431    25.712     1.32    6.22
-154022.281    26.938     3.26    5.85
-153646.132    28.712     4.72    5.15
-153269.984    29.616     2.40    2.97
-152893.836    28.480    -3.02    3.36
-152517.689    28.296    -0.49    2.76
-152141.543    28.251    -0.12    2.34
-151765.397    28.609     0.95    2.21
-151389.252    28.965     0.95    1.97
-151013.107    28.532    -1.15    3.15
-150636.963    27.803    -1.94    3.43
-150260.820    27.477    -0.87    3.48
-149884.677    27.243    -0.62    4.19
-149508.535    27.789     1.45    3.54
-149132.393    28.722     2.48    1.79
-148756.253    28.404    -0.84    2.05
-148380.112    28.045    -0.95    1.97
-148003.973    28.045     0.00    2.15
-147627.834    28.154     0.29    2.34
-147251.695    28.455     0.80    2.25
-146875.558    27.613    -2.24    3.39
-146499.420    27.505    -0.29    3.52
-146123.284    27.046    -1.22    3.48
-145747.148    26.689    -0.95    3.44
-145371.013    26.661    -0.07    2.81
-144994.878    26.302    -0.95    2.66
-144618.744    25.921    -1.01    2.63
-144242.610    26.743     2.18    2.41
-143866.477    27.699     2.54    2.35
-143490.345    28.243     1.45    1.87
-143114.213    28.430     0.50    2.39
-142738.082    27.776    -1.74    3.62
-142361.952    27.322    -1.21    3.76
-141985.822    26.638    -1.82    3.79
-141609.692    26.507    -0.35    3.48
-141233.563    26.181    -0.87    2.83
-140857.435    26.045    -0.36    2.96
-140481.308    25.822    -0.59    3.15
-140105.181    25.154    -1.78    2.91
-139729.054    24.803    -0.93    2.70
-139352.928    24.255    -1.46    2.49
-138976.803    24.148    -0.28    3.75
-138600.678    24.071    -0.20    6.02
-138224.554    22.532    -4.09    6.98
-137848.431    22.302    -0.61    7.23
-137472.308    23.866     4.16    6.49
-137096.185    24.616     1.99    5.40
-136720.063    25.763     3.05    4.06
-136343.942    25.796     0.09    4.18
-135967.821    24.243    -4.13    4.30
-135591.701    23.585    -1.75    3.56
-135215.581    23.157    -1.14    3.14
-134839.462    23.588     1.14    2.06
-134463.344    23.757     0.45    2.13
-134087.226    23.891     0.36    1.93
-133711.108    23.421    -1.25    1.79
-133334.992    23.208    -0.57    1.84
-132958.875    22.803    -1.08    1.90
-132582.760    22.848     0.12    1.99
-132206.644    22.907     0.16    2.06
-131830.530    22.640    -0.71    1.87
-131454.416    22.882     0.64    2.13
-131078.302    23.085     0.54    2.16
-130702.189    22.427    -1.75    2.58
-130326.076    21.427    -2.66    3.23
-129949.965    19.558    -4.97    4.61
-129573.853    18.506    -2.80    3.58
-129197.742    18.421    -0.23    3.55
-128821.632    18.302    -0.32    2.34
-128445.522    17.866    -1.16    2.12
-128069.413    18.157     0.78    1.98
-127693.304    17.994    -0.43    2.08
-127317.196    18.389     1.05    1.99
-126941.088    18.613     0.60    2.50
-126564.981    20.019     3.74    3.28
-126188.874    22.138     5.63    4.00
-125812.768    23.020     2.34    3.73
-125436.662    23.032     0.03    3.24
-125060.557    22.353    -1.81    2.79
-124684.452    21.148    -3.20    2.34
-124308.348    20.217    -2.48    2.24
-123932.245    19.613    -1.60    2.01
-123556.142    19.032    -1.55    1.75
-123180.039    19.430     1.06    2.11
-122803.937    20.116     1.82    2.51
-122427.835    19.507    -1.62    2.55
-122051.734    18.977    -1.41    2.95
-121675.634    17.822    -3.07    2.62
-121299.534    17.891     0.18    2.77
-120923.434    18.095     0.54    2.95
-120547.335    19.073     2.60    2.71
-120171.236    19.348     0.73    1.84
-119795.138    19.640     0.78    2.05
-119419.041    19.686     0.12    1.74
-119042.944    20.154     1.24    1.59
-118666.847    20.148    -0.02    1.60
-118290.751    20.071    -0.20    1.57
-117914.655    20.190     0.32    1.42
-117538.560    19.586    -1.61    1.35
-117162.465    19.225    -0.96    1.44
-116786.371    19.269     0.12    1.72
-116410.277    19.171    -0.26    1.88
-116034.184    19.019    -0.41    2.01
-115658.091    19.884     2.30    1.69
-115281.999    19.640    -0.65    1.58
-114905.907    19.686     0.12    1.61
-114529.815    19.314    -0.99    1.88
-114153.724    19.122    -0.51    2.10
-113777.634    19.353     0.61    2.08
-113401.544    19.255    -0.26    1.94
-113025.454    19.866     1.62    2.23
-112649.365    20.262     1.05    2.45
-112273.277    20.814     1.47    2.34
-111897.188    21.269     1.21    1.95
-111521.101    21.585     0.84    1.66
-111145.013    21.938     0.94    1.66
-110768.927    21.455    -1.28    1.98
-110392.840    20.432    -2.72    2.39
-110016.754    19.389    -2.77    2.24
-109640.669    18.100    -3.43    2.05
-109264.584    17.343    -2.01    1.96
-108888.499    17.749     1.08    1.93
-108512.415    18.370     1.65    1.91
-108136.331    19.699     3.53    2.16
-107760.248    20.732     2.75    2.33
-107384.165    21.455     1.92    2.36
-107008.083    22.208     2.00    1.45
-106632.001    22.173    -0.09    1.31
-106255.919    21.848    -0.86    1.45
-105879.838    21.559    -0.77    1.67
-105503.757    21.138    -1.12    1.48
-105127.677    20.943    -0.52    1.35
-104751.597    21.116     0.46    1.40
-104375.518    21.559     1.18    1.62
-103999.439    21.917     0.95    1.57
-103623.360    21.904    -0.04    1.63
-103247.282    22.276     0.99    1.55
-102871.204    22.424     0.39    1.63
-102495.064    22.911     1.29    1.64
-102118.903    24.127     3.23    1.99
-101742.741    24.755     1.67    1.96
-101366.580    24.635    -0.32    2.16
-100990.420    24.132    -1.34    2.23
-100614.259    23.830    -0.80    2.43
-100238.100    24.071     0.64    2.59
 -99861.940    23.980    -0.24    2.70
 -99485.781    24.122     0.38    2.94
 -99109.623    24.343     0.59    2.97
 -98733.464    23.866    -1.27    3.48
 -98357.307    22.727    -3.03    3.42
 -97981.149    22.127    -1.59    3.27
 -97604.992    21.154    -2.59    3.63
 -97228.836    21.475     0.85    3.66
 -96852.679    21.584     0.29    3.97
 -96476.523    21.379    -0.55    3.77
 -96100.368    22.171     2.11    2.96
 -95724.213    21.776    -1.05    3.12
 -95348.058    21.366    -1.09    2.86
 -94971.904    21.848     1.28    2.69
 -94595.750    21.307    -1.44    2.76
 -94219.596    21.559     0.67    2.72
 -93843.443    21.822     0.70    2.87
 -93467.290    22.322     1.33    2.94
 -93091.138    23.638     3.50    2.04
 -92714.986    24.154     1.37    1.91
 -92338.834    24.507     0.94    1.91
 -91962.683    24.453    -0.14    1.94
 -91586.532    24.370    -0.22    2.14
 -91210.381    24.208    -0.43    2.07
 -90834.231    23.732    -1.26    2.07
 -90458.081    23.686    -0.12    2.42
 -90081.932    23.199    -1.30    2.51
 -89705.782    23.032    -0.44    2.44
 -89329.634    22.613    -1.11    2.55
 -88953.485    21.965    -1.72    3.15
 -88577.337    22.235     0.72    2.56
 -88201.189    21.932    -0.80    2.27
 -87825.042    21.532    -1.06    2.20
 -87448.895    21.243    -0.77    2.78
 -87072.748    20.743    -1.33    3.21
 -86696.602    20.532    -0.56    3.68
 -86320.456    19.938    -1.58    3.91
 -85944.310    19.782    -0.41    4.12
 -85568.165    19.686    -0.26    4.21
 -85192.020    18.838    -2.26    3.93
 -84815.875    18.722    -0.31    3.65
 -84439.730    19.181     1.22    3.55
 -84063.586    18.262    -2.44    2.88
 -83687.443    17.763    -1.33    2.78
 -83311.299    18.449     1.82    3.24
 -82935.156    17.686    -2.03    2.53
 -82559.014    17.032    -1.74    2.30
 -82182.871    16.088    -2.51    2.03
 -81806.729    15.532    -1.48    1.62
 -81430.587    15.327    -0.55    1.47
 -81054.446    15.059    -0.71    1.52
 -80678.305    15.289     0.61    1.40
 -80302.164    15.250    -0.10    1.36
 -79926.024    15.235    -0.04    1.54
 -79549.883    15.148    -0.23    1.66
 -79173.744    15.382     0.62    1.63
 -78797.604    15.904     1.39    1.72
 -78421.465    16.505     1.60    1.89
 -78045.326    16.938     1.15    1.79
 -77669.187    17.100     0.43    1.95
 -77293.049    17.776     1.80    2.02
 -76916.911    17.643    -0.35    1.91
 -76540.773    17.732     0.24    2.02
 -76164.636    18.250     1.38    2.26
 -75788.499    18.424     0.46    2.02
 -75412.362    18.814     1.04    2.13
 -75036.225    18.532    -0.75    2.70
 -74660.089    18.558     0.07    2.59
 -74283.953    18.100    -1.22    2.89
 -73907.817    18.327     0.60    2.31
 -73531.682    18.449     0.32    2.30
 -73155.547    18.507     0.15    2.32
 -72779.412    18.584     0.20    2.25
 -72403.277    18.564    -0.05    2.42
 -72027.143    18.127    -1.16    2.28
 -71651.009    17.667    -1.22    1.93
 -71274.875    17.127    -1.44    2.02
 -70898.742    16.874    -0.67    2.23
 -70522.609    16.316    -1.48    2.04
 -70146.476    16.276    -0.11    2.22
 -69770.343    16.327     0.14    2.28
 -69394.211    16.111    -0.57    2.14
 -69018.078    15.980    -0.35    2.05
 -68641.947    15.404    -1.53    1.82
 -68265.815    14.968    -1.16    1.54
 -67889.684    14.938    -0.08    1.59
 -67513.552    15.122     0.49    1.58
 -67137.422    15.343     0.59    1.56
 -66761.291    15.427     0.22    2.06
 -66385.161    16.401     2.59    2.28
 -66009.031    17.532     3.01    2.38
 -65632.901    18.481     2.52    2.76
 -65256.771    19.874     3.70    2.04
 -64880.642    20.282     1.08    1.89
 -64504.513    20.763     1.28    1.81
 -64128.384    20.866     0.27    1.64
 -63752.255    21.276     1.09    1.63
 -63376.127    21.480     0.54    1.69
 -62999.999    21.695     0.57    1.42
 -62623.871    22.032     0.90    1.39
 -62247.743    22.353     0.85    1.34
 -61871.616    22.353     0.00    1.57
 -61495.489    22.477     0.33    1.58
 -61119.362    22.322    -0.41    1.65
 -60743.235    21.911    -1.09    1.75
 -60367.109    21.478    -1.15    1.45
 -59990.982    20.911    -1.51    1.64
 -59614.856    20.091    -2.18    2.00
 -59238.730    19.225    -2.30    1.84
 -58862.605    18.455    -2.05    1.61
 -58486.479    18.505     0.13    1.59
 -58110.354    19.020     1.37    1.73
 -57734.229    19.116     0.26    1.68
 -57358.104    19.401     0.76    1.47
 -56981.980    19.712     0.83    1.80
 -56605.856    20.006     0.78    2.02
 -56229.731    19.938    -0.18    2.07
 -55853.608    20.243     0.81    1.89
 -55477.484    20.257     0.04    1.91
 -55101.360    20.343     0.23    2.23
 -54725.237    20.585     0.64    2.23
 -54349.114    20.857     0.72    2.20
 -53972.991    20.803    -0.14    2.00
 -53596.868    21.127     0.86    1.59
 -53220.746    20.977    -0.40    1.52
 -52844.623    20.455    -1.39    1.40
 -52468.501    20.307    -0.39    1.31
 -52092.379    19.560    -1.99    1.58
 -51716.257    18.632    -2.47    1.75
 -51340.136    17.296    -3.55    2.33
 -50964.014    15.453    -4.90    2.87
 -50587.893    13.296    -5.74    2.71
 -50211.772    12.296    -2.66    1.84
 -49835.651    11.866    -1.14    1.74
 -49459.531    11.911     0.12    1.77
 -49083.410    12.006     0.25    1.80
 -48707.290    11.818    -0.50    1.89
 -48331.170    11.968     0.40    1.60
 -47955.050    11.737    -0.61    1.58
 -47578.930    12.046     0.82    1.76
 -47202.810    12.884     2.23    1.60
 -46826.691    13.235     0.93    1.81
 -46450.571    13.638     1.07    1.66
 -46074.452    14.096     1.22    1.77
 -45698.333    14.262     0.44    1.77
 -45322.214    14.558     0.79    1.72
 -44946.096    14.822     0.70    1.86
 -44569.977    15.190     0.98    2.10
 -44193.859    15.370     0.48    2.10
 -43817.741    15.327    -0.11    2.12
 -43441.622    15.796     1.25    2.20
 -43065.505    15.338    -1.22    2.66
 -42689.387    15.857     1.38    3.16
 -42313.269    16.005     0.39    3.16
 -41937.152    16.020     0.04    3.25
 -41561.034    16.661     1.70    2.63
 -41184.917    16.789     0.34    2.50
 -40808.800    17.397     1.62    2.12
 -40432.683    17.316    -0.22    1.69
 -40056.566    16.965    -0.93    1.86
 -39680.450    17.327     0.96    2.00
 -39304.333    17.235    -0.25    2.16
 -38928.217    17.891     1.74    2.01
 -38552.100    18.686     2.11    2.07
 -38175.984    18.943     0.68    1.98
 -37799.868    18.884    -0.16    2.11
 -37423.752    18.482    -1.07    2.33
 -37047.637    17.638    -2.25    2.82
 -36671.521    17.032    -1.61    2.73
 -36295.405    16.830    -0.54    2.74
 -35919.290    16.782    -0.13    2.47
 -35543.175    16.992     0.56    2.16
 -35167.059    17.455     1.23    2.12
 -34790.944    17.751     0.79    1.70
 -34414.829    18.401     1.73    1.92
 -34038.715    18.690     0.77    1.97
 -33662.600    18.421    -0.72    1.92
 -33286.485    18.379    -0.11    2.28
 -32910.371    18.586     0.55    2.08
 -32534.256    18.737     0.40    1.92
 -32158.142    18.796     0.15    2.08
 -31782.028    18.994     0.53    2.30
 -31405.913    18.559    -1.16    2.47
 -31029.799    18.690     0.35    2.39
 -30653.685    18.609    -0.22    2.16
 -30277.572    18.366    -0.65    2.01
 -29901.458    18.857     1.31    2.00
 -29525.344    19.073     0.57    2.04
 -29149.230    18.695    -1.01    2.28
 -28773.117    18.154    -1.44    2.48
 -28397.003    17.732    -1.12    2.25
 -28020.890    17.732     0.00    2.64
 -27644.776    17.980     0.66    2.91
 -27268.655    17.532    -1.19    2.79
 -26892.535    16.840    -1.84    2.93
 -26516.414    16.743    -0.26    2.84
 -26140.294    16.664    -0.21    2.34
 -25764.173    16.857     0.51    2.47
 -25388.053    17.173     0.84    2.17
 -25011.933    16.866    -0.82    1.97
 -24635.812    17.032     0.44    2.02
 -24259.692    16.107    -2.46    2.43
 -23883.572    16.389     0.75    2.79
 -23507.452    17.019     1.67    2.93
 -23131.332    16.938    -0.22    3.51
 -22755.212    17.343     1.08    2.66
 -22379.092    16.100    -3.31    3.11
 -22002.973    14.727    -3.65    2.88
 -21626.853    13.635    -2.90    2.59
 -21250.733    13.609    -0.07    2.61
 -20874.613    14.217     1.61    2.68
 -20498.494    15.190     2.59    2.17
 -20122.374    15.917     1.93    1.90
 -19746.255    16.737     2.18    2.44
 -19370.135    17.586     2.26    2.34
 -18994.016    18.071     1.29    2.38
 -18617.896    18.755     1.82    2.40
 -18241.777    18.749    -0.02    2.91
 -17865.658    19.006     0.68    3.05
 -17489.538    19.845     2.23    2.89
 -17113.419    19.789    -0.15    2.44
 -16737.300    19.085    -1.87    2.68
 -16361.181    19.343     0.69    2.66
 -15985.062    19.289    -0.14    2.75
 -15608.943    19.393     0.28    2.74
 -15232.823    19.322    -0.19    2.41
 -14856.704    18.664    -1.75    2.44
 -14480.585    18.640    -0.06    2.57
 -14104.466    18.968     0.87    2.58
 -13728.347    19.199     0.61    2.41
 -13352.228    19.096    -0.27    2.69
 -12976.109    18.586    -1.36    2.50
 -12599.990    18.276    -0.83    2.75
 -12223.871    17.749    -1.40    2.91
 -11847.752    17.505    -0.65    2.59
 -11471.633    17.127    -1.01    2.28
 -11095.514    16.866    -0.69    1.93
 -10719.395    16.379    -1.30    2.51
 -10343.276    15.814    -1.50    2.64
  -9967.158    15.727    -0.23    3.19
  -9591.039    15.353    -0.99    3.63
  -9214.920    15.088    -0.70    3.41
  -8838.801    15.138     0.13    3.02
  -8462.682    15.455     0.84    3.09
  -8086.563    15.505     0.13    2.80
  -7710.444    15.348    -0.42    3.12
  -7334.325    15.111    -0.63    3.58
  -6958.206    15.282     0.45    3.71
  -6582.087    15.965     1.81    4.11
  -6205.968    16.763     2.12    3.32
  -5829.849    16.917     0.41    3.28
  -5453.730    17.143     0.60    3.23
  -5077.611    17.127    -0.04    2.52
  -4701.492    17.505     1.00    3.17
  -4325.372    16.901    -1.61    3.27
  -3949.253    16.327    -1.52    3.43
  -3573.134    15.810    -1.37    3.45
  -3197.015    15.582    -0.61    4.79
  -2820.896    14.613    -2.58    7.08
  -2444.776    13.262    -3.59    7.82
  -2068.657    10.006    -8.66    8.96
  -1692.538     6.532    -9.24    8.57
  -1316.418     3.586    -7.83    7.15
   -940.299     1.262    -6.18    3.60
   -564.179     0.199    -2.83    2.27
   -188.060    -0.357    -1.48    0.32
    188.060    -0.243     0.30    0.58
    564.179    -0.204     0.10    0.64
    940.299    -0.107     0.26    0.83
   1316.419    -0.089     0.05    0.95
   1692.538     0.338     1.14    1.95
   2068.658     1.190     2.27    3.16
   2444.778     2.481     3.43    3.95
   2820.898     3.559     2.87    4.34
   3197.018     3.907     0.93    4.74
   3573.138     4.122     0.57    4.87
   3949.258     4.453     0.88    5.49
   4325.378     3.938    -1.37    5.26
   4701.498     3.789    -0.40    5.32
   5077.618     3.848     0.16    5.12
   5453.739     4.199     0.93    4.80
   5829.859     3.507    -1.84    4.06
   6205.980     4.560     2.80    3.70
   6582.100     3.690    -2.31    3.40
   6958.221     3.148    -1.44    2.98
   7334.342     3.017    -0.35    2.73
   7710.462     2.559    -1.22    3.08
   8086.583     2.164    -1.05    3.21
   8462.704     1.695    -1.25    3.18
   8838.825     0.994    -1.86    3.34
   9214.946     0.699    -0.78    2.98
   9591.068     0.045    -1.74    1.75
   9967.189    -0.186    -0.61    1.36
  10343.310    -0.545    -0.95    0.35
  10719.432    -0.549    -0.01    0.36
  11095.553    -0.362     0.50    1.48
  11471.675    -0.204     0.42    1.67
  11847.797    -0.023     0.48    1.68
  12223.919     0.208     0.61    2.10
  12600.040     0.262     0.14    2.10
  12976.163     0.269     0.02    2.04
  13352.285     0.096    -0.46    2.01
  13728.407    -0.186    -0.75    1.61
  14104.529    -0.310    -0.33    0.82
  14480.652    -0.468    -0.42    0.52
  14856.774    -0.412     0.15    0.41
  15232.897    -0.468    -0.15    0.00
  15609.020     0.019     1.29    1.91
  15985.143     0.635     1.64    2.93
  16361.266     1.891     3.34    4.10
  16737.389     3.611     4.57    4.99
  17113.512     4.874     3.36    4.93
  17489.636     5.686     2.16    4.63
  17865.759     5.506    -0.48    3.91
  18241.883     4.866    -1.70    3.63
  18618.007     4.154    -1.89    3.29
  18994.130     3.073    -2.87    2.38
  19370.255     3.776     1.87    3.05
  19746.379     4.559     2.08    3.12
  20122.503     5.138     1.54    3.50
  20498.627     6.481     3.57    3.63
  20874.752     8.096     4.29    3.07
  21250.877     9.338     3.30    2.73
  21627.002    10.122     2.08    2.06
  22003.126    10.559     1.16    1.69
  22379.252     9.848    -1.89    1.99
  22755.377     8.269    -4.20    2.49
  23131.502     6.763    -4.00    2.47
  23507.628     5.316    -3.85    1.47
  23883.754     5.322     0.02    2.69
  24259.879     6.257     2.49    3.86
  24636.005     6.732     1.26    4.04
  25012.132     6.585    -0.39    3.91
  25388.258     6.073    -1.36    3.28
  25764.385     4.749    -3.52    1.38
  26140.511     4.911     0.43    1.36
  26516.638     5.449     1.43    1.54
  26892.765     6.532     2.88    2.13
  27268.892     7.789     3.34    1.93
  27645.019     8.262     1.26    1.88
  28021.147     9.148     2.35    1.80
  28397.275     9.164     0.04    1.88
  28773.402     9.455     0.77    1.90
  29149.530     9.667     0.56    1.78
  29525.659     9.327    -0.90    1.52
  29901.787     9.477     0.40    1.45
  30277.915     9.111    -0.97    1.48
  30654.044     9.199     0.23    1.58
  31030.173     9.091    -0.29    1.40
  31406.302     9.071    -0.05    1.45
  31782.431     8.992    -0.21    1.24
  32158.561     8.838    -0.41    1.24
  32534.690     8.559    -0.74    1.09
  32910.820     8.699     0.37    1.44
  33286.950     9.059     0.96    1.89
  33663.080     8.923    -0.36    2.10
  34039.211     8.911    -0.03    1.95
  34415.341     8.763    -0.39    1.87
  34791.472     8.769     0.02    1.98
  35167.603     9.111     0.91    1.84
  35543.734     9.505     1.05    1.85
  35919.866    10.182     1.80    1.86
  36295.997    10.911     1.94    1.66
  36672.129    11.316     1.08    1.53
  37048.261    11.478     0.43    1.56
  37424.394    12.018     1.44    1.77
  37800.526    12.096     0.21    1.62
  38176.659    11.404    -1.84    1.88
  38552.792    11.304    -0.27    2.00
  38928.925    10.857    -1.19    2.01
  39305.058    11.032     0.47    1.90
  39681.191    11.085     0.14    1.78
  40057.325    11.032    -0.14    1.65
  40433.459    11.613     1.54    1.88
  40809.593    11.980     0.97    1.59
  41185.728    12.085     0.28    1.55
  41561.863    12.148     0.17    1.46
  41937.997    12.046    -0.27    1.17
  42314.133    12.107     0.16    1.24
  42690.268    11.664    -1.18    1.65
  43066.404    11.181    -1.28    1.90
  43442.539    10.100    -2.87    1.68
  43818.675     9.505    -1.58    1.58
  44194.812     9.276    -0.61    1.50
  44570.948     8.866    -1.09    1.63
  44947.085     8.532    -0.89    1.70
  45323.222     7.769    -2.03    1.53
  45699.359     7.316    -1.20    1.42
  46075.497     6.755    -1.49    1.48
  46451.635     6.532    -0.59    1.43
  46827.773     6.164    -0.98    1.26
  47203.911     6.173     0.03    1.33
  47580.026     6.427     0.67    1.41
  47956.114     6.257    -0.45    1.38
  48332.202     6.227    -0.08    1.31
  48708.290     6.357     0.35    1.22
  49084.378     6.096    -0.69    1.17
  49460.467     6.005    -0.24    1.16
  49836.555     6.046     0.11    1.24
  50212.645     6.343     0.79    1.47
  50588.734     6.532     0.50    1.31
  50964.824     6.453    -0.21    1.42
  51340.914     6.776     0.86    1.64
  51717.004     6.712    -0.17    1.37
  52093.094     6.822     0.29    1.43
  52469.185     6.830     0.02    1.66
  52845.276     6.686    -0.38    1.68
  53221.368     6.148    -1.43    1.62
  53597.459     5.822    -0.87    1.59
  53973.551     6.171     0.93    1.90
  54349.643     7.661     3.96    2.76
  54725.736     9.199     4.09    3.00
  55101.829    10.737     4.09    2.20
  55477.922    10.763     0.07    2.17
  55854.015    10.332    -1.15    2.59
  56230.109     8.019    -6.15    3.90
  56606.203     4.019   -10.64    6.42
  56982.297     0.796    -8.57    7.16
  57358.392    -3.152   -10.50    6.18
  57734.486    -5.634    -6.60    4.88
  58110.582    -6.929    -3.44    4.20
  58486.677    -8.006    -2.86    3.22
  58862.773    -8.954    -2.52    1.43
  59238.869    -9.468    -1.37    0.00
  59614.965    -9.468     0.00    0.00
  59991.062    -9.468     0.00    0.00
  60367.159    -9.468     0.00    0.00
  60743.256    -9.468     0.00    0.00
  61119.354    -9.468     0.00    0.00
  61495.452    -9.468     0.00    0.00
  61871.550    -9.468     0.00    0.00
  62247.649    -9.468     0.00    0.00
  62623.748    -9.468     0.00    0.00
  62999.847    -9.468     0.00    0.00
  63375.946    -9.468     0.00    0.00
  63752.046    -9.468     0.00    0.00
  64128.147    -9.468     0.00    0.00
  64504.247    -9.468     0.00    0.00
  64880.348    -9.468     0.00    0.00
  65256.449    -9.468     0.00    0.00
  65632.551    -9.468     0.00    0.00
  66008.653    -9.468     0.00    0.00
  66384.755    -9.468     0.00    0.00
  66760.858    -9.468     0.00    0.00
  67136.960    -9.468     0.00    0.00
  67513.064    -9.468     0.00    0.00
  67889.167    -9.468     0.00    0.00
  68265.271    -9.468     0.00    0.00
  68641.376    -9.468     0.00    0.00
  69017.480    -9.468     0.00    0.00
  69393.585    -9.468     0.00    0.00
  69769.691    -9.468     0.00    0.00
  70145.796    -9.468     0.00    0.00
  70521.902    -9.468     0.00    0.00
  70898.009    -9.468     0.00    0.00
  71274.116    -9.468     0.00    0.00
  71650.223    -9.178     0.77    1.78
  72026.330    -7.738     3.83    5.66
  72402.438    -3.339    11.69   10.62
  72778.547    -0.882     6.53   11.30
  73154.655     2.282     8.41   12.20
  73530.764     0.138    -5.70   11.14
  73906.874    -3.684   -10.16    6.91
  74282.983    -5.197    -4.02    5.40
  74659.093    -6.657    -3.88    4.13
  75035.204    -7.439    -2.08    3.82
  75411.315    -8.519    -2.87    2.73
  75787.426    -9.416    -2.39    0.32
  76163.538    -6.900     6.69    7.22
  76539.650    -1.339    14.78   11.57
  76915.762     3.116    11.85   12.69
  77291.875     5.085     5.24   11.97
  77667.988     6.789     4.53   11.74
  78044.102     7.712     2.45   10.64
  78420.216     8.727     2.70    9.79
  78796.330     9.243     1.37    7.39
  79172.445     5.481   -10.00    8.00
  79548.560    -0.884   -16.92    8.89
  79924.676    -4.955   -10.82    7.04
  80300.792    -8.603    -9.70    3.01
  80676.908    -9.468    -2.30    0.00
  81053.025    -9.468     0.00    0.00
  81429.142    -9.468     0.00    0.00
  81805.260    -9.468     0.00    0.00
  82181.378    -9.393     0.20    0.47
  82557.496    -8.278     2.96    3.34
  82933.615    -5.243     8.07    6.18
  83309.734    -2.941     6.12    7.13
  83685.854    -1.889     2.80    6.94
  84061.974    -0.657     3.28    6.58
  84438.095    -0.318     0.90    5.74
  84814.216    -0.857    -1.43    5.27
  85190.337    -0.522     0.89    5.15
  85566.459    -1.126    -1.61    4.94
  85942.581    -2.107    -2.61    4.02
  86318.704     0.327     6.47    6.40
  86694.827     4.276    10.50    7.31
  87070.950     6.618     6.23    5.74
  87447.074     6.965     0.92    4.90
  87823.198     7.397     1.15    3.51
  88199.323     7.401     0.01    2.90
  88575.449     6.932    -1.25    1.74
  88951.574     6.505    -1.14    1.24
  89327.700     6.243    -0.70    1.14
  89703.827     6.401     0.42    1.32
  90079.954     7.032     1.68    1.41
  90456.081     7.343     0.83    1.35
  90832.209     7.207    -0.36    1.49
  91208.338     5.953    -3.33    2.71
  91584.467     4.699    -3.34    2.67
  91960.596     3.749    -2.53    2.32
  92336.726     3.304    -1.18    1.54
  92712.856     4.045     1.97    1.71
  93088.986     4.814     2.05    1.56
  93465.117     5.268     1.21    1.40
  93841.249     6.154     2.36    1.93
  94217.381     6.965     2.16    2.15
  94593.514     8.338     3.65    2.20
  94969.647     9.558     3.24    2.19
  95345.780    10.586     2.73    2.20
  95721.914    10.891     0.81    3.13
  96098.048    10.401    -1.30    3.91
  96474.183     9.584    -2.17    3.95
  96850.318     8.100    -3.94    3.44
  97226.454     7.874    -0.60    1.98
  97602.590     7.584    -0.77    1.45
  97978.727     7.727     0.38    1.39
  98354.864     8.397     1.78    3.14
  98731.002    11.695     8.77    6.77
  99107.140    14.100     6.40    8.33
  99483.279    14.276     0.47    8.60
  99859.418    13.818    -1.22    7.91
 100235.558    13.250    -1.51    6.50
 100611.698    13.296     0.12    6.11
 100987.839    13.255    -0.11    6.16
 101363.980    11.866    -3.69    6.14
 101740.122    10.190    -4.45    4.85
 102116.264     8.874    -3.50    2.67
 102492.406    10.138     3.36    4.03
 102868.550    12.379     5.96    5.64
 103244.693    14.965     6.88    6.16
 103620.838    17.866     7.71    5.83
 103996.982    20.757     7.69    5.83
 104373.127    21.616     2.28    6.71
 104749.273    22.830     3.23    7.27
 105125.419    22.938     0.29    8.29
 105501.566    24.235     3.45    8.39
 105877.713    28.019    10.06    8.13
 106253.861    30.361     6.23    7.60
 106630.009    28.282    -5.53   10.32
 107006.158    26.796    -3.95   10.99
 107382.307    23.695    -8.24   10.36
 107758.457    20.430    -8.68    8.93
 108134.608    19.085    -3.58    7.41
 108510.759    16.558    -6.72    5.40
 108886.910    15.830    -1.94    4.05
 109263.062    15.379    -1.20    2.86
 109639.214    15.282    -0.26    1.95
 110015.368    15.968     1.82    2.40
 110391.521    16.199     0.61    2.26
 110767.675    16.657     1.22    2.06
 111143.830    17.348     1.84    2.47
 111519.985    17.235    -0.30    2.01
 111896.141    17.310     0.20    1.96
 112272.297    17.667     0.95    1.67
 112648.454    17.588    -0.21    1.43
 113024.611    17.611     0.06    1.34
 113400.769    17.661     0.13    1.44
 113776.928    18.073     1.10    1.37
 114153.087    17.737    -0.89    1.40
 114529.246    17.353    -1.02    1.32
 114905.406    17.122    -0.61    1.46
 115281.567    16.640    -1.28    1.35
 115657.728    16.481    -0.42    1.50
 116033.890    15.911    -1.52    1.55
 116410.052    15.217    -1.85    2.33
 116786.215    13.424    -4.76    4.65
 117162.379    11.626    -4.78    5.03
 117538.543    10.661    -2.57    5.25
 117914.708     9.664    -2.65    5.00
 118290.873     9.921     0.68    4.88
 118667.039    10.559     1.69    4.57
 119043.205    11.977     3.77    4.64
 119419.372    11.901    -0.20    4.61
 119795.539    12.430     1.41    4.59
 120171.708    13.397     2.57    5.43
 120547.876    14.296     2.39    5.17
 120924.046    15.917     4.31    4.38
 121300.215    15.866    -0.14    3.76
 121676.386    15.289    -1.53    3.24
 122052.557    15.532     0.65    2.40
 122428.728    15.857     0.86    2.30
 122804.800    15.965     0.29    2.34
 123180.850    16.505     1.44    2.64
 123556.902    16.789     0.76    2.38
 123932.953    16.276    -1.37    3.02
 124309.006    15.507    -2.05    3.58
 124685.058    13.671    -4.88    4.27
 125061.112    12.661    -2.69    4.82
 125437.166    11.671    -2.63    5.23
 125813.221    12.822     3.06    5.14
 126189.276    12.968     0.39    5.54
 126565.332    13.289     0.85    5.24
 126941.389    12.006    -3.41    5.73
 127317.446    11.096    -2.42    5.68
 127693.503    11.032    -0.17    4.88
 128069.562    10.532    -1.33    4.00
 128445.621    10.657     0.33    3.31
 128821.680    10.006    -1.73    1.81
 129197.741    10.088     0.22    2.10
 129573.802    10.370     0.75    2.29
 129949.863    11.921     4.12    4.16
 130325.925    13.506     4.21    5.74
 130701.988    14.857     3.59    5.73
 131078.051    15.782     2.46    6.11
 131454.115    14.457    -3.52    6.63
 131830.180    11.532    -7.78    5.93
 132206.245    11.848     0.84    5.87
 132582.311    12.374     1.40    6.33
 132958.377    13.045     1.78    6.44
 133334.445    11.638    -3.74    7.95
 133710.512     9.532    -5.60    7.52
 134086.581     7.789    -4.64    6.15
 134462.650     7.847     0.15    5.48
 134838.720     8.302     1.21    4.04
 135214.790     9.173     2.32    3.69
 135590.861     9.782     1.62    2.95
 135966.933    10.073     0.77    3.44
 136343.005    10.366     0.78    3.24
 136719.078     9.374    -2.64    3.39
 137095.152     8.302    -2.85    2.43
 137471.226     7.640    -1.76    1.81
 137847.301     7.584    -0.15    1.56
 138223.377     7.481    -0.27    1.54
 138599.453     7.243    -0.63    1.61
 138975.530     6.316    -2.46    2.19
 139351.607     4.917    -3.72    2.39
 139727.686     3.717    -3.19    2.06
 140103.765     2.699    -2.71    1.70
 140479.844     2.243    -1.21    1.84
 140855.924     2.199    -0.12    2.32
 141232.005     2.096    -0.27    2.43
 141608.087     1.302    -2.11    2.32
 141984.169     0.501    -2.13    1.69
 142360.252     0.289    -0.56    1.19
 142736.336     0.181    -0.29    1.34
 143112.420     0.559     1.01    1.34
 143488.505     0.712     0.41    1.48
 143864.591     0.830     0.31    1.39
 144240.678     0.891     0.16    1.42
 144616.765     0.609    -0.75    1.33
 144992.852     0.532    -0.20    1.19
 145368.941     0.640     0.29    1.02
 145745.030     0.379    -0.70    1.06
 146121.120     0.243    -0.36    0.98
 146497.210     0.393     0.40    1.27
 146873.302     0.532     0.37    1.22
 147249.394     0.699     0.44    1.50
 147625.486     0.559    -0.37    1.28
 148001.580     0.686     0.34    1.29
 148377.674     0.720     0.09    1.38
 148753.769     1.296     1.53    1.82
 149129.864     2.585     3.43    2.77
 149505.960     4.255     4.44    3.18
 149882.057     6.096     4.90    3.22
 150258.155     7.938     4.90    2.54
 150634.253     8.686     1.99    2.40
 151010.352     9.217     1.41    2.46
 151386.452    10.085     2.31    2.13
 151762.552    10.559     1.26    1.66
 152138.654    11.071     1.36    1.90
 152514.756    11.071     0.00    2.19
 152890.858    11.588     1.37    2.53
 153266.962    12.613     2.73    2.58
 153643.066    12.992     1.01    2.67
 154019.171    13.397     1.08    2.43
 154395.276    13.046    -0.93    3.35
 154771.383    12.989    -0.15    3.69
 155147.490    13.607     1.64    4.07
 155523.597    14.848     3.30    5.12
 155899.706    16.893     5.44    5.34
 156275.815    18.122     3.27    4.59
 156651.925    19.269     3.05    3.13
 157028.036    17.874    -3.71    2.22
 157404.148    16.769    -2.94    1.84
 157780.260    16.020    -1.99    1.89
 158156.373    15.181    -2.23    1.83
 158532.487    14.585    -1.58    1.72
 158908.601    14.157    -1.14    1.69
 159284.716    13.475    -1.81    1.33
 159660.832    13.343    -0.35    1.41
 160036.949    12.830    -1.37    1.60
 160413.067    12.343    -1.29    1.93
 160789.185    11.397    -2.52    2.26
 161165.304    10.449    -2.52    2.53
 161541.424     9.250    -3.19    2.43
 161917.545     8.743    -1.35    2.38
 162293.666     8.235    -1.35    2.01
 162669.788     7.866    -0.98    1.53
 163045.911     7.427    -1.17    1.33
 163422.035     7.327    -0.27    1.36
 163798.159     7.343     0.04    1.41
 164174.284     7.173    -0.45    1.42
 164550.410     7.282     0.29    1.27
 164926.537     7.453     0.45    1.19
 165302.665     7.480     0.07    1.49
 165678.793     7.407    -0.19    1.52
 166054.922     7.455     0.13    1.48
 166431.052     7.316    -0.37    1.62
 166807.183     6.366    -2.53    1.93
 167183.314     6.127    -0.63    2.07
 167559.447     5.893    -0.62    1.99
 167935.580     5.874    -0.05    1.73
 168311.714     5.532    -0.91    1.97
 168687.848     5.181    -0.93    2.04
 169063.984     5.173    -0.02    1.78
 169440.120     5.096    -0.20    1.83
 169816.257     5.686     1.57    1.76
 170192.395     6.586     2.39    2.13
 170568.534     7.379     2.11    1.95
 170944.673     8.640     3.36    1.45
 171320.813     9.343     1.87    1.33
 171696.954     9.316    -0.07    1.34
 172073.096     9.621     0.81    1.22
 172449.239     9.302    -0.85    1.31
 172825.383     9.199    -0.27    1.47
 173201.527     9.366     0.44    1.48
 173577.672     9.611     0.65    1.81
 173953.818     9.505    -0.28    1.80
 174329.965     9.138    -0.98    1.69
 174706.113     8.943    -0.52    2.09
 175082.261     8.586    -0.95    1.97
 175458.410     8.690     0.28    1.92
 175834.561     8.348    -0.91    1.89
 176210.712     7.712    -1.69    2.62
 176586.863     6.830    -2.35    3.39
 176963.016     5.045    -4.74    3.37
 177339.169     5.769     1.92    4.47
 177715.324     6.992     3.25    4.74
 178091.479     9.046     5.46    4.21
 178467.635    11.100     5.46    2.48
 178843.792     9.891    -3.21    4.25
 179219.949     9.020    -2.32    4.99
 179596.108     7.675    -3.57    5.23
 179972.267     6.506    -3.11    5.32
 180348.427     7.127     1.65    6.56
 180724.588     9.977     7.58    8.07
 181100.750    13.348     8.96    8.29
 181476.913    16.559     8.54    8.05
 181853.077    18.980     6.43    5.80
 182229.241    18.717    -0.70    5.65
 182605.407    19.207     1.30    5.27
 182981.573    18.893    -0.83    4.86
 183357.740    18.907     0.04    6.44
 183733.908    18.840    -0.18    6.72
 184110.076    19.032     0.51    7.99
 184486.246    15.722    -8.80    6.34
 184862.417    12.938    -7.40    5.77
 185238.588    11.397    -4.10    4.84
 185614.760    12.045     1.72    5.58
 185990.933    14.992     7.83    7.68
 186367.107    19.407    11.74    7.55
 186743.282    25.559    16.35    6.74
 187119.458    26.938     3.67    6.58
 187495.635    26.638    -0.80    5.66
 187871.812    26.686     0.13    4.93
 188247.991    24.296    -6.36    4.44
 188624.170    21.838    -6.53    4.25
 189000.350    18.276    -9.47    5.06
 189376.531    15.227    -8.11    5.41
 189752.713    13.584    -4.37    5.41
 190128.896    11.943    -4.36    5.06
 190505.080    10.304    -4.36    3.65
 190881.264     9.478    -2.19    3.25
 191257.450     9.884     1.08    3.69
 191633.636     9.585    -0.79    3.70
 192009.824     9.427    -0.42    4.31
 192386.012    10.366     2.50    4.29
 192762.201    12.327     5.21    5.02
 193138.391    13.020     1.84    4.42
 193514.582    13.046     0.07    4.98
 193890.774    12.667    -1.01    5.63
 194266.967    14.006     3.56    6.73
 194643.161    15.866     4.94    7.17
 195019.355    18.310     6.50    6.26
 195395.551    17.045    -3.36    6.18
 195771.747    14.755    -6.09    4.88
 196147.945    11.096    -9.72    6.72
 196524.143     8.763    -6.20    6.78
 196900.342     5.876    -7.67    8.83
 197276.542     4.874    -2.66    8.52
 197652.708     5.316     1.17    7.81
 198028.723     6.613     3.45    7.19
 198404.739     7.763     3.06    5.64
 198780.756     7.938     0.46    3.65
 199156.774     8.327     1.04    3.19
 199532.793     8.840     1.36    2.74
 199908.813     9.154     0.83    1.98
 200284.834     9.505     0.93    2.20
 200660.856     9.866     0.96    2.61
 201036.879    10.430     1.50    2.82
 201412.902    10.722     0.78    3.11
 201788.927    11.111     1.04    2.82
 202164.953    12.073     2.56    3.93
 202540.979    13.208     3.02    5.06
 202917.007    14.100     2.37    5.35
 203293.035    13.657    -1.18    5.25
 203669.065    13.199    -1.22    4.03
 204045.095    12.712    -1.30    3.19
 204421.126    13.255     1.44    2.49
 204797.159    15.173     5.10    4.70
 205173.192    19.370    11.16    7.82
 205549.226    23.481    10.93    9.22
 205925.261    26.796     8.81    7.89
 206301.297    27.480     1.82    7.12
 206677.334    23.749    -9.92    8.45
 207053.372    21.455    -6.10    8.66
 207429.411    18.632    -7.51    7.81
 207805.451    16.421    -5.88    5.26
 208181.492    15.505    -2.44    3.72
 208557.534    14.667    -2.23    1.72
 208933.577    14.181    -1.29    2.14
 209309.621    13.586    -1.58    2.05
 209685.666    13.361    -0.60    2.16
 210061.712    13.282    -0.21    2.02
 210437.759    13.276    -0.02    3.48
 210813.806    12.911    -0.97    4.37
 211189.855    12.379    -1.42    4.90
 211565.905    12.393     0.04    5.46
 211941.956    12.348    -0.12    6.25
 212318.008    13.164     2.17    6.02
 212694.060    14.096     2.48    5.80
 213070.114    12.776    -3.51    5.80
 213446.169    11.769    -2.68    5.74
 213822.225    11.276    -1.31    5.58
 214198.281    10.421    -2.27    5.41
 214574.339     8.111    -6.14    5.39
 214950.398     5.803    -6.14    4.35
 215326.458     5.559    -0.65    5.10
 215702.518     8.262     7.19    8.33
 216078.580    11.366     8.25   11.05
 216454.643    15.256    10.35   11.56
