#  453.287  -2.506  11.506 ;Mean Elev.(m), Avg Gradient(m/km), RMS Gradient(m/km) - SRTM1     
#  476.462  -2.595  11.832 ;Mean Elev.(m), Avg Gradient(m/km), RMS Gradient(m/km) - ASTER GDEM
#  458.690  -2.205  11.611 ;Mean Elev.(m), Avg Gradient(m/km), RMS Gradient(m/km) - GMTED2010 
  8  25.961261  -3.574769   456.357   456.357  2 52492.34313400 50.504
 10  25.955574  -3.568698   455.222   455.034  3 52562.34316107 49.670
 12  25.953073  -3.568188   455.990   455.677  3 52632.34312095 52.266
 13  25.952314  -3.565960   456.131   456.102  3 52667.34313954 43.067
 14  25.959728  -3.573737   456.507   456.146  3 52702.34311264 51.126
 15  25.955081  -3.570793   457.102   457.321  3 52737.34315403 50.684
 16  25.956428  -3.569810   456.192   456.180  3 52772.34311972 51.616
 17  25.951993  -3.564666   455.981   455.816  3 52807.34317593 49.391
 18  25.953509  -3.569033   455.475   455.580  3 52842.34323533 51.199
 19  25.952710  -3.566485   455.127   454.982  3 52877.34327337 46.669
 20  25.960333  -3.574140   454.578   454.578  2 52912.34323307 54.109
 21  25.957793  -3.571547   455.328   455.328  2 52947.34318980 51.059
 23  25.953707  -3.567667   455.904   455.904  2 53017.34322045 51.859
 24  25.955811  -3.571450   456.575   456.630  3 53052.34320116 50.413
 25  25.947268  -3.562027   456.258   456.055  3 53087.34323633 49.891
 26  25.953089  -3.567063   456.721   456.683  4 53122.34320680 50.677
 27  25.948388  -3.562761   456.014   456.292  3 53157.34326249 50.269
 28  25.957780  -3.571308   455.639   455.639  2 53192.34325686 51.597
 29  25.956777  -3.571829   455.483   455.483  2 53227.34325724 48.995
 30  25.951761  -3.565535   455.043   455.344  3 53262.34322936 37.619
 31  25.946270  -3.560228   454.005   454.029  3 53297.34326535 45.956
 32  25.953803  -3.569569   454.922   454.539  3 53332.34323880 51.198
 33  25.956388  -3.571002   455.503   455.467  3 53367.34318402 51.710
 34  25.953746  -3.567602   456.544   456.497  4 53402.34321172 49.869
 35  25.955099  -3.570442   455.908   455.821  3 53437.34320124 52.207
 36  25.950713  -3.565284   456.334   456.223  4 53472.34325350 50.302
 37  25.952247  -3.565039   456.142   456.019  3 53507.34328237 51.451
 38  25.951338  -3.564219   455.656   455.488  3 53542.34329010 49.580
 40  25.952001  -3.566752   454.948   454.710  3 53612.34322947 50.073
 41  25.954643  -3.569751   454.826   454.935  3 53647.34323502 49.085
 42  25.949604  -3.562544   455.212   454.373  3 53682.34324952 17.551
 43  25.956986  -3.570405   454.878   454.596  3 53717.34317812 52.386
 44  25.958864  -3.572829   455.734   455.734  2 53752.34309815 51.265
 45  25.957192  -3.572125   455.703   455.703  2 53787.34312820 51.745
 46  25.956231  -3.570037   455.691   455.701  3 53822.34308182 50.232
 47  25.950470  -3.565031   456.129   456.059  4 53857.34317291 49.442
 48  25.957571  -3.572083   455.644   455.547  3 53892.34318727 51.486
 49  25.945569  -3.559066   454.921   454.915  3 53927.34324519 51.050
 50  25.948311  -3.563807   454.736   454.619  3 53962.34323031 50.640
 51  25.955542  -3.570446   454.340   454.457  3 53997.34317575 51.405
 52  25.955519  -3.571363   453.891   453.904  3 54032.34322742 50.435
 54  25.954284  -3.566698   457.535   457.654  3 54102.34318041 50.340
 55  25.953627  -3.567319   457.624   457.628  3 54137.34314860 51.510
 56  25.953230  -3.568367   458.008   457.805  3 54172.34315827 51.452
 57  25.952752  -3.566664   457.752   457.581  4 54207.34315378 51.255
 58  25.954500  -3.568181   457.152   457.110  3 54242.34318618 52.117
 59  25.954509  -3.566641   456.867   457.138  3 54277.34320035 49.243
 60  25.954879  -3.569848   456.180   456.109  3 54312.34320156 52.056
 61  25.954980  -3.568686   455.146   454.976  3 54347.34317355 50.436
 62  25.954518  -3.567780   454.825   454.846  3 54382.34313845 27.736
 63  25.953751  -3.568937   455.604   455.328  3 54417.34312318 51.221
 64  25.953619  -3.568651   456.621   456.808  3 54452.34310805 50.656
 65  25.955476  -3.568457   456.424   456.481  3 54487.34312045 49.308
 66  25.955229  -3.567988   457.200   456.959  3 54522.34312113 51.568
 67  25.953927  -3.569304   457.992   457.860  3 54557.34313039 53.472
 68  25.953532  -3.568020   457.286   457.028  3 54592.34311686 53.493
 69  25.954029  -3.566658   457.000   457.302  3 54627.34313247 50.929
 70  25.952404  -3.565666   455.992   455.624  3 54662.34313966 51.469
 71  25.955355  -3.569841   455.400   455.127  3 54697.34311543 50.736
 72  25.954070  -3.566444   454.615   454.700  3 54732.34309658 12.841
 73  25.954167  -3.569592   454.762   454.666  3 54767.34309531 43.655
 74  25.952559  -3.568288   455.183   455.199  3 54802.34309067 46.041
 75  25.954291  -3.567828   455.741   455.722  3 54837.34308722 46.686
 76  25.953442  -3.567863   457.286   457.477  3 54872.34308985 51.894
 77  25.952734  -3.566922   456.687   456.639  3 54907.34309472 53.530
 78  25.952729  -3.568272   457.103   457.014  3 54942.34308189 50.096
 79  25.953216  -3.566743   457.126   456.862  3 54977.34310970 51.851
 80  25.953735  -3.566776   456.588   456.253  3 55012.34311769 51.788
 81  25.954641  -3.567902   455.589   455.502  3 55047.34310960 51.751
 82  25.954507  -3.569098   454.934   454.986  3 55082.34308166 22.978
 83  25.954494  -3.568469   455.669   455.669  2 55117.34304230 48.057
 84  25.953187  -3.567956   455.836   456.096  3 55152.34303963 51.368
 85  25.952877  -3.568497   456.923   456.967  3 55187.34302900 50.673
 86  25.953300  -3.568578   457.324   457.003  3 55222.34303876 52.075
 87  25.954840  -3.567135   457.210   456.877  3 55257.34302492 50.963
 88  25.953707  -3.569278   458.591   458.341  3 55292.34302605 51.537
 89  25.952164  -3.567097   458.627   458.931  3 55327.34300867 50.936
 90  25.953583  -3.569377   457.781   457.952  3 55362.34300545 48.832
 91  25.953552  -3.567587   456.574   456.187  3 55397.34301239 51.444
 92  25.955586  -3.569572   455.989   455.989  2 55432.34302027 48.992
 93  25.955411  -3.569746   455.776   455.776  2 55467.34297975 49.587
