-233212.163    91.535     0.00    5.86
-232836.014    91.116    -1.11    6.16
-232459.866    88.962    -5.73    5.12
-232083.717    86.062    -7.71    4.65
-231707.568    82.872    -8.48    5.98
-231331.419    78.521   -11.57    7.19
-230955.270    77.144    -3.66    7.74
-230579.121    78.537     3.70    9.38
-230202.972    81.966     9.12   12.61
-229826.823    85.005     8.08   11.87
-229450.674    90.216    13.85   10.65
-229074.525    93.379     8.41   10.13
-228698.376   102.347    23.84   18.28
-228322.227   117.037    39.05   20.34
-227946.079   130.853    36.73   21.08
-227569.930   144.032    35.04   16.02
-227193.781   147.521     9.27   12.57
-226817.632   147.423    -0.26   15.10
-226441.483   143.773    -9.71   18.37
-226065.334   141.680    -5.56   20.54
-225689.184   139.577    -5.59   21.45
-225313.035   130.494   -24.15   23.45
-224936.886   120.008   -27.88   22.33
-224560.737   106.575   -35.71   22.93
-224184.588    96.398   -27.06   17.15
-223808.439    94.680    -4.57   13.68
-223432.290    98.062     8.99   15.19
-223056.140   113.757    41.73   19.85
-222679.991   130.037    43.28   23.34
-222303.842   147.537    46.52   25.72
-221927.692   163.710    43.00   18.22
-221551.543   172.167    22.48   13.07
-221175.393   176.668    11.97    5.56
-220799.244   173.671    -7.97   10.11
-220423.094   169.326   -11.55   12.64
-220046.945   166.338    -7.94   13.02
-219670.795   164.423    -5.09   16.06
-219294.645   164.141    -0.75   16.54
-218918.496   159.969   -11.09   19.38
-218542.346   147.143   -34.10   24.73
-218166.196   128.413   -49.79   28.11
-217790.046   107.872   -54.61   27.22
-217413.896    96.680   -29.76   18.37
-217037.746    94.278    -6.39   15.71
-216661.596   107.911    36.24   26.64
-216285.446   128.013    53.44   29.26
-215909.296   144.552    43.97   24.75
-215533.145   162.089    46.62   17.55
-215156.995   173.491    30.31   14.31
-214780.845   183.274    26.01   12.78
-214404.694   190.782    19.96    7.80
-214028.543   193.251     6.56    6.52
-213652.393   193.532     0.75    7.47
-213276.242   191.197    -6.21    8.31
-212900.091   187.526    -9.76   11.59
-212523.940   183.991    -9.40   11.54
-212147.789   181.747    -5.96   12.25
-211771.638   179.668    -5.53   12.43
-211395.487   181.560     5.03    9.76
-211019.336   180.475    -2.89   10.40
-210643.185   176.927    -9.43   12.56
-210267.033   175.116    -4.81   13.07
-209890.882   176.116     2.66   12.43
-209514.730   178.695     6.86   11.12
-209138.578   182.927    11.25   12.00
-208762.427   185.984     8.13   13.48
-208386.275   191.885    15.69   14.20
-208010.123   198.421    17.38   12.67
-207633.971   202.413    10.61   10.16
-207257.818   205.062     7.04    5.32
-206881.666   201.683    -8.98    6.02
-206505.514   198.278    -9.05    5.73
-206129.361   195.573    -7.19    5.55
-205753.209   192.166    -9.06    8.17
-205377.056   188.932    -8.60   10.54
-205000.903   185.656    -8.71   11.48
-204624.750   178.859   -18.07   15.53
-204248.597   171.932   -18.42   16.61
-203872.444   166.747   -13.78   16.57
-203496.290   164.142    -6.93   16.11
-203120.137   162.629    -4.02   18.31
-202743.983   162.032    -1.58   18.03
-202367.829   162.984     2.53   16.59
-201991.683   161.741    -3.31   14.59
-201615.550   163.744     5.33   13.02
-201239.418   164.224     1.27   13.37
-200863.285   158.737   -14.59   14.60
-200487.152   152.494   -16.60   15.28
-200111.019   133.710   -49.94   25.43
-199734.886   119.560   -37.62   24.53
-199358.753   115.475   -10.86   20.16
-198982.619   119.721    11.29   23.66
-198606.486   139.764    53.29   25.44
-198230.352   162.432    60.26   21.32
-197854.218   178.039    41.49   15.94
-197478.084   187.603    25.43   10.55
-197101.950   192.332    12.57    5.80
-196725.816   193.090     2.02    5.55
-196349.681   192.977    -0.30    5.71
-195973.547   193.251     0.73    5.51
-195597.412   193.379     0.34    5.80
-195221.277   187.772   -14.91   11.28
-194845.142   180.193   -20.15   13.94
-194469.007   169.142   -29.38   15.08
-194092.871   158.532   -28.21   14.66
-193716.736   153.386   -13.68   15.22
-193340.600   153.282    -0.28   17.17
-192964.464   158.432    13.69   17.44
-192588.328   168.731    27.38   17.10
-192212.192   176.872    21.64   15.50
-191836.055   184.372    19.94   12.08
-191459.919   189.013    12.34    9.53
-191083.782   189.731     1.91    9.56
-190707.645   186.629    -8.25   12.65
-190331.508   179.641   -18.58   15.20
-189955.371   169.440   -27.12   17.23
-189579.233   156.440   -34.56   17.00
-189203.096   151.251   -13.80   14.31
-188826.958   148.687    -6.82   14.06
-188450.820   152.834    11.02   17.77
-188074.681   163.705    28.90   16.15
-187698.543   170.449    17.93   14.42
-187322.404   177.010    17.44   10.12
-186946.266   177.949     2.50    7.01
-186570.126   174.589    -8.93    6.76
-186193.987   171.577    -8.01    7.51
-185817.848   171.467    -0.29    7.60
-185441.708   175.195     9.91    9.16
-185065.568   182.116    18.40    8.62
-184689.428   188.526    17.04    6.48
-184313.288   191.116     6.89    4.72
-183937.148   190.244    -2.32    6.23
-183561.007   187.834    -6.41    7.94
-183184.866   184.305    -9.38    9.48
-182808.725   178.278   -16.02   10.57
-182432.584   170.467   -20.77   16.35
-182056.442   164.958   -14.65   19.82
-181680.301   153.500   -30.46   24.15
-181304.159   142.887   -28.22   20.76
-180928.016   137.039   -15.55   18.45
-180551.874   132.616   -11.76   17.16
-180175.731   129.477    -8.34   18.64
-179799.589   126.221    -8.66   20.85
-179423.445   126.295     0.20   19.46
-179047.302   131.668    14.28   17.10
-178671.159   140.905    24.56   17.00
-178295.015   150.859    26.46   15.81
-177918.871   161.810    29.11    9.40
-177542.727   167.716    15.70    7.86
-177166.582   171.537    10.16    8.87
-176790.437   174.573     8.07    7.71
-176414.292   172.467    -5.60    8.27
-176038.147   167.791   -12.43    8.45
-175662.002   162.467   -14.15    8.36
-175285.856   158.423   -10.75    7.10
-174909.710   155.035    -9.01    7.09
-174533.564   150.466   -12.15    8.34
-174157.417   144.757   -15.18   11.98
-173781.271   136.008   -23.26   15.00
-173405.124   125.616   -27.63   14.83
-173028.977   116.039   -25.46   13.05
-172652.829   106.510   -25.33   12.37
-172276.681   100.505   -15.97   10.34
-171900.533    95.859   -12.35    8.96
-171524.385    92.005   -10.25    6.65
-171148.236    90.449    -4.14    4.99
-170772.088    86.705    -9.95    6.48
-170395.939    83.741    -7.88    6.35
-170019.789    82.575    -3.10    6.41
-169643.640    80.413    -5.75    5.51
-169267.490    79.143    -3.38    6.39
-168891.340    76.826    -6.16    6.31
-168515.189    74.477    -6.25    5.05
-168139.038    69.321   -13.71    8.03
-167762.887    66.039    -8.73    8.70
-167386.736    62.432    -9.59    8.45
-167010.585    59.872    -6.80    6.82
-166634.433    58.510    -3.62    4.49
-166258.281    58.885     1.00    3.94
-165882.128    60.810     5.12    4.76
-165505.975    65.757    13.15    9.15
-165129.822    78.144    32.93   17.68
-164753.669    91.458    35.40   23.59
-164377.516   111.834    54.17   28.82
-164001.362   131.459    52.17   21.04
-163625.207   144.577    34.87   18.24
-163249.053   156.589    31.93   14.96
-162872.898   165.338    23.26   11.12
-162496.743   173.782    22.45    8.03
-162120.588   178.575    12.74    7.06
-161744.432   181.885     8.80    5.44
-161368.276   182.654     2.04    5.06
-160992.119   181.379    -3.39    6.61
-160615.963   179.195    -5.81    7.77
-160239.806   176.988    -5.87    8.30
-159863.649   177.705     1.91    8.09
-159487.491   181.035     8.85    6.81
-159111.333   184.089     8.12    6.56
-158735.175   185.900     4.81    7.50
-158359.016   187.467     4.17    7.70
-157982.857   190.413     7.83    5.48
-157606.698   189.772    -1.70    6.47
-157230.539   187.141    -6.99    7.47
-156854.379   186.526    -1.64    5.58
-156478.219   185.366    -3.08    6.42
-156102.058   184.193    -3.12    7.73
-155725.897   183.227    -2.57    7.61
-155349.736   182.537    -1.83    6.52
-154973.574   181.616    -2.45    6.02
-154597.412   180.603    -2.69    8.22
-154221.250   177.278    -8.84   11.43
-153845.088   173.221   -10.78   13.43
-153468.925   165.416   -20.75   16.66
-153092.762   157.338   -21.47   16.48
-152716.598   150.853   -17.24   17.01
-152340.434   148.981    -4.98   18.11
-151964.270   156.035    18.75   19.97
-151588.105   162.224    16.45   14.47
-151211.940   162.601     1.00   12.37
-150835.775   156.936   -15.06   16.72
-150459.609   153.191    -9.96   16.43
-150083.443   152.699    -1.31   15.04
-149707.276   158.654    15.83   14.00
-149331.109   165.764    18.90    8.73
-148954.942   167.668     5.06    6.95
-148578.775   161.449   -16.53   13.11
-148202.607   151.834   -25.56   17.31
-147826.439   135.699   -42.89   21.24
-147450.270   127.589   -21.56   16.17
-147074.101   121.834   -15.30   13.65
-146697.931   116.601   -13.91   11.66
-146321.762   114.013    -6.88   13.46
-145945.592   110.116   -10.36   15.43
-145569.421   111.008     2.37   18.92
-145193.250   108.927    -5.53   18.99
-144817.079   104.927   -10.63   15.91
-144440.907    99.962   -13.20   14.15
-144064.735    93.885   -16.15    9.63
-143688.563    91.386    -6.64    9.83
-143312.390    90.347    -2.76   12.71
-142936.216    85.221   -13.63   15.96
-142560.043    77.642   -20.15   15.44
-142183.869    76.818    -2.19   15.55
-141807.694    83.841    18.67   20.81
-141431.520    98.379    38.65   26.05
-141055.344   115.116    44.49   20.24
-140679.169   128.737    36.21   13.79
-140302.993   131.866     8.32   15.53
-139926.816   124.193   -20.40   24.44
-139550.639   112.526   -31.01   25.35
-139174.462   103.516   -23.95   21.06
-138798.284    99.521   -10.62   17.75
-138422.106    98.062    -3.88   17.35
-138045.928    96.872    -3.16   16.27
-137669.749   101.841    13.21   17.41
-137293.570   105.035     8.49   19.07
-136917.390   119.537    38.55   20.65
-136541.210   132.958    35.68   20.89
-136165.029   145.629    33.68   20.46
-135788.848   158.116    33.19   11.93
-135412.667   165.566    19.80    8.98
-135036.485   167.800     5.94    6.94
-134660.303   166.060    -4.62    8.00
-134284.120   160.305   -15.30    8.57
-133907.937   154.116   -16.45    7.94
-133531.753   147.721   -17.00   10.86
-133155.569   138.270   -25.12   15.69
-132779.385   122.116   -42.94   25.53
-132403.200   106.800   -40.71   24.02
-132027.014    99.467   -19.49   18.10
-131650.829   102.310     7.56   18.36
-131274.642   114.834    33.29   20.00
-130898.456   124.332    25.25   23.71
-130522.269   133.577    24.58   27.42
-130146.081   144.347    28.63   27.07
-129769.893   155.782    30.40   18.38
-129393.705   159.494     9.87   10.49
-129017.516   158.962    -1.41    9.01
-128641.326   157.731    -3.27    9.05
-128265.137   156.338    -3.70    9.48
-127888.946   154.224    -5.62    9.96
-127512.756   150.413   -10.13    9.98
-127136.564   144.062   -16.88   12.40
-126760.435   131.484   -33.44   16.82
-126384.337   118.059   -35.70   18.96
-126008.239    99.941   -48.17   21.95
-125632.140    90.984   -23.81   16.95
-125256.041    91.838     2.27   17.79
-124879.941    89.757    -5.53   18.81
-124503.841    93.668    10.40   17.61
-124127.740   100.616    18.47   17.85
-123751.639   105.116    11.96   21.42
-123375.537   113.808    23.11   17.88
-122999.435   116.521     7.21   18.47
-122623.332   114.695    -4.86   20.30
-122247.229   117.366     7.10   18.54
-121871.126   124.059    17.80   14.56
-121495.022   130.062    15.96   13.16
-121118.917   138.224    21.70   11.38
-120742.812   147.386    24.36   13.13
-120366.706   159.764    32.91   15.00
-119990.600   168.616    23.53   12.85
-119614.494   171.347     7.26    8.99
-119238.387   167.244   -10.91   13.03
-118862.279   158.278   -23.84   15.51
-118486.171   145.300   -34.51   13.75
-118110.063   135.905   -24.98   14.09
-117733.953   133.423    -6.60   13.68
-117357.844   130.251    -8.44   14.12
-116981.734   122.064   -21.77   18.62
-116605.623   112.282   -26.01   19.70
-116229.512   100.326   -31.79   16.37
-115853.401    93.853   -17.21   12.18
-115477.288    92.709    -3.04   13.21
-115101.176    95.911     8.51   15.34
-114725.063    91.386   -12.03   15.76
-114348.949    86.977   -11.72   12.45
-113972.835    89.602     6.98   13.28
-113596.720    93.838    11.26   13.90
-113220.605   104.826    29.22   15.41
-112844.489   114.039    24.49   16.05
-112468.373   120.197    16.37   14.53
-112092.256   120.859     1.76   12.46
-111716.139   116.141   -12.54   18.50
-111340.021   110.577   -14.79   18.29
-110963.902   111.255     1.80   18.26
-110587.783   119.064    20.76   21.71
-110211.664   132.170    34.84   21.48
-109835.544   145.900    36.50   17.11
-109459.423   154.278    22.28    9.05
-109083.302   155.959     4.47    6.58
-108707.180   151.552   -11.72    9.82
-108331.058   143.274   -22.01   13.34
-107954.936   132.810   -27.82   19.73
-107578.812   118.879   -37.04   23.88
-107202.688   107.949   -29.06   20.94
-106826.564   103.221   -12.57   19.81
-106450.439   102.500    -1.92   19.41
-106074.313   108.008    14.64   21.76
-105698.187   119.010    29.25   18.77
-105322.061   126.936    21.07   11.87
-104945.934   131.295    11.59    8.45
-104569.806   129.548    -4.64   10.20
-104193.678   122.859   -17.78   13.59
-103817.549   112.616   -27.23   14.50
-103441.419   102.421   -27.10   13.23
-103065.289    91.818   -28.19   11.26
-102689.159    82.227   -25.50   10.60
-102313.027    75.295   -18.43   11.72
-101936.896    67.705   -20.18   12.04
-101560.763    62.030   -15.09    9.94
-101184.630    57.039   -13.27    6.78
-100808.497    53.588    -9.17    5.20
-100432.363    48.589   -13.29    7.81
-100056.228    46.244    -6.24    7.88
 -99680.093    45.168    -2.86    7.22
 -99303.957    46.905     4.62    8.33
 -98927.821    54.010    18.89   11.14
 -98551.684    61.866    20.88   15.80
 -98175.546    71.727    26.22   17.06
 -97799.408    85.191    35.79   21.04
 -97423.269   101.589    43.60   24.23
 -97047.130   114.032    33.08   20.36
 -96670.990   121.197    19.05   18.73
 -96294.849   122.338     3.03   20.71
 -95918.708   114.932   -19.69   21.27
 -95542.566   103.141   -31.35   25.97
 -95166.424    93.089   -26.72   25.00
 -94790.281    85.591   -19.93   19.83
 -94414.137    88.039     6.51   22.32
 -94037.993   103.353    40.71   28.90
 -93661.848   124.537    56.32   22.71
 -93285.703   138.295    36.58   13.68
 -92909.557   148.379    26.81    6.56
 -92533.410   152.394    10.67    6.21
 -92157.263   157.218    12.83    6.11
 -91781.115   161.005    10.07    4.95
 -91404.967   162.116     2.95    4.09
 -91028.818   161.295    -2.18    5.37
 -90652.668   155.704   -14.86   10.59
 -90276.517   146.251   -25.13   15.90
 -89900.366   137.575   -23.06   15.18
 -89524.215   128.629   -23.78   19.34
 -89148.062   117.962   -28.36   22.80
 -88771.910   114.197   -10.01   20.35
 -88395.756   114.988     2.10   18.62
 -88019.602   120.116    13.63   15.87
 -87643.447   127.695    20.15   13.70
 -87267.291   137.143    25.12    7.94
 -86891.135   141.300    11.05    6.36
 -86514.979   141.141    -0.42    6.91
 -86138.821   139.894    -3.32    8.17
 -85762.663   134.705   -13.79   11.42
 -85386.504   126.366   -22.17   17.12
 -85010.345   122.221   -11.02   19.20
 -84634.185   110.244   -31.84   22.70
 -84258.025    98.522   -31.16   17.20
 -83881.863   100.224     4.52   17.93
 -83505.701   103.879     9.72   21.50
 -83129.539   110.521    17.66   22.76
 -82753.375   112.295     4.72   21.57
 -82377.211   110.656    -4.36   19.73
 -82001.047   108.500    -5.73   15.38
 -81624.882   104.449   -10.77   13.05
 -81248.716   102.958    -3.96    9.19
 -80872.549   102.467    -1.30    7.28
 -80496.382    98.988    -9.25    7.01
 -80120.214    95.510    -9.24    7.66
 -79744.045    89.366   -16.33    9.54
 -79367.876    84.818   -12.09   10.43
 -78991.706    79.359   -14.51   10.63
 -78615.535    75.656    -9.84   11.12
 -78239.364    69.359   -16.74   10.21
 -77863.192    63.366   -15.93    9.28
 -77487.019    56.936   -17.09   10.15
 -77110.846    55.603    -3.54   11.65
 -76734.672    59.866    11.33   17.24
 -76358.497    70.911    29.36   22.25
 -75982.322    87.737    44.73   17.48
 -75606.145   103.244    41.22   12.99
 -75229.969   114.168    29.04   12.77
 -74853.791   123.013    23.51   11.11
 -74477.613   130.089    18.81    8.26
 -74101.434   131.321     3.28    9.90
 -73725.254   132.141     2.18   12.34
 -73349.074   129.171    -7.89   18.66
 -72972.893   131.818     7.04   17.66
 -72596.711   139.224    19.69   16.36
 -72220.529   148.440    24.50   12.94
 -71844.345   157.197    23.28    9.02
 -71468.162   161.001    10.11    6.18
 -71091.977   161.866     2.30    5.76
 -70715.792   159.347    -6.70    7.12
 -70339.606   153.629   -15.20   12.16
 -69963.419   142.039   -30.81   17.22
 -69587.232   131.602   -27.74   16.97
 -69211.043   126.853   -12.63   13.84
 -68834.854   127.905     2.80   16.89
 -68458.665   133.500    14.87   18.41
 -68082.474   139.088    14.85   17.76
 -67706.283   139.432     0.91   24.17
 -67330.092   144.577    13.68   20.81
 -66953.899   148.487    10.39   17.32
 -66577.706   152.782    11.42   16.82
 -66201.512   155.251     6.56   13.50
 -65825.317   156.197     2.51    8.70
 -65449.122   155.359    -2.23    8.46
 -65072.925   151.421   -10.47   12.81
 -64696.728   138.705   -33.80   20.14
 -64320.531   121.916   -44.63   26.58
 -63944.332   113.413   -22.60   21.67
 -63568.133   111.141    -6.04   19.33
 -63191.933   116.353    13.85   20.29
 -62815.732   119.834     9.25   19.19
 -62439.531   122.494     7.07   18.70
 -62063.329   127.270    12.69   17.96
 -61687.126   136.005    23.22   20.45
 -61310.922   150.251    37.87   15.87
 -60934.718   160.247    26.57   10.50
 -60558.513   166.201    15.83    5.56
 -60182.307   169.090     7.68    5.66
 -59806.100   172.962    10.29    9.02
 -59429.892   176.810    10.23    8.86
 -59053.684   179.494     7.13    7.27
 -58677.475   177.062    -6.47   10.10
 -58301.265   169.826   -19.23   12.41
 -57925.055   162.541   -19.37   11.12
 -57548.843   156.521   -16.00    9.36
 -57172.631   149.905   -17.59    9.18
 -56796.418   147.142    -7.34   12.17
 -56420.204   143.432    -9.86   12.98
 -56043.990   139.629   -10.11   13.47
 -55667.775   134.866   -12.66   14.47
 -55291.559   128.353   -17.31   16.25
 -54915.342   123.032   -14.14   13.43
 -54539.124   113.089   -26.43   17.19
 -54162.906    98.630   -38.43   21.75
 -53786.687    92.116   -17.32   21.07
 -53410.467    95.039     7.77   23.40
 -53034.246   108.910    36.87   24.36
 -52658.024   129.008    53.42   15.37
 -52281.802   138.116    24.21   11.85
 -51905.579   145.305    19.11    8.88
 -51529.509   150.064    12.66    7.26
 -51153.441   152.954     7.68    8.44
 -50777.373   153.141     0.50    9.43
 -50401.303   150.247    -7.70   12.19
 -50025.232   142.834   -19.71   15.14
 -49649.161   136.927   -15.71   14.88
 -49273.089   130.311   -17.59   16.71
 -48897.016   123.603   -17.84   20.37
 -48520.943   123.755     0.40   19.59
 -48144.868   127.278     9.37   19.93
 -47768.793   136.548    24.65   13.77
 -47392.717   142.710    16.39    9.54
 -47016.640   138.834   -10.31   16.17
 -46640.562   129.459   -24.93   22.82
 -46264.483   115.270   -37.73   25.65
 -45888.404   100.774   -38.54   22.78
 -45512.324    92.366   -22.36   18.68
 -45136.243    82.936   -25.07   16.72
 -44760.161    76.575   -16.91   16.56
 -44384.078    67.195   -24.94   15.70
 -44007.995    59.221   -21.20   11.53
 -43631.910    59.654     1.15   15.25
 -43255.825    63.170     9.35   20.15
 -42879.739    65.603     6.47   21.77
 -42503.652    65.266    -0.90   19.34
 -42127.564    65.366     0.27   15.50
 -41751.476    70.602    13.92   16.76
 -41375.386    80.494    26.30   18.47
 -40999.296    92.062    30.76   16.10
 -40623.205   103.629    30.76   14.46
 -40247.113   111.259    20.29   14.42
 -39871.020   120.541    24.68   11.22
 -39494.926   125.695    13.70    9.26
 -39118.832   128.062     6.29   10.08
 -38742.736   130.423     6.28   12.88
 -38366.640   132.326     5.06   17.24
 -37990.543   139.168    18.19   13.73
 -37614.445   143.386    11.21   11.70
 -37238.346   146.116     7.26    9.42
 -36862.246   148.116     5.32    7.27
 -36486.146   147.090    -2.73    7.91
 -36110.044   143.167   -10.43   11.18
 -35733.942   139.616    -9.44   13.06
 -35357.839   130.845   -23.32   20.19
 -34981.735   114.332   -43.91   28.33
 -34605.630   103.894   -27.75   27.94
 -34229.524    94.035   -26.21   26.09
 -33853.417    88.644   -14.33   24.05
 -33477.310    91.800     8.39   23.18
 -33101.201    90.705    -2.91   21.35
 -32725.092    85.800   -13.04   19.38
 -32348.982    75.800   -26.59   19.20
 -31972.871    63.808   -31.88   13.07
 -31596.759    56.680   -18.95    6.57
 -31220.646    52.818   -10.27    4.14
 -30844.532    50.321    -6.64    2.89
 -30468.417    48.737    -4.21    3.30
 -30092.302    47.353    -3.68    3.54
 -29716.185    44.879    -6.58    5.65
 -29340.068    41.991    -7.68    6.53
 -28963.950    39.295    -7.17    5.93
 -28587.830    36.247    -8.10    4.49
 -28211.710    35.116    -3.01    4.92
 -27835.589    34.218    -2.39    4.64
 -27459.467    33.866    -0.94    4.85
 -27083.345    33.449    -1.11    4.64
 -26707.221    32.563    -2.36    5.48
 -26331.096    31.737    -2.20    6.08
 -25954.971    31.705    -0.08    5.44
 -25578.844    32.116     1.09    5.41
 -25202.717    33.577     3.89    3.68
 -24826.589    32.838    -1.97    3.23
 -24450.459    32.195    -1.71    3.21
 -24074.329    30.710    -3.95    3.39
 -23698.198    29.872    -2.23    3.30
 -23322.066    28.467    -3.74    3.92
 -22945.933    27.540    -2.46    3.21
 -22569.800    27.654     0.30    3.06
 -22193.665    28.274     1.65    2.05
 -21817.529    28.699     1.13    1.66
 -21441.392    28.193    -1.35    2.13
 -21065.255    27.477    -1.90    2.42
 -20689.116    26.984    -1.31    2.36
 -20312.977    26.500    -1.29    1.95
 -19936.837    25.927    -1.53    2.05
 -19560.695    25.037    -2.37    2.57
 -19184.553    23.705    -3.54    2.83
 -18808.410    22.341    -3.63    3.05
 -18432.266    20.575    -4.69    2.91
 -18056.120    19.013    -4.15    3.38
 -17679.974    15.853    -8.40    5.60
 -17303.827    12.764    -8.21    5.76
 -16927.679     9.575    -8.48    4.24
 -16551.530     7.894    -4.47    3.29
 -16175.381     7.668    -0.60    2.72
 -15799.230     7.516    -0.41    2.63
 -15423.078     7.144    -0.99    2.50
 -15046.925     6.167    -2.60    3.55
 -14670.771     4.035    -5.67    3.51
 -14294.617     2.872    -3.09    3.47
 -13918.461     0.879    -5.30    1.51
 -13542.304     0.537    -0.91    0.79
 -13166.147     0.818     0.75    1.00
 -12789.988     0.981     0.43    1.11
 -12413.829     1.691     1.89    2.10
 -12037.668     3.282     4.23    3.31
 -11661.507     4.366     2.88    3.66
 -11285.344     4.510     0.38    3.93
 -10909.181     4.810     0.80    4.24
 -10533.016     3.656    -3.07    4.54
 -10156.851     1.644    -5.35    3.44
  -9780.684     0.577    -2.83    2.14
  -9404.517     0.423    -0.41    1.79
  -9028.348     0.575     0.40    1.89
  -8652.179     0.341    -0.62    1.64
  -8276.009     0.629     0.77    1.48
  -7899.837     0.747     0.32    1.78
  -7523.665     0.791     0.12    2.17
  -7147.491     1.244     1.20    2.53
  -6771.317     1.326     0.22    2.67
  -6395.142     1.227    -0.26    2.55
  -6018.965     1.808     1.55    2.77
  -5642.788     2.532     1.93    2.95
  -5266.610     2.731     0.53    3.27
  -4890.430     3.295     1.50    3.83
  -4514.250     3.995     1.86    4.55
  -4138.068     4.035     0.11    5.40
  -3761.886     2.818    -3.23    5.22
  -3385.702     2.197    -1.65    4.94
  -3009.518     1.218    -2.60    3.43
  -2633.332     1.062    -0.42    3.03
  -2257.146     1.013    -0.13    2.74
  -1880.958     1.064     0.14    2.85
  -1504.770     0.321    -1.98    2.12
  -1128.580     0.116    -0.55    1.70
   -752.390     0.010    -0.28    1.48
   -376.198     0.037     0.07    1.60
     -0.005    -0.079    -0.31    1.49
    376.188    -0.317    -0.63    1.34
    752.383    -0.506    -0.50    1.42
   1128.579    -0.726    -0.59    1.03
   1504.776     0.090     2.17    2.32
   1880.974     0.928     2.23    3.06
   2257.173     1.826     2.39    3.36
   2633.372     2.537     1.89    3.97
   3009.573     2.588     0.14    4.06
   3385.775     2.757     0.45    3.83
   3761.979     3.548     2.10    3.90
   4138.183     4.116     1.51    3.99
   4514.388     5.603     3.95    4.39
   4890.594     7.432     4.86    3.74
   5266.801     8.405     2.59    3.20
   5643.010     9.680     3.39    4.12
   6019.219    11.721     5.43    6.17
   6395.430    14.449     7.25    7.49
   6771.641    17.710     8.67    8.27
   7147.854    20.008     6.11    6.82
   7524.067    20.656     1.72    6.49
   7900.282    20.737     0.22    6.89
   8276.498    19.053    -4.48    7.37
   8652.715    17.988    -2.83    7.26
   9028.932    17.859    -0.34    7.26
   9405.151    17.477    -1.02    7.13
   9781.372    19.731     5.99    7.37
  10157.593    21.602     4.97    6.94
  10533.815    23.563     5.21    5.94
  10910.038    24.563     2.66    5.44
  11286.263    23.911    -1.73    5.09
  11662.488    22.494    -3.77    4.79
  12038.715    22.116    -1.01    3.24
  12414.942    22.766     1.73    2.61
  12791.171    23.060     0.78    2.53
  13167.401    22.954    -0.28    2.76
  13543.632    23.413     1.22    3.10
  13919.864    24.089     1.80    3.13
  14296.097    23.981    -0.29    3.16
  14672.331    24.727     1.98    2.80
  15048.566    24.666    -0.16    3.14
  15424.802    24.834     0.45    3.60
  15801.040    24.791    -0.11    3.76
  16177.279    24.500    -0.77    3.60
  16553.518    24.062    -1.17    3.03
  16929.759    23.642    -1.12    2.27
  17306.001    24.885     3.30    3.82
  17682.244    25.475     1.57    4.62
  18058.488    26.171     1.85    5.20
  18434.733    27.589     3.77    4.80
  18810.980    28.347     2.01    4.49
  19187.227    30.394     5.44    4.56
  19563.476    33.526     8.33    6.31
  19939.725    35.791     6.02    6.42
  20315.976    36.845     2.80    5.74
  20692.228    36.656    -0.50    5.54
  21068.481    36.199    -1.22    5.47
  21444.735    35.782    -1.11    5.35
  21820.991    38.091     6.14    6.99
  22197.247    40.818     7.25    6.37
  22573.505    43.218     6.38    5.30
  22949.764    44.142     2.46    5.12
  23325.956    42.800    -3.57    5.40
  23701.994    40.872    -5.13    5.43
  24078.033    39.841    -2.74    5.00
  24454.073    37.900    -5.16    5.39
  24830.115    38.197     0.79    6.02
  25206.157    38.379     0.48    5.70
  25582.201    39.505     2.99    5.28
  25958.246    40.090     1.56    5.70
  26334.292    41.167     2.86    6.03
  26710.339    40.173    -2.64    5.85
  27086.387    40.278     0.28    5.40
  27462.437    40.251    -0.07    3.62
  27838.487    39.563    -1.83    3.89
  28214.539    39.516    -0.13    4.15
  28590.592    39.872     0.95    4.64
  28966.646    39.932     0.16    4.81
  29342.701    39.800    -0.35    4.50
  29718.758    40.958     3.08    4.03
  30094.815    41.251     0.78    3.38
  30470.874    42.291     2.77    3.97
  30846.934    43.616     3.52    4.45
  31222.995    46.062     6.50    4.81
  31599.057    49.278     8.55    5.74
  31975.120    53.801    12.03    6.84
  32351.185    57.680    10.31    6.87
  32727.251    60.244     6.82    6.66
  33103.318    61.259     2.70    6.72
  33479.386    60.197    -2.82    6.49
  33855.455    59.467    -1.94    5.97
  34231.526    57.656    -4.82    4.71
  34607.597    57.705     0.13    4.41
  34983.670    58.494     2.10    4.87
  35359.744    60.526     5.40    5.04
  35735.819    62.853     6.19    6.16
  36111.896    64.141     3.43    6.41
  36487.973    67.872     9.92    7.30
  36864.052    72.652    12.71    9.01
  37240.132    78.475    15.48    9.43
  37616.213    85.282    18.10    7.85
  37992.296    91.791    17.31    9.11
  38368.379    98.008    16.53    8.75
  38744.464   102.548    12.07    8.56
  39120.550   103.603     2.80    7.93
  39496.637   101.727    -4.99    8.78
  39872.726    97.936   -10.08    8.40
  40248.815    97.142    -2.11    8.63
  40624.906    96.005    -3.02    9.39
  41000.998    96.705     1.86    9.27
  41377.092    98.167     3.89    8.47
  41753.186   101.695     9.38    9.28
  42129.282   103.413     4.57    7.28
  42505.379   101.603    -4.81    9.85
  42881.477   101.116    -1.30    9.78
  43257.576   100.244    -2.32    8.77
  43633.677    98.366    -4.99    7.25
  44009.779    95.532    -7.53    7.56
  44385.882    89.683   -15.55    8.71
  44761.986    85.954    -9.92    8.52
  45138.091    86.440     1.29    8.95
  45514.198    87.668     3.27    9.41
  45890.306    91.671    10.64    9.66
  46266.415    95.016     8.89   10.13
  46642.526    97.116     5.58    9.93
  47018.638    98.927     4.81    8.27
  47394.751   100.064     3.03    7.34
  47770.865   102.668     6.92    6.97
  48146.980   105.037     6.30    4.73
  48523.097   105.764     1.93    6.49
  48899.215   104.757    -2.68    9.13
  49275.334   103.421    -3.55    9.06
  49651.454   102.808    -1.63    9.57
  50027.576   102.962     0.41    8.53
  50403.699   103.328     0.97    6.73
  50779.823   101.359    -5.23    6.66
  51155.949    97.791    -9.49    7.42
  51532.075    93.332   -11.86    7.21
  51908.203    86.494   -18.18   12.28
  52284.333    79.602   -18.32   12.40
  52660.463    75.826   -10.04   11.02
  53036.595    77.167     3.56   12.34
  53412.728    83.563    17.00   12.79
  53788.862    91.458    20.99    8.09
  54164.998    95.526    10.82    4.73
  54541.135    92.782    -7.29    7.75
  54917.273    86.737   -16.07   12.54
  55293.412    82.808   -10.45   10.46
  55669.553    82.977     0.45    9.97
  56045.695    85.705     7.25   10.70
  56421.838    85.731     0.07   12.34
  56797.983    82.084    -9.69   13.92
  57174.129    79.064    -8.03   12.87
  57550.276    77.683    -3.67   11.56
  57926.424    78.413     1.94   11.66
  58302.574    83.853    14.46   12.37
  58678.725    88.366    12.00   10.13
  59054.877    93.372    13.31   10.64
  59431.031    98.808    14.45   11.40
  59807.185   105.035    16.55    9.86
  60183.342   110.936    15.69    7.95
  60559.499   114.885    10.50    8.34
  60935.658   121.731    18.20    9.89
  61311.818   127.251    14.67    9.30
  61687.979   129.475     5.91    8.50
  62064.142   129.116    -0.95    9.74
  62440.306   124.710   -11.71   11.32
  62816.471   120.927   -10.06   10.40
  63192.638   118.866    -5.48    8.65
  63568.806   116.629    -5.95    8.91
  63944.975   119.616     7.94    9.50
  64321.146   124.866    13.96   11.39
  64697.318   131.475    17.57    9.60
  65073.491   134.810     8.87    5.39
  65449.666   132.116    -7.16    7.68
  65825.841   127.936   -11.11    8.97
  66202.019   125.305    -6.99   10.34
  66578.197   123.432    -4.98   12.48
  66954.377   123.295    -0.36   12.42
  67330.558   121.341    -5.20   10.02
  67706.741   115.197   -16.33   14.36
  68082.925   108.347   -18.21   15.40
  68459.110   103.616   -12.58   14.31
  68835.296   103.737     0.32   16.11
  69211.484   109.521    15.37   16.44
  69587.673   115.401    15.63    8.64
  69963.864   113.962    -3.83    9.85
  70340.056   108.266   -15.14   11.68
  70716.249   101.818   -17.14   13.27
  71092.444    92.295   -25.31   15.04
  71468.640    82.227   -26.76   14.83
  71844.837    78.142   -10.86   11.48
  72221.036    77.936    -0.55   12.83
  72597.236    82.037    10.90   15.65
  72973.437    89.484    19.80   18.02
  73349.640    96.484    18.61   17.56
  73725.844   104.291    20.75   12.34
  74102.049   108.977    12.46    9.02
  74478.256   110.616     4.36    9.25
  74854.464   112.116     3.99    8.77
  75230.674   115.005     7.68   10.30
  75606.885   121.764    17.97   11.47
  75983.097   129.060    19.39   11.48
  76359.311   132.859    10.10    8.28
  76735.526   133.791     2.48    6.96
  77111.742   133.116    -1.79    6.17
  77487.960   133.491     1.00    6.92
  77864.179   136.958     9.22    9.05
  78240.400   144.932    21.19   11.58
  78616.622   154.221    24.69    9.58
  78992.845   160.911    17.78    7.32
  79369.070   165.300    11.67    6.07
  79745.296   167.338     5.42    5.02
  80121.523   168.193     2.27    5.64
  80497.752   169.644     3.86    7.16
  80873.982   170.064     1.12    9.67
  81250.214   172.731     7.09   10.49
  81626.447   175.060     6.19   11.19
  82002.682   180.035    13.22   10.49
  82378.917   185.921    15.65    9.56
  82755.155   189.510     9.54    8.53
  83131.393   190.347     2.22    8.69
  83507.633   188.683    -4.42    8.25
  83883.875   182.936   -15.28    8.89
  84260.118   178.423   -11.99    6.29
  84636.362   176.063    -6.27    5.11
  85012.608   172.927    -8.34    4.14
  85388.855   172.372    -1.47    3.84
  85765.103   173.013     1.70    4.37
  86141.353   174.394     3.67    3.98
  86517.605   175.398     2.67    3.69
  86893.857   174.032    -3.63    5.22
  87270.112   170.589    -9.15    6.30
  87646.367   166.859    -9.91    5.89
  88022.624   164.241    -6.96    5.30
  88398.883   165.116     2.33    8.98
  88775.143   163.563    -4.13   12.46
  89151.404   158.872   -12.47   16.39
  89527.667   150.577   -22.05   17.13
  89903.931   138.089   -33.19   17.75
  90280.197   130.347   -20.58   15.48
  90656.464   128.705    -4.36   13.76
  91032.732   135.552    18.20   18.25
  91409.002   149.900    38.13   18.74
  91785.274   163.423    35.94   13.82
  92161.547   172.218    23.37    9.48
  92537.821   177.116    13.02    5.93
  92914.097   174.589    -6.71    7.23
  93290.374   169.683   -13.04   10.87
  93666.652   164.818   -12.93   12.33
  94042.932   163.141    -4.46   14.16
  94419.214   167.491    11.56   17.92
  94795.497   171.911    11.75   18.77
  95171.781   171.731    -0.48   19.18
  95548.067   170.699    -2.74   17.23
  95924.355   160.757   -26.42   16.10
  96300.644   150.954   -26.05   16.46
  96676.934   139.808   -29.62   16.01
  97053.226   131.905   -21.00   11.84
  97429.519   128.116   -10.07   10.90
  97805.814   123.818   -11.42   11.54
  98182.110   122.295    -4.05   11.67
  98558.227   125.141     7.57   12.05
  98934.235   130.866    15.23   13.87
  99310.244   137.197    16.84   12.30
  99686.254   141.900    12.51   10.38
 100062.266   142.845     2.52    9.97
 100438.279   139.791    -8.12    8.90
 100814.294   136.292    -9.31    7.28
 101190.311   132.911    -8.99    6.91
 101566.329   128.757   -11.05    6.60
 101942.348   125.005    -9.98    7.59
 102318.369   118.013   -18.59   10.21
 102694.391   109.791   -21.87   12.52
 103070.415    97.221   -33.43   17.89
 103446.440    84.405   -34.08   17.13
 103822.467    73.270   -29.61   15.46
 104198.495    64.629   -22.98   11.32
 104574.525    60.221   -11.72    9.77
 104950.556    58.666    -4.14    9.08
 105326.589    57.616    -2.79    9.39
 105702.623    62.563    13.16   15.13
 106078.659    70.764    21.81   20.22
 106454.697    76.737    15.88   21.72
 106830.735    87.035    27.38   20.45
 107206.776    98.199    29.69   18.16
 107582.818   106.475    22.01   18.22
 107958.861   116.757    27.34   14.16
 108334.906   126.170    25.03   11.82
 108710.952   135.423    24.61    9.94
 109087.000   142.629    19.16    8.33
 109463.049   148.629    15.95    6.82
 109839.100   152.905    11.37    7.17
 110215.153   155.936     8.06    6.79
 110591.207   159.505     9.49    6.53
 110967.262   159.563     0.16    7.60
 111343.319   160.193     1.67    6.96
 111719.378   160.716     1.39    5.64
 112095.438   160.885     0.45    5.13
 112471.500   162.251     3.63    4.22
 112847.563   162.332     0.22    4.75
 113223.628   164.143     4.82    5.29
 113599.694   165.755     4.29    5.32
 113975.762   167.193     3.82    5.51
 114351.831   168.604     3.75    4.93
 114727.902   169.764     3.09    4.24
 115103.974   170.398     1.68    3.94
 115480.048   170.247    -0.40    3.50
 115856.124   170.193    -0.15    3.99
 116232.201   172.413     5.90    5.61
 116608.279   175.577     8.41    6.10
 116984.359   178.116     6.75    5.06
 117360.441   179.629     4.02    4.05
 117736.524   179.927     0.79    3.34
 118112.609   180.173     0.65    3.40
 118488.696   180.141    -0.08    3.03
 118864.784   180.270     0.34    2.94
 119240.873   180.259    -0.03    2.66
 119616.964   180.278     0.05    4.06
 119993.057   180.737     1.22    4.63
 120369.151   182.063     3.53    5.65
 120745.247   183.391     3.53    6.17
 121121.344   183.413     0.06    5.01
 121497.443   182.168    -3.31    4.76
 121873.544   180.721    -3.85    3.80
 122249.646   180.432    -0.77    3.48
 122625.749   182.521     5.56    5.56
 123001.855   186.366    10.22    7.03
 123377.962   192.353    15.92    7.33
 123754.070   196.548    11.16    5.58
 124130.180   197.575     2.73    4.83
 124506.292   196.144    -3.80    5.75
 124882.405   191.808   -11.53    7.98
 125258.520   186.013   -15.41    8.35
 125634.636   181.116   -13.02   10.41
 126010.754   174.440   -17.75    9.44
 126386.873   171.737    -7.19    7.53
 126762.995   171.062    -1.80    7.54
 127139.117   171.291     0.61    6.72
 127515.242   169.062    -5.93    7.45
 127891.368   164.616   -11.82   10.77
 128267.495   158.379   -16.58   12.81
 128643.624   151.577   -18.08   14.12
 129019.755   142.170   -25.01   15.89
 129395.888   132.945   -24.53   17.89
 129772.022   119.936   -34.59   19.92
 130148.157   104.560   -40.88   17.42
 130524.294    93.954   -28.20   15.06
 130900.433    82.927   -29.32   17.94
 131276.574    77.602   -14.16   16.54
 131652.716    75.372    -5.93   15.01
 132028.859    75.173    -0.53   13.47
 132405.005    78.808     9.66   13.13
 132781.152    80.274     3.90   12.60
 133157.300    81.644     3.64   11.46
 133533.450    83.526     5.00   12.38
 133909.602    88.010    11.92   12.57
 134285.756    97.398    24.96   14.08
 134661.911   106.879    25.21   11.90
 135038.068   116.859    26.53   11.91
 135414.226   126.170    24.75    8.68
 135790.386   131.757    14.85    7.63
 136166.548   136.936    13.77    7.51
 136542.711   141.032    10.89    7.12
 136918.876   147.008    15.88    8.33
 137295.042   154.035    18.68    9.94
 137671.211   158.791    12.65   10.05
 138047.381   166.037    19.26    8.00
 138423.552   169.949    10.40    6.17
 138799.725   172.716     7.35    6.23
 139175.900   174.195     3.93    7.57
 139552.077   175.224     2.74    8.25
 139928.255   177.526     6.12    8.55
 140304.435   178.879     3.60    9.13
 140680.616   178.958     0.21    9.64
 141056.799   177.710    -3.32   11.43
 141432.984   175.705    -5.33   11.78
 141809.170   175.366    -0.90   10.90
 142185.358   175.654     0.77   10.90
 142561.548   178.966     8.80   11.25
 142937.740   183.733    12.67    8.49
 143313.933   188.764    13.37    7.20
 143690.128   192.575    10.13    4.08
 144066.324   194.818     5.96    3.54
 144442.522   195.981     3.09    4.01
 144818.722   197.116     3.02    4.55
 145194.924   199.193     5.52    4.44
 145571.127   200.885     4.50    4.79
 145947.332   202.764     5.00    5.40
 146323.538   204.353     4.22    5.89
 146699.747   205.326     2.59    5.83
 147075.957   205.808     1.28    5.59
 147452.168   204.900    -2.41    4.34
 147828.382   205.500     1.60    5.13
 148204.597   206.727     3.26    5.34
 148580.813   208.680     5.19    5.19
 148957.032   210.629     5.18    4.51
 149333.252   211.678     2.79    4.57
 149709.474   210.116    -4.15    5.59
 150085.697   203.629   -17.24   11.05
 150461.923   195.872   -20.62   14.79
 150838.150   184.305   -30.75   13.74
 151214.378   177.032   -19.33   10.57
 151590.609   170.116   -18.38   10.34
 151966.841   167.116    -7.97    9.89
 152343.074   162.089   -13.36    9.59
 152719.310   160.603    -3.95    8.72
 153095.547   161.193     1.57    9.63
 153471.786   162.270     2.86    8.81
 153848.027   162.467     0.52    8.53
 154224.269   159.449    -8.02    7.68
 154600.513   158.089    -3.62    5.92
 154976.759   160.251     5.75    6.90
 155353.007   166.116    15.59    9.25
 155729.256   173.272    19.02   10.17
 156105.507   179.936    17.71    9.06
 156481.760   184.300    11.60    5.10
 156858.014   185.116     2.17    3.61
 157234.271   183.642    -3.92    4.27
 157610.528   182.949    -1.84    5.27
 157986.788   180.932    -5.36    5.21
 158363.050   179.398    -4.08    5.00
 158739.313   177.359    -5.42    4.77
 159115.578   175.510    -4.91    4.00
 159491.844   174.962    -1.46    5.13
 159868.113   173.826    -3.02    5.32
 160244.383   171.927    -5.05    6.79
 160620.655   167.516   -11.72   10.81
 160996.929   162.467   -13.42   11.40
 161373.204   157.089   -14.29   11.19
 161749.481   155.845    -3.30    8.95
 162125.760   155.430    -1.10    7.69
 162502.041   156.141     1.89    8.54
 162878.323   158.731     6.88    8.86
 163254.608   158.727    -0.01   10.59
 163630.894   159.510     2.08   15.20
 164007.181   161.977     6.55   15.82
 164383.471   163.224     3.31   13.88
 164759.762   165.782     6.80   11.63
 165136.055   165.062    -1.92   10.97
 165512.350   163.168    -5.03   10.09
 165888.647   162.721    -1.19    9.93
 166264.945   160.891    -4.86    8.73
 166641.245   156.035   -12.91    8.96
 167017.547   149.791   -16.59   10.98
 167393.851   141.398   -22.30   12.83
 167770.157   131.467   -26.39   11.23
 168146.464   121.927   -25.35   10.99
 168522.773   117.386   -12.07    9.56
 168899.084   117.958     1.52    9.93
 169275.397   118.475     1.37   12.09
 169651.711   117.921    -1.47   13.40
 170028.027   113.552   -11.61   14.19
 170404.345   106.116   -19.76   13.35
 170780.665    97.560   -22.74   14.53
 171156.987    92.629   -13.11   10.59
 171533.310    94.629     5.31   12.02
 171909.636    96.905     6.05   12.12
 172285.963    98.958     5.45   10.15
 172662.292    95.705    -8.64   11.56
 173038.622    90.737   -13.20    8.44
 173414.955    87.266    -9.23    7.68
 173790.954    87.295     0.08    8.03
 174166.929    85.801    -3.97    9.88
 174542.907    85.008    -2.11   10.57
 174918.886    81.467    -9.42   10.55
 175294.867    78.575    -7.69   10.38
 175670.850    74.589   -10.60    8.87
 176046.834    72.521    -5.50    5.35
 176422.821    72.141    -1.01    4.23
 176798.809    74.398     6.00    6.89
 177174.799    79.197    12.76   11.54
 177550.791    83.800    12.24   12.01
 177926.784    85.834     5.41   12.28
 178302.780    85.747    -0.23   11.64
 178678.777    81.421   -11.51   11.96
 179054.776    78.193    -8.59   11.88
 179430.777    72.338   -15.57    8.67
 179806.780    69.039    -8.77    6.80
 180182.785    66.603    -6.48    5.25
 180558.791    66.344    -0.69    4.82
 180934.800    64.710    -4.35    5.25
 181310.810    62.035    -7.12    7.59
 181686.822    60.405    -4.33    9.21
 182062.836    59.510    -2.38    9.61
 182438.852    58.616    -2.38    8.51
 182814.869    58.091    -1.39    5.67
 183190.889    59.244     3.07    5.31
 183566.910    63.089    10.23    7.65
 183942.933    68.656    14.81   10.45
 184318.958    72.484    10.18   11.66
 184694.985    74.629     5.70    9.36
 185071.014    74.421    -0.55    9.23
 185447.044    73.295    -2.99    6.68
 185823.077    74.810     4.03    7.34
 186199.111    76.680     4.97    8.48
 186575.147    79.039     6.27    9.13
 186951.185    82.053     8.02   12.31
 187327.225    84.035     5.27   13.53
 187703.267    84.089     0.14   13.31
 188079.311    85.062     2.59   12.40
 188455.356    89.475    11.74   12.37
 188831.404    93.197     9.90   10.84
 189207.453    93.654     1.22    8.68
 189583.504    92.936    -1.91    8.06
 189959.557    88.731   -11.18    8.30
 190335.612    83.981   -12.63    7.73
 190711.669    83.039    -2.50    7.24
 191087.727    83.757     1.91    6.31
 191463.788    85.588     4.87    6.33
 191839.850    86.603     2.70    6.57
 192215.915    86.791     0.50    6.73
 192591.981    86.845     0.14    6.60
 192968.049    89.680     7.54    8.45
 193344.119    92.366     7.14    7.96
 193720.191    97.039    12.43    8.93
 194096.265   101.347    11.45    7.28
 194472.341   103.394     5.44    7.39
 194848.418   104.167     2.06    8.19
 195224.498   103.467    -1.86    8.76
 195600.579   100.629    -7.55    8.38
 195976.663    96.988    -9.68    7.15
 196352.748    96.168    -2.18    5.96
 196728.835    97.984     4.83    7.52
 197104.924   100.680     7.17    7.66
 197481.015   100.321    -0.95    7.33
 197857.108    97.197    -8.31    7.06
 198233.203    94.332    -7.62    6.61
 198609.300    91.879    -6.52    5.59
 198985.398    90.413    -3.90    5.72
 199361.499    90.764     0.93    6.02
 199737.602    92.303     4.09    5.67
 200113.706    95.552     8.64    7.58
 200489.812    96.449     2.39   10.09
 200865.921    96.227    -0.59    9.86
 201242.031    98.372     5.70   10.59
 201618.143    99.224     2.26    9.85
 201994.257    99.705     1.28    9.01
 202370.373    98.405    -3.46    8.84
 202746.491    94.270   -11.00    8.48
 203122.611    92.494    -4.72    6.36
 203498.733    92.885     1.04    5.94
 203874.857    96.891    10.65    7.31
 204250.983   101.199    11.45    6.09
 204627.111   101.668     1.25    6.08
 205003.240   102.116     1.19    7.43
 205379.372    99.656    -6.54    7.41
 205755.505    97.629    -5.39    7.29
 206131.641    95.916    -4.56    6.73
 206507.778    92.541    -8.97    8.94
 206883.918    91.526    -2.70   10.10
 207260.059    93.710     5.81   11.83
 207636.203   100.398    17.78   13.53
 208012.348   106.683    16.71   11.31
 208388.495   110.695    10.66   10.30
 208764.644   111.782     2.89   11.61
 209140.796   109.859    -5.11   11.75
 209516.949   107.008    -7.58   10.30
 209893.104   105.774    -3.28    8.09
 210269.261   108.270     6.64    8.61
 210645.420   110.927     7.06    9.01
 211021.581   110.603    -0.86    9.54
 211397.744   108.845    -4.67   10.13
 211773.909   105.818    -8.05    7.91
 212150.077   104.764    -2.80    6.64
 212526.246   106.477     4.55    5.66
 212902.417   106.398    -0.21    5.57
 213278.590   103.741    -7.06    6.11
 213654.764   100.656    -8.20    7.50
 214030.941    96.791   -10.28    7.56
 214407.120    94.037    -7.32    6.66
 214783.301    90.782    -8.65    6.45
 215159.484    87.695    -8.21    5.11
 215535.669    85.064    -6.99    4.50
 215911.856    83.227    -4.88    4.22
 216288.045    82.494    -1.95    4.56
 216664.236    82.526     0.08    4.35
 217040.429    83.973     3.85    4.90
 217416.624    83.500    -1.26    6.10
 217792.821    85.423     5.11    7.08
 218169.020    87.683     6.01    6.89
 218545.221    84.602    -8.19    8.93
 218921.424    80.737   -10.27   12.01
 219297.629    79.039    -4.52   11.82
 219673.836    76.891    -5.71   12.03
 220050.045    76.845    -0.12   11.11
 220426.256    77.082     0.63    9.11
