-248255.293   126.773     0.00   16.65
-247879.152   130.740    10.55   15.31
-247503.011   134.683    10.48   12.31
-247126.870   138.495    10.14    9.59
-246750.729   138.740     0.65   10.15
-246374.588   135.968    -7.37   13.03
-245998.447   134.656    -3.49   15.17
-245622.306   134.243    -1.10   17.32
-245246.165   137.551     8.79   10.95
-244870.024   133.628   -10.43    9.96
-244493.883   130.577    -8.11    6.59
-244117.742   124.773   -15.43   10.28
-243741.601   112.474   -32.70   17.42
-243365.460   100.893   -30.79   17.31
-242989.319    90.679   -27.15   13.48
-242613.178    82.288   -22.31   11.18
-242237.037    80.320    -5.23   10.09
-241860.896    79.245    -2.86   10.05
-241484.754    78.176    -2.84   10.48
-241108.613    76.089    -5.55   10.22
-240732.472    75.829    -0.69   11.38
-240356.331    75.929     0.27   13.89
-239980.190    78.632     7.19   15.70
-239604.049    79.227     1.58   14.52
-239227.907    75.709    -9.35   14.06
-238851.766    70.884   -12.83   12.13
-238475.625    66.276   -12.25   11.52
-238099.484    65.630    -1.72   12.62
-237723.342    69.010     8.99   15.80
-237347.201    73.448    11.80   17.58
-236971.059    73.814     0.97   18.57
-236594.918    73.367    -1.19   16.36
-236218.776    67.227   -16.32   14.17
-235842.635    62.551   -12.43   11.16
-235466.493    58.940    -9.60    6.65
-235090.352    55.372    -9.49    4.99
-234714.210    52.807    -6.82    4.46
-234338.068    49.933    -7.64    3.27
-233961.926    48.524    -3.75    2.71
-233585.784    46.443    -5.53    2.13
-233209.643    45.956    -1.29    2.18
-232833.501    44.740    -3.23    2.07
-232457.359    44.281    -1.22    2.13
-232081.216    44.051    -0.61    2.42
-231705.074    43.115    -2.49    2.45
-231328.932    41.902    -3.22    3.47
-230952.790    39.472    -6.46    5.00
-230576.648    39.709     0.63    9.72
-230200.505    52.064    32.85   23.20
-229824.363    65.173    34.85   25.27
-229448.220    78.577    35.64   17.99
-229072.077    85.523    18.47    9.32
-228695.935    82.884    -7.02    9.96
-228319.792    75.218   -20.38   12.90
-227943.649    65.520   -25.78   14.89
-227567.506    60.679   -12.87   15.90
-227191.363    55.956   -12.56   14.56
-226815.220    53.065    -7.69   12.21
-226439.077    53.295     0.61   10.64
-226062.934    53.968     1.79    9.12
-225686.790    56.448     6.60    6.50
-225310.647    58.628     5.79    4.74
-224934.503    62.443    10.14    7.59
-224558.360    65.833     9.01    8.38
-224182.216    68.500     7.09    7.95
-223806.072    67.525    -2.59    8.25
-223429.928    67.273    -0.67    7.05
-223053.784    68.656     3.68    8.26
-222677.640    70.362     4.53    9.13
-222301.496    71.173     2.16   10.61
-221925.351    72.794     4.31   11.04
-221549.207    72.051    -1.98   10.89
-221173.063    70.346    -4.53   10.74
-220796.918    72.500     5.73   10.12
-220420.773    71.662    -2.23    8.92
-220044.628    72.884     3.25    9.12
-219668.483    75.801     7.75   10.73
-219292.338    77.782     5.27   11.37
-218916.201    84.551    18.00   10.84
-218540.078    87.929     8.98   11.97
-218163.955    89.656     4.59   11.16
-217787.832    87.884    -4.71   11.74
-217411.709    80.676   -19.16   11.62
-217035.585    71.524   -24.33    9.52
-216659.462    66.218   -14.11    9.76
-216283.338    64.038    -5.80    8.82
-215907.214    63.929    -0.29    9.95
-215531.090    71.335    19.69   13.79
-215154.966    81.951    28.23   12.50
-214778.841    83.525     4.18   12.63
-214402.717    87.601    10.84   13.23
-214026.592    89.773     5.78   14.44
-213650.468    90.141     0.98   13.72
-213274.343    90.857     1.90   13.94
-212898.218    83.551   -19.42   17.70
-212522.093    75.731   -20.79   14.50
-212145.967    73.104    -6.98   11.42
-211769.842    73.801     1.85   10.77
-211393.716    79.262    14.52   10.28
-211017.591    83.826    12.14    9.29
-210641.465    86.051     5.92    8.97
-210265.339    87.833     4.74    7.65
-209889.212    88.735     2.40    6.67
-209513.086    86.686    -5.45    9.08
-209136.959    87.254     1.51   10.40
-208760.833    91.384    10.98   12.32
-208384.706    96.936    14.76   13.63
-208008.579   108.731    31.36   17.16
-207632.452   116.632    21.01   16.84
-207256.324   118.101     3.91   14.22
-206880.197   109.314   -23.36   21.70
-206504.069    99.472   -26.17   20.10
-206127.941    92.902   -17.47   15.57
-205751.813    96.269     8.95   15.21
-205375.685   101.840    14.81   15.34
-204999.556   108.190    16.88   17.55
-204623.428   113.498    14.11   15.22
-204247.299   119.162    15.06    9.23
-203871.170   115.756    -9.06   14.69
-203495.041   116.961     3.20   14.43
-203118.911   117.286     0.86   14.29
-202742.782   117.416     0.34   14.36
-202366.652   116.902    -1.37   12.92
-201990.522   112.902   -10.63   13.12
-201614.392   110.001    -7.71   11.77
-201238.262   106.010   -10.61   11.85
-200862.131    99.782   -16.56   13.58
-200486.000    91.448   -22.16   12.55
-200109.869    87.807    -9.68   12.81
-199733.738    79.092   -23.17   13.52
-199357.607    72.679   -17.05   11.27
-198981.475    72.893     0.57   12.25
-198605.343    75.273     6.33   15.35
-198229.211    81.362    16.19   16.21
-197853.079    82.523     3.09   15.97
-197476.947    80.025    -6.64   14.57
-197100.814    77.397    -6.99   12.37
-196724.681    79.832     6.47   14.00
-196348.548    87.262    19.75   15.38
-195972.415    91.173    10.40   14.57
-195596.282    94.134     7.87   13.31
-195220.148    97.218     8.20   11.73
-194844.014    96.929    -0.77    9.44
-194467.880    94.807    -5.64   11.27
-194091.745    92.320    -6.61   11.78
-193715.611    90.998    -3.51    9.95
-193339.476    89.065    -5.14    8.99
-192963.341    90.295     3.27    9.61
-192587.205    90.269    -0.07   10.00
-192211.070    93.607     8.87   11.49
-191834.934    98.686    13.50   14.55
-191458.798   101.956     8.69   15.21
-191082.662   106.389    11.78   13.71
-190706.525   106.104    -0.76   12.69
-190330.388   102.437    -9.75   10.01
-189954.251   104.951     6.68    9.54
-189578.114   106.656     4.53    8.94
-189201.976   112.273    14.93    7.58
-188825.839   113.474     3.19    7.70
-188449.700   113.956     1.28    7.90
-188073.562   115.340     3.68    8.87
-187697.424   114.788    -1.47    8.45
-187321.285   115.064     0.73    7.98
-186945.146   112.578    -6.61    8.87
-186569.006   109.683    -7.70    9.48
-186192.867   105.801   -10.32    8.94
-185816.727   106.522     1.92    9.23
-185440.587   107.578     2.81    8.34
-185064.446   107.983     1.08    7.57
-184688.306   107.119    -2.30    7.97
-184312.165   103.065   -10.78    8.52
-183936.023    99.912    -8.38    9.52
-183559.882    95.987   -10.44   10.81
-183183.740    93.525    -6.55    9.57
-182807.598    94.632     2.94   10.01
-182431.456    94.474    -0.42   10.41
-182055.313   100.077    14.90   10.02
-181679.170   106.064    15.92    7.99
-181303.027   108.794     7.26    7.44
-180926.883   110.500     4.53    7.68
-180550.740   111.523     2.72    7.11
-180174.596   107.393   -10.98    8.75
-179798.451   104.525    -7.63    8.24
-179422.307   102.301    -5.91    8.01
-179046.162    98.961    -8.88    9.15
-178670.016    97.254    -4.54    9.10
-178293.871    96.412    -2.24    9.99
-177917.725    94.470    -5.16    9.53
-177541.579    95.051     1.54    9.56
-177165.432    99.735    12.45   10.82
-176789.285   101.141     3.74   10.05
-176413.138   105.308    11.08    9.06
-176036.991   104.910    -1.06    8.41
-175660.843   102.346    -6.82    9.79
-175284.695    99.884    -6.54   11.26
-174908.547    99.362    -1.39   10.92
-174532.398   100.602     3.30    9.49
-174156.249   100.335    -0.71   10.06
-173780.100   100.605     0.72   10.18
-173403.950    98.767    -4.89   10.70
-173027.801    97.460    -3.47   10.63
-172651.650    97.038    -1.12    9.46
-172275.500    95.756    -3.41   10.67
-171899.349    94.773    -2.61   10.67
-171523.198    91.010   -10.00    9.92
-171147.046    90.829    -0.48    9.65
-170770.894    98.709    20.95   14.72
-170394.742   109.731    29.30   15.65
-170018.589   120.578    28.84   13.83
-169642.436   127.262    17.77    8.40
-169266.283   128.130     2.31    6.84
-168890.129   125.372    -7.33    9.37
-168513.975   117.038   -22.16   12.29
-168137.821   108.423   -22.90   17.17
-167761.667    99.630   -23.38   15.79
-167385.512    96.119    -9.33   14.04
-167009.356    95.902    -0.57   14.44
-166633.201   102.051    16.35   15.70
-166257.045   110.654    22.87   12.55
-165880.888   116.782    16.29   11.37
-165504.731   120.780    10.63    8.39
-165128.574   120.393    -1.03    7.67
-164752.417   117.065    -8.85    8.19
-164376.259   113.440    -9.64    7.38
-164000.101   112.209    -3.27    7.13
-163623.942   113.821     4.29    7.95
-163247.783   115.893     5.51    5.99
-162871.624   115.788    -0.28    6.30
-162495.464   111.226   -12.13    8.13
-162119.304   103.551   -20.40    7.76
-161743.144    96.251   -19.41    9.36
-161366.983    89.064   -19.11    8.54
-160990.822    85.079   -10.59    6.98
-160614.660    80.848   -11.25    7.05
-160238.498    76.497   -11.57    7.89
-159862.336    74.092    -6.39    7.41
-159486.173    70.705    -9.00    6.55
-159110.010    67.254    -9.17    4.96
-158733.847    65.126    -5.66    3.86
-158357.683    63.025    -5.59    4.69
-157981.519    60.010    -8.01    7.40
-157605.354    56.498    -9.34    7.86
-157229.189    55.320    -3.13    7.76
-156853.024    55.656     0.89    8.73
-156476.858    58.301     7.03    9.19
-156100.692    59.910     4.28    7.10
-155724.525    61.107     3.18    5.95
-155348.358    60.320    -2.09    5.17
-154972.191    59.243    -2.86    4.42
-154596.023    59.322     0.21    3.99
-154219.854    58.010    -3.49    4.29
-153843.686    56.902    -2.95    3.95
-153467.517    56.104    -2.12    3.11
-153091.347    55.156    -2.52    3.12
-152715.177    54.773    -1.02    3.51
-152339.007    53.884    -2.36    3.92
-151962.836    52.295    -4.23    3.33
-151586.665    51.470    -2.19    2.79
-151210.494    51.443    -0.07    2.20
-150834.322    51.525     0.22    1.85
-150458.149    51.474    -0.13    1.75
-150081.976    51.579     0.28    1.58
-149705.803    51.474    -0.28    1.71
-149329.629    51.107    -0.98    1.71
-148953.455    50.840    -0.71    1.66
-148577.281    50.115    -1.93    1.50
-148201.106    50.020    -0.25    1.27
-147824.930    49.604    -1.11    1.31
-147448.755    49.146    -1.22    1.57
-147072.578    48.848    -0.79    1.84
-146696.401    48.166    -1.81    2.10
-146320.224    46.335    -4.87    4.08
-145944.047    45.166    -3.11    4.11
-145567.869    44.038    -3.00    4.51
-145191.690    43.709    -0.88    4.04
-144815.511    43.077    -1.68    3.57
-144439.332    42.679    -1.06    3.78
-144063.152    42.038    -1.70    3.39
-143687.036    41.416    -1.65    3.09
-143310.945    41.840     1.13    3.62
-142934.853    42.254     1.10    3.87
-142558.762    42.065    -0.50    3.75
-142182.669    42.416     0.93    3.39
-141806.577    42.739     0.86    3.40
-141430.483    43.782     2.77    2.80
-141054.390    43.859     0.20    3.85
-140678.295    44.940     2.87    2.68
-140302.201    45.372     1.15    2.95
-139926.106    45.686     0.84    2.95
-139550.010    45.782     0.25    2.75
-139173.914    44.735    -2.78    2.93
-138797.817    43.498    -3.29    3.51
-138421.720    41.902    -4.24    3.28
-138045.623    41.038    -2.30    3.47
-137669.525    41.356     0.84    3.41
-137293.426    40.801    -1.48    3.37
-136917.328    42.656     4.93    7.33
-136541.228    49.659    18.62   19.58
-136165.128    57.821    21.70   28.51
-135789.028    74.362    43.98   35.22
-135412.927    85.208    28.84   34.24
-135036.825    85.726     1.38   31.06
-134660.724    91.628    15.69   23.68
-134284.621    88.956    -7.10   21.44
-133908.518    83.448   -14.64   20.30
-133532.415    75.173   -22.00   19.01
-133156.311    65.946   -24.53   17.31
-132780.207    55.654   -27.37   11.27
-132404.102    51.987    -9.75    8.11
-132027.996    56.579    12.21   14.11
-131651.890    67.393    28.75   16.46
-131275.784    79.628    32.53   14.71
-130899.677    90.995    30.22    9.83
-130523.570    96.372    14.29    8.37
-130147.462   101.929    14.78    8.74
-129771.353   105.470     9.41   12.07
-129395.244   114.362    23.64   10.84
-129019.135   121.468    18.89    9.74
-128643.025   125.833    11.61    5.68
-128266.914   124.151    -4.47    8.66
-127890.803   118.497   -15.03   12.08
-127514.692   108.776   -25.85   12.65
-127138.579    98.893   -26.28   12.17
-126762.467    91.340   -20.08   12.73
-126386.354    86.524   -12.81   12.56
-126010.240    83.474    -8.11   12.96
-125634.126    80.829    -7.03   12.68
-125258.011    75.713   -13.60   13.25
-124881.895    71.814   -10.37   13.25
-124505.780    70.408    -3.74   14.36
-124129.663    69.141    -3.37   16.66
-123753.546    70.551     3.75   15.86
-123377.429    71.322     2.05   13.81
-123001.311    68.578    -7.30   13.51
-122625.192    61.254   -19.47   11.94
-122249.073    57.235   -10.68    9.58
-121872.953    53.026   -11.19    7.36
-121496.833    49.416    -9.60    7.47
-121120.712    44.735   -12.44    6.27
-120744.591    45.288     1.47    9.13
-120368.469    56.130    28.83   19.93
-119992.346    73.119    45.17   24.52
-119616.223    88.576    41.10   20.24
-119240.100    97.630    24.07   10.70
-118863.976    96.995    -1.69   12.35
-118487.851    86.281   -28.49   17.35
-118111.725    76.751   -25.34   13.96
-117735.600    75.602    -3.05   13.51
-117359.473    79.372    10.02   14.23
-116983.346    85.433    16.12   10.29
-116607.219    83.173    -6.01   16.00
-116231.090    76.335   -18.18   19.31
-115854.962    71.051   -14.05   16.35
-115478.832    70.295    -2.01   13.59
-115102.702    70.038    -0.68   13.69
-114726.572    76.961    18.41   12.89
-114350.441    78.551     4.23   14.34
-113974.309    78.705     0.41   14.43
-113598.177    80.632     5.12   12.63
-113222.044    84.258     9.64   11.80
-112845.911    90.372    16.25   12.74
-112469.776    95.495    13.62   14.08
-112093.642    99.983    11.93   14.33
-111717.507   104.470    11.93   13.81
-111341.371   107.443     7.90   13.11
-110965.234   110.166     7.24   15.68
-110589.097   114.351    11.13   14.99
-110212.960   116.397     5.44   17.89
-109836.821   120.472    10.83   16.97
-109460.683   122.412     5.16   11.45
-109084.543   120.166    -5.97   11.33
-108708.403   111.867   -22.07   16.56
-108332.262   100.972   -28.96   18.89
-107956.121    86.919   -37.36   18.93
-107579.979    77.936   -23.88   17.37
-107203.837    72.497   -14.46   13.31
-106827.694    75.243     7.30   16.57
-106451.550    82.676    19.76   18.02
-106075.405    90.884    21.82   16.98
-105699.260    92.065     3.14   16.37
-105323.115    94.956     7.69   15.70
-104946.968   103.551    22.85   15.64
-104570.822   113.092    25.36   12.56
-104194.674   119.065    15.88   10.85
-103818.526   121.926     7.61    7.94
-103442.377   118.867    -8.13   10.43
-103066.228   115.794    -8.17   10.31
-102690.078   112.525    -8.69    9.72
-102313.927   109.156    -8.96    8.76
-101937.776   106.782    -6.31    8.43
-101561.624   102.551   -11.25    9.28
-101185.471    95.654   -18.34   12.32
-100809.318    92.607    -8.10   12.00
-100433.164    90.269    -6.21   10.79
-100057.009    90.115    -0.41   11.34
 -99680.854    93.145     8.05    9.24
 -99304.698    91.281    -4.96   10.24
 -98928.541    92.605     3.52   12.69
 -98552.384    96.134     9.38   14.67
 -98176.226   102.578    17.13   13.87
 -97800.068   110.690    21.56    9.57
 -97423.909   110.393    -0.79   10.48
 -97047.749   109.474    -2.44   11.37
 -96671.588   108.740    -1.95   13.16
 -96295.427   109.840     2.93    7.71
 -95919.265   110.423     1.55    8.73
 -95543.103   110.782     0.95    7.59
 -95166.940   107.767    -8.01    8.38
 -94790.776   103.602   -11.07    9.41
 -94414.611   104.821     3.24   11.74
 -94038.446   110.446    14.95   14.36
 -93662.280   118.393    21.13   11.82
 -93286.114   126.707    22.10    6.71
 -92909.947   130.500    10.08    6.11
 -92533.779   132.077     4.19    5.78
 -92157.610   130.995    -2.88    6.90
 -91781.441   129.859    -3.02    9.31
 -91405.271   130.329     1.25    7.38
 -91029.100   129.972    -0.95    7.12
 -90652.929   128.987    -2.62    9.29
 -90276.757   122.686   -16.75   14.30
 -89900.584   110.051   -33.59   19.41
 -89524.411    98.961   -29.48   18.10
 -89148.237    91.346   -20.24   16.06
 -88772.062    89.173    -5.78   17.71
 -88395.886    94.705    14.71   18.91
 -88019.710   103.578    23.59   12.65
 -87643.533   107.884    11.45    9.07
 -87267.355   111.227     8.88    4.30
 -86891.177   112.227     2.66    4.34
 -86514.998   110.397    -4.87    6.04
 -86138.818   110.423     0.07    7.08
 -85762.638   111.468     2.78    6.38
 -85386.456   111.859     1.04    6.91
 -85010.274   111.329    -1.41    7.43
 -84634.092   109.314    -5.36    6.33
 -84257.908   108.833    -1.28    6.05
 -83881.724   106.065    -7.36    8.15
 -83505.540   102.735    -8.85    8.03
 -83129.354    99.183    -9.44    7.29
 -82753.168    92.276   -18.36   12.75
 -82376.981    85.335   -18.45   15.13
 -82000.793    81.151   -11.12   15.51
 -81624.605    81.679     1.40   14.98
 -81248.415    87.551    15.61   10.61
 -80872.226    93.659    16.24    8.46
 -80496.035    97.218     9.46    6.48
 -80119.844    99.472     5.99    5.66
 -79743.651   100.776     3.47    3.79
 -79367.459    99.634    -3.03    3.25
 -78991.265    98.701    -2.48    4.13
 -78615.071    96.335    -6.29    4.80
 -78238.875    92.983    -8.91    7.29
 -77862.680    85.156   -20.81   11.55
 -77486.483    74.500   -28.33   15.65
 -77110.286    58.472   -42.60   19.90
 -76734.088    46.134   -32.80   15.47
 -76357.889    37.705   -22.41   10.28
 -75981.689    34.190    -9.34    5.09
 -75605.489    33.126    -2.83    3.47
 -75229.287    32.500    -1.66    2.96
 -74853.086    32.801     0.80    2.66
 -74476.883    32.254    -1.45    2.37
 -74100.679    32.038    -0.57    2.16
 -73724.475    32.104     0.18    1.64
 -73348.270    32.397     0.78    1.71
 -72972.065    31.578    -2.18    3.76
 -72595.858    28.601    -7.91    6.06
 -72219.651    25.577    -8.04    6.08
 -71843.443    23.946    -4.34    4.77
 -71467.234    23.362    -1.55    4.44
 -71091.024    24.243     2.34    4.95
 -70714.814    26.218     5.25    5.36
 -70338.603    28.718     6.65    6.34
 -69962.391    34.551    15.51    8.20
 -69586.178    40.607    16.10    8.02
 -69209.964    45.551    13.14    7.22
 -68833.758    52.064    17.31    9.53
 -68457.698    60.926    23.57   13.46
 -68081.638    71.956    29.33   14.34
 -67705.577    84.209    32.58   13.81
 -67329.515    94.551    27.50   10.21
 -66953.452   102.474    21.07    8.10
 -66577.389   107.362    13.00    7.44
 -66201.325   113.089    15.23    7.10
 -65825.260   114.910     4.84    6.31
 -65449.194   114.525    -1.02    6.96
 -65073.127   116.010     3.95    7.04
 -64697.060   118.141     5.66    8.21
 -64320.991   121.735     9.56    8.73
 -63944.922   128.051    16.79    5.70
 -63568.852   130.875     7.51    4.24
 -63192.782   131.605     1.94    3.84
 -62816.710   129.578    -5.39    5.56
 -62440.638   122.500   -18.82   10.61
 -62064.565   113.082   -25.04   13.84
 -61688.491    99.705   -35.57   18.57
 -61312.416    88.987   -28.50   15.79
 -60936.340    78.468   -27.97   16.02
 -60560.264    69.038   -25.07   15.12
 -60184.187    65.632    -9.06   16.01
 -59808.109    70.448    12.81   18.79
 -59432.030    79.262    23.43   20.72
 -59055.950    93.709    38.42   18.29
 -58679.869   107.227    35.94   14.26
 -58303.788   116.577    24.86   11.55
 -57927.706   122.705    16.29    9.55
 -57551.623   126.384     9.78    6.92
 -57175.539   125.416    -2.58    7.30
 -56799.454   121.119   -11.43   10.33
 -56423.368   113.200   -21.06   11.99
 -56047.282   100.389   -34.06   18.00
 -55671.194    91.316   -24.12   16.90
 -55295.106    86.901   -11.74   15.23
 -54919.017    89.859     7.86   17.47
 -54542.927    98.857    23.92   18.11
 -54166.837   109.064    27.14   12.35
 -53790.745   114.848    15.38    8.36
 -53414.653   116.314     3.90    8.30
 -53038.559   113.893    -6.44   13.24
 -52662.465   114.679     2.09   13.80
 -52286.370   117.065     6.34   16.98
 -51910.274   123.656    17.53   17.55
 -51534.178   130.676    18.66   14.64
 -51158.080   133.357     7.13   11.25
 -50781.981   132.419    -2.49   10.90
 -50405.882   127.362   -13.45   13.36
 -50029.782   118.632   -23.21   15.88
 -49653.681   107.821   -28.74   17.73
 -49277.579   103.468   -11.58   17.61
 -48901.476   101.013    -6.53   18.44
 -48525.372   100.628    -1.02   20.53
 -48149.268   102.065     3.82   19.36
 -47773.162    98.474    -9.55   19.89
 -47397.056    99.393     2.44   17.38
 -47020.948   103.141     9.96   14.16
 -46644.840   107.840    12.50    9.40
 -46268.731   108.782     2.50    6.73
 -45892.621   102.718   -16.12   10.37
 -45516.510    93.209   -25.28   11.94
 -45140.399    83.089   -26.91   12.21
 -44764.286    76.345   -17.93    8.48
 -44388.173    69.013   -19.50   11.39
 -44012.058    64.335   -12.44   12.01
 -43635.943    60.190   -11.02   14.24
 -43259.827    53.767   -17.08   14.99
 -42883.709    48.634   -13.65   13.91
 -42507.591    45.288    -8.90   12.89
 -42131.472    42.527    -7.34   11.01
 -41755.353    42.551     0.06   13.16
 -41379.232    45.859     8.79   18.18
 -41003.110    52.683    18.14   21.76
 -40626.988    55.867     8.47   21.81
 -40250.864    61.281    14.39   23.35
 -39874.740    65.901    12.28   27.60
 -39498.614    71.713    15.45   29.19
 -39122.488    73.875     5.75   29.63
 -38746.361    76.902     8.05   26.58
 -38370.233    74.522    -6.33   22.84
 -37994.104    72.833    -4.49   23.63
 -37617.974    79.166    16.84   23.76
 -37241.843    85.580    17.05   22.15
 -36865.711    93.227    20.33   18.54
 -36489.578    98.440    13.86   13.91
 -36113.445    97.130    -3.48   10.82
 -35737.310    91.476   -15.03   13.18
 -35361.174    82.200   -24.66   16.92
 -34985.038    63.762   -49.02   22.91
 -34608.900    48.077   -41.70   17.73
 -34232.762    43.346   -12.58   12.30
 -33856.623    44.038     1.84   11.80
 -33480.482    50.401    16.92   12.91
 -33104.341    55.262    12.92   11.88
 -32728.199    57.497     5.94   13.23
 -32352.056    58.362     2.30   13.28
 -31975.912    62.190    10.18   12.98
 -31599.767    65.166     7.91   14.08
 -31223.621    75.295    26.93   17.64
 -30847.474    84.694    24.99   17.30
 -30471.326    97.051    32.85   14.20
 -30095.177   107.551    27.91    9.86
 -29719.027   114.690    18.98    9.95
 -29342.876   122.551    20.90    9.79
 -28966.725   127.794    13.94    7.99
 -28590.572   131.192     9.03    6.24
 -28214.418   131.472     0.74    6.44
 -27838.263   130.576    -2.38    6.50
 -27462.108   127.308    -8.69    5.14
 -27085.951   125.026    -6.07    5.19
 -26709.793   121.372    -9.72    6.56
 -26333.635   116.829   -12.08    5.98
 -25957.475   113.443    -9.00    7.83
 -25581.315   109.227   -11.21   12.06
 -25205.153   106.038    -8.48   17.23
 -24828.991    98.295   -20.58   21.93
 -24452.827    89.605   -23.10   22.09
 -24076.663    81.243   -22.23   20.17
 -23700.497    75.788   -14.50   17.23
 -23324.331    73.767    -5.37   18.42
 -22948.163    74.654     2.36   20.49
 -22571.995    80.604    15.82   21.64
 -22195.825    90.288    25.74   20.88
 -21819.655    98.718    22.41   16.55
 -21443.483   106.038    19.46   11.73
 -21067.311   107.497     3.88    8.86
 -20691.137   100.910   -17.51   13.48
 -20314.963    89.654   -29.92   19.16
 -19938.787    75.780   -36.88   19.62
 -19562.611    61.524   -37.90   15.56
 -19186.433    50.902   -28.24   10.28
 -18810.255    47.389    -9.34    6.67
 -18434.075    44.308    -8.19    6.38
 -18057.895    43.051    -3.34    6.84
 -17681.713    41.251    -4.78    6.68
 -17305.531    38.833    -6.43    6.43
 -16929.347    37.119    -4.56    5.83
 -16553.162    34.656    -6.55    2.98
 -16176.977    33.788    -2.31    1.99
 -15800.790    32.756    -2.74    2.27
 -15424.602    32.146    -1.62    2.29
 -15048.414    31.269    -2.33    2.68
 -14672.224    30.107    -3.09    2.49
 -14296.033    29.807    -0.80    2.34
 -13919.841    29.038    -2.04    1.83
 -13543.648    28.957    -0.22    1.79
 -13167.454    28.419    -1.43    2.02
 -12791.259    28.173    -0.66    2.10
 -12415.063    27.875    -0.79    1.93
 -12038.866    27.446    -1.14    1.74
 -11662.668    27.329    -0.31    1.97
 -11286.469    27.218    -0.30    2.04
 -10910.269    26.551    -1.77    2.45
 -10534.068    25.821    -1.94    2.38
 -10157.865    24.987    -2.22    2.52
  -9781.662    24.192    -2.11    2.70
  -9405.458    22.448    -4.63    5.05
  -9029.252    19.578    -7.63    6.33
  -8653.046    16.372    -8.52    6.15
  -8276.838    14.659    -4.55    5.51
  -7900.630    13.525    -3.02    5.70
  -7524.420    13.389    -0.36    5.34
  -7148.209    12.989    -1.06    5.33
  -6771.997    11.551    -3.82    6.87
  -6395.784     7.314   -11.26    8.31
  -6019.571     3.745    -9.49    8.34
  -5643.355    -0.603   -11.56    5.30
  -5267.139    -1.699    -2.91    1.34
  -4890.922     0.269     5.23    3.09
  -4514.704     1.656     3.69    2.95
  -4138.485     1.551    -0.28    3.26
  -3762.264     0.840    -1.89    3.16
  -3386.043    -0.449    -3.43    2.18
  -3009.820    -1.174    -1.93    1.72
  -2633.597    -1.287    -0.30    1.68
  -2257.372    -1.654    -0.98    1.32
  -1881.146    -1.475     0.48    1.37
  -1504.919    -1.260     0.57    1.43
  -1128.691    -1.449    -0.50    1.37
   -752.462    -1.963    -1.37    1.15
   -376.232    -1.628     0.89    2.34
     -0.000     1.776     9.05    6.20
    376.232     5.301     9.37    7.22
    752.466     6.910     4.28    6.50
   1128.700     7.551     1.70    6.22
   1504.936     6.156    -3.71    6.02
   1881.173     3.756    -6.38    4.99
   2257.411     5.577     4.84    5.93
   2633.650     7.577     5.32    5.79
   3009.890     9.833     6.00    5.63
   3386.131     9.926     0.25    5.78
   3762.373     9.524    -1.07    5.52
   4138.617     8.651    -2.32    4.61
   4514.861     8.235    -1.11    3.65
   4891.107     8.801     1.50    3.31
   5267.354    10.146     3.57    3.49
   5643.602    12.162     5.36    4.30
   6019.851    13.472     3.48    4.77
   6396.018    16.101     6.99    5.04
   6772.048    18.523     6.44    4.56
   7148.079    19.301     2.07    3.05
   7524.111    19.709     1.08    2.72
   7900.144    19.209    -1.33    2.53
   8276.178    18.235    -2.59    3.56
   8652.213    16.859    -3.66    4.22
   9028.250    15.577    -3.41    3.91
   9404.287    14.190    -3.69    3.45
   9780.326    14.628     1.16    4.14
  10156.366    15.951     3.52    4.76
  10532.407    17.141     3.16    5.47
  10908.449    20.551     9.07    7.55
  11284.493    26.245    15.14    9.34
  11660.537    32.605    16.91   12.09
  12036.583    40.384    20.69   10.01
  12412.630    43.919     9.40    9.00
  12788.678    45.782     4.95    7.69
  13164.727    46.308     1.40    8.84
  13540.777    44.448    -4.94    9.31
  13916.828    41.961    -6.61    9.89
  14292.881    39.630    -6.20    8.85
  14668.935    36.632    -7.97    8.52
  15044.990    35.448    -3.15    7.26
  15421.046    37.551     5.59    6.04
  15797.103    39.634     5.54    6.53
  16173.161    43.705    10.82   10.66
  16549.221    51.412    20.49   17.34
  16925.282    56.782    14.28   19.84
  17301.344    58.269     3.95   16.40
  17677.407    54.801    -9.22   13.51
  18053.471    48.254   -17.41    9.21
  18429.536    44.740    -9.34    6.69
  18805.603    43.010    -4.60    4.94
  19181.671    43.346     0.89    4.84
  19557.740    42.983    -0.96    4.89
  19933.810    41.397    -4.22    6.28
  20309.881    38.705    -7.16    7.47
  20685.954    37.166    -4.09    6.32
  21062.028    34.038    -8.32    5.31
  21438.103    34.104     0.18    4.89
  21814.179    35.446     3.57    6.15
  22190.256    37.357     5.08    6.75
  22566.335    40.173     7.49    5.62
  22942.414    41.524     3.59    4.76
  23318.495    42.209     1.82    5.20
  23694.577    43.551     3.57    4.95
  24070.661    43.926     1.00    4.70
  24446.745    43.419    -1.35    4.66
  24822.831    45.709     6.09    6.48
  25198.918    49.607    10.36    7.41
  25575.006    56.218    17.58   13.75
  25951.095    61.794    14.83   14.75
  26327.186    73.756    31.81   21.43
  26703.278    89.166    40.97   24.92
  27079.371    95.998    18.17   22.70
  27455.465    98.288     6.09   20.37
  27831.561    87.423   -28.89   22.00
  28207.657    75.320   -32.18   19.22
  28583.755    67.245   -21.47   12.59
  28959.854    64.983    -6.01    8.30
  29335.955    68.254     8.70    8.68
  29712.056    75.281    18.68   12.43
  30088.159    88.767    35.86   18.70
  30464.263   101.180    33.00   18.83
  30840.368   111.501    27.44   14.64
  31216.475   114.683     8.46   14.02
  31592.583   116.134     3.86   11.95
  31968.692   110.397   -15.25   14.58
  32344.802   103.551   -18.20   17.20
  32720.913    91.314   -32.54   21.59
  33097.026    79.551   -31.28   17.15
  33473.140    69.372   -27.06   12.42
  33849.255    63.686   -15.12    7.74
  34225.372    59.814   -10.29    7.56
  34601.490    56.026   -10.07    7.31
  34977.609    53.865    -5.74    5.48
  35353.729    53.740    -0.33    5.30
  35729.850    55.065     3.52    5.78
  36105.973    55.821     2.01    5.57
  36482.097    55.416    -1.08    4.76
  36858.222    55.801     1.02    5.30
  37234.349    57.301     3.99    5.23
  37610.477    60.972     9.76    8.38
  37986.606    66.767    15.41   14.04
  38362.736    77.013    27.24   19.78
  38738.868    87.788    28.65   20.16
  39115.000    89.731     5.16   17.34
  39491.135    88.605    -2.99   16.59
  39867.270    81.423   -19.09   17.75
  40243.407    69.329   -32.15   14.76
  40619.545    62.446   -18.30    8.69
  40995.684    60.064    -6.33    6.11
  41371.824    57.400    -7.08    5.47
  41747.966    55.038    -6.28    6.50
  42124.109    52.713    -6.18    5.68
  42500.254    51.335    -3.66    3.95
  42876.399    52.281     2.51    3.93
  43252.546    55.329     8.10    5.92
  43628.695    60.735    14.37    8.65
  44004.844    64.038     8.78    8.71
  44380.995    66.389     6.25    6.95
  44757.147    69.910     9.36    7.88
  45133.301    75.474    14.79   12.36
  45509.455    81.243    15.34   14.55
  45885.611    86.262    13.34   15.40
  46261.769    87.731     3.91   16.65
  46637.927    89.038     3.47   18.57
  47014.087    91.659     6.97   20.23
  47390.249    97.632    15.88   19.43
  47766.411   100.992     8.93   17.28
  48142.575   106.833    15.53   17.28
  48518.740   115.577    23.24   16.60
  48894.907   118.351     7.38   14.21
  49271.075   116.929    -3.78   17.01
  49647.244   114.523    -6.40   20.60
  50023.414   110.025   -11.96   18.66
  50399.586   113.351     8.84   19.04
  50775.759   120.524    19.07   17.42
  51151.934   128.656    21.62   13.86
  51528.109   135.051    17.00   13.08
  51904.286   137.762     7.21   13.55
  52280.465   137.659    -0.27   14.14
  52656.645   139.051     3.70   14.32
  53032.826   139.209     0.42   11.32
  53409.008   136.956    -5.99   11.05
  53785.192   130.227   -17.89   14.99
  54161.377   117.051   -35.02   14.76
  54537.564   106.474   -28.12   13.84
  54913.751    98.782   -20.45   13.34
  55289.941    96.218    -6.82   14.05
  55666.131    93.183    -8.07   16.63
  56042.323    89.416   -10.01   14.92
  56418.516    83.983   -14.44    9.96
  56794.711    81.551    -6.47    8.29
  57170.906    79.929    -4.31    6.60
  57547.104    77.946    -5.27    7.72
  57923.302    76.683    -3.36    7.73
  58299.502    77.151     1.25    7.27
  58675.704    77.740     1.57    5.95
  59051.906    77.251    -1.30    5.66
  59428.110    78.397     3.05    5.51
  59804.316    78.995     1.59    6.29
  60180.522    77.956    -2.76    6.86
  60556.731    77.821    -0.36    6.60
  60932.940    77.762    -0.16    6.31
  61309.151    76.269    -3.97    5.09
  61685.363    76.495     0.60    4.43
  62061.577    76.602     0.28    4.89
  62437.792    74.814    -4.75    5.57
  62814.008    71.857    -7.86    6.76
  63190.226    70.166    -4.49    6.37
  63566.445    69.910    -0.68    6.72
  63942.666    70.683     2.05    6.78
  64318.888    72.200     4.03    6.28
  64695.111    73.500     3.46    4.50
  65071.336    70.929    -6.83    6.37
  65447.562    67.397    -9.39    8.21
  65823.789    64.276    -8.30    8.80
  66200.018    60.665    -9.60    8.13
  66576.248    61.200     1.42    8.90
  66952.480    62.092     2.37    8.80
  67328.713    63.119     2.73    8.55
  67704.947    60.972    -5.71    8.86
  68081.183    57.495    -9.24    8.00
  68457.421    56.076    -3.77    7.85
  68833.659    58.919     7.56   10.49
  69209.899    65.443    17.34   12.09
  69586.141    73.654    21.82   11.31
  69962.384    79.104    14.49    9.64
  70338.628    83.814    12.52    9.77
  70714.874    90.119    16.76    7.77
  71091.121    93.705     9.53    4.98
  71467.369    94.357     1.73    4.93
  71843.619    91.166    -8.48    8.53
  72219.871    90.141    -2.73    8.38
  72596.124    91.127     2.62    7.60
  72972.378    91.200     0.19    6.85
  73348.633    90.821    -1.01    7.08
  73724.891    88.389    -6.46    6.95
  74101.149    85.524    -7.61    7.35
  74477.409    82.690    -7.53    8.12
  74853.670    80.919    -4.71    9.36
  75229.933    81.500     1.54   10.76
  75606.197    84.051     6.78   10.81
  75982.463    88.683    12.31    8.89
  76358.730    91.525     7.56    6.93
  76734.999    92.910     3.68    4.85
  77111.269    92.875    -0.09    3.97
  77487.540    92.602    -0.73    3.65
  77863.813    92.023    -1.54    4.00
  78240.088    90.654    -3.64    4.59
  78616.363    88.446    -5.87    5.04
  78992.641    85.832    -6.95    5.08
  79368.919    81.295   -12.06    5.42
  79745.200    77.683    -9.60    4.45
  80121.481    74.010    -9.76    6.36
  80497.764    66.038   -21.19    9.29
  80874.049    59.634   -17.02    9.44
  81250.335    52.130   -19.94    9.10
  81626.419    46.731   -14.36    7.34
  82002.419    42.956   -10.04    6.24
  82378.420    39.269    -9.81    3.79
  82754.422    37.705    -4.16    3.63
  83130.426    35.807    -5.05    3.92
  83506.431    35.495    -0.83    3.79
  83882.438    35.115    -1.01    3.65
  84258.447    38.767     9.71    8.62
  84634.456    44.393    14.96   10.93
  85010.468    52.497    21.55   11.68
  85386.480    59.551    18.76    8.86
  85762.494    66.577    18.68    8.69
  86138.510    72.419    15.54    6.31
  86514.527    74.440     5.37    4.62
  86890.546    76.525     5.55    5.29
  87266.566    76.662     0.36    5.33
  87642.588    75.910    -2.00    5.14
  88018.611    76.602     1.84    5.06
  88394.635    77.200     1.59    5.67
  88770.661    79.025     4.85    6.04
  89146.689    82.295     8.70    4.88
  89522.718    87.476    13.78    7.13
  89898.749    91.821    11.56    8.97
  90274.781    96.961    13.67    9.81
  90650.814   103.235    16.68    9.42
  91026.849   107.227    10.61    7.72
  91402.886   111.335    10.92    4.65
  91778.924   112.237     2.40    4.49
  92154.964   109.115    -8.30    5.79
  92531.005   106.526    -6.89    5.95
  92907.047   104.551    -5.25    4.87
  93283.092   102.910    -4.36    4.15
  93659.137   101.218    -4.50    5.84
  94035.184    98.498    -7.23    7.40
  94411.233    94.551   -10.50    6.59
  94787.283    90.709   -10.22    7.25
  95163.335    89.156    -4.13    7.28
  95539.388    89.235     0.21    9.05
  95915.443    91.676     6.49   10.45
  96291.499    95.578    10.38    9.15
  96667.557    96.601     2.72    7.10
  97043.616    95.604    -2.65    7.12
  97419.677    92.443    -8.40    7.60
  97795.740    88.389   -10.78    8.79
  98171.804    82.579   -15.45   11.48
  98547.869    71.731   -28.85   14.65
  98923.936    59.126   -33.52   14.84
  99300.005    52.308   -18.13   11.24
  99676.075    53.326     2.71   12.91
 100052.147    60.998    20.40   16.89
 100428.220    73.946    34.43   16.86
 100804.295    86.235    32.68    8.89
 101180.371    90.262    10.71    6.13
 101556.449    92.384     5.64    4.37
 101932.528    91.857    -1.40    3.70
 102308.609    89.218    -7.02    5.44
 102684.692    85.608    -9.60    5.59
 103060.776    83.936    -4.45    5.09
 103436.861    83.936     0.00    5.57
 103812.949    84.848     2.43    6.49
 104189.037    87.173     6.18    6.23
 104565.128    88.848     4.46    5.58
 104941.220    89.448     1.60    5.48
 105317.313    90.628     3.14    5.42
 105693.408    90.605    -0.06    5.81
 106069.505    88.141    -6.55    6.03
 106445.603    85.051    -8.22    6.19
 106821.703    82.551    -6.65    5.55
 107197.804    82.983     1.15    5.82
 107573.907    85.705     7.24    6.77
 107950.011    89.183     9.25    6.58
 108326.117    91.968     7.41    5.18
 108702.225    94.788     7.50    5.26
 109078.334    97.857     8.16    5.27
 109454.445    99.756     5.05    4.58
 109830.557   100.782     2.73    4.24
 110206.671    99.992    -2.10    5.25
 110582.787    96.227   -10.01    6.10
 110958.904    90.848   -14.30    8.27
 111335.023    83.038   -20.77   14.43
 111711.143    75.876   -19.04   16.40
 112087.265    74.146    -4.60   16.23
 112463.389    76.013     4.96   19.49
 112839.514    83.115    18.88   23.17
 113215.641    88.525    14.38   25.86
 113591.769    95.686    19.04   26.35
 113967.899    99.833    11.03   25.64
 114344.031   101.604     4.71   22.78
 114720.164   102.884     3.40   22.87
 115096.299    99.010   -10.30   22.45
 115472.435    97.227    -4.74   19.49
 115848.573    99.183     5.20   17.74
 116224.713   104.372    13.80   17.80
 116600.854   114.489    26.90   16.67
 116976.997   124.235    25.91    8.51
 117353.142   126.983     7.31    5.68
 117729.288   121.579   -14.37   12.25
 118105.436   114.987   -17.52   15.04
 118481.585   108.956   -16.03   16.86
 118857.736   106.679    -6.05   16.27
 119233.889   106.500    -0.48   17.64
 119610.043   105.656    -2.24   16.21
 119986.199   106.146     1.30   16.25
 120362.356   109.936    10.08   15.84
 120738.516   114.089    11.04   11.73
 121114.676   119.273    13.78    6.61
 121490.839   123.092    10.15    6.63
 121867.003   126.659     9.48    6.62
 122243.169   129.929     8.69    4.67
 122619.336   131.961     5.40    3.54
 122995.505   132.904     2.51    3.76
 123371.676   133.226     0.86    4.94
 123747.848   131.077    -5.71    6.31
 124124.022   127.412    -9.74    7.03
 124500.198   123.705    -9.86    5.67
 124876.375   121.308    -6.37    6.15
 125252.554   122.367     2.82    7.45
 125628.735   124.867     6.65    9.71
 126004.917   131.474    17.56   10.93
 126381.101   140.227    23.27   10.03
 126757.287   147.525    19.40    8.51
 127133.474   153.401    15.62    8.01
 127509.663   157.551    11.03    7.90
 127885.854   160.632     8.19    7.28
 128262.046   165.200    12.14    8.04
 128638.240   167.902     7.18    8.12
 129014.436   169.010     2.95    7.40
 129390.633   169.437     1.13    7.06
 129766.832   168.226    -3.22    6.33
 130143.033   168.972     1.98    6.28
 130519.235   171.875     7.72    5.75
 130895.439   173.243     3.64    4.49
 131271.645   173.604     0.96    5.21
 131647.853   174.419     2.17    5.88
 132024.062   176.419     5.32    6.45
 132400.272   180.961    12.07    7.39
 132776.485   185.857    13.01    7.46
 133152.699   191.130    14.02    6.02
 133528.915   194.176     8.10    4.99
 133905.133   193.951    -0.60    5.25
 134281.352   189.064   -12.99    7.35
 134657.573   183.173   -15.66    8.03
 135033.796   176.578   -17.53    8.36
 135410.020   169.119   -19.83    8.49
 135786.246   163.551   -14.80    9.80
 136162.474   157.731   -15.47   10.21
 136538.703   152.397   -14.18   10.30
 136914.935   147.902   -11.95   10.32
 137291.168   143.001   -13.03    9.38
 137667.402   139.731    -8.69    9.37
 138043.639   134.628   -13.56    9.84
 138419.877   128.393   -16.57   10.65
 138796.117   121.346   -18.73   12.02
 139172.358   112.551   -23.38    9.62
 139548.601   107.119   -14.44    7.22
 139924.846   103.884    -8.60    8.28
 140301.093   102.980    -2.40    9.76
 140677.341   104.141     3.09   12.27
 141053.592   106.936     7.43   12.20
 141429.843   111.745    12.78   12.12
 141806.097   119.902    21.68   15.61
 142182.352   128.079    21.73   18.10
 142558.610   138.998    29.02   15.30
 142934.868   144.201    13.83   10.74
 143311.129   143.686    -1.37   10.95
 143687.391   133.910   -25.98   15.69
 144063.655   119.735   -37.67   16.56
 144439.921   104.209   -41.26   21.00
 144816.189    87.119   -45.42   19.65
 145192.458    76.626   -27.89   16.30
 145568.729    67.902   -23.18   10.79
 145945.002    61.794   -16.23    7.94
 146321.276    56.254   -14.72    7.40
 146697.553    50.208   -16.07    7.78
 147073.831    46.166   -10.74    6.81
 147450.111    42.910    -8.65    5.77
 147826.392    41.637    -3.38    5.72
 148202.676    41.497    -0.37    5.45
 148578.961    43.524     5.39    5.54
 148955.248    45.893     6.30    5.36
 149331.536    49.376     9.26    4.74
 149707.827    52.497     8.29    5.40
 150084.119    55.814     8.82    5.27
 150460.413    59.946    10.98    5.03
 150836.708    63.705     9.99    6.95
 151213.006    66.929     8.57    7.82
 151589.305    71.176    11.29    9.46
 151965.606    74.577     9.04    9.83
 152341.909    77.384     7.46    9.69
 152718.214    81.227    10.21    9.32
 153094.520    85.523    11.42    8.79
 153470.828    91.013    14.59   10.92
 153847.138    99.423    22.35   13.11
 154223.450   104.065    12.34   12.85
 154599.764   111.961    20.98   15.37
 154976.079   118.119    16.36   17.17
 155352.396   117.107    -2.69   18.39
 155728.715   115.474    -4.34   18.59
 156105.036   112.104    -8.96   15.70
 156481.351   109.602    -6.65   11.83
 156857.320   115.397    15.41   10.18
 157233.290   122.276    18.30   12.55
 157609.263   131.605    24.81   16.66
 157985.237   141.884    27.34   17.43
 158361.213   153.961    32.12   15.87
 158737.190   162.968    23.96   14.56
 159113.170   171.497    22.69   11.68
 159489.151   178.713    19.19   10.84
 159865.134   182.362     9.70    9.79
 160241.119   185.884     9.37   10.81
 160617.106   190.380    11.96    9.93
 160993.094   193.577     8.50   11.21
 161369.085   197.656    10.85    9.90
 161745.077   200.301     7.03    7.71
 162121.071   201.525     3.26    5.18
 162497.067   200.577    -2.52    7.50
 162873.064   195.446   -13.65   13.14
 163249.064   188.288   -19.04   16.11
 163625.065   176.859   -30.40   17.18
 164001.068   165.173   -31.08   16.57
 164377.073   156.372   -23.41   13.53
 164753.080   151.651   -12.55   10.98
 165129.089   155.912    11.33   13.34
 165505.099   161.767    15.57   13.25
 165881.112   168.902    18.98    8.95
 166257.126   172.902    10.64    6.43
 166633.142   173.010     0.29    7.42
 167009.160   171.829    -3.14    9.04
 167385.179   166.676   -13.70    9.02
 167761.201   162.051   -12.30    6.37
 168137.224   158.902    -8.37    7.27
 168513.249   158.295    -1.62    7.25
 168889.277   161.735     9.15   10.12
 169265.305   168.577    18.20   15.70
 169641.336   180.200    30.91   16.87
 170017.369   188.166    21.19   13.79
 170393.403   193.051    12.99    9.47
 170769.440   195.166     5.63    9.53
 171145.478   198.089     7.77   11.08
 171521.518   204.875    18.04    8.25
 171897.560   210.659    15.38    5.40
 172273.604   213.389     7.26    2.81
 172649.650   212.389    -2.66    5.09
 173025.697   207.929   -11.86    9.23
 173401.747   201.857   -16.15   12.28
 173777.798   192.013   -26.18   14.77
 174153.851   182.654   -24.89   15.99
 174529.906   170.104   -33.37   19.02
 174905.963   157.630   -33.17   19.71
 175282.022   149.867   -20.64   16.22
 175658.083   147.218    -7.04   14.38
 176034.146   149.551     6.20   16.44
 176410.210   159.064    25.30   17.49
 176786.276   169.884    28.77   18.32
 177162.345   179.423    25.36   17.54
 177538.415   187.064    20.32   12.97
 177914.487   189.989     7.78   11.40
 178290.561   185.654   -11.53   12.52
 178666.637   183.146    -6.67   10.15
 179042.714   181.281    -4.96   10.02
 179418.794   177.735    -9.43    9.92
 179794.876   173.579   -11.05   10.13
 180170.959   165.833   -20.60   12.80
 180547.045   156.218   -25.57   11.85
 180923.132   146.335   -26.28   11.84
 181299.221   139.474   -18.24   10.66
 181675.312   134.295   -13.77    9.41
 182051.405   131.474    -7.50    8.44
 182427.500   126.632   -12.87   11.56
 182803.597   121.038   -14.87   13.02
 183179.696   114.497   -17.39   12.81
 183555.796   109.367   -13.64   10.05
 183931.899   105.605   -10.00    7.05
 184308.003   103.332    -6.04    7.56
 184684.110   100.448    -7.67    8.13
 185060.218    98.762    -4.49    7.90
 185436.328    99.718     2.54    8.58
 185812.441   101.192     3.92    8.43
 186188.555   100.412    -2.07    8.25
 186564.671    98.884    -4.06    7.75
 186940.789    98.472    -1.10    6.23
 187316.909    99.200     1.93    5.65
 187693.031   100.683     3.94    5.12
 188069.155   101.628     2.51    5.87
 188445.280   103.577     5.18    7.82
 188821.408   107.995    11.75    9.57
 189197.538   113.314    14.14   13.20
 189573.669   121.209    20.99   16.09
 189949.803   129.821    22.90   17.65
 190325.938   134.497    12.43   17.03
 190702.076   138.875    11.64   15.55
 191078.215   143.500    12.30   14.17
 191454.357   143.397    -0.27   13.28
 191830.500   146.634     8.61   10.93
 192206.645   150.782    11.03    9.93
 192582.793   150.801     0.05   10.05
 192958.942   144.762   -16.06   15.38
 193335.093   131.910   -34.17   18.73
 193711.246   121.551   -27.54   17.21
 194087.401   115.735   -15.46   10.84
 194463.558   116.269     1.42   10.00
 194839.717   120.876    12.25    9.29
 195215.878   124.497     9.63    7.00
 195592.041   124.859     0.96    7.01
 195968.206   126.314     3.87    7.76
 196344.373   127.146     2.21    7.64
 196720.542   127.335     0.50    8.52
 197096.713   130.523     8.48    7.99
 197472.886   133.397     7.64    8.75
 197849.061   136.276     7.65    8.90
 198225.238   137.773     3.98    7.22
 198601.416   138.346     1.52    8.04
 198977.597   139.713     3.63    9.50
 199353.780   141.051     3.56    9.42
 199729.965   142.654     4.26    8.86
 200106.152   142.735     0.22    7.95
 200482.341   142.092    -1.71    6.87
 200858.531   143.659     4.17    7.10
 201234.724   146.901     8.62    6.51
 201610.919   150.857    10.51    8.72
 201987.116   157.126    16.67   10.64
 202363.315   160.393     8.68   10.06
 202739.515   158.995    -3.72   12.19
 203115.718   153.983   -13.32   12.65
 203491.923   148.551   -14.44    7.64
 203868.130   150.884     6.20    8.49
 204244.339   154.826    10.48    8.03
 204620.550   154.983     0.42    9.42
 204996.763   150.626   -11.58   14.66
 205372.977   147.339    -8.74   16.61
