#  315.085  -0.631   2.007 ;Mean Elev.(m), Avg Gradient(m/km), RMS Gradient(m/km) - SRTM1     
#  303.705  -1.101   4.144 ;Mean Elev.(m), Avg Gradient(m/km), RMS Gradient(m/km) - ASTER GDEM
#  315.858  -0.475   2.521 ;Mean Elev.(m), Avg Gradient(m/km), RMS Gradient(m/km) - GMTED2010 
  7  18.558856   1.137994   311.874   311.926  9 52473.86471022 38.222
  8  18.563795   1.144856   312.243   312.224 10 52508.86467760 51.561
  9  18.566990   1.149971   312.890   312.839 10 52543.86467140 38.371
 10  18.559605   1.141655   313.329   313.321 10 52578.86471368 51.379
 11  18.559923   1.140681   313.979   314.000 10 52613.86467956 29.980
 12  18.564421   1.145993   314.585   314.581 10 52648.86466169 52.475
 13  18.567442   1.149460   313.100   313.099 10 52683.86464114 52.200
 14  18.560653   1.140951   312.227   312.224 10 52718.86469474 50.838
 16  18.561342   1.143194   312.994   312.940 11 52788.86466679 40.147
 17  18.563092   1.144094   312.506   312.503 11 52823.86473769 51.392
 18  18.564878   1.146456   312.577   312.580 10 52858.86478445 50.685
 19  18.559720   1.141505   313.304   313.326 10 52893.86481494 51.992
 20  18.560361   1.140164   313.375   313.372 10 52928.86476491 48.999
 21  18.566374   1.146669   314.156   314.148 10 52963.86474859 51.199
 22  18.558589   1.136624   314.101   314.098 10 52998.86478372 51.771
 23  18.560515   1.141895   313.058   313.058 11 53033.86473784 50.673
 24  18.563361   1.145601   312.313   312.329 11 53068.86475351 51.130
 25  18.559992   1.140880   311.871   311.879 10 53103.86473927 34.484
 26  18.564209   1.146714   312.917   312.928 10 53138.86475865 49.773
 27  18.561438   1.141453   311.860   311.829 11 53173.86479794 52.056
 28  18.560734   1.141703   310.954   311.000 10 53208.86481434 46.136
 29  18.564244   1.144905   312.202   312.213 11 53243.86478231 52.012
 30  18.561747   1.142261   311.742   311.777 10 53278.86476015 27.148
 31  18.561611   1.140879   313.023   313.016 11 53313.86478566 49.002
 32  18.564392   1.146818   313.727   313.728 10 53348.86475237 51.900
 33  18.563112   1.141873   313.517   313.518 11 53383.86472356 52.050
 34  18.569187   1.150655   312.418   312.391 10 53418.86473278 48.381
 35  18.564389   1.145682   311.877   311.870 10 53453.86473709 51.627
 36  18.556963   1.132573   312.187   312.173  9 53488.86482009 19.337
 37  18.564531   1.146944   312.537   312.524 10 53523.86481064 51.611
 38  18.557036   1.134938   312.061   312.072 10 53558.86483487 51.045
 39  18.567896   1.149888   311.855   311.876 10 53593.86477463 49.959
 40  18.557625   1.136722   311.901   311.997 10 53628.86476458 48.165
 41  18.559415   1.141903   312.466   312.468 10 53663.86478968 48.030
 42  18.563460   1.145407   313.808   313.829 11 53698.86474971 52.764
 43  18.566281   1.148260   312.833   312.833 10 53733.86467261 51.632
 44  18.567223   1.148719   312.020   312.035  9 53768.86465495 51.372
 45  18.565966   1.147252   311.900   311.884 11 53803.86465121 46.236
 46  18.561791   1.141630   312.442   312.455 11 53838.86466860 51.691
 47  18.563092   1.144973   312.244   312.245 11 53873.86471659 51.550
 48  18.558743   1.137292   311.945   311.950 10 53908.86475917 39.315
 49  18.555619   1.131562   311.538   311.521  9 53943.86478179 52.748
 50  18.561142   1.141064   311.747   311.969 11 53978.86473316 26.989
 51  18.563688   1.144953   312.528   312.509 10 54013.86474645 52.483
 52  18.568241   1.149511   313.366   313.366 10 54048.86475352 50.131
 54  18.563164   1.143192   313.998   313.999 11 54118.86467408 52.488
 55  18.562028   1.141114   312.938   312.934 11 54153.86469985 49.809
 56  18.563143   1.143719   312.860   312.857 11 54188.86466904 49.490
 57  18.561616   1.142446   312.799   312.804 11 54223.86471025 52.406
 58  18.562648   1.143572   312.891   312.890 11 54258.86473227 48.311
 59  18.563360   1.144872   312.499   312.507 10 54293.86473529 48.515
 60  18.564191   1.146489   312.771   312.756 10 54328.86472980 51.702
 61  18.563368   1.142442   313.036   313.038 12 54363.86467624 51.328
 62  18.564088   1.145894   313.869   313.876 11 54398.86467001 51.197
 63  18.564015   1.144929   314.164   314.163 10 54433.86462750 48.207
 64  18.564688   1.145524   314.345   314.338 11 54468.86465274 52.340
 65  18.563430   1.144805   313.330   313.331 10 54503.86464285 51.707
 66  18.564222   1.144812   312.542   312.515 11 54538.86466781 51.692
 67  18.563690   1.145405   312.632   312.616 10 54573.86464383 52.191
 68  18.562680   1.143801   312.281   312.295 11 54608.86466115 49.320
 69  18.562554   1.142980   312.526   312.522 12 54643.86466873 46.267
 70  18.562255   1.141760   311.992   311.989 11 54678.86467020 50.537
 71  18.564393   1.144993   312.617   312.614 10 54713.86462314 50.459
 72  18.562066   1.143538   312.701   312.703 11 54748.86464022 51.370
 73  18.563712   1.145521   313.662   313.679 10 54783.86461013 52.235
 74  18.562944   1.145307   314.074   314.069 11 54818.86463273 51.492
 75  18.563454   1.145875   312.529   312.532 11 54853.86460771 15.689
 76  18.561407   1.143578   312.796   312.826 11 54888.86463707 22.851
 77  18.562156   1.141048   312.512   312.522 11 54923.86460608 51.280
 78  18.561694   1.142114   313.027   313.021 11 54958.86463466 46.308
 79  18.560671   1.141099   313.003   313.095 10 54993.86465670 38.296
 80  18.563052   1.143149   312.407   312.395 12 55028.86464674 51.428
 81  18.563103   1.145257   311.965   311.974 11 55063.86463918 51.433
 82  18.562035   1.143199   312.267   312.292 11 55098.86458413 49.478
 83  18.562876   1.142617   313.278   313.260 12 55133.86458238 52.145
 84  18.563964   1.146288   313.957   313.967 11 55168.86454768 51.785
 85  18.562263   1.143827   313.898   313.898 11 55203.86457580 52.396
 86  18.562563   1.143435   313.278   313.279 11 55238.86455442 51.570
 87  18.563057   1.141924   313.487   313.507 11 55273.86456873 51.091
 88  18.563323   1.145651   314.214   314.217 11 55308.86453830 50.158
 89  18.563819   1.144686   313.749   313.717 11 55343.86453836 44.021
 90  18.562986   1.145445   313.161   313.196 11 55378.86453273 46.532
 91  18.562953   1.144912   312.845   312.840 11 55413.86455776 51.636
 92  18.563567   1.145531   312.325   312.302 11 55448.86454634 12.524
 93  18.564236   1.145160   312.401   312.376 11 55483.86447281 50.902
