#  356.022  -0.534   1.881 ;Mean Elev.(m), Avg Gradient(m/km), RMS Gradient(m/km) - SRTM1     
#  357.371   1.088   7.228 ;Mean Elev.(m), Avg Gradient(m/km), RMS Gradient(m/km) - ASTER GDEM
#  356.926  -0.693   3.645 ;Mean Elev.(m), Avg Gradient(m/km), RMS Gradient(m/km) - GMTED2010 
  7  22.842688   1.894324   351.707   351.721  3 52466.35407318 42.887
  8  22.842304   1.894740   351.574   351.563  3 52501.35406637 51.291
  9  22.842356   1.897390   351.883   351.880  3 52536.35405244 38.661
 10  22.842052   1.897283   352.387   352.393  3 52571.35408751 49.379
 11  22.844338   1.894859   353.593   353.591  3 52606.35405281 52.020
 12  22.841930   1.896650   353.395   353.398  3 52641.35404576 50.949
 13  22.844179   1.894175   352.533   352.530  3 52676.35403537 51.594
 14  22.841726   1.895253   351.740   351.740  3 52711.35406198 51.020
 15  22.835589   1.899841   351.888   351.888  3 52746.35408858 49.738
 16  22.841557   1.895094   352.423   352.458  3 52781.35402720 51.982
 17  22.840828   1.896897   351.751   351.751  2 52816.35410755 51.269
 18  22.843662   1.894709   351.806   351.654  3 52851.35415912 21.000
 19  22.839788   1.897910   352.339   352.336  3 52886.35419314 51.730
 20  22.843003   1.895316   352.379   352.380  3 52921.35414916 51.334
 21  22.848272   1.892538   352.998   352.998  2 52956.35411438 53.071
 22  22.848657   1.894694   353.500   353.497  3 52991.35413165 52.701
 23  22.850699   1.891688   352.549   352.549  2 53026.35409817 52.282
 25  22.837799   1.899855   351.676   351.676  2 53096.35413438 51.509
 26  22.850154   1.890240   352.547   352.547  2 53131.35410832 51.998
 28  22.842687   1.896394   350.757   350.773  3 53201.35418355 42.367
 29  22.849687   1.891107   351.331   351.331  2 53236.35415365 30.780
 30  22.845005   1.893562   351.257   351.253  3 53271.35411240 45.071
 31  22.837868   1.899351   351.894   351.894  2 53306.35417555 52.556
 32  22.842679   1.896087   352.997   352.998  3 53341.35414368 53.138
 33  22.845886   1.895296   352.805   352.805  3 53376.35407482 52.723
 34  22.846548   1.894273   351.935   351.935  4 53411.35411896 52.084
 35  22.842811   1.894265   351.589   351.601  3 53446.35410111 51.054
 36  22.837645   1.899614   352.012   352.023  3 53481.35418538 51.378
 37  22.843713   1.895364   352.024   352.024  2 53516.35418945 51.999
 38  22.838059   1.899263   351.545   351.549  3 53551.35420947 50.971
 39  22.845986   1.894489   351.044   351.050  3 53586.35416656 51.460
 40  22.837765   1.898214   351.393   351.393  2 53621.35412822 51.379
 41  22.841729   1.895103   351.509   351.513  3 53656.35415726 49.526
 42  22.841388   1.896319   353.085   353.082  3 53691.35414554 51.888
 43  22.845349   1.893965   352.331   352.331  3 53726.35406959 51.222
 45  22.846700   1.894261   351.618   351.629  4 53796.35403412 49.571
 47  22.841189   1.896003   351.461   351.468  3 53866.35409128 26.810
 49  22.834291   1.900470   350.704   350.626  3 53936.35415898 27.450
 50  22.839616   1.898345   351.351   351.351  3 53971.35412592 41.737
 51  22.846116   1.896129   351.957   351.954  3 54006.35410721 50.102
 52  22.847410   1.894717   352.498   352.500  3 54041.35413552 44.970
 53  22.843529   1.894257   354.168   354.164  3 54076.35412997 50.849
 54  22.842621   1.896314   353.115   353.113  3 54111.35407063 52.557
 55  22.843425   1.896411   352.480   352.481  3 54146.35407042 52.756
 56  22.842427   1.894391   352.518   352.510  3 54181.35405822 50.395
 57  22.842701   1.896329   352.442   352.448  3 54216.35407823 50.754
 58  22.842525   1.894506   352.206   352.206  3 54251.35410500 50.529
 59  22.845128   1.896529   351.753   351.752  3 54286.35411090 49.212
 60  22.845224   1.896288   351.792   351.834  3 54321.35410780 12.665
 61  22.844243   1.893730   352.214   352.206  3 54356.35406864 52.424
 62  22.844231   1.894809   353.119   353.117  3 54391.35404894 49.831
 63  22.843944   1.893847   353.319   353.315  3 54426.35401901 49.790
 64  22.844552   1.895068   353.339   353.344  3 54461.35402580 53.205
 65  22.844943   1.896638   353.008   353.007  3 54496.35402547 51.101
 66  22.845698   1.895632   352.278   352.288  3 54531.35403866 50.835
 67  22.843973   1.896104   352.307   352.353  3 54566.35403073 51.887
 68  22.843544   1.895889   351.682   351.687  3 54601.35403384 52.849
 69  22.842695   1.897397   351.994   351.994  3 54636.35404570 48.706
 70  22.842965   1.897162   351.422   351.414  3 54671.35404920 51.340
 71  22.844976   1.893977   351.853   351.857  3 54706.35401051 47.834
 72  22.843788   1.894953   352.110   352.120  3 54741.35401424 51.439
 73  22.845253   1.896262   352.754   352.755  3 54776.35399180 52.139
 74  22.843684   1.894415   352.696   352.808  3 54811.35400742 36.899
 75  22.843842   1.896314   352.340   352.335  3 54846.35399146 53.292
 76  22.842389   1.895379   352.580   352.581  3 54881.35401110 52.093
 77  22.841491   1.895773   351.981   351.971  3 54916.35399465 28.542
 78  22.842771   1.896555   352.610   352.601  3 54951.35400334 50.259
 79  22.841414   1.896279   352.525   352.525  2 54986.35402852 44.253
 80  22.844960   1.894380   351.899   351.898  3 55021.35402161 49.556
 81  22.844305   1.894618   351.409   351.413  3 55056.35401813 51.393
 82  22.842686   1.894192   351.645   351.643  3 55091.35397629 50.259
 83  22.844061   1.895250   352.615   352.615  2 55126.35395775 45.707
 84  22.842897   1.894324   353.461   353.427  3 55161.35393748 50.120
 85  22.843493   1.895417   353.203   353.185  3 55196.35394814 51.335
 86  22.842528   1.895482   352.731   352.718  3 55231.35394099 51.180
 87  22.844324   1.896285   353.321   353.325  3 55266.35394289 51.452
 88  22.844688   1.895549   353.281   353.272  3 55301.35392129 52.127
 89  22.843392   1.896353   353.034   353.035  3 55336.35391820 52.129
 90  22.844167   1.893675   352.440   352.435  3 55371.35390900 47.925
 91  22.844991   1.894155   352.196   352.196  3 55406.35392767 51.348
 92  22.844495   1.895149   351.512   351.517  3 55441.35392739 50.919
 93  22.844804   1.895756   351.768   351.767  3 55476.35387030 51.313
