#    1.015  -0.169   2.597 ;Mean Elev.(m), Avg Gradient(m/km), RMS Gradient(m/km) - SRTM1     
#   23.208  -0.793   3.916 ;Mean Elev.(m), Avg Gradient(m/km), RMS Gradient(m/km) - ASTER GDEM
#    1.462  -1.520   2.992 ;Mean Elev.(m), Avg Gradient(m/km), RMS Gradient(m/km) - GMTED2010 
  6  12.916271  -5.864669     3.322     3.322  2 52418.88327458 48.537
  7  12.915519  -5.865449     8.856     8.856  2 52453.88330030 27.724
  8  12.924121  -5.866483     2.156     2.156  2 52488.88327798 18.116
  9  12.920083  -5.865988     2.546     2.546  2 52523.88325319 44.046
 10  12.917574  -5.865352     3.018     3.018  2 52558.88330317 25.448
 12  12.926876  -5.867071     4.741     4.741  2 52628.88323056 50.991
 13  12.919198  -5.866370     4.329     4.329  2 52663.88326663 36.293
 14  12.926790  -5.867942     3.301     3.301  2 52698.88324116 52.627
 15  12.928703  -5.868962     3.286     3.286  2 52733.88326534 50.811
 16  12.917669  -5.864416     3.187     3.187  2 52768.88326649 52.621
 18  12.923565  -5.868604     2.878     2.878  2 52838.88335363 49.724
 19  12.922371  -5.867878     2.709     2.709  2 52873.88339334 47.038
 20  12.926004  -5.869651     3.408     3.408  2 52908.88337232 27.884
 21  12.929752  -5.868494     3.761     3.761  2 52943.88330387 43.305
 22  12.922466  -5.867575     4.162     4.162  2 52978.88335988 40.278
 23  12.918294  -5.866459     4.180     4.180  2 53013.88335865 50.916
 24  12.921953  -5.867519     3.464     3.464  2 53048.88332993 51.935
 25  12.913333  -5.864795     2.738     2.738  2 53083.88336587 49.336
 26  12.917916  -5.865979     3.158     3.158  2 53118.88333586 24.168
 27  12.915208  -5.865838     2.223     2.223  2 53153.88338753 50.884
 28  12.927948  -5.868140     2.172     2.172  2 53188.88337565 28.315
 29  12.923241  -5.867090     2.100     2.100  2 53223.88339101 20.245
 30  12.915855  -5.864185     2.540     2.540  2 53258.88336696 41.981
 31  12.913251  -5.865359     3.070     3.070  2 53293.88339057 32.255
 32  12.922664  -5.866532     4.092     4.092  2 53328.88336346 52.421
 33  12.924985  -5.868594     4.253     4.253  2 53363.88331510 50.244
 34  12.920304  -5.866063     3.572     3.572  2 53398.88333910 50.105
 35  12.923608  -5.868133     2.646     2.646  2 53433.88332909 48.581
 36  12.919846  -5.865769     2.888     2.888  2 53468.88337063 51.053
 38  12.919373  -5.865047     2.588     2.588  2 53538.88341384 50.365
 39  12.916494  -5.864361     2.614     2.614  2 53573.88341243 41.350
 40  12.919225  -5.866303     2.343     2.343  2 53608.88336169 40.832
 41  12.920652  -5.865956     2.719     2.719  2 53643.88336396 23.435
 42  12.915472  -5.865213     3.603     3.603  2 53678.88338206 50.391
 43  12.924204  -5.866704     3.928     3.928  2 53713.88330990 45.179
 44  12.926990  -5.867773     3.398     3.398  2 53748.88322417 37.003
 45  12.925648  -5.869239     2.932     2.932  2 53783.88325458 49.798
 46  12.924066  -5.868230     2.778     2.778  2 53818.88321666 52.305
 47  12.916667  -5.864211     2.981     2.981  2 53853.88329678 37.982
 48  12.929583  -5.870359     2.767     2.767  2 53888.88330333 30.755
 49  12.910392  -5.863188     2.221     2.255  3 53923.88337330 50.945
 50  12.912570  -5.862466     2.436     2.436  2 53958.88336473 24.727
 51  12.925164  -5.866978     2.264     2.264  2 53993.88329344 21.827
 53  12.925306  -5.867439     4.369     4.369  2 54063.88334639 50.359
 54  12.920379  -5.865689     4.617     4.617  2 54098.88331390 32.445
 55  12.922234  -5.867429     3.923     3.923  2 54133.88327087 51.949
 57  12.920953  -5.865411     2.861     2.861  2 54203.88327484 55.552
 58  12.921865  -5.865777     3.074     3.074  2 54238.88331000 45.904
 59  12.921575  -5.865728     2.929     2.929  2 54273.88332785 47.814
 60  12.921777  -5.865616     2.523     2.523  2 54308.88332922 52.991
 63  12.920905  -5.865501     4.005     4.005  2 54413.88325455 34.404
 64  12.922066  -5.867990     4.689     4.689  2 54448.88323097 50.612
 65  12.923364  -5.867410     4.155     4.155  2 54483.88324814 43.774
 66  12.922932  -5.866583     3.467     3.467  2 54518.88324479 49.968
 67  12.921003  -5.867407     2.930     2.930  2 54553.88326000 53.742
 68  12.921603  -5.867607     3.442     3.442  2 54588.88324100 51.441
 69  12.921192  -5.867478     2.917     2.917  2 54623.88325845 48.250
 70  12.919582  -5.867006     2.429     2.429  2 54658.88326710 42.168
 72  12.922386  -5.867548     2.946     2.946  2 54728.88322140 27.102
 74  12.921114  -5.866189     4.207     4.207  2 54798.88321428 49.583
 75  12.920553  -5.865235     4.240     4.240  2 54833.88321659 51.897
 76  12.922723  -5.867688     3.266     3.266  2 54868.88321106 32.002
 78  12.921534  -5.865581     3.183     3.183  2 54938.88320228 46.803
 79  12.920593  -5.865410     3.357     3.357  2 54973.88323397 46.582
 80  12.919828  -5.865966     2.952     2.952  2 55008.88324776 27.205
 83  12.921883  -5.866038     3.188     3.188  2 55113.88316980 52.257
 85  12.921709  -5.867549     4.614     4.614  2 55183.88315193 50.513
 86  12.919852  -5.865729     3.937     3.937  2 55218.88316808 52.692
 87  12.923254  -5.866536     3.451     3.451  2 55253.88314769 37.985
 88  12.919890  -5.866523     3.660     3.660  2 55288.88315750 48.065
 90  12.920298  -5.866658     3.128     3.128  2 55358.88313402 22.793
 91  12.921232  -5.866461     1.023     1.023  2 55393.88313751 19.752
 93  12.922887  -5.867463     2.792     2.792  2 55463.88311277 24.011
