-238667.801    48.297     0.00    6.71
-238291.612    49.164     2.31    5.63
-237915.424    49.488     0.86    4.98
-237539.236    48.878    -1.62    5.29
-237163.048    46.672    -5.86    3.85
-236786.862    45.588    -2.88    2.83
-236410.675    47.644     5.46    6.01
-236034.489    51.101     9.19    7.84
-235658.304    52.716     4.29    7.93
-235282.119    56.074     8.93    7.40
-234905.935    57.973     5.05    8.45
-234529.751    56.886    -2.89    8.88
-234153.568    55.227    -4.41    9.80
-233777.385    51.742    -9.26    9.30
-233401.202    47.378   -11.60    5.20
-233025.021    45.768    -4.28    2.79
-232648.839    45.536    -0.62    3.07
-232272.658    44.614    -2.45    2.57
-231896.478    44.866     0.67    3.15
-231520.298    45.973     2.94    5.06
-231144.118    48.922     7.84    6.85
-230767.939    52.310     9.01    6.21
-230391.761    53.129     2.18    5.72
-230015.583    51.886    -3.30    6.44
-229639.405    49.372    -6.68    5.60
-229263.228    48.272    -2.92    5.75
-228887.052    47.755    -1.38    5.50
-228510.876    48.263     1.35    5.12
-228134.700    50.799     6.74    6.67
-227758.525    53.129     6.19    6.88
-227382.350    58.229    13.56    8.66
-227006.176    60.457     5.92    8.25
-226630.002    62.430     5.25    7.36
-226253.828    63.886     3.87    6.94
-225877.656    62.127    -4.68    6.96
-225501.483    58.866    -8.67    6.73
-225125.311    57.127    -4.62    7.21
-224749.140    56.163    -2.56    7.85
-224372.968    53.294    -7.63    6.91
-223996.798    53.831     1.43    7.71
-223620.628    53.480    -0.93    8.93
-223244.458    52.696    -2.08    9.19
-222868.289    51.507    -3.16    9.96
-222492.120    48.310    -8.50   10.39
-222115.951    44.024   -11.39    8.79
-221739.783    40.896    -8.32    6.97
-221363.616    41.696     2.13    8.34
-220987.449    46.351    12.38    9.92
-220611.282    50.088     9.93    9.24
-220235.116    54.332    11.28    8.36
-219858.950    55.696     3.63    8.58
-219482.785    57.306     4.28    8.52
-219106.620    61.310    10.65    7.25
-218730.455    61.870     1.49    7.35
-218354.291    59.511    -6.27    7.46
-217978.127    56.307    -8.52   10.72
-217601.964    48.716   -20.18   11.66
-217225.801    41.588   -18.95    7.65
-216849.639    38.615    -7.90    3.09
-216473.477    40.804     5.82    5.75
-216097.315    44.560     9.99    7.57
-215721.154    50.194    14.98    9.13
-215344.993    52.024     4.87    8.01
-214968.833    52.453     1.14    7.89
-214592.673    52.460     0.02    8.25
-214216.513    53.640     3.14   10.04
-213840.354    56.640     7.98   10.82
-213464.195    59.533     7.69    9.68
-213088.037    61.999     6.56    9.56
-212711.879    61.183    -2.17    9.61
-212335.721    57.983    -8.51   10.25
-211959.564    55.480    -6.65   11.63
-211583.408    52.401    -8.19    9.63
-211207.251    54.050     4.38   10.21
-210831.095    55.851     4.79   10.74
-210454.940    58.172     6.17    9.17
-210078.784    57.101    -2.85    9.15
-209702.630    53.283   -10.15    8.11
-209326.475    49.614    -9.75    7.68
-208950.321    44.896   -12.54    5.66
-208574.167    42.426    -6.57    4.38
-208198.014    41.746    -1.81    4.91
-207821.861    41.640    -0.28    6.33
-207445.709    39.938    -4.52    5.79
-207069.556    38.886    -2.80    4.82
-206693.405    37.152    -4.61    3.45
-206317.253    35.930    -3.25    3.07
-205941.102    36.144     0.57    3.89
-205564.951    35.777    -0.97    4.58
-205188.801    34.699    -2.87    5.09
-204812.651    34.178    -1.39    5.04
-204436.502    32.338    -4.89    4.50
-204060.352    31.866    -1.26    3.49
-203684.203    31.870     0.01    3.61
-203308.055    31.699    -0.45    3.53
-202931.907    30.904    -2.11    2.96
-202555.759    30.332    -1.52    2.35
-202179.611    30.615     0.75    3.89
-201803.464    32.615     5.32    5.60
-201427.317    35.345     7.26    5.51
-201051.171    39.638    11.41    6.03
-200675.025    41.227     4.22    5.46
-200298.879    42.013     2.09    6.11
-199922.734    43.825     4.82    6.08
-199546.589    44.366     1.44    6.68
-199170.444    44.696     0.88    5.84
-198794.300    46.755     5.47    5.89
-198418.156    46.229    -1.40    6.90
-198042.012    46.938     1.88    7.16
-197665.869    46.777    -0.43    6.44
-197289.725    46.938     0.43    5.96
-196913.583    48.255     3.50    5.72
-196537.440    47.720    -1.42    6.01
-196161.298    47.588    -0.35    5.30
-195785.157    47.793     0.55    6.07
-195409.015    47.194    -1.59    6.90
-195032.874    45.616    -4.19    6.89
-194656.733    41.870    -9.96    6.03
-194280.593    38.783    -8.21    3.79
-193904.453    37.793    -2.63    3.44
-193528.313    36.563    -3.27    3.56
-193152.173    36.529    -0.09    3.20
-192776.034    38.183     4.40    5.16
-192399.895    38.372     0.50    5.89
-192023.756    38.886     1.37    6.32
-191647.618    38.434    -1.20    6.67
-191271.480    36.588    -4.91    5.50
-190895.342    36.947     0.95    6.16
-190519.205    36.922    -0.07    6.21
-190143.068    38.799     4.99    6.83
-189766.931    41.886     8.21    7.29
-189390.795    43.430     4.11    7.45
-189014.658    42.904    -1.40    7.44
-188638.522    41.088    -4.83    7.63
-188262.387    39.102    -5.28    6.68
-187886.251    39.783     1.81    6.16
-187510.116    41.062     3.40    5.72
-187133.981    40.973    -0.24    5.69
-186757.847    37.932    -8.08    5.35
-186381.713    38.088     0.42    5.85
-186005.579    38.036    -0.14    5.99
-185629.445    37.994    -0.11    5.96
-185253.312    36.255    -4.62    4.93
-184877.179    33.859    -6.37    4.49
-184501.046    31.563    -6.10    4.46
-184124.913    30.281    -3.41    3.20
-183748.781    30.194    -0.23    3.47
-183372.649    30.777     1.55    5.68
-182996.517    30.024    -2.00    5.14
-182620.386    29.588    -1.16    4.26
-182244.254    30.560     2.58    5.74
-181868.123    33.994     9.13    8.51
-181491.993    35.755     4.68    8.70
-181115.862    37.588     4.87    8.08
-180739.732    36.913    -1.80    7.44
-180363.602    38.307     3.71    6.50
-179987.472    40.793     6.61    6.38
-179611.343    42.409     4.29    6.78
-179235.214    43.060     1.73    7.88
-178859.085    39.640    -9.10    9.08
-178482.956    35.588   -10.77    7.78
-178106.828    33.378    -5.88    6.33
-177730.699    33.562     0.49    6.97
-177354.571    34.973     3.75    7.31
-176978.444    36.318     3.58    7.30
-176602.316    38.351     5.41    7.19
-176226.189    39.888     4.09    6.86
-175850.062    42.445     6.80    8.22
-175473.935    40.642    -4.79    8.29
-175097.808    39.075    -4.17    8.27
-174721.682    40.318     3.31    8.54
-174345.556    40.183    -0.36    7.47
-173969.430    43.477     8.76    6.89
-173593.304    47.313    10.20    9.00
-173217.179    47.973     1.75    8.60
-172841.054    48.399     1.13    8.21
-172464.929    45.434    -7.88    8.20
-172088.804    43.667    -4.70    6.57
-171712.679    44.930     3.36    7.23
-171336.555    45.967     2.76    6.55
-170960.431    47.768     4.79    6.08
-170584.307    45.283    -6.61    7.64
-170208.183    42.220    -8.14    8.46
-169832.060    37.434   -12.72    8.60
-169455.936    33.882    -9.44    7.70
-169079.813    31.357    -6.71    6.99
-168703.690    29.102    -6.00    4.44
-168327.553    31.129     5.39    5.13
-167951.388    31.507     1.01    5.39
-167575.223    32.810     3.46    5.66
-167199.059    33.720     2.42    5.68
-166822.894    34.125     1.08    6.45
-166446.730    33.940    -0.49    7.52
-166070.566    32.255    -4.48    7.76
-165694.403    30.509    -4.64    8.01
-165318.239    28.409    -5.58    7.56
-164942.076    25.399    -8.00    6.13
-164565.912    24.178    -3.25    5.40
-164189.749    23.291    -2.36    5.39
-163813.586    24.453     3.09    7.10
-163437.424    24.696     0.65    7.77
-163061.261    26.588     5.03    7.94
-162685.099    27.511     2.45    7.81
-162308.937    26.973    -1.43    7.68
-161932.775    28.360     3.69    6.88
-161556.613    26.967    -3.70    7.06
-161180.451    25.422    -4.11    6.70
-160804.290    23.272    -5.71    6.07
-160428.128    23.438     0.44    5.98
-160051.967    22.723    -1.90    5.77
-159675.806    22.036    -1.83    5.91
-159299.645    20.878    -3.08    5.78
-158923.485    19.075    -4.79    5.69
-158547.324    16.831    -5.97    4.76
-158171.164    15.488    -3.57    3.13
-157795.004    14.457    -2.74    2.81
-157418.844    14.804     0.92    3.61
-157042.684    13.210    -4.24    2.86
-156666.524    12.199    -2.69    2.64
-156290.364    12.281     0.22    2.97
-155914.205    12.229    -0.14    3.38
-155538.046    12.160    -0.19    3.38
-155161.886    12.694     1.42    3.45
-154785.727    11.994    -1.86    3.74
-154409.568    11.449    -1.45    3.90
-154033.410    10.614    -2.22    3.75
-153657.251    10.129    -1.29    3.65
-153281.092     8.665    -3.89    5.93
-152904.934     6.615    -5.45    7.29
-152528.776     3.413    -8.51    7.78
-152152.618     1.318    -5.57    6.66
-151776.460    -0.262    -4.20    5.55
-151400.302    -1.360    -2.92    4.93
-151024.144    -1.412    -0.14    5.00
-150647.987    -2.141    -1.94    4.17
-150271.829    -3.060    -2.44    3.51
-149895.672    -3.439    -1.01    3.57
-149519.514    -2.591     2.25    5.52
-149143.357    -1.006     4.21    6.87
-148767.200     0.383     3.69    6.65
-148391.043     1.115     1.94    5.98
-148014.887     2.021     2.41    5.70
-147638.730     3.819     4.78    4.90
-147262.573     3.511    -0.82    4.58
-146886.417     1.746    -4.69    5.13
-146510.260    -0.356    -5.59    4.25
-146134.104    -0.925    -1.51    3.52
-145757.948    -1.578    -1.74    2.66
-145381.792    -1.181     1.06    3.10
-145005.636     0.178     3.61    3.97
-144629.480     0.960     2.08    4.64
-144253.324     2.777     4.83    4.51
-143877.168     4.750     5.25    3.62
-143501.013     5.750     2.66    3.30
-143124.857     6.886     3.02    2.25
-142748.702     7.477     1.57    1.51
-142372.546     7.344    -0.35    1.70
-141996.391     7.896     1.47    1.84
-141620.236     8.480     1.55    1.98
-141244.081     8.772     0.78    1.96
-140867.926     8.457    -0.84    2.22
-140491.771     7.101    -3.60    2.49
-140115.616     5.967    -3.02    1.83
-139739.461     5.511    -1.21    1.83
-139363.306     5.227    -0.76    1.33
-138987.152     5.383     0.41    1.20
-138610.997     5.434     0.14    1.23
-138234.843     5.463     0.08    1.26
-137858.688     6.009     1.45    1.57
-137482.534     7.075     2.83    1.92
-137106.379     8.048     2.59    2.18
-136730.225     9.272     3.26    1.88
-136354.071     9.886     1.63    1.51
-135977.917    10.332     1.19    1.45
-135601.763    10.640     0.82    1.50
-135225.608     9.642    -2.65    3.08
-134849.454     7.768    -4.98    3.95
-134473.300     5.537    -5.93    4.17
-134097.147     2.357    -8.45    4.48
-133720.993     0.129    -5.92    4.53
-133344.839     1.357     3.27    5.73
-132968.685     3.318     5.21    6.59
-132592.531     6.480     8.41    5.64
-132216.378     9.994     9.34    2.19
-131840.224    10.932     2.49    1.68
-131464.070    11.588     1.74    1.56
-131087.917    12.152     1.50    1.73
-130711.763    12.144    -0.02    1.75
-130335.610    11.511    -1.68    1.87
-129959.456    10.644    -2.31    1.98
-129583.303     9.357    -3.42    2.25
-129207.149     8.430    -2.46    1.81
-128830.996     8.480     0.13    1.76
-128454.842     9.318     2.23    2.06
-128078.689    10.999     4.47    2.11
-127702.536    12.100     2.93    1.99
-127326.382    13.199     2.92    1.63
-126950.229    14.178     2.60    1.70
-126574.076    14.772     1.58    1.84
-126197.922    15.426     1.74    1.76
-125821.769    15.723     0.79    1.70
-125445.616    15.817     0.25    1.70
-125069.462    15.819     0.01    1.56
-124693.309    15.263    -1.48    1.80
-124317.156    14.831    -1.15    1.85
-123941.003    14.178    -1.74    1.60
-123564.849    14.144    -0.09    1.27
-123188.696    14.036    -0.29    1.25
-122812.543    13.768    -0.71    1.21
-122436.389    13.694    -0.20    1.35
-122060.236    13.894     0.53    1.45
-121684.083    14.272     1.01    1.69
-121307.930    14.713     1.17    1.57
-120931.776    15.005     0.78    1.56
-120555.623    16.050     2.78    1.89
-120179.470    16.904     2.27    1.97
-119803.316    17.399     1.32    1.82
-119427.163    18.291     2.37    1.65
-119051.009    18.005    -0.76    2.51
-118674.856    17.229    -2.06    3.15
-118298.703    16.838    -1.04    3.61
-117922.549    16.723    -0.31    3.93
-117546.396    17.338     1.63    3.73
-117170.242    18.430     2.90    3.47
-116794.089    19.167     1.96    4.16
-116417.935    20.372     3.20    5.13
-116041.781    20.614     0.64    5.80
-115665.628    21.913     3.45    6.33
-115289.474    22.366     1.21    6.30
-114913.320    20.957    -3.75    5.98
-114537.167    20.644    -0.83    5.67
-114161.013    19.691    -2.53    5.30
-113784.859    21.383     4.50    6.44
-113408.705    24.422     8.08    7.49
-113032.551    27.588     8.42    6.67
-112656.397    28.318     1.94    5.95
-112280.243    27.075    -3.31    5.57
-111904.089    24.813    -6.01    4.41
-111527.935    23.777    -2.75    3.51
-111151.781    25.641     4.95    4.46
-110775.627    26.351     1.89    4.88
-110399.472    27.851     3.99    5.30
-110023.318    28.426     1.53    5.23
-109647.164    28.588     0.43    4.93
-109271.009    29.957     3.64    5.09
-108894.854    31.116     3.08    5.14
-108518.700    32.210     2.91    5.12
-108142.545    32.560     0.93    5.57
-107766.390    31.536    -2.72    6.25
-107390.236    30.640    -2.38    6.47
-107014.081    29.557    -2.88    6.24
-106637.926    27.886    -4.44    5.77
-106261.771    24.886    -7.98    5.71
-105885.616    22.642    -5.96    4.18
-105509.460    22.460    -0.48    4.57
-105133.305    22.129    -0.88    5.49
-104757.150    22.870     1.97    7.34
-104380.994    22.716    -0.41    8.01
-104004.839    20.178    -6.75    7.47
-103628.683    17.075    -8.25    4.93
-103252.527    15.768    -3.47    3.28
-102876.372    16.667     2.39    3.99
-102500.216    17.866     3.19    4.87
-102124.060    17.372    -1.31    4.15
-101747.904    17.588     0.57    3.12
-101371.747    17.480    -0.29    3.39
-100995.591    19.768     6.08    5.58
-100619.435    21.043     3.39    6.53
-100243.278    19.613    -3.80    6.83
 -99867.122    18.115    -3.98    6.17
 -99490.965    16.560    -4.13    4.21
 -99114.808    14.742    -4.83    3.84
 -98738.651    14.561    -0.48    3.91
 -98362.494    14.325    -0.63    4.02
 -97986.337    13.509    -2.17    3.72
 -97610.180    13.075    -1.15    3.60
 -97234.022    12.453    -1.65    3.61
 -96857.865    11.378    -2.86    3.71
 -96481.707    10.413    -2.56    2.27
 -96105.549    10.845     1.15    2.17
 -95729.391    11.345     1.33    2.29
 -95353.233    11.642     0.79    1.91
 -94977.075    11.777     0.36    1.94
 -94600.917    12.102     0.86    1.63
 -94224.759    11.674    -1.14    1.96
 -93848.600    10.838    -2.22    2.35
 -93472.442     9.272    -4.16    3.76
 -93096.302     7.291    -5.27    4.70
 -92720.172     4.640    -7.05    5.11
 -92344.042     3.220    -3.77    4.77
 -91967.912     2.088    -3.01    4.60
 -91591.781     1.859    -0.61    4.09
 -91215.651     1.999     0.37    4.28
 -90839.520     3.199     3.19    4.09
 -90463.389     5.746     6.77    4.10
 -90087.258     7.638     5.03    3.46
 -89711.127     9.376     4.62    1.88
 -89334.996    10.332     2.54    1.48
 -88958.864    10.669     0.90    1.72
 -88582.733    11.021     0.93    1.76
 -88206.601    11.561     1.44    1.94
 -87830.469    11.783     0.59    2.11
 -87454.337    13.036     3.33    2.29
 -87078.205    13.999     2.56    1.80
 -86702.072    14.669     1.78    1.91
 -86325.940    15.281     1.63    1.73
 -85949.807    15.614     0.89    1.61
 -85573.674    16.024     1.09    1.52
 -85197.541    16.167     0.38    1.33
 -84821.408    16.306     0.37    1.30
 -84445.274    16.750     1.18    1.12
 -84069.141    16.723    -0.07    1.00
 -83693.007    16.615    -0.29    1.14
 -83316.873    16.526    -0.24    1.37
 -82940.739    15.870    -1.74    1.36
 -82564.605    15.351    -1.38    1.15
 -82188.470    15.449     0.26    1.38
 -81812.335    15.723     0.73    1.53
 -81436.200    16.005     0.75    1.44
 -81060.065    16.246     0.64    1.42
 -80683.930    16.306     0.16    1.82
 -80307.795    16.237    -0.18    1.84
 -79931.659    16.536     0.79    1.63
 -79555.523    16.272    -0.70    1.76
 -79179.387    17.641     3.64    4.13
 -78803.251    20.075     6.47    6.38
 -78427.114    21.638     4.16    7.89
 -78050.978    22.886     3.32    8.09
 -77674.841    25.318     6.47    7.81
 -77298.704    26.021     1.87    6.65
 -76922.567    24.755    -3.37    6.92
 -76546.429    23.357    -3.72    7.40
 -76170.292    21.870    -3.95    7.09
 -75794.154    22.783     2.43    8.18
 -75418.016    25.509     7.25    9.10
 -75041.877    28.894     9.00    8.67
 -74665.739    31.399     6.66    7.79
 -74289.600    31.768     0.98    7.09
 -73913.461    30.723    -2.78    8.24
 -73537.322    27.667    -8.13    8.14
 -73161.182    25.167    -6.65    6.58
 -72785.043    25.738     1.52    7.28
 -72408.903    26.210     1.25    8.88
 -72032.763    27.138     2.47    9.34
 -71656.622    24.486    -7.05    9.70
 -71280.482    20.616   -10.29    7.28
 -70904.341    21.561     2.51    6.68
 -70528.200    24.831     8.69   10.02
 -70152.059    30.141    14.12   12.42
 -69775.917    35.537    14.35    9.81
 -69399.775    35.172    -0.97   10.35
 -69023.633    33.313    -4.94   10.92
 -68647.491    31.536    -4.73    9.15
 -68271.349    29.669    -4.96    8.25
 -67895.206    26.272    -9.03    8.71
 -67519.063    22.486   -10.07    8.31
 -67142.920    18.272   -11.20    6.07
 -66766.776    16.644    -4.33    3.13
 -66390.632    17.640     2.65    3.35
 -66014.488    17.810     0.45    2.70
 -65638.344    17.863     0.14    2.43
 -65262.200    17.819    -0.12    2.12
 -64886.055    18.103     0.75    1.76
 -64509.910    18.480     1.00    1.59
 -64133.764    19.075     1.58    2.09
 -63757.619    19.483     1.09    2.65
 -63381.473    20.947     3.89    4.08
 -63005.327    23.088     5.69    6.30
 -62629.181    26.735     9.69    7.54
 -62253.034    28.537     4.79    8.17
 -61876.887    31.115     6.85    7.91
 -61500.740    33.156     5.43    7.84
 -61124.592    33.483     0.87    8.30
 -60748.445    34.973     3.96    8.22
 -60372.296    36.616     4.37    9.12
 -59996.148    35.357    -3.35   10.37
 -59620.000    30.366   -13.27   10.82
 -59243.851    27.983    -6.34    9.61
 -58867.701    27.229    -2.00    7.60
 -58491.552    29.463     5.94    8.51
 -58115.402    31.102     4.36    8.56
 -57739.252    31.264     0.43    8.10
 -57363.102    29.291    -5.25    6.45
 -56986.951    28.101    -3.16    4.91
 -56610.800    29.777     4.46    5.93
 -56234.649    32.281     6.65    6.60
 -55858.497    34.896     6.95    5.82
 -55482.345    36.511     4.29    5.95
 -55106.193    38.183     4.44    6.64
 -54730.041    38.999     2.17    7.58
 -54353.888    38.204    -2.11    7.47
 -53977.735    36.922    -3.41    6.92
 -53601.582    35.615    -3.47    5.95
 -53225.428    34.615    -2.66    6.16
 -52849.274    33.804    -2.16    5.85
 -52473.120    33.851     0.12    6.40
 -52096.965    34.713     2.29    6.58
 -51720.810    38.229     9.35    7.83
 -51344.655    41.870     9.68    8.02
 -50968.499    46.172    11.43    7.20
 -50592.343    48.537     6.29    6.43
 -50216.187    48.723     0.50    7.22
 -49840.030    49.537     2.16    6.44
 -49463.873    50.930     3.70    6.87
 -49087.716    53.378     6.51    6.30
 -48711.558    52.615    -2.03    7.56
 -48335.400    51.819    -2.12    7.52
 -47959.242    50.088    -4.60    7.34
 -47583.084    46.283   -10.12    7.66
 -47206.925    44.561    -4.58    8.61
 -46830.765    44.777     0.57    9.00
 -46454.606    44.967     0.50    8.64
 -46078.446    45.372     1.08    8.51
 -45702.285    45.303    -0.18    8.45
 -45326.125    44.870    -1.15    8.61
 -44949.964    45.896     2.73    7.82
 -44573.802    45.831    -0.17    7.99
 -44197.641    44.204    -4.33    7.74
 -43821.478    43.866    -0.90    7.47
 -43445.316    42.720    -3.05    7.92
 -43069.153    39.127    -9.55    7.98
 -42692.990    35.947    -8.45    7.92
 -42316.826    32.615    -8.86    6.93
 -41940.663    32.062    -1.47    6.45
 -41564.498    34.896     7.53    7.59
 -41188.334    39.372    11.90    6.28
 -40812.169    39.870     1.32    5.98
 -40436.003    37.534    -6.21    7.02
 -40059.838    34.507    -8.05    6.26
 -39683.672    32.372    -5.68    5.27
 -39307.505    30.727    -4.37    5.35
 -38931.338    28.870    -4.94    5.79
 -38555.171    27.038    -4.87    5.26
 -38179.003    25.453    -4.21    5.61
 -37802.835    24.063    -3.69    5.29
 -37426.667    24.220     0.42    5.95
 -37050.498    22.870    -3.59    6.20
 -36674.329    22.345    -1.40    5.88
 -36298.160    20.999    -3.58    5.24
 -35921.990    19.144    -4.93    4.18
 -35545.819    17.967    -3.13    2.51
 -35169.649    18.194     0.60    1.79
 -34793.477    18.388     0.52    1.73
 -34417.306    18.332    -0.15    1.90
 -34041.134    18.204    -0.34    1.83
 -33664.962    18.060    -0.38    1.75
 -33288.789    17.859    -0.54    1.37
 -32912.616    17.642    -0.57    1.79
 -32536.442    17.483    -0.42    1.98
 -32160.268    17.413    -0.19    2.70
 -31784.094    16.831    -1.55    4.08
 -31407.919    17.460     1.67    3.65
 -31031.744    16.772    -1.83    4.10
 -30655.569    13.141    -9.65    6.80
 -30279.393    10.615    -6.71    7.47
 -29903.216     9.488    -3.00    7.19
 -29527.039     8.167    -3.51    7.35
 -29150.862     8.922     2.01    7.27
 -28774.684     6.967    -5.20    7.81
 -28398.506     9.160     5.83    9.02
 -28022.328    12.357     8.50    8.30
 -27646.149    15.460     8.25    6.30
 -27269.969    17.412     5.19    2.54
 -26893.790    16.831    -1.54    2.62
 -26517.609    16.507    -0.86    2.34
 -26141.429    15.994    -1.37    1.52
 -25765.248    15.819    -0.46    1.37
 -25389.066    15.696    -0.33    1.79
 -25012.884    14.665    -2.74    2.58
 -24636.702    14.404    -0.69    2.51
 -24260.519    14.152    -0.67    2.39
 -23884.335    13.804    -0.92    1.93
 -23508.152    13.930     0.33    2.00
 -23131.968    13.694    -0.63    1.57
 -22755.783    13.727     0.09    1.68
 -22379.598    13.534    -0.51    1.84
 -22003.412    12.696    -2.23    1.45
 -21627.226    12.210    -1.29    1.46
 -21251.040    11.691    -1.38    1.37
 -20874.853    11.735     0.12    1.46
 -20498.665    11.563    -0.46    1.44
 -20122.478    11.351    -0.56    1.22
 -19746.289    11.338    -0.03    1.20
 -19370.100    11.152    -0.49    1.07
 -18993.911    11.048    -0.28    1.10
 -18617.721    11.194     0.39    1.03
 -18241.531    11.062    -0.35    1.08
 -17865.429    10.716    -0.92    1.15
 -17489.326    10.534    -0.48    1.33
 -17113.223    10.229    -0.81    1.29
 -16737.119    10.263     0.09    1.47
 -16361.015    10.116    -0.39    1.48
 -15984.911    10.291     0.47    1.47
 -15608.806    10.318     0.07    1.41
 -15232.700    10.264    -0.14    1.36
 -14856.594    10.075    -0.50    1.50
 -14480.488     9.788    -0.76    1.61
 -14104.381     9.588    -0.53    1.38
 -13728.273     9.325    -0.70    1.50
 -13352.165     8.886    -1.17    1.37
 -12976.057     8.537    -0.93    0.97
 -12599.948     8.615     0.21    0.94
 -12223.838     8.641     0.07    1.11
 -11847.728     8.831     0.51    1.21
 -11471.618     8.819    -0.03    1.29
 -11095.507     8.866     0.12    1.23
 -10719.395     8.793    -0.19    1.28
 -10343.284     8.793     0.00    1.32
  -9967.171     8.994     0.53    1.70
  -9591.058     9.588     1.58    1.60
  -9214.945     9.967     1.01    1.40
  -8838.831    10.075     0.29    1.45
  -8462.716     9.777    -0.79    1.61
  -8086.601     9.366    -1.09    1.81
  -7710.486     8.483    -2.35    1.97
  -7334.369     7.947    -1.42    1.80
  -6958.253     7.264    -1.82    1.86
  -6582.136     6.483    -2.08    1.67
  -6206.018     5.922    -1.49    1.66
  -5829.900     5.409    -1.36    1.65
  -5453.781     4.940    -1.25    1.72
  -5077.662     5.075     0.36    1.37
  -4701.542     5.227     0.40    1.29
  -4325.422     5.220    -0.02    1.44
  -3949.301     6.457     3.29    3.35
  -3573.180     8.432     5.25    4.40
  -3197.058     8.152    -0.74    5.14
  -2820.936     7.799    -0.94    5.89
  -2444.813     6.172    -4.33    5.31
  -2068.689     3.480    -7.16    3.38
  -1692.565     3.505     0.07    3.40
  -1316.441     3.351    -0.41    3.63
   -940.316     2.667    -1.82    3.47
   -564.190     2.237    -1.14    4.04
   -188.064     1.357    -2.34    3.17
    188.063     2.281     2.45    4.82
    564.190     4.896     6.95    6.49
    940.318     7.723     7.52    6.38
   1316.447     7.688    -0.09    6.43
   1692.576     7.183    -1.34    6.66
   2068.705     6.048    -3.02    6.31
   2444.835     4.750    -3.45    5.68
   2820.966     2.225    -6.72    3.45
   3197.097     0.896    -3.53    1.24
   3573.229     0.588    -0.82    0.00
   3949.362     0.699     0.30    0.40
   4325.494     0.870     0.45    0.60
   4701.628     0.977     0.28    0.69
   5077.762     0.878    -0.26    0.61
   5453.897     0.716    -0.43    0.41
   5830.032     1.804     2.89    3.95
   6206.168     6.325    12.02    8.84
   6582.304    10.922    12.22    9.65
   6958.441    13.163     5.96    8.57
   7334.579    16.102     7.81    6.41
   7710.717    15.178    -2.46    6.45
   8086.856    14.229    -2.52    6.47
   8462.995    13.199    -2.74    6.47
   8839.135    13.588     1.03    6.22
   9215.275    12.755    -2.22    4.95
   9591.417    12.878     0.33    4.67
   9967.558    12.463    -1.10    4.20
  10343.701    11.755    -1.88    3.20
  10719.844    11.813     0.16    2.73
  11095.987    12.669     2.28    2.81
  11472.131    12.507    -0.43    2.76
  11848.276    11.904    -1.60    2.64
  12224.421    11.430    -1.26    3.06
  12600.567    10.746    -1.82    2.97
  12976.714    10.310    -1.16    2.67
  13352.861    10.870     1.49    2.91
  13729.008    12.199     3.53    2.64
  14105.157    13.313     2.96    2.09
  14481.306    14.194     2.34    1.72
  14857.455    14.227     0.09    1.78
  15233.606    13.588    -1.70    2.03
  15609.756    13.644     0.15    1.98
  15985.908    14.325     1.81    2.47
  16362.060    16.101     4.72    3.44
  16738.213    17.264     3.09    3.29
  17114.366    17.763     1.33    2.77
  17490.520    17.409    -0.94    3.09
  17866.675    17.562     0.41    2.97
  18242.830    17.696     0.36    2.23
  18618.986    17.819     0.33    1.95
  18995.142    17.434    -1.02    2.66
  19371.299    16.755    -1.81    2.36
  19747.457    17.255     1.33    2.58
  20123.615    18.422     3.10    2.10
  20499.775    18.772     0.93    2.05
  20875.934    18.537    -0.63    1.64
  21252.095    18.088    -1.19    1.48
  21628.256    17.723    -0.97    1.32
  22004.417    17.878     0.41    1.49
  22380.579    17.831    -0.12    1.96
  22756.742    17.409    -1.12    2.04
  23132.906    16.310    -2.92    2.70
  23509.070    15.563    -1.99    2.80
  23885.235    16.563     2.66    3.72
  24261.401    18.588     5.38    4.07
  24637.567    20.507     5.10    2.85
  25013.734    21.947     3.83    1.60
  25389.901    22.799     2.26    1.60
  25766.070    23.227     1.14    1.38
  26142.239    23.723     1.32    1.27
  26518.408    24.021     0.79    1.26
  26894.578    24.075     0.14    1.26
  27270.749    24.075     0.00    1.23
  27646.921    24.307     0.62    1.30
  28023.093    24.378     0.19    1.56
  28399.266    24.563     0.49    1.51
  28775.440    24.672     0.29    1.48
  29151.614    24.383    -0.77    1.66
  29527.789    23.723    -1.75    1.81
  29903.965    23.127    -1.59    1.65
  30280.141    22.746    -1.01    1.57
  30656.318    22.167    -1.54    1.27
  31032.496    21.831    -0.89    1.23
  31408.674    21.742    -0.24    1.48
  31784.853    21.947     0.55    1.46
  32161.033    22.116     0.45    1.66
  32537.214    22.507     1.04    1.74
  32913.395    22.480    -0.07    1.74
  33289.577    22.210    -0.72    1.69
  33665.759    21.723    -1.29    1.77
  34041.943    21.000    -1.92    1.71
  34418.127    20.486    -1.37    1.71
  34794.311    20.101    -1.02    1.62
  35170.497    19.783    -0.85    1.75
  35546.683    19.845     0.16    1.68
  35922.870    19.804    -0.11    1.65
  36299.057    19.799    -0.02    1.97
  36675.245    20.299     1.33    1.94
  37051.434    20.768     1.25    2.14
  37427.624    21.642     2.32    1.76
  37803.815    22.088     1.19    1.72
  38180.006    22.288     0.53    1.60
  38556.198    22.227    -0.16    1.51
  38932.390    22.220    -0.02    1.51
  39308.584    22.372     0.40    1.44
  39684.778    22.669     0.79    1.66
  40060.972    23.318     1.72    1.73
  40437.168    23.866     1.46    1.63
  40813.364    23.947     0.22    1.55
  41189.561    24.024     0.20    1.45
  41565.759    23.967    -0.15    1.50
  41941.957    24.511     1.45    1.66
  42318.156    25.194     1.81    1.64
  42694.356    25.101    -0.25    1.67
  43070.557    24.904    -0.52    1.58
  43446.758    24.511    -1.04    2.06
  43822.961    23.866    -1.72    2.06
  44199.164    23.167    -1.86    1.87
  44575.367    23.075    -0.24    1.94
  44951.572    22.588    -1.29    2.24
  45327.777    22.357    -0.61    2.19
  45703.983    22.430     0.19    2.42
  46080.189    22.727     0.79    2.75
  46456.397    22.399    -0.87    2.93
  46832.605    22.310    -0.24    3.85
  47208.814    21.246    -2.83    4.25
  47585.024    20.838    -1.08    4.50
  47961.234    21.264     1.13    4.20
  48337.446    22.486     3.25    4.04
  48713.658    22.772     0.76    4.18
  49089.870    22.588    -0.49    3.83
  49466.084    21.588    -2.66    3.98
  49842.298    20.338    -3.32    4.12
  50218.513    19.167    -3.11    4.16
  50594.729    18.723    -1.18    3.84
  50970.946    17.750    -2.59    4.15
  51347.164    16.588    -3.09    6.67
  51723.382    15.127    -3.88    8.15
  52099.601    15.127     0.00    9.03
  52475.821    14.245    -2.34    9.14
  52852.041    18.291    10.75    7.58
  53228.263    20.859     6.82    4.60
  53604.485    18.777    -5.53    7.09
  53980.708    18.888     0.29    7.48
  54356.931    20.021     3.01    7.57
  54733.156    22.641     6.96    5.36
  55109.381    23.799     3.08    2.81
  55485.608    24.050     0.67    3.09
  55861.835    22.750    -3.45    6.09
  56238.062    22.588    -0.43    5.11
  56614.291    23.194     1.61    3.40
  56990.470    22.422    -2.05    3.85
  57366.542    21.156    -3.37    6.14
  57742.615    18.088    -8.16    8.91
  58118.688    14.178   -10.40   10.33
  58494.763    13.691    -1.30   10.38
  58870.838    13.588    -0.27   10.25
  59246.914    10.486    -8.25   10.25
  59622.991     7.615    -7.63    9.67
  59999.069     3.949    -9.75    7.95
  60375.148     1.383    -6.82    5.52
  60751.227     0.851    -1.41    5.36
  61127.307    -0.130    -2.61    2.86
  61503.388    -0.780    -1.73    1.13
  61879.470    -0.899    -0.32    1.12
  62255.553    -0.995    -0.26    1.08
  62631.636    -1.053    -0.15    1.09
  63007.721    -1.181    -0.34    1.33
  63383.806    -1.051     0.35    1.29
  63759.892    -0.952     0.26    1.24
  64135.979    -0.790     0.43    1.34
  64512.066    -0.736     0.14    1.16
  64888.155    -0.412     0.86    2.03
  65264.244     1.783     5.83    5.96
  65640.335     5.838    10.78    8.66
  66016.426     9.720    10.32    9.52
  66392.518    13.264     9.42    8.63
  66768.610    15.768     6.66    7.78
  67144.704    15.536    -0.62    8.08
  67520.798    16.615     2.87    7.78
  67896.894    17.994     3.67    7.92
  68272.990    20.024     5.40    6.28
  68649.087    21.480     3.87    4.59
  69025.185    21.614     0.36    4.64
  69401.284    21.088    -1.40    5.17
  69777.383    21.676     1.56    3.59
  70153.484    20.453    -3.25    4.01
  70529.585    19.237    -3.23    4.94
  70905.687    17.615    -4.31    4.77
  71281.790    17.129    -1.29    4.48
  71657.894    17.360     0.61    4.82
  72033.999    17.127    -0.62    4.98
  72410.105    17.127     0.00    5.08
  72786.211    16.696    -1.14    5.33
  73162.319    16.588    -0.29    5.01
  73538.427    16.641     0.14    5.21
  73914.536    16.716     0.20    5.23
  74290.646    16.534    -0.48    4.99
  74666.757    16.742     0.55    4.45
  75042.869    17.505     2.03    4.00
  75418.982    18.537     2.74    3.23
  75795.096    19.819     3.41    2.70
  76171.210    21.119     3.46    2.09
  76547.326    20.486    -1.69    3.19
  76923.442    19.237    -3.32    3.43
  77299.559    18.102    -3.02    3.27
  77675.677    16.859    -3.31    2.42
  78051.796    16.588    -0.72    1.37
  78427.916    16.746     0.42    1.41
  78804.037    16.486    -0.69    1.57
  79180.159    16.723     0.63    1.48
  79556.281    16.486    -0.63    1.55
  79932.405    15.716    -2.05    1.87
  80308.529    15.204    -1.36    1.89
  80684.655    14.183    -2.71    1.83
  81060.781    13.460    -1.92    1.76
  81436.908    13.075    -1.02    1.80
  81813.036    13.167     0.25    1.46
  82189.165    13.237     0.19    1.51
  82565.295    13.401     0.44    1.49
  82941.426    14.486     2.88    1.67
  83317.558    15.272     2.09    1.79
  83693.691    15.699     1.13    1.56
  84069.824    16.716     2.70    1.92
  84445.959    17.394     1.80    1.72
  84822.094    17.640     0.65    1.49
  85198.231    17.460    -0.48    1.44
  85574.368    17.291    -0.45    1.53
  85950.506    17.141    -0.40    1.52
  86326.646    16.716    -1.13    2.98
  86702.786    16.538    -0.47    3.46
  87078.927    16.859     0.85    2.99
  87455.069    16.204    -1.74    3.34
  87831.212    16.430     0.60    3.77
  88207.356    16.913     1.28    4.01
  88583.501    17.886     2.59    4.38
  88959.647    18.931     2.78    3.37
  89335.793    19.742     2.16    3.10
  89711.941    20.713     2.58    2.19
  90088.090    20.894     0.48    2.23
  90464.239    21.460     1.51    2.33
  90840.390    21.866     1.08    2.35
  91216.542    21.878     0.03    1.94
  91592.694    21.563    -0.84    2.21
  91968.848    21.115    -1.19    2.25
  92345.002    20.483    -1.68    2.56
  92721.157    20.716     0.62    2.52
  93097.314    21.088     0.99    1.75
  93473.471    20.696    -1.04    1.59
  93849.629    20.588    -0.29    1.87
  94225.789    20.194    -1.05    2.65
  94601.949    19.777    -1.11    3.14
  94978.110    18.318    -3.88    3.56
  95354.272    17.616    -1.87    3.36
  95730.436    17.716     0.27    2.99
  96106.600    18.688     2.58    2.99
  96482.765    20.021     3.54    2.12
  96858.931    20.663     1.71    1.99
  97235.098    20.983     0.85    1.53
  97611.266    20.904    -0.21    1.96
  97987.435    20.641    -0.70    2.16
  98363.606    20.870     0.61    2.19
  98739.777    20.983     0.30    2.41
  99115.949    20.755    -0.61    1.95
  99492.122    21.332     1.53    1.79
  99868.296    21.810     1.27    1.99
 100244.471    21.922     0.30    1.96
 100620.647    22.152     0.61    1.65
 100996.824    22.449     0.79    1.87
 101373.002    22.642     0.51    1.82
 101749.181    22.866     0.59    1.78
 102125.361    22.851    -0.04    2.04
 102501.542    23.255     1.07    2.37
 102877.724    23.237    -0.05    2.54
 103253.908    22.922    -0.84    2.49
 103630.092    22.229    -1.84    2.63
 104006.277    21.799    -1.14    2.16
 104382.463    21.777    -0.06    1.98
 104758.650    21.409    -0.98    2.37
 105134.838    21.299    -0.29    2.44
 105511.028    21.116    -0.49    2.84
 105887.218    21.509     1.05    2.71
 106263.409    22.477     2.57    2.57
 106639.601    23.088     1.62    2.55
 107015.795    21.819    -3.37    3.17
 107391.989    20.682    -3.02    3.68
 107768.184    19.994    -1.83    4.00
 108144.381    20.480     1.29    3.91
 108520.578    21.696     3.23    3.67
 108896.777    22.999     3.46    3.36
 109272.976    23.750     2.00    2.51
 109649.177    23.588    -0.43    2.55
 110025.379    23.357    -0.61    2.82
 110401.581    23.204    -0.41    2.58
 110777.785    23.264     0.16    2.59
 111153.990    23.845     1.54    2.82
 111530.196    24.220     1.00    2.16
 111906.402    25.088     2.31    2.48
 112282.610    25.507     1.11    3.59
 112658.819    26.399     2.37    3.99
 113035.029    26.804     1.08    3.75
 113411.241    27.332     1.40    2.63
 113787.453    27.213    -0.32    2.31
 114163.666    26.999    -0.57    2.12
 114539.880    27.281     0.75    2.37
 114916.095    27.505     0.60    2.29
 115292.312    27.896     1.04    2.36
 115668.529    27.967     0.19    2.62
 116044.748    28.383     1.11    2.75
 116420.968    27.957    -1.13    3.79
 116797.188    27.325    -1.68    4.34
 117173.410    26.318    -2.68    5.27
 117549.633    26.357     0.10    5.17
 117925.857    27.204     2.25    4.37
 118302.082    28.227     2.72    3.13
 118678.308    29.021     2.11    1.94
 119054.535    29.210     0.50    1.86
 119430.763    29.183    -0.07    1.61
 119806.993    28.859    -0.86    1.77
 120183.223    27.941    -2.44    1.72
 120559.454    27.538    -1.07    1.57
 120935.687    27.563     0.06    1.68
 121311.921    27.338    -0.60    1.95
 121688.156    27.075    -0.70    2.37
 122064.391    26.264    -2.16    3.60
 122440.628    24.615    -4.38    4.70
 122816.867    23.746    -2.31    4.85
 123193.106    23.434    -0.83    4.68
 123569.346    24.156     1.92    4.23
 123945.587    25.194     2.76    3.51
 124321.830    25.388     0.52    3.64
 124698.074    26.422     2.75    3.31
 125074.318    26.167    -0.68    3.77
 125450.564    26.723     1.48    3.66
 125826.811    26.102    -1.65    3.59
 126203.059    26.750     1.72    3.78
 126579.308    26.283    -1.24    4.41
 126955.559    26.460     0.47    4.43
 127331.810    27.238     2.07    4.10
 127708.063    26.810    -1.14    4.35
 128084.316    26.999     0.50    4.41
 128460.571    26.194    -2.14    4.21
 128836.827    25.742    -1.20    3.96
 129213.084    25.036    -1.88    3.24
 129589.342    24.614    -1.12    3.24
 129965.601    25.422     2.15    3.86
 130341.862    26.399     2.60    3.53
 130718.124    27.050     1.73    2.99
 131094.386    27.417     0.98    2.24
 131470.650    27.101    -0.84    2.10
 131846.915    27.434     0.89    2.38
 132223.036    27.755     0.85    2.34
 132599.075    27.588    -0.44    2.43
 132975.115    27.394    -0.52    2.08
 133351.156    27.194    -0.53    2.21
 133727.198    27.263     0.19    2.29
 134103.241    27.102    -0.43    2.47
 134479.286    27.511     1.09    2.28
 134855.332    27.904     1.04    2.22
 135231.379    27.851    -0.14    2.20
 135607.427    28.940     2.89    1.95
 135983.476    28.913    -0.07    1.86
 136359.526    28.799    -0.30    1.82
 136735.578    28.750    -0.13    1.91
 137111.630    28.372    -1.01    1.90
 137487.684    28.045    -0.87    1.90
 137863.739    27.460    -1.56    1.99
 138239.795    27.691     0.61    2.33
 138615.852    28.188     1.32    2.70
 138991.911    28.886     1.85    2.59
 139367.971    29.426     1.44    2.27
 139744.031    29.457     0.08    2.43
 140120.093    28.938    -1.38    2.93
 140496.157    29.345     1.08    3.17
 140872.221    28.746    -1.59    3.55
 141248.287    28.509    -0.63    3.23
 141624.353    28.640     0.35    2.96
 142000.421    29.426     2.09    2.72
 142376.490    30.438     2.69    2.64
 142752.561    30.694     0.68    2.32
 143128.632    30.866     0.46    2.05
 143504.705    29.831    -2.75    2.56
 143880.779    29.783    -0.13    2.64
 144256.854    30.075     0.78    2.86
 144632.930    30.640     1.50    3.02
 145009.008    31.274     1.69    2.90
 145385.086    31.101    -0.46    2.82
 145761.166    30.561    -1.44    2.98
 146137.247    30.283    -0.74    2.69
 146513.329    31.152     2.31    3.14
 146889.413    32.062     2.42    2.58
 147265.498    32.640     1.54    2.39
 147641.584    32.904     0.70    2.46
 148017.671    32.588    -0.84    2.56
 148393.759    32.913     0.86    2.14
 148769.848    32.663    -0.66    2.27
 149145.939    32.332    -0.88    2.33
 149522.031    32.172    -0.43    2.35
 149898.124    31.886    -0.76    2.33
 150274.219    31.859    -0.07    2.06
 150650.314    32.453     1.58    2.25
 151026.411    32.922     1.25    2.55
 151402.509    33.283     0.96    3.20
 151778.609    33.127    -0.41    3.97
 152154.709    33.588     1.23    3.67
 152530.811    33.669     0.22    3.62
 152906.914    34.255     1.56    2.37
 153283.018    33.851    -1.07    3.78
 153659.124    31.720    -5.67    6.09
 154035.231    28.144    -9.51    7.67
 154411.339    24.281   -10.27    6.81
 154787.448    22.831    -3.85    5.38
 155163.558    21.896    -2.49    4.88
 155539.670    20.613    -3.41    4.90
 155915.783    20.388    -0.60    5.22
 156291.897    22.156     4.70    6.31
 156668.013    24.750     6.90    6.65
 157044.129    27.156     6.40    5.51
 157420.247    28.615     3.88    3.52
 157796.367    27.922    -1.84    3.33
 158172.487    27.138    -2.08    4.28
 158548.609    26.383    -2.01    6.53
 158924.732    24.237    -5.71    8.45
 159300.856    22.325    -5.08    9.62
 159676.982    20.404    -5.11   10.36
 160053.108    17.152    -8.65    9.66
 160429.236    14.291    -7.61    8.18
 160805.366    13.204    -2.89    8.01
 161181.496    13.422     0.58   10.61
 161557.628    19.793    16.94   17.57
 161933.761    24.383    12.20   18.63
 162309.896    26.244     4.95   17.68
 162686.032    32.264    16.00   16.35
 163062.169    35.750     9.27   13.24
 163438.307    34.642    -2.95   15.32
 163814.446    27.904   -17.91   18.36
 164190.587    19.477   -22.40   15.20
 164566.729    15.127   -11.57    9.24
 164942.873    13.588    -4.09    7.36
 165319.017    14.777     3.16    8.78
 165695.163    17.588     7.47   11.07
 166071.311    21.255     9.75   12.06
 166447.459    24.819     9.48   10.88
 166823.609    27.859     8.08    8.40
 167199.760    27.563    -0.79    7.85
 167575.913    27.886     0.86    7.58
 167952.067    28.194     0.82    7.18
 168328.222    30.299     5.60    6.20
 168704.378    32.651     6.25    4.63
 169080.536    32.486    -0.44    4.08
 169456.695    32.167    -0.85    4.84
 169832.855    32.366     0.53    5.15
 170209.017    33.691     3.52    5.67
 170585.180    35.810     5.64    4.11
 170961.344    37.537     4.59    3.55
 171337.509    37.746     0.56    3.80
 171713.676    38.021     0.73    4.26
 172089.844    38.088     0.18    4.77
 172466.014    36.742    -3.58    4.98
 172842.185    35.716    -2.73    5.56
 173218.357    33.810    -5.07    5.95
 173594.531    32.220    -4.23    6.11
 173970.705    30.831    -3.69    4.34
 174346.882    31.048     0.57    4.53
 174723.059    30.372    -1.80    4.22
 175099.238    30.765     1.04    3.58
 175475.418    30.486    -0.74    3.57
 175851.600    29.768    -1.91    3.29
 176227.782    29.977     0.56    3.26
 176603.967    29.716    -0.69    3.00
 176980.152    29.977     0.69    3.02
 177356.339    30.509     1.41    3.77
 177732.527    32.486     5.25    6.24
 178108.717    33.141     1.74    6.54
 178484.908    33.851     1.89    6.09
 178861.100    34.024     0.46    5.55
 179237.294    32.438    -4.22    3.89
 179613.489    30.588    -4.92    2.56
 179989.685    30.357    -0.61    3.14
 180365.883    32.325     5.23    7.51
 180742.082    34.480     5.73    9.31
 181118.282    39.480    13.29   10.14
 181494.484    42.644     8.41    9.32
 181870.687    44.562     5.10    9.14
 182246.891    47.038     6.58    7.85
 182623.097    48.227     3.16    7.14
 182999.304    47.588    -1.70    7.66
 183375.513    46.723    -2.30    8.52
 183751.723    47.048     0.86    8.00
 184127.934    47.536     1.30    8.29
 184504.147    46.957    -1.54    8.21
 184880.361    45.669    -3.42    8.26
 185256.577    44.318    -3.59    7.94
 185632.794    41.288    -8.05    7.29
 186009.012    38.366    -7.77    5.39
 186385.232    38.013    -0.94    5.43
 186761.453    37.825    -0.50    5.70
 187137.675    39.699     4.98    7.63
 187513.899    40.372     1.79    8.47
 187890.124    42.560     5.82    9.50
 188266.351    44.563     5.32    9.25
 188642.579    47.306     7.29    8.83
 189018.808    49.075     4.70    7.95
 189395.039    49.138     0.17    6.83
 189771.271    50.819     4.47    5.43
 190147.504    49.825    -2.64    5.92
 190523.739    48.318    -4.01    6.86
 190899.976    47.716    -1.60    8.27
 191276.214    47.922     0.55    9.58
 191652.453    47.144    -2.07   10.54
 192028.693    49.819     7.11    8.04
 192404.935    50.977     3.08    4.61
 192781.179    51.281     0.81    3.66
 193157.424    50.793    -1.29    4.26
 193533.670    50.225    -1.51    5.00
 193909.918    48.588    -4.35    6.53
 194286.167    46.588    -5.32    7.61
 194662.417    45.345    -3.30    7.66
 195038.669    45.178    -0.44    8.06
 195414.923    44.033    -3.04    8.05
 195791.178    44.665     1.68    8.75
 196167.434    45.870     3.20    8.80
 196543.691    48.050     5.79    5.58
 196919.951    48.534     1.29    5.42
 197296.211    47.772    -2.02    5.32
 197672.473    46.665    -2.94    5.69
 198048.736    46.505    -0.43    6.47
 198425.001    46.563     0.15    6.36
 198801.268    46.505    -0.15    5.80
 199177.535    47.299     2.11    5.12
 199553.805    48.486     3.15    3.88
 199930.075    49.307     2.18    3.25
 200306.347    48.746    -1.49    4.97
 200682.621    48.615    -0.35    5.20
 201058.896    47.129    -3.95    5.73
 201435.172    45.332    -4.78    5.50
 201811.450    44.859    -1.26    6.11
 202187.729    46.101     3.30    7.36
 202564.010    47.281     3.13    8.11
 202940.292    51.509    11.24    8.74
 203316.576    55.194     9.79    9.74
 203692.861    59.870    12.43   11.28
 204069.148    64.793    13.08   10.92
 204445.436    67.477     7.13   11.24
 204821.726    71.534    10.78    8.56
 205198.017    74.453     7.76    7.01
 205574.309    75.940     3.95    5.37
 205950.603    74.615    -3.52    5.93
 206326.899    71.182    -9.12    5.71
 206703.196    62.691   -22.57   11.31
 207079.494    54.204   -22.55   11.24
 207455.522    48.810   -14.34    8.85
 207831.536    44.947   -10.27    3.76
 208207.552    44.561    -1.03    3.07
 208583.569    44.973     1.09    2.77
 208959.587    44.378    -1.58    2.91
 209335.607    43.306    -2.85    3.27
 209711.629    43.021    -0.76    2.89
 210087.652    43.640     1.65    3.34
 210463.677    43.338    -0.80    3.20
 210839.703    44.422     2.88    3.88
 211215.730    44.534     0.30    3.70
 211591.759    46.021     3.95    4.71
 211967.790    49.669     9.70    7.82
 212343.822    56.750    18.83   10.83
 212719.855    64.274    20.01    9.62
 213095.891    70.063    15.40    9.20
 213471.927    74.563    11.97    8.69
 213847.965    77.534     7.90    7.33
 214224.005    79.255     4.58    6.93
 214600.046    78.615    -1.70    6.09
 214976.088    78.118    -1.32    8.33
 215352.132    80.268     5.72   11.19
