# NaN NaN NaN ;Mean Elev.(m), Avg Gradient(m/km), RMS Gradient(m/km) - SRTM1     
# NaN NaN NaN ;Mean Elev.(m), Avg Gradient(m/km), RMS Gradient(m/km) - ASTER GDEM
#  305.001  -0.899   3.751 ;Mean Elev.(m), Avg Gradient(m/km), RMS Gradient(m/km) - GMTED2010 
  7  18.109667  -0.064764   302.402   302.402  2 52457.86645507 52.639
  8  18.116106  -0.057523   302.282   302.283  3 52492.86643194 51.668
 10  18.112120  -0.060198   303.357   303.388  3 52562.86645417 51.618
 13  18.108751  -0.068752   303.800   303.800  4 52667.86643447 52.865
 14  18.114624  -0.057699   302.311   302.306  3 52702.86641219 51.547
 16  18.112200  -0.060795   303.201   303.179  3 52772.86641299 23.790
 17  18.108340  -0.069735   302.325   302.312  4 52807.86647322 21.908
 18  18.109345  -0.063607   303.005   303.007  3 52842.86653242 52.089
 19  18.108176  -0.065058   302.474   302.470  3 52877.86657043 52.171
 20  18.115080  -0.058005   303.297   303.315  3 52912.86652977 18.142
 21  18.113840  -0.060168   303.510   303.510  2 52947.86648689 49.148
 23  18.109569  -0.063845   304.119   304.122  3 53017.86651448 51.671
 24  18.112687  -0.062437   303.100   303.079  3 53052.86649603 52.460
 25  18.104756  -0.078724   302.093   302.071  6 53087.86652976 52.972
 26  18.109375  -0.064752   302.893   302.893  2 53122.86650254 24.126
 27  18.105611  -0.076364   301.914   301.940  6 53157.86655785 45.031
 28  18.112991  -0.060208   301.989   301.992  3 53192.86655416 52.660
 30  18.108007  -0.069581   302.199   302.201  4 53262.86652310 52.133
 31  18.103768  -0.079842   302.741   302.749  7 53297.86656007 51.301
 33  18.111745  -0.061203   303.897   303.887  3 53367.86647865 51.964
 34  18.109732  -0.063752   302.213   302.222  3 53402.86650751 41.920
 35  18.110603  -0.062257   301.586   301.589  3 53437.86649640 51.564
 36  18.107775  -0.072886   302.411   302.409  5 53472.86654957 50.508
 37  18.108599  -0.068933   302.387   302.389  4 53507.86657742 51.363
 38  18.107498  -0.071844   302.469   302.443  4 53542.86658634 53.258
 39  18.108774  -0.067856   302.482   302.631  4 53577.86657146 21.970
 40  18.108329  -0.070432   302.704   302.716  5 53612.86652368 51.907
 41  18.111322  -0.064041   302.979   302.984  3 53647.86653018 51.777
 42  18.106546  -0.074800   303.502   303.503  6 53682.86654328 52.683
 43  18.112258  -0.060522   304.032   304.025  3 53717.86647304 51.490
 44  18.115312  -0.059410   302.643   302.646  3 53752.86639364 52.756
 45  18.112854  -0.059508   302.128   302.117  3 53787.86642377 46.845
 46  18.112412  -0.060112   302.398   302.356  3 53822.86637844 31.044
 47  18.107511  -0.072116   302.283   302.281  5 53857.86646847 53.054
 48  18.113050  -0.060964   303.028   303.028  2 53892.86648469 52.708
 49  18.102845  -0.080665   301.321   301.324  6 53927.86654038 52.194
 50  18.105394  -0.075416   301.768   301.750  6 53962.86652403 51.798
 51  18.111799  -0.061897   301.918   301.918  2 53997.86647327 53.217
 52  18.111743  -0.061698   302.781   302.781  2 54032.86652304 52.683
 54  18.109375  -0.063725   304.723   304.719  3 54102.86647528 51.122
 55  18.109523  -0.065022   303.014   303.011  3 54137.86644529 50.962
 56  18.109082  -0.064301   302.521   302.551  3 54172.86645302 28.848
 57  18.109179  -0.067661   302.312   302.309  4 54207.86645006 50.874
 58  18.109694  -0.062972   302.993   302.994  3 54242.86648351 52.178
 59  18.110027  -0.065310   303.007   303.012  3 54277.86649668 52.027
 60  18.110648  -0.061994   302.467   302.441  3 54312.86649731 51.815
 61  18.110283  -0.063701   302.898   302.898  2 54347.86646865 52.003
 62  18.110327  -0.063212   303.614   303.614  2 54382.86643450 51.382
 63  18.109605  -0.064216   304.248   304.248  2 54417.86641771 51.681
 64  18.110135  -0.064757   304.697   304.686  3 54452.86640400 50.215
 65  18.110930  -0.062327   303.933   303.929  3 54487.86641597 53.142
 66  18.110988  -0.062626   302.894   302.894  2 54522.86641741 51.841
 67  18.109720  -0.064242   302.331   302.331  2 54557.86642558 24.147
 68  18.109495  -0.065935   302.816   302.816  3 54592.86641349 51.682
 69  18.109597  -0.065404   302.672   302.676  3 54627.86642855 51.685
 70  18.108761  -0.069280   301.628   301.624  4 54662.86643508 51.687
 71  18.110703  -0.061920   302.561   302.563  3 54697.86641090 51.825
 72  18.109609  -0.064471   302.624   302.624  2 54732.86639330 51.258
 73  18.110255  -0.062596   303.231   303.254  3 54767.86638976 32.977
 74  18.108782  -0.064749   304.397   304.394  3 54802.86638649 50.926
 75  18.109972  -0.063763   303.702   303.694  3 54837.86638297 50.651
 76  18.109437  -0.064402   303.009   303.009  2 54872.86638602 52.175
 77  18.108504  -0.065516   302.618   302.625  3 54907.86638934 52.527
 78  18.108772  -0.065657   302.469   302.470  3 54942.86637871 52.016
 79  18.109379  -0.068212   303.068   303.071  4 54977.86640604 51.209
 80  18.109166  -0.063782   302.484   302.464  3 55012.86641329 50.095
 81  18.110208  -0.063765   302.019   302.023  3 55047.86640590 51.505
 82  18.109703  -0.063026   302.677   302.677  3 55082.86637697 51.875
 83  18.110842  -0.064158   302.858   302.844  3 55117.86633748 52.583
 84  18.109264  -0.065430   303.879   303.878  3 55152.86633420 44.039
 85  18.109211  -0.065633   304.320   304.324  3 55187.86632513 50.751
 86  18.109255  -0.064053   303.542   303.533  3 55222.86633371 48.965
 87  18.110685  -0.064162   303.085   303.089  3 55257.86632085 51.740
 88  18.109555  -0.064802   303.450   303.453  3 55292.86632113 51.834
 89  18.108678  -0.069624   303.717   303.719  4 55327.86630437 50.760
 90  18.109609  -0.063861   303.176   303.180  3 55362.86630061 50.293
 91  18.109474  -0.064738   302.826   302.810  3 55397.86630869 21.506
 92  18.111312  -0.063244   302.657   302.656  3 55432.86631640 51.612
 93  18.110561  -0.061928   302.924   302.905  3 55467.86627455 52.346
