#  443.548  -0.607   5.528 ;Mean Elev.(m), Avg Gradient(m/km), RMS Gradient(m/km) - SRTM1     
#  441.335  -0.756   4.054 ;Mean Elev.(m), Avg Gradient(m/km), RMS Gradient(m/km) - ASTER GDEM
#  443.937  -0.546   5.770 ;Mean Elev.(m), Avg Gradient(m/km), RMS Gradient(m/km) - GMTED2010 
  7   444.207 52477.84598465 50.30  25.884982  -2.774390 30.693
  7   442.927 52477.84598530 53.56  25.884252  -2.771080 30.693
  7   442.970 52477.84598594 53.28  25.883532  -2.767780 30.693
  7   442.908 52477.84598659 51.35  25.882802  -2.764470 30.693
  8   442.544 52512.84592303 53.86  25.902165  -2.787818 24.588
  8   442.569 52512.84592367 52.61  25.901445  -2.784518 24.588
  8   442.606 52512.84592432 48.32  25.900715  -2.781208 24.588
  9   442.457 52547.84596573 43.54  25.890798  -2.782033 16.007
  9   442.101 52547.84596637 52.40  25.890068  -2.778723 16.007
  9   442.174 52547.84596702 52.46  25.889348  -2.775423 16.007
  9   442.151 52547.84596766 51.71  25.888618  -2.772113 16.007
 10   442.178 52582.84596921 48.84  25.895108  -2.784612 25.864
 10   442.216 52582.84596985 53.45  25.894378  -2.781312 25.864
 10   442.110 52582.84597049 53.87  25.893648  -2.778002 25.864
 11   442.575 52617.84594400 40.76  25.887508  -2.779294 22.631
 11   442.759 52617.84594465 47.82  25.886778  -2.775994 22.631
 11   442.796 52617.84594529 40.55  25.886048  -2.772684 22.631
 11   442.440 52617.84594594 37.66  25.885318  -2.769384 22.631
 11   442.354 52617.84594658 36.27  25.884598  -2.766074 22.631
 12   443.436 52652.84591629 55.59  25.902297  -2.787393 24.755
 12   443.546 52652.84591694 51.62  25.901567  -2.784083 24.755
 13   444.492 52687.84591688 49.96  25.893658  -2.782442 22.524
 13   444.332 52687.84591752 51.44  25.892928  -2.779142 22.524
 13   443.470 52687.84591817 52.75  25.892208  -2.775832 22.524
 14   445.436 52722.84596398 48.62  25.891906  -2.781687 12.435
 14   443.721 52722.84596462 50.88  25.891176  -2.778387 12.435
 14   443.815 52722.84596527 49.75  25.890446  -2.775077 12.435
 15   443.659 52757.84598987 49.83  25.875176  -2.760256 30.472
 15   443.514 52757.84599052 52.06  25.874446  -2.756956 30.472
 15   443.539 52757.84599116 52.56  25.873726  -2.753646 30.472
 15   443.590 52757.84599181 50.27  25.872996  -2.750346 30.472
 16   443.283 52792.84593708 45.00  25.895555  -2.785581 19.729
 16   442.931 52792.84593772 51.55  25.894825  -2.782271 19.729
 16   442.995 52792.84593837 51.95  25.894095  -2.778971 19.729
 17   442.906 52827.84600465 43.68  25.897951  -2.787053 22.763
 17   442.899 52827.84600529 54.39  25.897231  -2.783753 22.763
 17   442.630 52827.84600593 52.92  25.896501  -2.780443 22.763
 18   442.318 52862.84604990 51.91  25.899367  -2.786006 22.119
 18   442.431 52862.84605055 50.39  25.898647  -2.782706 22.119
 18   442.249 52862.84605119 49.69  25.897917  -2.779396 22.119
 19   442.106 52897.84608115 49.19  25.889352  -2.778808 17.252
 19   442.262 52897.84608179 50.85  25.888632  -2.775498 17.252
 19   441.829 52897.84608244 48.77  25.887902  -2.772198 17.252
 19   441.743 52897.84608308 49.97  25.887172  -2.768888 17.252
 20   441.991 52932.84602737 53.22  25.887630  -2.777079 19.091
 20   442.154 52932.84602802 53.27  25.886900  -2.773779 19.091
 20   441.737 52932.84602866 50.76  25.886180  -2.770469 19.091
 20   441.945 52932.84602931 52.10  25.885450  -2.767169 19.091
 21   442.060 52967.84603213 46.11  25.894125  -2.783889 17.544
 21   441.943 52967.84603277 54.83  25.893395  -2.780589 17.544
 21   441.955 52967.84603342 54.47  25.892665  -2.777279 17.544
 22   443.198 53002.84605832 50.88  25.883420  -2.773423 14.677
 22   444.048 53002.84605897 54.22  25.882690  -2.770123 14.677
 22   443.058 53002.84605961 51.00  25.881960  -2.766813 14.677
 22   443.231 53002.84606026 52.65  25.881234  -2.763516 29.731
 22   443.173 53002.84606090 52.14  25.880504  -2.760206 29.731
 23   444.169 53037.84600694 49.82  25.887075  -2.777755 16.489
 23   444.358 53037.84600758 54.75  25.886355  -2.774445 16.489
 23   443.987 53037.84600823 50.87  25.885625  -2.771145 16.489
 23   443.995 53037.84600887 49.06  25.884895  -2.767835 16.489
 24   443.468 53072.84603249 50.45  25.889929  -2.780366 13.689
 24   443.563 53072.84603314 50.83  25.889209  -2.777056 13.689
 24   443.537 53072.84603378 51.13  25.888479  -2.773756 13.689
 24   443.296 53072.84603443 49.46  25.887749  -2.770446 13.689
 25   443.496 53107.84600739 51.26  25.886882  -2.776638 15.965
 25   443.570 53107.84600804 51.97  25.886162  -2.773328 15.965
 25   443.493 53107.84600868 49.56  25.885432  -2.770028 15.965
 25   443.544 53107.84600933 50.21  25.884702  -2.766718 15.965
 26   443.198 53142.84604165 51.43  25.891392  -2.781841 16.066
 26   443.577 53142.84604229 51.95  25.890662  -2.778531 16.066
 26   443.026 53142.84604294 51.64  25.889942  -2.775231 16.066
 26   442.994 53142.84604358 51.51  25.889212  -2.771921 16.066
 27   442.828 53177.84606346 40.90  25.894153  -2.783747 24.696
 27   442.287 53177.84606410 57.83  25.893423  -2.780447 24.696
 27   442.476 53177.84606475 51.51  25.892693  -2.777137 24.696
 28   441.944 53212.84608437 48.89  25.889730  -2.781153 18.668
 28   442.924 53212.84608502 52.06  25.889000  -2.777843 18.668
 28   442.467 53212.84608566 49.39  25.888270  -2.774543 18.668
 28   441.772 53212.84608631 49.91  25.887550  -2.771233 18.668
 29   441.730 53247.84605254 45.82  25.893058  -2.783944 19.378
 29   441.943 53247.84605319 53.02  25.892328  -2.780634 19.378
 29   441.592 53247.84605383 52.05  25.891598  -2.777334 19.378
 29   441.559 53247.84605448 50.85  25.890878  -2.774024 19.378
 30   441.305 53282.84604423 17.84  25.887977  -2.778460  7.046
 30   441.047 53282.84604488 23.84  25.887247  -2.775160  7.046
 30   441.328 53282.84604552 22.85  25.886527  -2.771850  7.046
 30   441.592 53282.84604617 39.54  25.885794  -2.768544 20.352
 31   441.534 53317.84604356 17.22  25.896053  -2.784451 14.899
 31   441.571 53317.84604421 23.60  25.895323  -2.781151 14.899
 31   441.658 53317.84604485 24.80  25.894593  -2.777841 14.899
 32   442.456 53352.84600909 43.04  25.897876  -2.786270 20.903
 32   442.807 53352.84600974 50.86  25.897146  -2.782960 20.903
 32   442.858 53352.84601038 50.93  25.896426  -2.779660 20.903
 33   443.513 53387.84600445 46.47  25.891766  -2.782807 18.232
 33   443.289 53387.84600509 50.43  25.891036  -2.779497 18.232
 33   443.150 53387.84600573 52.15  25.890306  -2.776197 18.232
 33   443.239 53387.84600638 50.97  25.889576  -2.772887 18.232
 34   443.279 53422.84600425 53.63  25.899917  -2.786515 23.169
 34   443.286 53422.84600489 52.04  25.899187  -2.783215 23.169
 34   443.196 53422.84600553 52.96  25.898457  -2.779905 23.169
 35   444.119 53457.84600938 45.81  25.898241  -2.787258 19.357
 35   443.814 53457.84601002 51.19  25.897521  -2.783958 19.357
 35   443.842 53457.84601067 49.16  25.896791  -2.780648 19.357
 36   442.983 53492.84609808 50.67  25.882488  -2.772009 14.839
 36   442.924 53492.84609872 51.05  25.881758  -2.768709 14.839
 36   443.004 53492.84609936 50.19  25.881030  -2.765404 28.836
 36   442.914 53492.84610001 51.33  25.880300  -2.762094 28.836
 36   443.039 53492.84610065 50.76  25.879580  -2.758794 28.836
 37   442.782 53527.84607444 53.51  25.897811  -2.785936 23.262
 37   442.977 53527.84607509 54.79  25.897091  -2.782636 23.262
 37   442.943 53527.84607573 52.10  25.896361  -2.779326 23.262
 38   442.099 53562.84610633 51.41  25.883712  -2.774118 14.097
 38   443.031 53562.84610697 52.17  25.882982  -2.770818 14.097
 38   442.226 53562.84610762 49.98  25.882252  -2.767508 14.097
 38   442.478 53562.84610826 40.82  25.881528  -2.764209 25.124
 38   442.161 53562.84610891 47.72  25.880798  -2.760899 25.124
 39   442.117 53597.84604408 53.87  25.896323  -2.783439 21.068
 39   442.469 53597.84604472 49.48  25.895593  -2.780129 21.068
 40   441.570 53632.84604078 47.86  25.887409  -2.778868 16.778
 40   441.955 53632.84604143 55.72  25.886679  -2.775558 16.778
 40   441.436 53632.84604207 53.18  25.885949  -2.772258 16.778
 40   441.433 53632.84604272 51.90  25.885229  -2.768948 16.778
 40   441.491 53632.84604336 46.60  25.884495  -2.765652 27.287
 41   441.796 53667.84606341 52.29  25.886128  -2.775948 13.660
 41   441.829 53667.84606406 57.80  25.885408  -2.772648 13.660
 41   441.693 53667.84606470 47.44  25.884678  -2.769338 13.660
 41   441.625 53667.84606535 53.43  25.883950  -2.766041 22.462
 42   451.785 53702.84600555 13.53  25.897779  -2.786190 13.932
 42   441.746 53702.84600620 19.35  25.897049  -2.782880 13.932
 42   441.900 53702.84600684 24.44  25.896329  -2.779580 13.932
 43   442.209 53737.84591532 48.92  25.898093  -2.785945 21.367
 43   442.222 53737.84591596 53.95  25.897363  -2.782645 21.367
 43   442.242 53737.84591660 51.33  25.896633  -2.779335 21.367
 44   442.670 53772.84592705 52.68  25.899477  -2.786982 23.069
 44   442.553 53772.84592769 54.50  25.898747  -2.783682 23.069
 44   442.722 53772.84592834 51.67  25.898017  -2.780372 23.069
 45   443.020 53807.84591500 46.76  25.896409  -2.785166 26.095
 45   442.812 53807.84591565 52.01  25.895679  -2.781866 26.095
 45   442.937 53807.84591629 50.31  25.894949  -2.778556 26.095
 47   443.200 53877.84598475 51.63  25.895699  -2.783193 20.793
 47   443.319 53877.84598540 52.58  25.894969  -2.779883 20.793
 47   443.006 53877.84598604 48.32  25.894239  -2.776583 20.793
 48   442.186 53912.84603934 51.71  25.883952  -2.773964 15.541
 48   442.174 53912.84603998 51.92  25.883222  -2.770654 15.541
 48   442.976 53912.84604063 49.17  25.882502  -2.767354 15.541
 48   442.236 53912.84604127 48.64  25.881772  -2.764044 15.541
 48   442.011 53912.84604192 48.37  25.881043  -2.760747 23.727
 49   441.769 53947.84605493 49.51  25.880286  -2.768764 16.684
 49   441.616 53947.84605558 53.72  25.879556  -2.765464 16.684
 49   441.790 53947.84605622 50.81  25.878826  -2.762154 16.684
 49   441.915 53947.84605687 51.31  25.878100  -2.758855 24.872
 49   441.689 53947.84605751 51.01  25.877370  -2.755545 24.872
 50   441.709 53982.84599381 47.52  25.890904  -2.781202 21.804
 50   441.509 53982.84599445 51.46  25.890184  -2.777892 21.804
 50   441.497 53982.84599510 52.39  25.889454  -2.774592 21.804
 50   441.347 53982.84599574 51.13  25.888724  -2.771282 21.804
 51   440.981 54017.84602222 27.05  25.894326  -2.782120 11.858
 51   441.387 54017.84602287 25.93  25.893606  -2.778820 11.858
 51   441.305 54017.84602351 29.74  25.892876  -2.775510 11.858
 52   442.672 54052.84601516 49.33  25.902290  -2.787150 18.064
 52   442.208 54052.84601581 51.70  25.901560  -2.783840 18.064
 53   443.691 54087.84600748 46.97  25.894278  -2.784108 19.684
 53   443.551 54087.84600813 51.15  25.893548  -2.780808 19.684
 53   443.729 54087.84600877 52.70  25.892828  -2.777498 19.684
 54   445.598 54122.84593167 53.94  25.891908  -2.780907 23.239
 54   445.529 54122.84593231 51.37  25.891188  -2.777597 23.239
 54   445.633 54122.84593296 52.73  25.890458  -2.774297 23.239
 55   445.054 54157.84597114 49.67  25.891665  -2.781271 22.312
 55   444.892 54157.84597178 50.85  25.890945  -2.777971 22.312
 55   445.020 54157.84597243 48.91  25.890215  -2.774661 22.312
 56   444.978 54192.84593085 48.74  25.892640  -2.782859 22.424
 56   444.949 54192.84593150 50.33  25.891910  -2.779549 22.424
 56   444.896 54192.84593214 47.83  25.891190  -2.776249 22.424
 57   444.639 54227.84598283 50.85  25.892119  -2.781789 18.169
 57   444.646 54227.84598348 52.59  25.891389  -2.778479 18.169
 57   444.733 54227.84598412 49.54  25.890659  -2.775179 18.169
 58   444.182 54262.84600185 47.22  25.893257  -2.783481 18.046
 58   444.377 54262.84600250 50.63  25.892527  -2.780171 18.046
 58   444.165 54262.84600314 47.56  25.891797  -2.776871 18.046
 59   443.248 54297.84600655 52.55  25.893511  -2.783162 22.665
 59   443.137 54297.84600720 51.43  25.892791  -2.779862 22.665
 59   443.075 54297.84600784 50.57  25.892061  -2.776552 22.665
 60   442.271 54332.84599633 53.98  25.894138  -2.782879 22.528
 60   442.502 54332.84599697 52.23  25.893418  -2.779579 22.528
 60   442.399 54332.84599762 52.53  25.892688  -2.776269 22.528
 62   442.482 54402.84593915 46.82  25.893737  -2.784050 21.297
 62   442.267 54402.84593980 52.05  25.893007  -2.780750 21.297
 62   442.373 54402.84594044 53.02  25.892277  -2.777440 21.297
 63   443.168 54437.84589671 50.73  25.891488  -2.781221 15.079
 63   443.174 54437.84589735 48.73  25.890758  -2.777921 15.079
 63   443.223 54437.84589800 50.63  25.890038  -2.774611 15.079
 64   443.893 54472.84592452 50.75  25.895596  -2.784547 18.804
 64   444.082 54472.84592516 48.90  25.894876  -2.781247 18.804
 64   444.116 54472.84592580 50.38  25.894146  -2.777937 18.804
 65   444.595 54507.84590746 49.50  25.892867  -2.782214 17.192
 65   444.490 54507.84590810 50.49  25.892137  -2.778904 17.192
 65   444.478 54507.84590875 51.10  25.891407  -2.775604 17.192
 66   444.275 54542.84593913 47.27  25.894287  -2.783312 16.152
 66   444.331 54542.84593977 48.70  25.893567  -2.780002 16.152
 66   444.376 54542.84594042 50.26  25.892837  -2.776702 16.152
 67   444.470 54577.84590992 46.74  25.892677  -2.783513 13.581
 67   444.283 54577.84591057 52.96  25.891957  -2.780203 13.581
 67   444.435 54577.84591121 50.31  25.891227  -2.776903 13.581
 67   444.358 54577.84591186 49.93  25.890497  -2.773593 13.581
 68   444.034 54612.84593077 52.03  25.893556  -2.782185 17.650
 68   443.546 54612.84593142 51.76  25.892836  -2.778885 17.650
 68   443.643 54612.84593206 51.87  25.892106  -2.775575 17.650
 69   443.145 54647.84593752 53.80  25.892036  -2.781030 22.228
 69   442.955 54647.84593817 52.31  25.891316  -2.777730 22.228
 69   442.985 54647.84593881 50.85  25.890586  -2.774420 22.228
 70   442.514 54682.84593762 49.81  25.892879  -2.783667 15.694
 70   442.985 54682.84593826 50.91  25.892159  -2.780357 15.694
 70   442.367 54682.84593890 51.99  25.891429  -2.777057 15.694
 71   442.000 54717.84588556 52.53  25.893359  -2.782910 15.801
 71   441.976 54717.84588621 55.46  25.892639  -2.779600 15.801
 71   441.827 54717.84588685 35.45  25.891909  -2.776300 15.801
 72   442.021 54752.84591058 51.71  25.892381  -2.781401 13.267
 72   442.041 54752.84591122 50.97  25.891661  -2.778101 13.267
 72   441.962 54752.84591187 51.04  25.890931  -2.774791 13.267
 73   442.614 54787.84587549 45.31  25.892403  -2.782090 10.323
 73   442.527 54787.84587613 30.45  25.891683  -2.778780 10.323
 73   442.829 54787.84587678 20.03  25.890953  -2.775480 10.323
 74   443.274 54822.84590491 52.15  25.893430  -2.781636 13.975
 74   443.243 54822.84590555 52.25  25.892710  -2.778336 13.975
 74   443.177 54822.84590620 49.81  25.891980  -2.775026 13.975
 75   443.729 54857.84587173 51.67  25.893524  -2.783213 14.702
 75   443.680 54857.84587238 52.46  25.892804  -2.779903 14.702
 75   443.779 54857.84587302 50.39  25.892074  -2.776603 14.702
 76   443.905 54892.84590746 53.99  25.891044  -2.780685 12.228
 76   444.010 54892.84590811 51.65  25.890314  -2.777385 12.228
 76   444.111 54892.84590875 49.50  25.889584  -2.774075 12.228
 77   444.165 54927.84586997 55.14  25.890348  -2.779709 14.331
 77   444.117 54927.84587061 52.24  25.889618  -2.776409 14.331
 77   444.055 54927.84587126 51.54  25.888888  -2.773099 14.331
 79   443.529 54997.84592842 52.27  25.889585  -2.779792 13.536
 79   443.545 54997.84592906 51.26  25.888855  -2.776482 13.536
 79   443.449 54997.84592971 50.68  25.888128  -2.773184 24.285
 79   443.550 54997.84593035 53.18  25.887398  -2.769874 24.285
 80   442.955 55032.84591722 52.94  25.891637  -2.781206 15.617
 80   443.006 55032.84591787 52.99  25.890917  -2.777906 15.617
 80   442.965 55032.84591851 52.38  25.890187  -2.774596 15.617
 81   442.448 55067.84590542 51.51  25.893552  -2.783681 16.517
 81   442.488 55067.84590606 52.40  25.892832  -2.780371 16.517
 81   442.584 55067.84590671 50.24  25.892102  -2.777071 16.517
 82   442.019 55102.84584500 20.29  25.890378  -2.780121  6.528
 82   441.878 55102.84584564 19.71  25.889648  -2.776821  6.528
 82   442.028 55102.84584629 21.15  25.888918  -2.773511  6.528
 83   442.398 55137.84585150 48.81  25.893492  -2.783838 12.229
 83   442.067 55137.84585214 53.32  25.892762  -2.780528 12.229
 83   442.358 55137.84585279 49.38  25.892042  -2.777228 12.229
 84   443.224 55172.84581313 51.22  25.892671  -2.782151 13.794
 84   443.425 55172.84581377 51.61  25.891951  -2.778841 13.794
 84   443.393 55172.84581441 50.23  25.891221  -2.775541 13.794
 85   443.889 55207.84584665 51.37  25.892859  -2.782153 12.371
 85   443.778 55207.84584729 52.02  25.892139  -2.778853 12.371
 85   443.996 55207.84584794 51.92  25.891409  -2.775543 12.371
 86   444.019 55242.84581763 49.49  25.891574  -2.781883 15.483
 86   443.724 55242.84581828 51.56  25.890854  -2.778573 15.483
 86   444.106 55242.84581892 50.75  25.890124  -2.775273 15.483
 86   443.658 55242.84581957 51.26  25.889394  -2.771963 15.483
 87   445.095 55277.84583985 45.90  25.892392  -2.782888 13.542
 87   444.688 55277.84584049 51.35  25.891672  -2.779578 13.542
 87   444.941 55277.84584114 49.01  25.890942  -2.776278 13.542
 88   445.339 55312.84580351 48.00  25.892615  -2.783136 15.865
 88   445.202 55312.84580415 51.80  25.891895  -2.779826 15.865
 88   445.110 55312.84580480 48.53  25.891165  -2.776526 15.865
 89   444.391 55347.84581097 53.13  25.893220  -2.782003 16.292
 89   444.275 55347.84581161 51.15  25.892500  -2.778703 16.292
 89   444.269 55347.84581226 50.64  25.891770  -2.775393 16.292
 90   443.666 55382.84580093 46.23  25.892641  -2.783490 16.632
 90   443.606 55382.84580157 52.46  25.891921  -2.780180 16.632
 90   443.464 55382.84580222 50.43  25.891191  -2.776880 16.632
 90   443.445 55382.84580286 53.01  25.890461  -2.773570 16.632
 91   442.858 55417.84582982 51.43  25.893279  -2.781656 20.552
 91   442.951 55417.84583047 50.41  25.892559  -2.778356 20.552
 91   442.936 55417.84583111 49.31  25.891829  -2.775056 20.552
 92   442.518 55452.84581064 51.36  25.893645  -2.783798 14.300
 92   442.536 55452.84581128 51.74  25.892925  -2.780488 14.300
 92   442.709 55452.84581193 49.88  25.892195  -2.777188 14.300
 93   441.928 55487.84573193 50.19  25.894137  -2.783707 19.837
 93   441.802 55487.84573258 52.47  25.893407  -2.780397 19.837
 93   441.872 55487.84573322 37.84  25.892677  -2.777097 19.837
