#  369.020  -0.078  12.244 ;Mean Elev.(m), Avg Gradient(m/km), RMS Gradient(m/km) - SRTM1     
#  358.951  -0.320  13.032 ;Mean Elev.(m), Avg Gradient(m/km), RMS Gradient(m/km) - ASTER GDEM
#  369.358  -0.019  12.348 ;Mean Elev.(m), Avg Gradient(m/km), RMS Gradient(m/km) - GMTED2010 
  8   365.750 52498.35024608 50.93  24.083700   0.992012 28.331
  8   365.676 52498.35024672 50.54  24.082970   0.988702 28.331
  8   365.662 52498.35024737 49.65  24.082250   0.985392 28.331
  8   365.632 52498.35024801 52.00  24.081520   0.982092 28.331
  8   365.590 52498.35024866 50.43  24.080800   0.978782 28.331
 10   366.676 52568.35026013 46.13  24.084293   0.992053 15.509
 10   366.534 52568.35026077 47.80  24.083573   0.988753 15.509
 10   366.478 52568.35026142 50.81  24.082841   0.985442 22.550
 10   366.436 52568.35026206 44.57  24.082121   0.982142 22.550
 10   366.606 52568.35026271 46.65  24.081391   0.978832 22.550
 11   368.613 52603.35025300 52.42  24.079545   0.995744 27.624
 11   368.487 52603.35025364 53.21  24.078815   0.992444 27.624
 11   368.620 52603.35025493 51.11  24.077365   0.985834 27.624
 11   368.533 52603.35025557 51.36  24.076635   0.982524 27.624
 12   368.109 52638.35022786 47.51  24.080400   0.995464 29.873
 12   368.082 52638.35022851 52.53  24.079670   0.992164 29.873
 12   368.164 52638.35022980 52.10  24.078220   0.985554 29.873
 12   368.116 52638.35023044 53.30  24.077490   0.982244 29.873
 13   367.517 52673.35022734 52.47  24.081683   0.994625 13.860
 13   367.347 52673.35022799 51.99  24.080957   0.991313 22.739
 13   367.477 52673.35022928 53.39  24.079507   0.984703 22.739
 13   367.578 52673.35022992 53.29  24.078777   0.981403 22.739
 14   366.404 52708.35023678 48.63  24.082005   0.992274 25.813
 14   366.371 52708.35023807 48.16  24.080555   0.985664 25.813
 14   366.398 52708.35023872 50.56  24.079825   0.982364 25.813
 14   366.468 52708.35023936 48.31  24.079095   0.979054 25.813
 15   367.129 52743.35026627 52.44  24.077318   0.996318 22.862
 15   366.644 52743.35026821 52.14  24.075148   0.986398 22.862
 15   366.591 52743.35026885 50.78  24.074418   0.983098 22.862
 18   366.528 52848.35034012 51.51  24.081812   0.993727 27.365
 18   366.318 52848.35034077 50.72  24.081082   0.990427 27.365
 18   366.323 52848.35034141 48.64  24.080362   0.987117 27.365
 18   366.281 52848.35034206 52.86  24.079632   0.983807 27.365
 18   366.223 52848.35034270 51.56  24.078902   0.980507 27.365
 19   366.645 52883.35037565 50.15  24.079840   0.996590 21.233
 19   366.721 52883.35037630 47.78  24.079120   0.993280 21.233
 19   366.515 52883.35037759 48.74  24.077660   0.986670 21.233
 19   366.503 52883.35037823 50.39  24.076940   0.983360 21.233
 19   366.674 52883.35037888 47.40  24.076210   0.980060 21.233
 20   366.865 52918.35033320 53.01  24.083134   0.991802 27.915
 20   366.893 52918.35033385 50.49  24.082404   0.988502 27.915
 20   366.854 52918.35033449 51.19  24.081674   0.985192 27.915
 20   366.924 52918.35033514 49.44  24.080954   0.981892 27.915
 20   366.943 52918.35033578 47.54  24.080224   0.978582 27.915
 21   367.215 52953.35029557 52.00  24.087201   0.992065 34.663
 21   367.282 52953.35029622 49.63  24.086481   0.988755 34.663
 21   367.251 52953.35029686 50.98  24.085751   0.985455 34.663
 21   367.127 52953.35029751 49.59  24.085021   0.982145 34.663
 21   367.207 52953.35029815 53.00  24.084301   0.978845 34.663
 22   368.237 52988.35030624 51.79  24.089953   0.987105 30.647
 22   368.353 52988.35030688 51.95  24.089223   0.983805 30.647
 22   368.295 52988.35030753 50.28  24.088493   0.980495 30.647
 22   368.311 52988.35030817 50.36  24.087773   0.977185 30.647
 23   367.670 53023.35029331 50.89  24.087174   0.988386 24.614
 23   367.448 53023.35029396 51.99  24.086444   0.985086 24.614
 23   367.300 53023.35029460 53.15  24.085714   0.981776 24.614
 23   367.358 53023.35029525 51.53  24.084994   0.978466 24.614
 24   366.796 53058.35028820 49.55  24.088979   0.988601 23.649
 24   366.890 53058.35028884 50.66  24.088259   0.985301 23.649
 24   366.849 53058.35028949 52.37  24.087529   0.981991 23.649
 24   366.845 53058.35029013 51.31  24.086799   0.978691 23.649
 25   366.573 53093.35032467 52.34  24.075556   0.996838 15.709
 25   366.416 53093.35032660 50.61  24.073372   0.986924 14.233
 25   366.404 53093.35032725 48.09  24.072652   0.983614 14.233
 26   366.927 53128.35029632 52.82  24.086453   0.991372 26.992
 26   367.115 53128.35029697 53.22  24.085723   0.988062 26.992
 26   366.877 53128.35029761 52.59  24.084993   0.984762 26.992
 26   366.986 53128.35029826 51.32  24.084273   0.981452 26.992
 26   367.117 53128.35029890 52.86  24.083543   0.978152 26.992
 28   365.137 53198.35036327 50.78  24.082478   0.990998 19.389
 28   365.069 53198.35036391 49.49  24.081748   0.987698 19.389
 28   364.985 53198.35036456 49.01  24.081028   0.984388 19.389
 28   364.988 53198.35036520 51.14  24.080298   0.981078 19.389
 29   365.471 53233.35033788 50.48  24.088386   0.984597 21.964
 29   365.394 53233.35033853 52.06  24.087656   0.981297 21.964
 29   366.131 53233.35033917 52.59  24.086936   0.977987 21.964
 30   365.418 53268.35030392 50.63  24.081756   0.994861 23.503
 30   365.597 53268.35030456 51.11  24.081036   0.991551 23.503
 30   365.312 53268.35030585 50.59  24.079576   0.984941 23.503
 30   365.371 53268.35030650 53.13  24.078856   0.981631 23.503
 31   365.408 53303.35036129 16.68  24.075482   0.999536  3.743
 31   365.626 53303.35036193 16.29  24.074752   0.996226  3.743
 31   365.797 53303.35036387 16.85  24.072579   0.986315 10.439
 31   366.352 53303.35036451 20.46  24.071849   0.983005 10.439
 32   367.242 53338.35033137 50.06  24.082030   0.995316 16.769
 32   367.293 53338.35033201 52.43  24.081300   0.992016 16.769
 32   367.346 53338.35033330 51.80  24.079843   0.985404 19.070
 32   367.339 53338.35033394 54.13  24.079123   0.982094 19.070
 32   367.388 53338.35033459 47.68  24.078393   0.978794 19.070
 33   367.596 53373.35026504 52.16  24.084669   0.993697 16.939
 33   367.678 53373.35026569 53.01  24.083939   0.990397 16.939
 33   367.691 53373.35026633 50.91  24.083217   0.987085 24.103
 33   367.644 53373.35026698 53.18  24.082487   0.983785 24.103
 33   367.577 53373.35026762 53.15  24.081767   0.980475 24.103
 34   366.884 53408.35030521 46.79  24.084629   0.992142 15.111
 34   366.939 53408.35030586 48.71  24.083897   0.988831 17.500
 34   366.909 53408.35030650 49.62  24.083177   0.985531 17.500
 34   366.766 53408.35030715 53.29  24.082447   0.982221 17.500
 34   366.834 53408.35030779 48.65  24.081717   0.978921 17.500
 35   366.203 53443.35028913 50.26  24.082730   0.994622 15.277
 35   366.071 53443.35028978 50.54  24.082000   0.991322 15.277
 35   366.165 53443.35029107 51.09  24.080549   0.984709 14.863
 35   366.111 53443.35029171 52.65  24.079819   0.981399 14.863
 37   366.705 53513.35037318 52.95  24.082273   0.994379 17.000
 37   366.627 53513.35037382 52.82  24.081543   0.991079 17.000
 37   366.845 53513.35037511 50.25  24.080084   0.984467 13.398
 37   366.798 53513.35037576 52.53  24.079364   0.981157 13.398
 38   365.861 53548.35039122 48.75  24.078200   0.997926 16.249
 38   365.849 53548.35039186 50.95  24.077470   0.994626 16.249
 38   365.751 53548.35039315 51.45  24.076014   0.988015 17.961
 38   365.707 53548.35039380 53.71  24.075294   0.984705 17.961
 38   365.782 53548.35039444 53.13  24.074564   0.981405 17.961
 39   365.048 53583.35035828 52.36  24.083149   0.994039 17.930
 39   365.042 53583.35035892 53.87  24.082419   0.990739 17.930
 39   365.165 53583.35035957 49.59  24.081693   0.987427 15.957
 39   365.160 53583.35036021 51.88  24.080963   0.984127 15.957
 39   364.872 53583.35036085 54.01  24.080243   0.980817 15.957
 40   365.301 53618.35031409 23.13  24.079676   0.995086 10.453
 40   365.345 53618.35031474 25.88  24.078946   0.991786 10.453
 40   365.466 53618.35031603 30.37  24.077495   0.985173 10.170
 40   365.534 53618.35031667 39.54  24.076775   0.981863 10.170
 41   365.575 53653.35033646 13.88  24.081933   0.992804  3.125
 41   365.686 53653.35033775 15.04  24.080472   0.986193  4.602
 41   365.702 53653.35033839 15.94  24.079752   0.982883  4.602
 41   365.821 53653.35033904 23.42  24.079022   0.979583  4.602
 42   367.671 53688.35033557 49.97  24.079173   0.994890 15.466
 42   367.410 53688.35033622 52.94  24.078443   0.991590 15.466
 42   368.127 53688.35033751 49.41  24.076985   0.984978 22.067
 42   367.506 53688.35033815 54.15  24.076265   0.981668 22.067
 43   366.889 53723.35026108 51.95  24.084289   0.990888 14.500
 43   367.018 53723.35026172 50.75  24.083568   0.987575 14.663
 43   367.112 53723.35026237 49.79  24.082838   0.984275 14.663
 43   367.047 53723.35026301 52.72  24.082118   0.980965 14.663
 44   367.909 53758.35019874 34.31  24.088989   0.989272 15.329
 44   367.640 53758.35019938 28.74  24.088269   0.985972 15.329
 44   367.167 53758.35020003 31.65  24.087539   0.982662 15.329
 44   367.833 53758.35020067 39.43  24.086809   0.979362 15.329
 45   365.391 53793.35022032 24.75  24.085854   0.991428  6.115
 45   365.366 53793.35022096 24.47  24.085127   0.988116  3.175
 45   365.555 53793.35022161 24.51  24.084397   0.984816  3.175
 45   365.789 53793.35022225 24.76  24.083677   0.981506  3.175
 45   366.190 53793.35022290 23.85  24.082947   0.978206  3.175
 46   367.248 53828.35019058 28.33  24.086237   0.991106  8.851
 46   366.603 53828.35019123 27.16  24.085502   0.987796  4.944
 46   366.792 53828.35019187 25.98  24.084782   0.984496  4.944
 46   366.763 53828.35019251 33.68  24.084052   0.981186  4.944
 46   366.976 53828.35019316 35.72  24.083322   0.977886  4.944
 47   366.313 53863.35027312 41.55  24.080147   0.996830 16.861
 47   366.230 53863.35027376 41.48  24.079417   0.993530 16.861
 47   366.096 53863.35027505 34.14  24.077967   0.986920 16.861
 47   365.723 53863.35027570 33.55  24.077235   0.983608  8.851
 47   365.533 53863.35027634 30.18  24.076515   0.980308  8.851
 48   365.979 53898.35029691 51.98  24.082798   0.993855 14.721
 48   366.038 53898.35029756 52.43  24.082067   0.990543 19.896
 48   366.037 53898.35029820 50.78  24.081347   0.987243 19.896
 48   366.025 53898.35029885 51.26  24.080617   0.983933 19.896
 48   366.005 53898.35029949 49.79  24.079887   0.980633 19.896
 49   365.448 53933.35034236 49.72  24.073841   0.999551 22.412
 49   365.172 53933.35034494 54.69  24.070933   0.986329 15.857
 49   365.301 53933.35034559 50.61  24.070203   0.983029 15.857
 50   365.453 53968.35031539 51.69  24.077451   0.997248 21.965
 50   365.371 53968.35031732 51.46  24.075271   0.987338 21.965
 50   365.313 53968.35031797 51.38  24.074545   0.984026 15.221
 50   365.330 53968.35031861 50.61  24.073815   0.980726 15.221
 51   365.915 54003.35028492 52.26  24.085265   0.992952 17.259
 51   365.823 54003.35028557 51.82  24.084535   0.989642 17.259
 51   365.887 54003.35028621 50.35  24.083815   0.986342 17.259
 51   365.919 54003.35028686 52.27  24.083078   0.983031 18.965
 51   365.880 54003.35028750 51.42  24.082358   0.979731 18.965
 52   365.930 54038.35032069 48.21  24.085328   0.993286 15.057
 52   366.865 54038.35032134 37.01  24.084598   0.989976 15.057
 52   365.430 54038.35032198 21.30  24.083878   0.986676 15.057
 52   365.689 54038.35032263 25.56  24.083146   0.983365 16.422
 52   366.015 54038.35032327 37.56  24.082426   0.980065 16.422
 53   369.169 54073.35031517 50.59  24.083617   0.993627 20.055
 53   369.250 54073.35031582 50.84  24.082897   0.990317 20.055
 53   369.082 54073.35031646 49.54  24.082167   0.987017 20.055
 53   369.065 54073.35031711 52.80  24.081440   0.983705 29.704
 53   369.068 54073.35031775 52.70  24.080710   0.980405 29.704
 54   368.159 54108.35026188 50.31  24.081747   0.995780 22.236
 54   368.225 54108.35026252 54.67  24.081017   0.992480 22.236
 54   368.224 54108.35026381 51.20  24.079567   0.985870 22.236
 54   368.256 54108.35026446 52.52  24.078846   0.982565 19.023
 54   368.172 54108.35026510 51.05  24.078116   0.979255 19.023
 55   367.522 54143.35025083 47.62  24.082672   0.995342 18.925
 55   367.590 54143.35025148 52.94  24.081942   0.992032 18.925
 55   367.741 54143.35025277 51.82  24.080489   0.985422 15.145
 55   367.600 54143.35025341 49.44  24.079769   0.982122 15.145
 55   367.535 54143.35025406 47.30  24.079039   0.978812 15.145
 56   367.517 54178.35024573 42.57  24.081961   0.995773 14.236
 56   367.493 54178.35024638 42.55  24.081231   0.992473 14.236
 56   367.465 54178.35024767 49.34  24.079777   0.985860 14.949
 56   367.486 54178.35024831 49.18  24.079057   0.982550 14.949
 56   367.516 54178.35024896 48.55  24.078327   0.979250 14.949
 58   366.955 54248.35028630 48.78  24.082357   0.995285 15.044
 58   367.258 54248.35028694 48.91  24.081627   0.991985 15.044
 58   367.290 54248.35028823 49.29  24.080177   0.985375 15.044
 58   367.331 54248.35028888 50.76  24.079447   0.982064  8.664
 58   367.211 54248.35028952 46.87  24.078717   0.978764  8.664
 60   366.059 54318.35029348 49.56  24.084081   0.993251 18.217
 60   366.006 54318.35029412 52.52  24.083351   0.989951 18.217
 60   366.050 54318.35029477 52.90  24.082623   0.986639 14.927
 60   366.133 54318.35029541 51.09  24.081893   0.983339 14.927
 60   366.181 54318.35029606 48.79  24.081173   0.980029 14.927
 61   366.081 54353.35025830 12.47  24.082884   0.991786  4.159
 61   365.870 54353.35025959 17.56  24.081430   0.985173 16.918
 61   366.136 54353.35026024 20.94  24.080700   0.981873 16.918
 61   366.507 54353.35026088 24.76  24.079980   0.978563 16.918
 62   367.617 54388.35023371 47.08  24.083390   0.992612 14.846
 62   367.754 54388.35023435 46.78  24.082660   0.989300 22.661
 62   367.470 54388.35023500 50.33  24.081930   0.986000 22.661
 62   367.475 54388.35023564 51.73  24.081210   0.982690 22.661
 62   367.521 54388.35023628 52.17  24.080480   0.979390 22.661
 63   367.753 54423.35020788 48.24  24.082557   0.994871 15.677
 63   367.757 54423.35020853 52.90  24.081827   0.991571 15.677
 63   367.913 54423.35020982 53.83  24.080371   0.984958 24.194
 63   367.737 54423.35021046 51.39  24.079651   0.981648 24.194
 64   368.041 54458.35020810 53.05  24.083595   0.993191 15.389
 64   368.120 54458.35020875 53.06  24.082861   0.989880 24.382
 64   368.200 54458.35020939 51.11  24.082141   0.986580 24.382
 64   368.203 54458.35021004 50.86  24.081411   0.983270 24.382
 64   368.135 54458.35021068 50.40  24.080681   0.979970 24.382
 65   368.027 54493.35021205 49.97  24.083150   0.992303 25.109
 65   368.271 54493.35021269 49.00  24.082430   0.988993 25.109
 65   368.116 54493.35021334 51.17  24.081700   0.985693 25.109
 65   368.113 54493.35021398 51.24  24.080970   0.982383 25.109
 65   367.990 54493.35021463 49.76  24.080250   0.979083 25.109
 66   367.189 54528.35022092 50.35  24.084446   0.992669 22.619
 66   367.181 54528.35022157 51.33  24.083716   0.989369 22.619
 66   366.963 54528.35022221 51.37  24.082996   0.986059 22.619
 66   367.082 54528.35022285 50.49  24.082266   0.982759 22.619
 66   367.086 54528.35022350 48.90  24.081536   0.979449 22.619
 67   367.105 54563.35021909 50.11  24.081984   0.992247 27.425
 67   367.074 54563.35022038 52.95  24.080524   0.985637 27.425
 67   367.233 54563.35022102 50.38  24.079804   0.982327 27.425
 67   367.014 54563.35022167 48.13  24.079074   0.979017 27.425
 68   366.422 54598.35021640 45.17  24.082225   0.992254 22.129
 68   366.306 54598.35021769 47.06  24.080775   0.985644 22.129
 68   366.369 54598.35021833 50.50  24.080055   0.982334 22.129
 68   366.200 54598.35021898 47.78  24.079325   0.979034 22.129
 69   366.743 54633.35022928 49.56  24.081480   0.994946 22.073
 69   366.886 54633.35022992 49.78  24.080760   0.991646 22.073
 69   366.726 54633.35023121 52.17  24.079310   0.985026 22.073
 69   366.610 54633.35023186 51.36  24.078580   0.981726 22.073
 70   365.581 54668.35023409 48.19  24.081700   0.995511 21.060
 70   365.520 54668.35023474 51.80  24.080970   0.992201 21.060
 70   365.611 54668.35023602 51.78  24.079520   0.985591 21.060
 70   365.431 54668.35023667 54.33  24.078800   0.982281 21.060
 70   365.571 54668.35023731 46.25  24.078070   0.978981 21.060
 71   365.942 54703.35019964 53.52  24.083860   0.992821 25.271
 71   365.878 54703.35020028 50.30  24.083130   0.989521 25.271
 71   365.803 54703.35020093 51.49  24.082400   0.986211 25.271
 71   366.044 54703.35020157 49.62  24.081680   0.982911 25.271
 71   365.836 54703.35020222 47.76  24.080950   0.979601 25.271
 72   365.823 54738.35019658 13.69  24.082621   0.992479 15.207
 72   365.477 54738.35019787 18.94  24.081161   0.985869 15.207
 72   366.047 54738.35019852 20.09  24.080441   0.982559 15.207
 72   366.433 54738.35019916 25.88  24.079711   0.979259 15.207
 73   367.037 54773.35018137 50.86  24.083406   0.992477 30.649
 73   367.090 54773.35018201 52.08  24.082686   0.989167 30.649
 73   367.077 54773.35018265 51.56  24.081956   0.985867 30.649
 73   366.996 54773.35018330 49.93  24.081236   0.982557 30.649
 73   366.993 54773.35018394 50.36  24.080506   0.979257 30.649
 74   367.261 54808.35018928 46.21  24.082353   0.995189 27.385
 74   367.264 54808.35018993 49.19  24.081623   0.991889 27.385
 74   367.291 54808.35019122 47.99  24.080173   0.985269 27.385
 74   367.175 54808.35019186 51.90  24.079443   0.981969 27.385
 75   366.948 54843.35017814 52.79  24.083062   0.994700 25.222
 75   366.960 54843.35017879 54.19  24.082332   0.991390 25.222
 75   367.113 54843.35018008 51.08  24.080882   0.984780 25.222
 75   367.036 54843.35018072 52.58  24.080162   0.981470 25.222
 76   367.814 54878.35019289 24.94  24.081166   0.993735 18.402
 76   367.128 54878.35019418 20.00  24.079716   0.987125 18.402
 76   366.753 54878.35019483 20.63  24.078986   0.983815 18.402
 76   367.022 54878.35019547 25.80  24.078266   0.980515 18.402
 77   367.046 54913.35018237 50.76  24.081025   0.995018 26.626
 77   367.138 54913.35018302 53.89  24.080295   0.991708 26.626
 77   367.033 54913.35018431 50.09  24.078845   0.985098 26.626
 77   367.022 54913.35018495 51.03  24.078125   0.981788 26.626
 78   367.404 54948.35018406 36.67  24.081411   0.995293 22.408
 78   367.412 54948.35018470 32.43  24.080691   0.991983 22.408
 78   367.139 54948.35018599 34.09  24.079231   0.985373 22.408
 78   367.312 54948.35018664 47.27  24.078511   0.982073 22.408
 79   367.224 54983.35021005 24.67  24.081068   0.994548 17.407
 79   367.208 54983.35021069 28.98  24.080338   0.991238 17.407
 79   366.861 54983.35021198 23.48  24.078888   0.984628 17.407
 79   367.107 54983.35021263 28.71  24.078158   0.981328 17.407
 80   366.269 55018.35020831 51.93  24.082643   0.991713 26.992
 80   366.545 55018.35020960 51.92  24.081193   0.985103 26.992
 80   366.439 55018.35021024 51.77  24.080473   0.981793 26.992
 80   366.388 55018.35021089 50.62  24.079743   0.978493 26.992
 81   365.146 55053.35020340 21.92  24.083510   0.992469 16.982
 81   365.366 55053.35020405 24.95  24.082780   0.989159 16.982
 81   365.391 55053.35020469 30.45  24.082060   0.985859 16.982
 81   365.424 55053.35020534 33.12  24.081330   0.982549 16.982
 81   365.379 55053.35020598 43.73  24.080610   0.979239 16.982
 82   366.985 55088.35016531 17.90  24.082061   0.994740 11.420
 82   365.785 55088.35016596 14.86  24.081331   0.991440 11.420
 82   365.611 55088.35016725 18.16  24.079881   0.984820 11.420
 82   366.054 55088.35016789 22.13  24.079151   0.981520 11.420
 83   366.658 55123.35013986 47.85  24.083959   0.994549 24.680
 83   366.753 55123.35014051 49.74  24.083229   0.991239 24.680
 83   366.833 55123.35014180 46.44  24.081779   0.984629 24.680
 83   366.806 55123.35014244 47.91  24.081049   0.981319 24.680
 84   368.250 55158.35012627 50.31  24.081548   0.993916 30.143
 84   368.276 55158.35012820 50.83  24.079368   0.983996 30.143
 84   368.249 55158.35012885 48.77  24.078648   0.980686 30.143
 85   367.907 55193.35012983 52.47  24.082057   0.992332 34.996
 85   368.010 55193.35013112 52.73  24.080607   0.985722 34.996
 85   368.048 55193.35013176 50.65  24.079877   0.982422 34.996
 85   367.926 55193.35013241 49.59  24.079147   0.979112 34.996
 86   367.709 55228.35012835 49.65  24.081456   0.993872 31.375
 86   367.631 55228.35013028 51.76  24.079286   0.983952 31.375
 86   367.699 55228.35013092 50.03  24.078556   0.980652 31.375
 87   368.984 55263.35012496 32.58  24.083342   0.993915 17.814
 87   368.214 55263.35012561 25.57  24.082612   0.990605 17.814
 87   368.122 55263.35012625 25.00  24.081892   0.987295 17.814
 87   367.939 55263.35012690 24.58  24.081162   0.983995 17.814
 87   367.981 55263.35012754 26.56  24.080432   0.980685 17.814
 88   368.447 55298.35011130 52.24  24.082765   0.992395 30.205
 88   368.774 55298.35011195 49.46  24.082035   0.989095 30.205
 88   368.521 55298.35011259 51.83  24.081305   0.985785 30.205
 88   368.500 55298.35011324 50.32  24.080585   0.982485 30.205
 88   368.371 55298.35011388 47.94  24.079855   0.979175 30.205
 89   367.769 55333.35010329 53.68  24.081413   0.994368 31.829
 89   367.996 55333.35010394 48.32  24.080683   0.991058 31.829
 89   367.955 55333.35010523 52.39  24.079233   0.984448 31.829
 89   367.859 55333.35010587 51.35  24.078513   0.981138 31.829
 90   367.105 55368.35009524 52.15  24.083194   0.993946 29.592
 90   366.968 55368.35009588 53.17  24.082464   0.990636 29.592
 90   367.013 55368.35009653 52.38  24.081744   0.987326 29.592
 90   367.151 55368.35009717 53.18  24.081014   0.984026 29.592
 90   367.256 55368.35009782 50.68  24.080294   0.980716 29.592
 91   366.306 55403.35011074 49.66  24.083086   0.992852 30.293
 91   366.346 55403.35011139 52.44  24.082356   0.989552 30.293
 91   366.310 55403.35011203 51.18  24.081626   0.986242 30.293
 91   366.251 55403.35011268 53.40  24.080906   0.982932 30.293
 91   366.359 55403.35011332 50.25  24.080176   0.979632 30.293
 92   365.909 55438.35011313 45.93  24.083935   0.992654 20.422
 92   366.456 55438.35011377 41.57  24.083205   0.989344 20.422
 92   365.410 55438.35011442 43.21  24.082485   0.986044 20.422
 92   365.886 55438.35011506 36.60  24.081755   0.982734 20.422
 92   365.552 55438.35011571 37.70  24.081035   0.979424 20.422
 93   366.018 55473.35006115 49.93  24.083498   0.994849 26.132
 93   365.792 55473.35006180 53.94  24.082768   0.991549 26.132
 93   365.843 55473.35006309 53.95  24.081318   0.984929 26.132
 93   365.925 55473.35006373 53.14  24.080588   0.981629 26.132
 93   366.138 55473.35006438 50.09  24.079868   0.978319 26.132
