-340978.949    62.269     0.00   11.10
-340602.762    65.530     8.67   13.01
-340226.575    70.666    13.65   12.06
-339850.389    72.729     5.48   10.99
-339474.203    74.425     4.51   10.58
-339098.018    68.226   -16.48   11.99
-338721.833    65.693    -6.73   12.11
-338345.648    66.615     2.45   12.39
-337969.465    70.856    11.27   11.83
-337593.281    73.017     5.75   10.60
-337217.098    73.223     0.55   10.30
-336840.916    70.688    -6.74   11.00
-336464.734    66.873   -10.14    9.85
-336088.553    67.032     0.42   10.44
-335712.372    66.376    -1.74   10.84
-335336.192    67.234     2.28   12.11
-334960.012    65.427    -4.80   13.11
-334583.833    67.715     6.08   11.76
-334207.654    68.043     0.87   10.95
-333831.475    65.153    -7.68    8.73
-333455.297    66.188     2.75    8.75
-333079.120    66.837     1.73    8.59
-332702.943    69.476     7.02    9.62
-332326.767    70.883     3.74    9.11
-331950.591    74.099     8.55    6.89
-331574.415    73.153    -2.51    6.55
-331198.240    69.126   -10.71    6.64
-330822.065    67.276    -4.92    7.11
-330445.891    64.254    -8.03    6.57
-330069.718    62.478    -4.72    6.06
-329693.545    61.315    -3.09    8.53
-329317.372    59.299    -5.36    9.97
-328941.200    56.688    -6.94   10.13
-328565.028    56.267    -1.12   10.44
-328188.857    56.558     0.77   10.10
-327812.686    59.145     6.88    9.82
-327436.515    60.032     2.36    9.21
-327060.345    60.478     1.19    8.97
-326684.176    57.729    -7.31    9.02
-326308.007    52.876   -12.90    6.48
-325931.838    52.369    -1.35    5.57
-325555.670    53.747     3.66    5.50
-325179.503    52.477    -3.38    4.83
-324803.335    52.018    -1.22    3.76
-324427.168    51.949    -0.18    3.51
-324051.002    51.786    -0.43    3.92
-323674.836    51.607    -0.48    4.12
-323298.671    50.346    -3.35    3.70
-322922.506    49.662    -1.82    4.49
-322546.341    49.837     0.47    4.30
-322170.177    49.325    -1.36    4.52
-321794.013    47.369    -5.20    4.58
-321417.850    46.222    -3.05    5.13
-321041.687    43.726    -6.63    5.37
-320665.525    40.964    -7.34    5.82
-320289.363    38.952    -5.35    6.19
-319913.201    34.660   -11.41    6.83
-319537.040    31.325    -8.87    5.64
-319160.879    31.478     0.41    6.64
-318784.719    35.476    10.63    9.50
-318408.559    41.991    17.32    9.85
-318032.399    46.504    12.00    7.72
-317656.240    48.767     6.02    6.09
-317280.082    48.581    -0.50    6.20
-316903.923    49.747     3.10    5.79
-316527.765    50.350     1.60    6.06
-316151.608    51.171     2.18    6.92
-315775.451    53.068     5.04    7.56
-315399.294    53.207     0.37    7.82
-315023.138    53.029    -0.47    8.30
-314646.982    53.342     0.83    8.39
-314270.827    53.180    -0.43    9.53
-313894.672    54.396     3.23    9.58
-313518.517    55.651     3.34   10.53
-313142.363    56.889     3.29   10.09
-312766.209    57.299     1.09   10.22
-312390.055    57.032    -0.71   10.90
-312013.902    55.688    -3.57    9.13
-311637.750    55.560    -0.34    8.91
-311261.597    56.057     1.32    8.37
-310885.445    55.581    -1.26    7.10
-310509.294    55.342    -0.64    6.08
-310133.143    55.241    -0.27    5.46
-309756.992    54.873    -0.98    3.93
-309380.841    55.329     1.21    3.69
-309004.691    56.369     2.76    4.28
-308628.542    56.453     0.22    4.65
-308252.392    57.607     3.07    5.27
-307876.243    58.587     2.61    5.36
-307500.095    58.504    -0.22    5.73
-307123.947    58.126    -1.01    6.21
-306747.799    58.004    -0.32    5.78
-306371.651    57.196    -2.15    5.92
-305995.504    56.337    -2.28    6.33
-305619.357    54.004    -6.20    7.14
-305243.211    51.346    -7.07    6.72
-304867.065    47.143   -11.17    7.66
-304490.919    43.583    -9.46    7.61
-304114.774    42.094    -3.96    7.45
-303738.629    39.609    -6.61    6.43
-303362.484    39.837     0.61    5.93
-302986.340    39.068    -2.05    5.15
-302610.196    38.226    -2.24    5.35
-302234.053    38.379     0.41    5.45
-301857.909    37.846    -1.42    5.56
-301481.767    40.876     8.05    7.60
-301105.624    45.315    11.80    9.24
-300729.482    51.153    15.52    8.44
-300353.340    52.937     4.74    7.43
-299977.198    52.299    -1.70    7.00
-299601.057    50.612    -4.48    6.98
-299224.916    47.229    -8.99    5.58
-298848.776    46.402    -2.20    5.71
-298472.635    44.828    -4.18    4.54
-298096.495    45.558     1.94    4.21
-297720.356    46.735     3.13    4.52
-297344.217    49.162     6.45    5.54
-296968.078    50.449     3.42    4.68
-296591.939    51.325     2.33    4.63
-296215.801    53.365     5.43    6.52
-295839.663    54.120     2.01    6.78
-295463.525    53.966    -0.41    6.91
-295087.388    51.629    -6.21    8.84
-294711.251    48.558    -8.16    6.91
-294335.114    49.531     2.59    7.43
-293958.978    52.045     6.68    7.64
-293582.841    54.478     6.47    6.44
-293206.706    54.449    -0.08    6.87
-292830.570    51.761    -7.15    6.00
-292454.435    48.248    -9.34    6.06
-292078.300    46.196    -5.45    5.30
-291702.165    46.423     0.60    6.22
-291326.031    46.688     0.71    5.85
-290949.897    46.196    -1.31    5.39
-290573.763    43.476    -7.23    6.24
-290197.630    39.504   -10.56    5.41
-289821.497    37.477    -5.39    5.60
-289445.364    35.083    -6.36    5.59
-289069.231    33.863    -3.24    5.19
-288693.099    33.348    -1.37    4.86
-288316.967    34.402     2.80    5.37
-287940.835    36.555     5.73    6.10
-287564.704    38.421     4.96    5.76
-287188.572    39.299     2.33    4.88
-286812.442    39.315     0.04    4.22
-286436.311    38.889    -1.13    3.37
-286060.181    38.837    -0.14    3.48
-285684.050    38.583    -0.68    3.60
-285307.921    39.557     2.59    3.83
-284931.791    40.632     2.86    3.63
-284555.662    42.196     4.16    3.83
-284179.533    44.072     4.99    2.93
-283803.404    45.639     4.17    3.06
-283427.276    46.531     2.37    3.37
-283051.147    47.207     1.80    3.33
-282675.019    47.396     0.50    4.15
-282298.892    47.317    -0.21    5.08
-281922.764    47.043    -0.73    5.01
-281546.637    45.863    -3.14    6.64
-281170.510    45.115    -1.99    6.37
-280794.383    43.376    -4.62    7.16
-280418.257    42.153    -3.25    6.21
-280042.130    43.294     3.03    5.65
-279666.004    43.767     1.26    6.19
-279289.879    45.761     5.30    6.99
-278913.753    49.964    11.17    6.19
-278537.628    53.452     9.27    6.12
-278161.503    56.029     6.85    5.84
-277785.378    57.254     3.26    5.89
-277409.254    57.030    -0.59    6.03
-277033.129    57.693     1.76    6.85
-276657.005    56.504    -3.16    6.67
-276280.881    57.153     1.72    7.11
-275904.758    58.032     2.34    6.97
-275528.634    58.837     2.14    7.51
-275152.511    59.402     1.50    7.29
-274776.388    59.774     0.99    6.38
-274400.265    60.094     0.85    5.62
-274024.143    59.774    -0.85    4.68
-273648.021    61.299     4.05    4.62
-273271.898    61.662     0.97    4.51
-272895.777    61.684     0.06    4.01
-272519.655    63.587     5.06    4.48
-272143.533    63.425    -0.43    4.72
-271767.412    64.196     2.05    4.56
-271391.277    63.818    -1.01    5.42
-271015.116    62.120    -4.52    5.22
-270638.954    61.794    -0.87    5.42
-270262.793    61.615    -0.47    4.44
-269886.633    59.883    -4.61    5.55
-269510.472    59.004    -2.34    5.29
-269134.312    58.925    -0.21    5.27
-268758.152    59.154     0.61    6.80
-268381.992    60.045     2.37    7.20
-268005.832    61.761     4.56    8.58
-267629.672    64.583     7.50    7.12
-267253.513    67.030     6.51    6.06
-266877.354    69.801     7.37    5.63
-266501.195    72.154     6.25    5.56
-266125.036    74.126     5.24    5.59
-265748.877    75.774     4.38    5.92
-265372.719    77.342     4.17    6.37
-264996.560    80.618     8.71    5.87
-264620.402    80.350    -0.71    6.08
-264244.244    79.966    -1.02    5.69
-263868.087    81.076     2.95    4.44
-263491.929    80.072    -2.67    5.64
-263115.772    80.991     2.44    5.17
-262739.614    81.162     0.46    6.16
-262363.457    80.629    -1.42    6.74
-261987.300    80.964     0.89    6.50
-261611.144    82.530     4.17    6.86
-261234.987    83.741     3.22    6.59
-260858.831    83.530    -0.56    6.22
-260482.674    83.639     0.29    6.29
-260106.518    83.154    -1.29    5.33
-259730.362    84.688     4.08    5.92
-259354.206    85.893     3.20    5.71
-258978.051    87.747     4.93    6.24
-258601.895    86.976    -2.05    8.73
-258225.740    85.786    -3.16    8.57
-257849.585    84.376    -3.75    8.36
-257473.429    84.190    -0.49    7.08
-257097.275    86.607     6.43    7.13
-256721.120    88.801     5.83    6.83
-256344.965    91.365     6.82    8.01
-255968.811    95.196    10.19    8.20
-255592.656    97.978     7.39    8.65
-255216.502    98.043     0.17    8.80
-254840.348    96.320    -4.58    8.65
-254464.194    94.273    -5.44    7.56
-254088.040    92.532    -4.63    7.29
-253711.886    92.222    -0.82    7.41
-253335.733    90.504    -4.57    6.89
-252959.579    88.921    -4.21    6.95
-252583.426    87.693    -3.26    6.59
-252207.273    86.937    -2.01    6.54
-251831.120    86.883    -0.14    6.71
-251454.967    84.820    -5.48    6.24
-251078.814    83.587    -3.28    6.01
-250702.661    79.904    -9.79    5.84
-250326.508    78.083    -4.84    5.74
-249950.356    78.423     0.90    5.76
-249574.203    79.658     3.28    6.25
-249198.051    81.215     4.14    6.54
-248821.899    83.452     5.95    6.83
-248445.747    86.072     6.97    6.66
-248069.595    88.658     6.88    5.78
-247693.443    91.365     7.20    7.45
-247317.291    94.914     9.44    7.28
-246941.139    98.879    10.54    8.33
-246564.988   107.534    23.01    9.99
-246188.836   117.288    25.93   17.98
-245812.685   136.234    50.37   27.08
-245436.533   151.288    40.02   26.00
-245060.382   160.261    23.85   19.53
-244684.231   154.115   -16.34   22.41
-244308.080   140.299   -36.73   23.34
-243931.929   126.581   -36.47   18.15
-243555.778   120.720   -15.58   11.38
-243179.627   121.030     0.82   11.06
-242803.477   124.820    10.07   12.06
-242427.326   129.761    13.13   14.55
-242051.175   129.910     0.40   16.04
-241675.025   129.684    -0.60   16.33
-241298.874   127.615    -5.50   16.10
-240922.724   133.017    14.36   18.99
-240546.574   143.068    26.72   21.51
-240170.423   152.035    23.84   19.55
-239794.273   164.350    32.74   22.19
-239418.123   175.180    28.79   20.74
-239041.973   182.937    20.62   17.86
-238665.823   192.261    24.79   11.27
-238289.673   190.865    -3.71   11.92
-237913.523   182.715   -21.67   21.85
-237537.374   174.863   -20.87   25.97
-237161.224   165.369   -25.24   26.86
-236785.074   164.376    -2.64   25.09
-236408.924   163.196    -3.14   27.67
-236032.775   167.427    11.25   25.01
-235656.625   164.782    -7.03   21.35
-235280.476   164.658    -0.33   19.26
-234904.326   170.964    16.76   16.13
-234528.177   172.767     4.80   16.39
-234152.028   168.531   -11.26   20.92
-233775.878   155.535   -34.55   26.36
-233399.729   138.145   -46.23   24.61
-233023.580   126.425   -31.16   18.14
-232647.430   118.921   -19.95   14.24
-232271.281   112.940   -15.90   12.83
-231895.132   110.504    -6.48   15.62
-231518.983   108.658    -4.91   16.84
-231142.834   106.632    -5.39   17.16
-230766.685   102.558   -10.83   13.31
-230390.536   100.820    -4.62    9.81
-230014.387   104.914    10.89   15.31
-229638.238   109.229    11.47   18.47
-229262.089   114.883    15.03   19.93
-228885.940   114.196    -1.82   20.34
-228509.791   110.873    -8.84   20.16
-228133.642   104.396   -17.22   17.77
-227757.493    95.261   -24.29   12.81
-227381.344    88.976   -16.71    7.44
-227005.195    87.222    -4.66    6.10
-226629.046    84.379    -7.56    4.88
-226252.897    81.699    -7.13    4.51
-225876.748    77.453   -11.29    7.01
-225500.599    74.004    -9.17    7.46
-225124.450    74.057     0.14    8.10
-224748.301    75.812     4.67   11.45
-224372.153    79.294     9.26   12.48
-223996.004    83.910    12.27   11.38
-223619.855    87.747    10.20   10.63
-223243.706    92.354    12.25   12.33
-222867.557   104.365    31.93   19.61
-222491.408   116.979    33.53   20.46
-222115.259   132.162    40.36   19.82
-221739.110   141.837    25.72   14.00
-221362.961   144.450     6.95   12.52
-220986.812   144.310    -0.37   16.53
-220610.663   140.017   -11.41   18.19
-220234.514   136.658    -8.93   21.63
-219858.365   133.315    -8.89   23.31
-219482.216   123.729   -25.48   24.56
-219106.067   113.188   -28.02   22.61
-218729.917    99.109   -37.43   21.35
-218353.768    91.720   -19.64   15.57
-217977.619    91.120    -1.60   13.79
-217601.470   100.207    24.16   18.78
-217225.321   115.837    41.55   20.77
-216849.171   132.812    45.13   25.84
-216473.022   151.282    49.10   22.53
-216096.873   162.120    28.81   18.08
-215720.723   170.991    23.59   10.15
-215344.574   173.110     5.63    6.55
-214968.424   169.045   -10.81   10.13
-214592.274   164.910   -10.99   12.77
-214216.125   162.639    -6.04   13.20
-213839.975   161.204    -3.82   17.11
-213463.825   160.747    -1.21   15.14
-213087.676   152.273   -22.53   22.19
-212711.526   137.504   -39.26   26.78
-212335.376   118.479   -50.58   29.65
-211959.226    97.207   -56.55   23.89
-211583.076    90.399   -18.10   15.65
-211206.926    93.583     8.47   19.00
-210830.776   110.587    45.21   27.70
-210454.626   127.342    44.54   28.69
-210078.475   149.754    59.58   20.63
-209702.325   161.662    31.66   16.51
-209326.175   173.530    31.55   13.95
-208950.024   183.410    26.27   10.46
-208573.874   187.767    11.58    7.53
-208197.723   191.004     8.61    5.97
-207821.572   189.726    -3.40    7.19
-207445.422   186.017    -9.86    9.18
-207069.271   182.856    -8.40   11.49
-206693.120   180.094    -7.34   12.17
-206316.969   177.273    -7.50   12.25
-205940.818   176.004    -3.37   11.46
-205564.666   178.478     6.58   10.01
-205188.515   175.863    -6.95   11.05
-204812.364   172.057   -10.12   12.22
-204436.212   170.726    -3.54   13.35
-204060.061   172.585     4.94   11.92
-203683.909   177.180    12.21   11.49
-203307.757   180.153     7.90   12.38
-202931.606   185.558    14.37   13.06
-202555.454   190.317    12.65   13.96
-202179.302   196.530    16.52   12.01
-201803.149   200.735    11.18    7.40
-201426.997   200.310    -1.13    5.39
-201050.845   196.427   -10.32    6.09
-200674.692   194.045    -6.33    5.19
-200298.540   190.320    -9.90    6.52
-199922.387   186.794    -9.37    9.77
-199546.234   184.761    -5.40   10.74
-199170.081   179.828   -13.11   12.30
-198793.928   172.504   -19.47   16.65
-198417.775   166.504   -15.95   17.09
-198041.622   162.076   -11.77   16.15
-197665.468   160.856    -3.24   16.35
-197289.315   159.369    -3.95   18.66
-196913.161   159.558     0.50   17.28
-196537.007   159.018    -1.44   14.56
-196160.868   156.949    -5.50   13.89
-195784.736   159.479     6.73   13.56
-195408.603   158.555    -2.45   14.28
-195032.470   154.018   -12.06   14.14
-194656.337   142.479   -30.68   19.23
-194280.204   125.399   -45.41   26.09
-193904.071   115.889   -25.28   23.33
-193527.938   111.261   -12.30   20.49
-193151.804   121.863    28.19   25.76
-192775.671   146.004    64.18   23.87
-192399.537   165.504    51.84   18.25
-192023.403   178.761    35.24   13.62
-191647.269   187.063    22.07    7.37
-191271.135   189.222     5.74    5.68
-190895.000   189.450     0.61    5.76
-190518.866   189.365    -0.23    5.68
-190142.731   190.207     2.24    4.77
-189766.596   189.115    -2.90    6.52
-189390.461   181.004   -21.56   12.96
-189014.326   172.846   -21.69   15.83
-188638.191   161.883   -29.15   16.75
-188262.055   152.914   -23.84   14.06
-187885.919   149.452    -9.21   17.01
-187509.784   150.504     2.80   17.03
-187133.648   158.910    22.35   16.12
-186757.511   167.043    21.62   16.21
-186381.375   176.234    24.44   14.53
-186005.239   182.612    16.96   11.14
-185629.102   186.964    11.57    8.30
-185252.965   186.076    -2.36    9.88
-184876.828   181.735   -11.54   12.43
-184500.691   173.196   -22.70   15.16
-184124.553   161.761   -30.40   17.69
-183748.416   150.396   -30.22   15.63
-183372.278   144.337   -16.11   13.18
-182996.140   145.294     2.54   15.49
-182620.002   153.629    22.16   16.96
-182243.864   162.558    23.74   14.22
-181867.725   170.530    21.19   12.32
-181491.586   174.399    10.28   10.03
-181115.447   173.248    -3.06    6.90
-180739.308   169.558    -9.81    6.96
-180363.169   167.354    -5.86    6.97
-179987.030   168.767     3.76    8.52
-179610.890   173.315    12.09    9.47
-179234.750   180.585    19.33    8.52
-178858.610   186.449    15.59    5.44
-178482.469   186.863     1.10    5.58
-178106.329   186.299    -1.50    6.33
-177730.188   184.333    -5.23    7.84
-177354.047   179.399   -13.12    9.53
-176977.906   172.531   -18.26   12.42
-176601.764   165.310   -19.20   17.39
-176225.623   156.043   -24.64   21.59
-175849.481   147.828   -21.84   22.72
-175473.339   136.658   -29.70   20.36
-175097.197   131.109   -14.75   19.24
-174721.054   127.529    -9.52   17.79
-174344.911   124.937    -6.89   18.72
-173968.768   122.579    -6.27   20.49
-173592.625   123.530     2.53   18.15
-173216.482   129.699    16.40   17.33
-172840.338   139.315    25.57   17.47
-172464.194   152.153    34.13   12.80
-172088.050   159.910    20.62    9.00
-171711.906   165.978    16.13    8.32
-171335.761   169.180     8.51    8.72
-170959.616   169.940     2.02    8.13
-170583.471   167.873    -5.50    8.35
-170207.326   162.342   -14.70    8.43
-169831.180   157.017   -14.16    8.06
-169455.035   154.094    -7.77    7.39
-169078.888   149.899   -11.15    7.41
-168702.742   145.615   -11.39    8.63
-168326.596   138.120   -19.93   13.56
-167950.449   128.032   -26.82   16.18
-167574.302   118.761   -24.65   13.67
-167198.154   109.145   -25.56   11.23
-166822.007   100.476   -23.05   10.95
-166445.859    95.477   -13.29   10.10
-166069.711    90.342   -13.65    7.60
-165693.562    88.288    -5.46    5.79
-165317.414    85.369    -7.76    5.25
-164941.265    82.310    -8.13    6.23
-164565.115    80.179    -5.66    6.45
-164188.966    78.222    -5.20    5.96
-163812.816    76.342    -5.00    5.70
-163436.666    75.083    -3.35    6.50
-163060.516    72.452    -7.00    5.84
-162684.365    69.171    -8.72    6.47
-162308.214    64.964   -11.18    8.18
-161932.063    61.120   -10.22    8.91
-161555.912    57.810    -8.80    7.60
-161179.760    56.222    -4.22    6.46
-160803.608    54.966    -3.34    4.47
-160427.456    55.442     1.27    4.10
-160051.303    58.267     7.51    6.00
-159675.150    65.937    20.39   13.08
-159298.997    77.288    30.18   19.47
-158922.844    95.735    49.04   26.28
-158546.690   115.315    52.05   26.51
-158170.536   131.376    42.70   21.69
-157794.382   144.837    35.79   16.82
-157418.227   156.450    30.87   12.57
-157042.072   164.978    22.67    9.75
-156665.917   171.504    17.35    7.51
-156289.761   176.094    12.20    7.11
-155913.605   179.126     8.06    4.54
-155537.449   178.530    -1.58    6.26
-155161.293   176.937    -4.24    6.61
-154785.136   174.342    -6.90    8.07
-154408.979   172.883    -3.88    8.29
-154032.821   175.192     6.14    7.06
-153656.663   179.171    10.58    5.48
-153280.505   181.453     6.07    7.01
-152904.347   182.532     2.87    7.69
-152528.188   185.427     7.70    6.08
-152152.029   186.699     3.38    5.91
-151775.870   185.171    -4.06    7.59
-151399.710   183.925    -3.31    6.28
-151023.550   182.774    -3.06    5.34
-150647.390   180.612    -5.75    7.45
-150271.229   179.966    -1.72    7.99
-149895.068   178.772    -3.17    8.09
-149518.907   177.810    -2.56    6.32
-149142.745   177.325    -1.29    6.55
-148766.583   175.504    -4.84    9.55
-148390.420   172.828    -7.11   12.03
-148014.258   167.126   -15.16   13.67
-147638.095   159.133   -21.25   16.32
-147261.931   151.222   -21.03   17.81
-146885.767   145.904   -14.14   16.97
-146509.603   147.126     3.25   18.96
-146133.439   155.120    21.25   19.21
-145757.274   159.754    12.32   13.76
-145381.109   157.425    -6.19   14.10
-145004.943   151.684   -15.26   16.04
-144628.777   148.162    -9.36   15.85
-144252.611   151.337     8.44   14.06
-143876.444   157.425    16.18   11.68
-143500.277   163.179    15.30    7.66
-143124.110   162.476    -1.87    9.58
-142747.942   155.299   -19.08   14.92
-142371.774   140.557   -39.19   21.52
-141995.606   129.585   -29.17   19.53
-141619.437   120.964   -22.92   14.88
-141243.268   116.226   -12.59   11.41
-140867.098   113.761    -6.56   11.74
-140490.928   108.854   -13.04   14.02
-140114.758   106.720    -5.67   16.10
-139738.587   106.179    -1.44   19.30
-139362.416   104.109    -5.50   18.86
-138986.244    99.478   -12.31   15.09
-138610.073    93.774   -15.16   11.39
-138233.900    89.709   -10.81    9.41
-137857.728    87.315    -6.36   10.64
-137481.555    86.226    -2.89   13.20
-137105.381    77.609   -22.91   15.46
-136729.207    73.643   -10.54   15.21
-136353.033    74.837     3.18   16.79
-135976.858    85.171    27.47   23.55
-135600.683    97.810    33.60   25.55
-135224.508   117.991    53.65   17.31
-134848.332   127.423    25.07   13.48
-134472.156   126.261    -3.09   19.06
-134095.979   117.379   -23.61   25.09
-133719.802   106.964   -27.69   23.71
-133343.625    99.373   -20.18   20.33
-132967.447    96.767    -6.93   18.08
-132591.269    92.846   -10.42   16.52
-132215.090    96.126     8.72   16.72
-131838.911    99.479     8.91   17.58
-131462.731   107.688    21.82   20.31
-131086.551   120.726    34.66   20.25
-130710.371   132.531    31.38   22.44
-130334.190   148.115    41.43   17.10
-129958.009   157.373    24.61   11.64
-129581.827   163.684    16.78    7.64
-129205.645   163.973     0.77    7.14
-128829.463   160.099   -10.30    8.81
-128453.280   154.666   -14.44    8.18
-128077.096   148.423   -16.60    9.08
-127700.913   141.094   -19.48   12.50
-127324.728   129.991   -29.52   18.77
-126948.544   112.376   -46.82   26.38
-126572.359   100.120   -32.58   22.18
-126196.173    95.863   -11.31   17.74
-125819.987   103.180    19.45   20.64
-125443.801   115.248    32.08   19.95
-125067.614   123.425    21.74   25.88
-124691.426   132.226    23.40   27.80
-124315.239   144.423    32.42   25.49
-123939.050   154.153    25.86   16.87
-123562.862   155.558     3.74    9.66
-123186.673   154.873    -1.82    8.65
-122810.483   154.686    -0.50    8.77
-122434.293   151.529    -8.39    9.70
-122058.102   149.873    -4.40    9.49
-121681.911   145.560   -11.46   10.44
-121305.721   135.940   -25.57   14.71
-120929.623   123.937   -31.92   18.16
-120553.525   106.004   -47.68   24.35
-120177.426    91.425   -38.76   20.25
-119801.327    86.427   -13.29   16.99
-119425.228    87.558     3.01   18.74
-119049.128    87.452    -0.28   18.44
-118673.027    91.854    11.71   17.27
-118296.926    95.733    10.31   18.52
-117920.825   105.126    24.97   20.67
-117544.723   113.666    22.71   16.12
-117168.620   112.234    -3.81   19.24
-116792.518   112.558     0.86   18.69
-116416.414   116.282     9.90   16.83
-116040.310   122.329    16.08   14.66
-115664.206   129.373    18.73   11.41
-115288.101   137.018    20.33   12.12
-114911.996   148.273    29.93   15.12
-114535.890   158.399    26.92   15.03
-114159.784   166.609    21.83   10.77
-113783.677   167.342     1.95   10.44
-113407.570   161.094   -16.61   14.65
-113031.462   149.226   -31.55   15.57
-112655.354   136.583   -33.62   15.13
-112279.245   130.979   -14.90   13.58
-111903.135   129.989    -2.63   12.15
-111527.026   123.735   -16.63   17.52
-111150.915   114.801   -23.75   20.55
-110774.804   105.949   -23.54   19.57
-110398.693    92.504   -35.75   14.63
-110022.581    89.643    -7.61   12.59
-109646.469    90.794     3.06   14.74
-109270.356    90.812     0.05   16.32
-108894.243    85.666   -13.68   15.37
-108518.129    84.837    -2.20   13.40
-108142.014    85.581     1.98   13.54
-107765.899    92.837    19.29   15.04
-107389.784   105.136    32.70   16.03
-107013.668   113.017    20.95   15.03
-106637.551   117.910    13.01   12.42
-106261.434   116.099    -4.81   14.94
-105885.316   110.910   -13.80   18.76
-105509.198   104.504   -17.03   18.29
-105133.080   110.043    14.73   19.43
-104756.960   120.188    26.97   22.02
-104380.841   131.365    29.72   21.27
-104004.720   146.099    39.17   13.80
-103628.599   152.587    17.25    6.70
-103252.478   150.452    -5.68    7.88
-102876.356   145.709   -12.61   10.98
-102500.234   137.072   -22.96   13.84
-102124.111   122.820   -37.89   23.29
-101747.987   110.899   -31.69   23.39
-101371.863   102.899   -21.27   20.19
-100995.738    98.450   -11.83   18.47
-100619.613   100.604     5.73   19.99
-100243.487   108.450    20.86   21.77
 -99867.361   118.856    27.66   15.83
 -99491.234   125.423    17.46   10.37
 -99115.106   127.699     6.05    8.99
 -98738.978   124.196    -9.31   11.56
 -98362.850   115.017   -24.41   14.19
 -97986.721   107.087   -21.08   14.76
 -97610.591    94.820   -32.62   12.67
 -97234.461    85.310   -25.28   10.47
 -96858.330    76.991   -22.12   11.24
 -96482.198    68.966   -21.34   11.71
 -96106.066    62.720   -16.60   11.41
 -95729.934    56.452   -16.67    8.72
 -95353.800    52.162   -11.40    6.10
 -94977.667    47.729   -11.79    6.90
 -94601.532    43.937   -10.08    7.98
 -94225.397    42.479    -3.87    7.64
 -93849.262    42.376    -0.27    7.59
 -93473.126    44.671     6.10    9.34
 -93096.989    52.261    20.18   12.07
 -92720.852    61.423    24.36   16.26
 -92344.714    71.136    25.82   18.29
 -91968.575    88.120    45.15   22.86
 -91592.436   100.782    33.66   23.65
 -91216.297   112.479    31.10   21.00
 -90840.156   118.846    16.93   19.17
 -90464.016   116.004    -7.56   20.49
 -90087.874   108.715   -19.38   23.00
 -89711.732    96.248   -33.14   26.73
 -89335.589    83.583   -33.67   22.70
 -88959.446    79.615   -10.55   18.70
 -88583.302    88.837    24.52   25.66
 -88207.158   109.450    54.80   27.07
 -87831.013   125.029    41.42   20.56
 -87454.867   138.376    35.48   12.23
 -87078.720   145.876    19.94    5.78
 -86702.574   150.180    11.44    6.88
 -86326.426   155.342    13.72    5.92
 -85950.278   157.609     6.03    4.84
 -85574.129   158.376     2.04    4.23
 -85197.979   156.504    -4.98    7.18
 -84821.829   148.163   -22.18   14.09
 -84445.679   140.068   -21.52   16.38
 -84069.527   132.215   -20.88   15.60
 -83693.375   120.666   -30.70   21.31
 -83317.223   112.609   -21.42   22.50
 -82941.070   111.043    -4.17   19.53
 -82564.916   110.615    -1.14   18.63
 -82188.761   119.350    23.22   15.22
 -81812.606   129.949    28.18    9.43
 -81436.450   134.662    12.53    7.73
 -81060.294   138.094     9.12    5.96
 -80684.137   138.035    -0.16    7.31
 -80307.979   134.153   -10.32    9.20
 -79931.821   127.234   -18.39   14.97
 -79555.662   122.288   -13.15   17.39
 -79179.502   113.786   -22.60   20.18
 -78803.342   102.369   -30.35   20.44
 -78427.181    96.068   -16.75   17.08
 -78051.019    97.735     4.43   19.44
 -77674.857   101.837    10.91   22.67
 -77298.694   109.342    19.95   21.62
 -76922.530   108.658    -1.82   21.99
 -76546.366   107.017    -4.36   18.17
 -76170.201   103.754    -8.67   14.21
 -75794.035    99.978   -10.04   12.33
 -75417.869    99.018    -2.55    7.94
 -75041.702    98.126    -2.37    6.89
 -74665.535    94.658    -9.22    7.29
 -74289.366    90.598   -10.79    7.47
 -73913.197    84.043   -17.43   10.20
 -73537.028    78.684   -14.25   10.35
 -73160.857    74.615   -10.82   11.14
 -72784.686    70.273   -11.54   11.18
 -72408.515    64.261   -15.98   10.16
 -72032.342    57.453   -18.10   10.59
 -71656.169    51.978   -14.55   10.01
 -71279.996    52.820     2.24   12.77
 -70903.821    59.585    17.98   19.30
 -70527.646    72.427    34.14   21.66
 -70151.470    89.929    46.53   16.40
 -69775.294   104.337    38.30   12.69
 -69399.117   113.234    23.65   12.58
 -69022.939   123.126    26.30    9.56
 -68646.760   127.126    10.63    8.22
 -68270.581   129.018     5.03    9.38
 -67894.401   129.218     0.53   12.98
 -67518.220   125.325   -10.35   19.70
 -67142.039   130.171    12.88   18.09
 -66765.857   137.921    20.60   16.22
 -66389.674   148.453    28.00   11.62
 -66013.490   155.699    19.26    7.32
 -65637.306   157.504     4.80    6.09
 -65261.121   157.873     0.98    5.90
 -64884.936   153.837   -10.73    8.49
 -64508.749   145.991   -20.86   14.60
 -64132.562   135.478   -27.95   16.62
 -63756.374   125.914   -25.42   16.04
 -63380.186   120.693   -13.88   17.12
 -63003.997   126.399    15.17   18.28
 -62627.807   132.612    16.52   18.65
 -62251.616   133.288     1.80   23.12
 -61875.424   138.261    13.22   21.53
 -61499.232   143.337    13.49   18.14
 -61123.039   146.248     7.74   17.79
 -60746.846   149.654     9.05   16.19
 -60370.651   152.754     8.24   11.48
 -59994.456   153.154     1.06    8.55
 -59618.260   150.952    -5.85   10.11
 -59242.064   143.145   -20.75   15.99
 -58865.867   127.964   -40.36   26.18
 -58489.668   115.632   -32.78   25.88
 -58113.470   107.226   -22.34   19.60
 -57737.270   108.180     2.53   20.48
 -57361.070   114.557    16.95   20.19
 -56984.869   117.076     6.70   18.89
 -56608.667   119.017     5.16   17.99
 -56232.464   126.248    19.22   19.30
 -55856.261   135.532    24.68   20.64
 -55480.057   151.234    41.74   13.94
 -55103.852   159.531    22.06    7.41
 -54727.647   162.767     8.60    5.36
 -54351.440   167.429    12.39    7.16
 -53975.233   170.207     7.38    9.20
 -53599.025   173.863     9.72    8.45
 -53222.816   175.794     5.13    8.04
 -52846.607   171.162   -12.31   11.42
 -52470.397   163.045   -21.58   11.96
 -52094.186   157.179   -15.59    9.87
 -51717.974   149.820   -19.56    9.41
 -51341.762   145.560   -11.32   10.48
 -50965.548   141.315   -11.28   11.87
 -50589.334   137.865    -9.17   13.43
 -50213.119   134.863    -7.98   15.10
 -49836.904   128.120   -17.92   17.39
 -49460.687   125.390    -7.26   13.19
 -49084.470   116.991   -22.33   14.35
 -48708.252   104.423   -33.40   19.50
 -48332.033    91.883   -33.33   21.38
 -47955.814    90.171    -4.55   21.55
 -47579.593    94.991    12.81   24.47
 -47203.372   112.555    46.69   23.89
 -46827.150   129.325    44.57   13.48
 -46450.928   136.709    19.63   10.91
 -46074.755   143.828    18.93    7.66
 -45698.688   147.504     9.77    7.79
 -45322.619   149.688     5.81    8.68
 -44946.550   149.754     0.17   10.01
 -44570.480   144.045   -15.18   13.47
 -44194.409   135.643   -22.34   15.94
 -43818.338   130.910   -12.59   15.37
 -43442.265   123.735   -19.08   19.14
 -43066.192   118.959   -12.70   19.75
 -42690.118   121.376     6.43   19.24
 -42314.043   126.609    13.92   18.04
 -41937.967   135.476    23.58   13.40
 -41561.891   138.248     7.37    9.47
 -41185.813   132.991   -13.98   16.22
 -40809.735   119.427   -36.07   26.29
 -40433.656   105.741   -36.39   24.81
 -40057.576    93.402   -32.81   21.76
 -39681.496    84.126   -24.66   17.69
 -39305.414    78.658   -14.54   16.00
 -38929.332    70.504   -21.68   15.49
 -38553.249    59.643   -28.88   13.18
 -38177.165    54.666   -13.23   11.37
 -37801.080    55.612     2.52   15.64
 -37424.994    61.477    15.59   21.31
 -37048.908    61.585     0.29   20.25
 -36672.821    59.704    -5.00   17.57
 -36296.732    63.204     9.31   15.67
 -35920.643    68.188    13.25   17.93
 -35544.553    80.801    33.54   18.03
 -35168.463    92.914    32.21   16.17
 -34792.371   101.636    23.19   15.35
 -34416.279   111.873    27.22   12.40
 -34040.186   118.828    18.50   10.29
 -33664.091   122.914    10.86    9.28
 -33287.996   124.976     5.48   11.29
 -32911.901   125.761     2.09   15.96
 -32535.804   129.679    10.42   18.26
 -32159.706   137.247    20.12   13.13
 -31783.608   141.450    11.18    9.70
 -31407.509   143.288     4.89    8.81
 -31031.409   144.585     3.45    6.91
 -30655.308   142.477    -5.61    7.99
 -30279.206   137.726   -12.63   12.73
 -29903.103   132.171   -14.77   17.65
 -29526.999   121.402   -28.63   24.02
 -29150.895   108.477   -34.36   28.08
 -28774.789    95.952   -33.30   27.24
 -28398.683    89.109   -18.19   25.65
 -28022.576    87.222    -5.02   23.92
 -27646.468    88.396     3.12   22.86
 -27270.359    84.940    -9.19   20.20
 -26894.249    79.476   -14.53   19.40
 -26518.139    67.820   -30.99   18.31
 -26142.027    56.925   -28.97    9.96
 -25765.915    51.442   -14.58    5.33
 -25389.801    48.709    -7.26    4.13
 -25013.687    45.720    -7.95    3.23
 -24637.572    44.720    -2.66    3.17
 -24261.456    43.288    -3.81    4.08
 -23885.339    40.143    -8.36    6.22
 -23509.221    37.583    -6.81    6.60
 -23133.103    34.684    -7.71    5.53
 -22756.983    32.342    -6.23    4.56
 -22380.862    30.889    -3.86    4.62
 -22004.741    29.966    -2.45    4.78
 -21628.619    30.325     0.95    4.71
 -21252.495    29.421    -2.40    5.07
 -20876.371    29.017    -1.07    5.67
 -20500.246    28.261    -2.01    5.86
 -20124.120    28.369     0.29    5.59
 -19747.993    29.099     1.94    4.69
 -19371.865    30.317     3.24    3.07
 -18995.737    28.991    -3.52    3.25
 -18619.607    27.925    -2.83    3.35
 -18243.476    26.976    -2.52    3.43
 -17867.345    25.427    -4.12    3.62
 -17491.213    24.337    -2.90    3.56
 -17115.079    23.952    -1.03    3.20
 -16738.945    24.479     1.40    2.79
 -16362.810    24.828     0.93    1.94
 -15986.673    24.925     0.26    1.59
 -15610.536    24.196    -1.94    2.09
 -15234.398    23.684    -1.36    2.37
 -14858.259    23.369    -0.84    2.08
 -14482.119    22.812    -1.48    1.99
 -14105.979    22.083    -1.94    2.09
 -13729.837    21.337    -1.98    2.57
 -13353.694    19.450    -5.02    2.98
 -12977.550    17.976    -3.92    2.65
 -12601.406    16.504    -3.91    2.73
 -12225.260    14.068    -6.48    4.21
 -11849.114    11.276    -7.42    6.05
 -11472.966     8.427    -7.57    5.58
 -11096.818     5.643    -7.40    3.83
 -10720.668     4.267    -3.66    3.20
 -10344.518     3.735    -1.42    2.55
  -9968.367     3.873     0.37    2.59
  -9592.214     3.083    -2.10    3.11
  -9216.061     2.109    -2.59    3.87
  -8839.907    -0.171    -6.06    3.50
  -8463.752    -1.718    -4.11    2.78
  -8087.595    -2.746    -2.73    1.48
  -7711.438    -2.996    -0.66    0.80
  -7335.280    -2.801     0.52    0.98
  -6959.121    -2.496     0.81    1.33
  -6582.961    -1.301     3.18    2.71
  -6206.800     0.083     3.68    3.45
  -5830.638     0.704     1.65    3.74
  -5454.475     1.153     1.19    3.97
  -5078.311     0.904    -0.66    4.44
  -4702.146    -0.778    -4.47    4.24
  -4325.980    -2.417    -4.36    3.11
  -3949.813    -3.470    -2.80    1.52
  -3573.645    -3.163     0.82    1.78
  -3197.477    -3.312    -0.40    1.69
  -2821.307    -3.163     0.40    1.60
  -2445.136    -2.855     0.82    1.58
  -2068.964    -2.968    -0.30    2.08
  -1692.791    -2.796     0.46    2.30
  -1316.617    -2.316     1.27    2.54
   -940.442    -2.349    -0.09    2.84
   -564.266    -2.144     0.54    2.61
   -188.089    -1.523     1.65    2.83
    188.088    -1.048     1.26    3.16
    564.267    -0.470     1.54    3.49
    940.447     0.315     2.09    4.01
   1316.628     0.120    -0.52    4.72
   1692.810    -0.060    -0.48    5.46
   2068.993    -0.970    -2.42    5.02
   2445.177    -1.658    -1.83    4.58
   2821.362    -2.285    -1.67    3.46
   3197.548    -2.470    -0.49    2.97
   3573.735    -2.385     0.23    3.05
   3949.923    -2.983    -1.59    2.28
   4326.112    -3.524    -1.44    1.56
   4702.302    -3.522     0.00    1.75
   5078.493    -3.496     0.07    1.61
   5454.686    -3.621    -0.33    1.54
   5830.879    -3.820    -0.53    1.38
   6207.073    -3.917    -0.26    1.33
   6583.268    -4.334    -1.11    1.01
   6959.464    -3.906     1.14    2.00
   7335.662    -3.307     1.59    2.58
   7711.860    -2.316     2.63    3.24
   8088.060    -1.521     2.11    3.48
   8464.260    -1.265     0.68    3.84
   8840.462    -0.604     1.76    4.04
   9216.664    -0.778    -0.46    3.76
   9592.868    -0.086     1.84    3.74
   9969.072     0.560     1.72    3.90
  10345.278     2.767     5.87    4.31
  10721.485     4.072     3.47    3.69
  11097.693     5.180     2.95    3.23
  11473.901     6.767     4.22    4.56
  11850.111     8.535     4.70    6.36
  12226.322    12.581    10.75    8.28
  12602.534    14.837     6.00    7.91
  12978.747    16.560     4.58    6.64
  13354.962    17.427     2.31    6.52
  13731.177    16.883    -1.45    7.22
  14107.393    15.325    -4.14    7.04
  14483.611    14.320    -2.67    7.42
  14859.829    14.136    -0.49    7.05
  15236.048    14.396     0.69    7.21
  15612.269    16.402     5.33    7.40
  15988.491    18.554     5.72    6.86
  16364.713    20.532     5.26    5.72
  16740.937    21.072     1.43    5.26
  17117.162    20.153    -2.44    5.00
  17493.388    18.774    -3.66    4.32
  17869.615    18.720    -0.14    3.05
  18245.843    19.418     1.86    2.44
  18622.073    19.376    -0.11    2.56
  18998.303    19.479     0.27    2.79
  19374.535    20.099     1.65    3.23
  19750.767    20.530     1.15    3.01
  20127.001    20.532     0.01    3.11
  20503.235    21.162     1.67    2.68
  20879.471    21.094    -0.18    3.14
  21255.708    21.043    -0.14    3.80
  21631.946    20.747    -0.78    3.66
  22008.185    21.057     0.82    3.62
  22384.426    20.299    -2.01    2.61
  22760.667    20.774     1.26    3.87
  23136.909    21.504     1.94    4.17
  23513.153    22.180     1.80    5.10
  23889.398    23.477     3.45    5.17
  24265.643    24.153     1.80    4.89
  24641.890    25.337     3.15    5.02
  25018.138    27.632     6.10    5.27
  25394.387    30.804     8.43    6.66
  25770.638    32.693     5.02    6.20
  26146.889    33.054     0.96    5.38
  26523.142    33.136     0.22    5.58
  26899.395    32.248    -2.36    5.24
  27275.650    33.261     2.69    6.18
  27651.906    35.684     6.44    6.65
  28028.163    38.532     7.57    5.90
  28404.421    40.072     4.09    5.35
  28780.680    40.373     0.80    4.93
  29156.797    38.076    -6.11    5.30
  29532.835    37.273    -2.13    4.90
  29908.875    35.325    -5.18    4.96
  30284.916    34.310    -2.70    5.80
  30660.958    34.639     0.88    6.03
  31037.001    35.072     1.15    5.63
  31413.045    36.136     2.83    5.48
  31789.091    36.379     0.65    5.45
  32165.137    37.558     3.14    6.07
  32541.185    37.017    -1.44    5.49
  32917.234    36.952    -0.17    5.11
  33293.284    36.320    -1.68    3.37
  33669.335    35.693    -1.67    3.90
  34045.387    35.779     0.23    4.21
  34421.441    36.030     0.67    4.68
  34797.495    36.337     0.82    4.58
  35173.551    36.639     0.80    4.37
  35549.608    37.476     2.23    4.06
  35925.666    37.966     1.30    3.95
  36301.726    39.017     2.80    3.69
  36677.786    40.533     4.03    4.99
  37053.848    43.558     8.05    5.11
  37429.910    46.883     8.84    6.07
  37805.974    50.964    10.85    6.77
  38182.040    54.704     9.95    7.17
  38558.106    56.693     5.29    6.73
  38934.173    57.376     1.82    6.95
  39310.242    56.820    -1.48    6.61
  39686.312    55.555    -3.36    5.70
  40062.383    53.828    -4.59    4.51
  40438.455    54.333     1.34    4.76
  40814.529    55.267     2.48    4.97
  41190.603    58.199     7.79    5.53
  41566.679    58.964     2.03    6.00
  41942.756    61.699     7.27    6.60
  42318.834    65.612    10.41    7.77
  42694.914    71.222    14.92    9.03
  43070.994    76.387    13.73    8.71
  43447.076    84.376    21.24    8.68
  43823.159    90.873    17.27    9.00
  44199.243    95.893    13.35    9.66
  44575.329    99.940    10.76    7.78
  44951.415    99.215    -1.93    8.50
  45327.503    96.991    -5.91    8.48
  45703.592    93.402    -9.54    8.80
  46079.682    93.350    -0.14    8.76
  46455.774    92.558    -2.11    9.26
  46831.867    93.504     2.52    8.33
  47207.960    95.453     5.18    9.26
  47584.056    98.115     7.08    9.40
  47960.152   100.126     5.35    6.70
  48336.249    97.045    -8.19   10.24
  48712.348    97.477     1.15    9.67
  49088.448    95.636    -4.90    8.37
  49464.549    94.754    -2.34    7.34
  49840.652    89.754   -13.29    8.53
  50216.755    84.057   -15.15    8.30
  50592.860    83.072    -2.62    8.67
  50968.966    83.120     0.13    9.06
  51345.074    85.346     5.92   10.24
  51721.182    89.188    10.22   10.11
  52097.292    91.288     5.58   10.21
  52473.403    93.350     5.48    9.15
  52849.516    95.639     6.09    8.27
  53225.629    97.196     4.14    6.94
  53601.744    99.454     6.00    6.78
  53977.860   102.416     7.87    4.48
  54353.977   101.910    -1.35    6.65
  54730.096   101.180    -1.94    9.48
  55106.216    99.207    -5.25    9.51
  55482.337    98.964    -0.65    8.84
  55858.459   100.532     4.17    7.78
  56234.583    98.966    -4.16    6.62
  56610.707    97.043    -5.11    7.30
  56986.833    93.315    -9.91    7.47
  57362.961    87.820   -14.61    8.96
  57739.089    80.873   -18.47   12.87
  58115.219    74.171   -17.82   11.84
  58491.350    72.261    -5.08   11.53
  58867.483    75.145     7.67   12.89
  59243.616    83.699    22.74   11.40
  59619.751    89.479    15.37    6.75
  59995.888    91.658     5.79    5.16
  60372.025    88.660    -7.97    8.30
  60748.164    81.222   -19.78   11.95
  61124.304    78.045    -8.45    9.60
  61500.445    80.072     5.39   10.27
  61876.588    83.045     7.90   10.83
  62252.732    81.393    -4.39   12.92
  62628.877    77.399   -10.62   13.59
  63005.023    73.684    -9.88   12.18
  63381.171    73.964     0.74   11.77
  63757.320    76.581     6.96   12.97
  64133.471    81.530    13.16   11.26
  64509.622    86.581    13.43   10.37
  64885.775    91.774    13.81   10.91
  65261.929    98.325    17.41   10.85
  65638.085   103.369    13.41    9.23
  66014.242   108.373    13.30    7.36
  66390.400   114.234    15.58    9.11
  66766.559   120.129    15.67    9.47
  67142.720   125.222    13.54    8.50
  67518.882   126.399     3.13    8.62
  67895.045   124.865    -4.08   10.15
  68271.210   119.914   -13.16   11.74
  68647.376   115.837   -10.84    9.91
  69023.543   113.820    -5.36    8.94
  69399.712   114.145     0.86    8.94
  69775.882   118.153    10.65    9.91
  70152.053   124.215    16.11   11.01
  70528.226   129.607    14.33    8.09
  70904.400   130.325     1.91    5.99
  71280.575   126.720    -9.58    7.68
  71656.751   123.376    -8.89    9.41
  72032.929   120.693    -7.13   11.21
  72409.108   120.032    -1.76   13.04
  72785.289   118.910    -2.98   11.34
  73161.471   117.218    -4.50    9.00
  73537.654   110.350   -18.26   14.76
  73913.838   102.196   -21.68   14.13
  74290.024    99.060    -8.34   14.20
  74666.211   101.914     7.59   16.83
  75042.400   109.421    19.95   13.47
  75418.590   111.530     5.61    8.50
  75794.781   108.735    -7.43   10.02
  76170.974   103.531   -13.83   11.81
  76547.168    93.741   -26.02   14.99
  76923.363    84.952   -23.36   15.62
  77299.560    75.854   -24.18   14.18
  77675.757    73.207    -7.04   11.52
  78051.957    76.554     8.90   13.65
  78428.158    82.017    14.52   16.99
  78804.360    87.893    15.62   18.31
  79180.563    95.828    21.09   15.06
  79556.768   102.782    18.48   10.20
  79932.974   105.715     7.80    9.52
  80309.181   106.804     2.90    9.23
  80685.390   109.254     6.51    8.29
  81061.600   113.904    12.36   10.79
  81437.812   120.715    18.10   12.95
  81814.025   126.215    14.62   10.94
  82190.239   130.215    10.63    7.59
  82566.455   130.017    -0.53    7.10
  82942.672   129.452    -1.50    5.91
  83318.891   130.754     3.46    7.24
  83695.111   136.658    15.69   10.32
  84071.332   145.207    22.72   10.78
  84447.554   152.429    19.20    9.54
  84823.778   158.709    16.69    6.68
  85200.004   162.676    10.54    5.30
  85576.231   164.288     4.29    4.41
  85952.459   165.207     2.44    6.19
  86328.688   165.662     1.21    8.81
  86704.919   167.658     5.31    9.61
  87081.152   170.099     6.49    9.88
  87457.385   173.354     8.65   11.00
  87833.620   178.350    13.28   10.54
  88209.857   183.557    13.84    9.28
  88586.095   186.666     8.26    8.06
  88962.334   186.607    -0.16    8.77
  89338.575   182.350   -11.31    9.06
  89714.817   177.560   -12.73    8.12
  90091.061   174.043    -9.35    6.12
  90467.306   171.032    -8.00    4.20
  90843.552   168.812    -5.90    4.27
  91219.800   168.735    -0.20    3.81
  91596.049   169.660     2.46    4.02
  91972.300   171.180     4.04    3.90
  92348.552   171.991     2.15    4.04
  92724.806   169.856    -5.67    5.60
  93101.060   165.267   -12.19    6.38
  93477.317   162.072    -8.49    5.51
  93853.575   161.299    -2.05    6.83
  94229.834   161.402     0.27   10.27
  94606.094   158.889    -6.68   13.66
  94982.356   153.423   -14.53   17.35
  95358.620   143.145   -27.32   17.82
  95734.885   131.607   -30.67   18.39
  96111.151   124.171   -19.76   13.24
  96487.419   127.658     9.27   16.06
  96863.688   136.964    24.73   19.22
  97239.959   150.636    36.34   16.93
  97616.231   162.966    32.77   11.75
  97992.504   171.067    21.53    7.35
  98368.779   172.889     4.84    6.08
  98745.056   168.838   -10.77    8.73
  99121.334   164.782   -10.78   11.65
  99497.613   160.555   -11.23   12.35
  99873.894   159.937    -1.64   16.10
 100250.176   165.248    14.11   18.27
 100626.460   168.966     9.88   19.07
 101002.745   168.477    -1.30   17.87
 101379.032   163.609   -12.94   17.15
 101755.320   154.094   -25.29   16.23
 102131.609   143.273   -28.76   17.23
 102507.901   133.126   -26.97   13.95
 102884.193   127.346   -15.36   11.30
 103260.487   122.747   -12.22   10.79
 103636.782   119.018    -9.91   11.69
 104013.079   119.369     0.93   11.14
 104389.097   122.129     7.34   11.50
 104765.106   129.196    18.80   13.44
 105141.115   136.145    18.48   11.15
 105517.126   139.449     8.79   10.09
 105893.139   137.889    -4.15    9.62
 106269.153   135.060    -7.52    8.50
 106645.169   131.966    -8.23    7.49
 107021.186   127.425   -12.08    5.62
 107397.205   123.820    -9.59    6.73
 107773.225   118.720   -13.56    8.26
 108149.246   112.068   -17.69   10.78
 108525.269   101.455   -28.22   15.15
 108901.294    88.949   -33.26   16.51
 109277.320    77.083   -31.56   17.52
 109653.348    65.612   -30.51   13.81
 110029.377    59.720   -15.67   10.84
 110405.407    55.450   -11.36    9.26
 110781.439    53.733    -4.57    9.07
 111157.473    55.904     5.77   11.50
 111533.508    62.804    18.35   18.24
 111909.544    69.045    16.60   20.31
 112285.582    76.555    19.97   20.73
 112661.622    87.423    28.90   18.99
 113037.663    96.609    24.43   19.05
 113413.706   106.555    26.45   17.18
 113789.750   116.094    25.37   13.57
 114165.795   126.587    27.91   11.12
 114541.842   134.083    19.93    9.81
 114917.891   141.094    18.64    7.78
 115293.941   147.226    16.31    7.11
 115669.993   150.222     7.97    7.38
 116046.046   154.018    10.09    6.72
 116422.101   155.720     4.53    7.31
 116798.157   156.450     1.94    7.02
 117174.215   157.060     1.62    6.42
 117550.274   157.017    -0.11    5.43
 117926.335   157.779     2.03    4.93
 118302.397   159.045     3.37    4.31
 118678.461   159.454     1.09    5.08
 119054.527   161.083     4.33    5.41
 119430.594   162.761     4.46    5.34
 119806.662   164.774     5.36    4.98
 120182.733   165.530     2.01    4.46
 120558.804   166.004     1.26    4.34
 120934.877   166.666     1.76    3.90
 121310.952   165.978    -1.83    3.25
 121687.028   167.218     3.30    4.99
 122063.106   169.786     6.83    5.75
 122439.186   172.914     8.32    5.61
 122815.266   175.060     5.70    4.89
 123191.349   176.153     2.91    4.05
 123567.433   176.450     0.79    3.51
 123943.519   176.504     0.14    3.42
 124319.606   176.354    -0.40    2.77
 124695.695   176.801     1.19    2.95
 125071.785   176.709    -0.25    3.09
 125447.877   177.083     0.99    4.20
 125823.970   177.504     1.12    5.21
 126200.065   179.018     4.02    6.25
 126576.162   180.004     2.62    6.01
 126952.260   179.820    -0.49    4.86
 127328.360   178.207    -4.29    4.78
 127704.461   176.910    -3.45    3.45
 128080.564   177.190     0.75    4.19
 128456.668   179.838     7.04    6.10
 128832.774   185.299    14.52    6.94
 129208.882   189.733    11.79    7.30
 129584.991   193.450     9.88    4.84
 129961.102   193.666     0.57    4.88
 130337.214   191.099    -6.83    6.76
 130713.328   185.929   -13.74    8.39
 131089.444   180.828   -13.56    9.95
 131465.561   174.952   -15.63   10.15
 131841.680   169.373   -14.83    9.03
 132217.800   168.196    -3.13    7.49
 132593.922   167.639    -1.48    7.49
 132970.045   167.104    -1.42    6.69
 133346.171   164.320    -7.40    8.15
 133722.297   159.004   -14.13   11.22
 134098.426   153.099   -15.70   12.67
 134474.556   145.449   -20.34   13.66
 134850.687   136.162   -24.69   16.01
 135226.820   124.632   -30.65   18.01
 135602.955   112.876   -31.26   19.30
 135979.092    97.684   -40.39   16.96
 136355.230    86.030   -30.98   17.09
 136731.369    77.004   -24.00   16.67
 137107.511    73.479    -9.37   15.89
 137483.653    71.557    -5.11   14.34
 137859.798    72.427     2.31   12.38
 138235.944    76.453    10.70   13.22
 138612.092    76.684     0.61   11.56
 138988.241    78.964     6.06   11.82
 139364.392    80.837     4.98   12.34
 139740.545    86.889    16.09   13.94
 140116.699    96.393    25.27   13.06
 140492.855   106.504    26.88   12.25
 140869.013   117.207    28.45   10.80
 141245.172   124.261    18.75    7.70
 141621.333   130.215    15.83    7.85
 141997.495   134.282    10.81    7.09
 142373.659   140.279    15.94    8.70
 142749.825   146.188    15.71    9.23
 143125.992   151.393    13.84   10.06
 143502.161   158.402    18.63    9.84
 143878.332   163.952    14.75    7.35
 144254.504   167.741    10.07    6.18
 144630.678   169.557     4.83    6.32
 145006.854   171.273     4.56    7.61
 145383.031   172.315     2.77    8.37
 145759.210   174.684     6.30    8.81
 146135.391   175.029     0.92    9.93
 146511.573   174.247    -2.08   11.16
 146887.757   173.423    -2.19   11.61
 147263.943   171.369    -5.46   11.67
 147640.130   171.180    -0.50   11.14
 148016.319   173.045     4.96   10.92
 148392.510   177.304    11.32   10.24
 148768.702   181.904    12.23    9.07
 149144.896   186.425    12.02    6.03
 149521.092   189.315     7.68    3.80
 149897.289   191.555     5.96    3.69
 150273.488   192.820     3.36    4.28
 150649.689   194.145     3.52    4.40
 151025.891   196.450     6.13    4.43
 151402.095   198.145     4.51    4.51
 151778.301   199.615     3.91    5.44
 152154.508   200.899     3.41    6.27
 152530.717   201.889     2.63    5.69
 152906.928   202.754     2.30    4.75
 153283.140   201.120    -4.35    4.27
 153659.355   201.747     1.67    5.11
 154035.571   203.639     5.03    5.35
 154411.788   206.018     6.32    5.24
 154788.007   207.643     4.32    4.76
 155164.228   208.241     1.59    4.48
 155540.451   204.889    -8.91    8.27
 155916.675   197.747   -18.98   11.82
 156292.902   187.120   -28.25   15.48
 156669.129   178.761   -22.22   12.77
 157045.359   171.017   -20.58   10.67
 157421.590   165.153   -15.59   10.07
 157797.823   161.658    -9.29   10.23
 158174.058   157.423   -11.26    8.69
 158550.294   157.099    -0.86    9.33
 158926.532   157.767     1.78    9.62
 159302.772   159.285     4.03    8.12
 159679.013   157.453    -4.87    8.37
 160055.257   154.583    -7.63    6.88
 160431.502   154.991     1.08    6.14
 160807.748   158.693     9.84    7.95
 161183.997   164.838    16.33    9.99
 161560.247   172.425    20.17   10.74
 161936.499   177.863    14.45    7.70
 162312.752   180.883     8.03    4.12
 162689.008   181.299     1.11    3.64
 163065.265   179.761    -4.09    4.79
 163441.524   178.320    -3.83    5.36
 163817.784   176.693    -4.32    5.22
 164194.047   174.954    -4.62    4.84
 164570.311   172.964    -5.29    4.11
 164946.576   171.612    -3.59    4.05
 165322.844   171.261    -0.93    5.19
 165699.113   169.961    -3.45    5.44
 166075.384   167.120    -7.55    8.29
 166451.657   162.761   -11.58   10.83
 166827.932   157.643   -13.60   11.19
 167204.208   152.794   -12.89   10.47
 167580.486   151.337    -3.87    8.96
 167956.766   151.241    -0.26    7.73
 168333.047   153.684     6.49    8.59
 168709.331   155.072     3.69    8.88
 169085.616   155.425     0.94   12.47
 169461.903   156.925     3.99   16.26
 169838.191   158.812     5.01   15.19
 170214.482   161.099     6.08   12.19
 170590.774   162.120     2.71   11.04
 170967.068   161.145    -2.59   10.96
 171343.364   159.207    -5.15   10.06
 171719.661   159.126    -0.22    9.01
 172095.960   156.180    -7.83    8.20
 172472.261   150.427   -15.29    9.12
 172848.564   142.632   -20.71   11.80
 173224.869   135.590   -18.72   13.24
 173601.175   123.658   -31.71   12.00
 173977.483   115.636   -21.32   10.24
 174353.793   113.643    -5.30   10.01
 174730.105   115.530     5.01   10.75
 175106.419   115.478    -0.14   12.08
 175482.734   112.914    -6.81   13.58
 175859.051   107.662   -13.96   13.35
 176235.370   100.279   -19.62   13.79
 176611.691    91.337   -23.76   12.74
 176988.014    89.454    -5.00   11.11
 177364.338    91.684     5.92   12.43
 177740.664    95.310     9.64   10.85
 178116.992    94.342    -2.57   10.90
 178493.322    90.369   -10.56   10.39
 178869.653    85.856   -11.99    7.83
 179245.889    83.162    -7.16    7.62
 179621.863    83.949     2.09    8.28
 179997.840    82.530    -3.77   10.48
 180373.818    79.609    -7.77   10.61
 180749.798    76.666    -7.83   10.55
 181125.780    74.017    -7.05   10.28
 181501.763    70.399    -9.62    7.33
 181877.749    68.136    -6.02    4.69
 182253.736    68.560     1.13    4.67
 182629.725    72.709    11.04    9.77
 183005.716    77.801    13.54   11.88
 183381.709    81.479     9.78   12.19
 183757.704    82.854     3.66   11.92
 184133.700    80.361    -6.63   12.12
 184509.698    77.261    -8.25   12.06
 184885.698    71.774   -14.59   10.85
 185261.700    67.693   -10.85    8.69
 185637.704    64.531    -8.41    5.79
 186013.710    62.726    -4.80    5.38
 186389.717    61.919    -2.15    4.95
 186765.726    59.966    -5.19    5.45
 187141.737    57.747    -5.90    8.20
 187517.750    55.978    -4.71    9.09
 187893.765    55.952    -0.07    9.69
 188269.782    54.017    -5.14    6.98
 188645.800    54.774     2.01    4.85
 189021.821    56.607     4.87    6.40
 189397.843    61.199    12.21    9.07
 189773.867    66.581    14.31   11.15
 190149.893    69.555     7.91   10.84
 190525.921    71.473     5.10    9.19
 190901.950    70.477    -2.65    8.24
 191277.982    69.991    -1.29    6.25
 191654.015    71.639     4.38    7.27
 192030.050    74.373     7.27    8.84
 192406.087    77.126     7.32   10.58
 192782.126    78.222     2.92   12.61
 193158.167    80.248     5.39   13.57
 193534.210    80.425     0.47   12.99
 193910.255    82.720     6.10   12.33
 194286.301    87.735    13.34   11.34
 194662.349    89.786     5.45    9.59
 195038.400    90.612     2.20    7.98
 195414.452    88.017    -6.90    8.43
 195790.506    82.261   -15.31    8.23
 196166.561    79.991    -6.04    7.47
 196542.619    79.350    -1.70    7.34
 196918.679    80.223     2.32    6.47
 197294.740    81.991     4.70    5.79
 197670.804    82.557     1.50    6.75
 198046.869    84.558     5.32    6.81
 198422.936    84.325    -0.62    7.56
 198799.005    86.180     4.93    8.58
 199175.076    90.376    11.16    9.01
 199551.149    95.068    12.48    8.50
 199927.224    99.531    11.87    7.07
 200303.301   100.609     2.87    7.55
 200679.379   100.786     0.47    8.60
 201055.460    99.402    -3.68    8.79
 201431.542    95.883    -9.36    7.99
 201807.626    92.188    -9.82    5.42
 202183.713    93.099     2.42    6.87
 202559.801    94.720     4.31    7.97
 202935.891    97.477     7.33    7.59
 203311.983    95.754    -4.58    7.18
 203688.076    92.863    -7.69    7.00
 204064.172    90.248    -6.95    6.53
 204440.270    87.532    -7.22    5.20
 204816.370    86.684    -2.26    5.60
 205192.471    87.726     2.77    6.15
 205568.575    90.120     6.36    6.60
 205944.680    91.820     4.52    7.88
 206320.787    93.099     3.40   10.48
 206696.897    93.261     0.43   10.01
 207073.008    94.684     3.78   10.53
 207449.121    95.772     2.89    9.47
 207825.236    96.810     2.76    8.01
 208201.353    93.846    -7.88    8.94
 208577.472    89.320   -12.03    7.90
 208953.593    88.856    -1.23    6.21
 209329.716    90.477     4.31    6.88
 209705.841    94.990    12.00    7.27
 210081.967    97.530     6.75    6.38
 210458.096    99.017     3.95    6.06
 210834.227    97.671    -3.58    7.58
 211210.359    95.555    -5.62    7.03
 211586.494    93.754    -4.79    7.10
 211962.630    91.636    -5.63    6.87
 212338.769    88.427    -8.53    8.72
 212714.909    89.017     1.57   10.41
 213091.052    92.585     9.49   12.63
 213467.196    99.004    17.07   12.09
 213843.342   104.679    15.09   11.02
 214219.490   108.261     9.52   10.45
 214595.641   107.952    -0.82   11.68
 214971.793   105.099    -7.58   11.89
 215347.947   102.801    -6.11    9.60
 215724.103   102.666    -0.36    7.59
 216100.261   105.276     6.94    8.67
 216476.421   107.299     5.38    8.71
 216852.583   106.929    -0.98    9.76
 217228.748   103.865    -8.15    9.26
 217604.914   101.504    -6.28    7.26
 217981.082   101.267    -0.63    6.66
 218357.252   102.940     4.45    5.29
 218733.424   101.966    -2.59    6.10
 219109.597    99.241    -7.24    6.90
 219485.773    95.615    -9.64    7.17
 219861.951    91.952    -9.74    7.56
 220238.131    89.504    -6.51    6.53
 220614.313    86.254    -8.64    5.76
 220990.497    83.222    -8.06    5.35
 221366.683    80.320    -7.71    4.39
 221742.871    79.477    -2.24    4.69
 222119.061    78.774    -1.87    4.43
 222495.253    79.018     0.65    4.34
 222871.447    79.786     2.04    5.11
 223247.643    80.779     2.64    6.44
 223623.841    82.910     5.66    7.07
 224000.041    83.154     0.65    7.98
 224376.243    79.662    -9.28   10.94
 224752.447    77.109    -6.79   12.26
 225128.653    74.342    -7.36   11.65
 225504.861    74.043    -0.80   11.80
 225881.071    73.476    -1.51   10.63
 226257.283    72.584    -2.37    8.56
