#  339.003  -2.116   2.741 ;Mean Elev.(m), Avg Gradient(m/km), RMS Gradient(m/km) - SRTM1     
#  332.871  -1.999   6.307 ;Mean Elev.(m), Avg Gradient(m/km), RMS Gradient(m/km) - ASTER GDEM
#  339.720  -0.675   3.968 ;Mean Elev.(m), Avg Gradient(m/km), RMS Gradient(m/km) - GMTED2010 
  7  21.231814   2.068515   337.275   337.251  4 52467.85689812 18.866
  8  21.231594   2.069138   337.257   337.259  4 52502.85688809 51.554
  9  21.232909   2.069387   337.758   337.752  4 52537.85687287 53.186
 10  21.230564   2.067341   338.110   338.116  4 52572.85691181 53.511
 11  21.235341   2.069403   339.097   339.092  3 52607.85686981 50.239
 12  21.231639   2.069397   339.370   339.369  4 52642.85686682 52.346
 13  21.236055   2.069647   338.187   338.190  3 52677.85685075 52.924
 14  21.231316   2.067039   337.329   337.330  4 52712.85688616 51.705
 15  21.224016   2.067734   337.545   337.549  5 52747.85691249 51.694
 16  21.231160   2.067345   338.060   338.092  4 52782.85685262 49.249
 17  21.230513   2.067590   337.486   337.486  4 52817.85693094 51.619
 18  21.234004   2.069118   337.798   337.800  4 52852.85698111 50.759
 20  21.232755   2.068614   338.257   338.247  3 52922.85696952 53.068
 22  21.236327   2.069690   338.997   338.998  4 52992.85695937 51.990
 23  21.238473   2.068841   338.161   338.161  2 53027.85692465 51.043
 25  21.227954   2.067827   336.715   336.701  5 53097.85695225 33.684
 28  21.232132   2.067318   336.500   336.519  4 53202.85700671 46.218
 30  21.235394   2.069716   337.196   337.196  4 53272.85693421 52.869
 31  21.227806   2.068262   337.599   337.596  5 53307.85699535 44.998
 32  21.233020   2.068433   338.570   338.570  4 53342.85696198 52.485
 33  21.237342   2.068534   338.496   338.496  2 53377.85690035 51.105
 34  21.237539   2.068373   337.673   337.673  2 53412.85693776 53.077
 35  21.233139   2.068855   336.801   336.752  3 53447.85692466 12.771
 37  21.233881   2.069535   337.634   337.631  4 53517.85701101 51.401
 38  21.226884   2.067462   337.201   337.201  4 53552.85703213 50.792
 39  21.238021   2.067317   336.840   336.840  2 53587.85698262 51.387
 40  21.226562   2.068277   336.406   336.333  5 53622.85695291 25.094
 41  21.231470   2.067608   337.258   337.257  4 53657.85698011 52.332
 42  21.232320   2.067089   338.602   338.610  4 53692.85696255 53.072
 43  21.236454   2.068547   338.017   338.017  3 53727.85688608 50.755
 44  21.240247   2.069534   337.317   337.317  2 53762.85684300 51.527
 45  21.237457   2.068319   337.208   337.208  2 53797.85685332 41.951
 47  21.231636   2.066639   339.065   339.078  4 53867.85691268 46.603
 48  21.231969   2.067824   336.920   336.940  4 53902.85694423 23.232
 49  21.223385   2.066212   336.780   336.773  5 53937.85698114 49.885
 50  21.229961   2.068354   337.202   337.209  4 53972.85694429 52.728
 51  21.234716   2.069802   337.563   337.569  3 54007.85693205 41.732
 52  21.238298   2.068237   338.158   338.158  2 54042.85695517 51.189
 53  21.233629   2.069424   339.634   339.627  4 54077.85694903 39.672
 54  21.233231   2.068882   338.772   338.768  3 54112.85688779 53.462
 55  21.232776   2.068373   338.222   338.224  4 54147.85689314 51.218
 56  21.233575   2.068596   337.893   337.896  3 54182.85687620 52.555
 57  21.231945   2.069413   337.860   337.862  4 54217.85690166 51.359
 58  21.232511   2.068171   337.911   337.916  3 54252.85692739 51.669
 59  21.235223   2.068212   337.505   337.504  3 54287.85693162 51.752
 60  21.234935   2.069092   337.656   337.655  3 54322.85692876 50.675
 61  21.234761   2.069521   337.778   337.735  3 54357.85688666 30.982
 62  21.234216   2.069275   338.570   338.572  4 54392.85686918 51.373
 63  21.234865   2.069609   338.935   338.925  3 54427.85683657 51.676
 64  21.234509   2.068940   339.085   339.083  4 54462.85684722 51.733
 65  21.234924   2.069485   338.426   338.427  3 54497.85684534 52.097
 66  21.235358   2.069054   337.807   337.805  3 54532.85686060 51.140
 67  21.234548   2.068465   337.848   337.846  4 54567.85684986 51.640
 68  21.233167   2.068119   337.518   337.527  4 54602.85685619 51.312
 69  21.232417   2.069144   337.644   337.643  4 54637.85686712 52.928
 70  21.232582   2.068338   337.142   337.145  3 54672.85687007 53.237
 71  21.235282   2.070309   337.659   337.654  3 54707.85682958 50.648
 72  21.233604   2.068460   337.738   337.741  4 54742.85683568 48.889
 73  21.235231   2.070004   338.494   338.485  3 54777.85681079 52.185
 74  21.233867   2.068260   338.395   338.395  3 54812.85682869 50.897
 75  21.233962   2.068885   337.882   337.884  3 54847.85681111 51.420
 76  21.232541   2.068801   338.066   338.063  4 54882.85683222 50.474
 77  21.231831   2.068881   337.722   337.715  4 54917.85681327 51.836
 78  21.232382   2.068345   338.215   338.217  4 54952.85682669 51.409
 79  21.231018   2.067631   338.142   338.140  4 54987.85685093 51.157
 80  21.235308   2.068113   337.669   337.666  3 55022.85684270 51.272
 81  21.234125   2.068633   337.066   337.067  3 55057.85683879 51.160
 82  21.233535   2.068148   337.403   337.406  4 55092.85679420 50.988
 83  21.233680   2.069328   338.132   338.127  4 55127.85677885 51.161
 84  21.233807   2.069341   338.752   338.751  4 55162.85675536 51.709
 85  21.232943   2.069031   338.643   338.643  4 55197.85677033 51.370
 86  21.233170   2.068986   338.242   338.226  3 55232.85675962 51.786
 87  21.234044   2.068649   338.514   338.509  3 55267.85676444 51.345
 88  21.235159   2.069562   339.045   339.042  4 55302.85673988 52.468
 89  21.233238   2.069599   338.643   338.649  4 55337.85673929 51.825
 90  21.234594   2.069478   338.198   338.203  4 55372.85672908 50.640
 91  21.235037   2.069344   337.775   337.767  4 55407.85674962 43.272
 92  21.234249   2.068867   337.257   337.258  3 55442.85674785 51.643
 93  21.235290   2.069416   337.585   337.582  4 55477.85668735 48.754
