#  175.023 -18.271  27.360 ;Mean Elev.(m), Avg Gradient(m/km), RMS Gradient(m/km) - SRTM1     
#  167.018 -17.833  27.041 ;Mean Elev.(m), Avg Gradient(m/km), RMS Gradient(m/km) - ASTER GDEM
#  175.331 -18.413  27.685 ;Mean Elev.(m), Avg Gradient(m/km), RMS Gradient(m/km) - GMTED2010 
  7  14.140619  -4.950799   163.033   163.085  3 52446.37538946  4.338
  8  14.145775  -4.956877   174.702   175.714  7 52481.37538149 38.070
  9  14.154426  -4.956003   173.975   169.624  9 52516.37533343 12.580
 10  14.142513  -4.963746   222.732   222.480 11 52551.37538319  2.017
 11  14.158546  -4.950244   231.450   234.304 10 52586.37535375  9.633
 12  14.146842  -4.965952   233.697   228.184  5 52621.37533322  2.405
 15  14.150214  -4.962108   194.457   183.901  7 52726.37536317 33.409
 16  14.138625  -4.962312   177.900   177.627  8 52761.37537905 31.885
 17  14.157280  -4.950044   177.443   177.102 11 52796.37533520 32.767
 18  14.158466  -4.948147   173.294   173.287 11 52831.37540283 20.524
 20  14.148859  -4.957250   173.559   173.488 12 52901.37547520 16.995
 21  14.145982  -4.969406   232.334   229.145  4 52936.37541851  3.567
 22  14.149241  -4.953231   180.726   181.057  6 52971.37544054 14.055
 23  14.140796  -4.971300   231.016   227.333  6 53006.37545728  1.822
 25  14.144495  -4.963613   205.639   208.553  7 53076.37544110 13.185
 26  14.140120  -4.971527   184.679   181.665  8 53111.37541251 38.457
 27  14.146466  -4.957709   171.484   171.600 12 53146.37545262 20.233
 29  14.147127  -4.962514   176.800   173.384  8 53216.37548348 14.253
 30  14.146973  -4.955891   171.145   171.578  8 53251.37546069 12.514
 31  14.144154  -4.953631   173.175   173.573  7 53286.37545413 11.249
 32  14.161102  -4.945469   254.431   249.969  3 53321.37542845  1.711
 34  14.146249  -4.966191   218.922   219.072  6 53391.37541461  2.270
 37  14.140504  -4.964994   173.115   172.762 13 53496.37550050 14.190
 38  14.156460  -4.950036   171.997   171.793 12 53531.37547557 26.479
 39  14.142736  -4.962173   170.857   170.621 13 53566.37550359 36.737
 40  14.153616  -4.951869   168.746   168.737 12 53601.37544488 21.997
 41  14.145870  -4.956971   172.128   171.571 10 53636.37544338 11.773
 43  14.156125  -4.962039   242.265   242.265  2 53706.37539737  1.088
 44  14.153457  -4.964183   231.462   224.367  3 53741.37531080  3.036
 46  14.152979  -4.959911   173.929   173.694  7 53811.37531235 40.662
 47  14.147421  -4.954398   173.982   173.864  8 53846.37536027 31.523
 48  14.155434  -4.952861   172.611   169.470 10 53881.37538328 14.855
 50  14.138928  -4.966486   171.112   171.433 13 53951.37545284 18.717
 52  14.152782  -4.947500   181.412   180.131  7 54021.37542563 32.735
 58  14.147630  -4.971039   227.653   227.653  2 54231.37538729  2.100
 60  14.152971  -4.951436   171.238   171.214 12 54301.37540624 38.389
 62  14.151897  -4.954357   202.716   204.509  8 54371.37533913 12.157
 63  14.147859  -4.966232   221.344   220.519  4 54406.37534177  3.292
 64  14.150891  -4.957334   177.509   181.999 10 54441.37529826 35.952
 65  14.154007  -4.946810   184.153   185.359  7 54476.37532583 28.012
 67  14.151570  -4.953953   175.004   175.196 12 54546.37534112 40.841
 68  14.150858  -4.962687   247.729   243.108  5 54581.37531028  5.091
 69  14.152375  -4.954337   183.149   182.145  8 54616.37533060 25.763
 70  14.149282  -4.954706   171.374   171.416 12 54651.37534352 22.388
 71  14.151349  -4.953568   169.908   170.008 12 54686.37533519 16.849
 72  14.152377  -4.951753   172.676   172.668 12 54721.37528818 12.066
 73  14.148003  -4.965723   239.768   229.865  6 54756.37531314  2.224
 74  14.148556  -4.958510   180.258   179.856 10 54791.37528322 40.360
 76  14.148339  -4.968701   216.501   216.501  2 54861.37527900  2.733
 78  14.145689  -4.972498   226.919   226.919  2 54931.37527609  3.451
 79  14.150359  -4.956440   175.895   175.721  8 54966.37530878 36.387
 80  14.148714  -4.951329   174.145   172.707  9 55001.37532837 11.584
 81  14.152545  -4.953338   174.211   174.375 12 55036.37531412 18.180
 82  14.152912  -4.947175   170.823   170.503  8 55071.37530125 10.526
 83  14.150280  -4.951711   172.582   172.357  9 55106.37524649 11.257
 84  14.147700  -4.966064   205.726   204.339  6 55141.37525527  9.751
 85  14.150992  -4.958224   181.897   182.435  8 55176.37521641 38.386
 86  14.147712  -4.968126   216.830   219.413  3 55211.37525035  3.154
 87  14.149656  -4.958757   174.010   173.971 10 55246.37522122 14.770
 89  14.150759  -4.951201   178.036   178.001  7 55316.37520745 33.764
 90  14.151247  -4.953846   173.540   173.811 12 55351.37521306 22.675
 91  14.150336  -4.949734   171.371   170.858  7 55386.37520700 16.464
 92  14.152205  -4.953792   170.858   170.459 12 55421.37523074 20.282
 93  14.152268  -4.951949   172.950   173.061 12 55456.37520584 22.840
