-234103.260    97.009     0.00    5.45
-233727.182    99.366     6.27    7.06
-233351.109    98.793    -1.52    7.75
-232975.040    96.812    -5.27    9.70
-232598.974    90.150   -17.72   11.57
-232222.913    82.972   -19.09   11.61
-231846.856    77.393   -14.84   10.55
-231470.803    72.650   -12.61    7.50
-231094.754    72.293    -0.95    6.18
-230718.709    73.367     2.86    6.45
-230342.668    77.191    10.17    8.37
-229966.632    83.499    16.78    9.92
-229590.599    93.143    25.65   11.92
-229214.570    98.919    15.36    9.85
-228838.546   105.252    16.84    7.56
-228462.525   109.164    10.40    7.19
-228086.508   114.677    14.66   11.33
-227710.496   121.245    17.47   12.98
-227334.487   129.124    20.96   14.19
-226958.483   138.064    23.78   12.29
-226582.483   143.137    13.49    9.44
-226206.486   140.993    -5.70   10.36
-225830.494   134.814   -16.43    9.23
-225454.506   128.341   -17.22    7.69
-225078.521   123.245   -13.55    5.58
-224702.541   120.093    -8.38    6.21
-224326.565   115.314   -12.71    6.32
-223950.593   111.758    -9.46    4.95
-223574.624   110.920    -2.23    4.77
-223198.660   115.088    11.09    7.74
-222822.700   119.586    11.96    8.56
-222446.744   125.380    15.41    7.76
-222070.792   127.001     4.31    6.62
-221694.844   126.137    -2.30    7.24
-221318.900   122.407    -9.92    7.08
-220942.960   119.432    -7.91    5.42
-220567.024   119.918     1.29    6.17
-220191.092   121.515     4.25    5.69
-219815.164   124.543     8.06    5.21
-219439.239   127.630     8.21    5.13
-219063.319   131.472    10.22    5.68
-218687.403   135.704    11.26    6.69
-218311.491   139.068     8.95    7.21
-217935.583   141.731     7.08    6.02
-217559.679   141.326    -1.08    5.86
-217183.779   137.201   -10.97    7.97
-216807.883   131.704   -14.62    6.82
-216431.991   127.509   -11.16    6.21
-216056.103   123.457   -10.78    5.45
-215680.219   121.623    -4.88    6.03
-215304.339   118.407    -8.56    5.71
-214928.462   115.947    -6.54    6.14
-214552.590   113.329    -6.97    6.56
-214176.722   108.723   -12.26    7.95
-213800.858   105.245    -9.25    8.80
-213424.997    99.968   -14.04    6.87
-213049.141    96.709    -8.67    5.10
-212673.289    94.791    -5.10    5.36
-212297.440    93.326    -3.90    5.35
-211921.596    91.743    -4.21    5.47
-211545.756    90.353    -3.70    5.55
-211169.919    88.446    -5.07    6.20
-210794.087    86.406    -5.43    6.59
-210418.258    85.449    -2.55    6.15
-210042.433    86.047     1.59    7.87
-209666.613    84.791    -3.34    9.28
-209290.796    80.920   -10.30    8.90
-208914.983    78.704    -5.90    8.08
-208539.175    77.671    -2.75    6.56
-208163.370    76.560    -2.96    7.60
-207787.569    79.259     7.18    7.23
-207411.772    82.245     7.94    6.59
-207035.979    85.393     8.38    6.89
-206660.190    86.709     3.50    5.82
-206284.405    83.893    -7.49    8.15
-205908.624    77.611   -16.72   10.18
-205532.846    71.483   -16.31    9.46
-205157.073    64.137   -19.55    8.72
-204781.304    57.104   -18.72    8.38
-204405.538    52.073   -13.39    6.59
-204029.777    51.116    -2.55    5.36
-203654.019    52.945     4.87    6.15
-203278.265    58.611    15.08    6.94
-202902.515    64.650    16.07    8.82
-202526.770    72.001    19.57    9.12
-202151.028    77.949    15.83    8.80
-201775.290    83.919    15.89    7.95
-201399.556    88.088    11.10    7.15
-201023.825    90.596     6.67    5.07
-200648.099    89.993    -1.60    5.30
-200272.377    89.999     0.01    5.33
-199896.658    91.637     4.36    6.07
-199520.944    95.739    10.92    6.82
-199145.233    99.329     9.56    6.19
-198769.526   103.088    10.00    5.94
-198393.824   103.525     1.16    8.17
-198018.125   102.047    -3.93    8.74
-197642.430    97.979   -10.83    7.36
-197266.738    95.765    -5.89    5.08
-196891.051    96.380     1.64    4.98
-196515.368    98.731     6.26    6.39
-196139.688   102.299     9.50    7.03
-195763.603   105.116     7.49    7.16
-195387.154   106.252     3.02    6.79
-195010.708   108.040     4.75    5.79
-194634.266   109.709     4.44    5.55
-194257.828   112.343     7.00    5.31
-193881.395   114.762     6.42    4.91
-193504.964   116.765     5.32    5.28
-193128.538   119.304     6.74    6.07
-192752.116   121.560     5.99    6.67
-192375.698   126.504    13.14    6.47
-191999.283   130.393    10.33    6.34
-191622.873   133.329     7.80    6.68
-191246.466   135.407     5.52    6.89
-190870.063   138.432     8.04    8.05
-190493.664   139.893     3.88    8.61
-190117.269   137.028    -7.61   10.93
-189740.878   128.920   -21.54    9.91
-189364.491   125.116   -10.11    8.42
-188988.107   122.201    -7.74    5.93
-188611.727   122.393     0.51    4.56
-188235.352   124.839     6.50    5.59
-187858.980   129.393    12.10    7.26
-187482.612   132.893     9.30    8.83
-187106.248   137.816    13.08   10.43
-186729.888   145.252    19.76   11.15
-186353.531   147.201     5.18    8.52
-185977.179   147.171    -0.08    7.96
-185600.830   143.499    -9.76    8.11
-185224.485   140.743    -7.32    6.48
-184848.144   140.449    -0.78    6.98
-184471.807   142.586     5.68    7.74
-184095.474   142.739     0.41    7.27
-183719.144   139.299    -9.14    7.58
-183342.819   136.434    -7.61    8.26
-182966.497   135.353    -2.87    8.62
-182590.179   133.560    -4.76    8.00
-182213.865   134.168     1.62    6.52
-181837.555   135.974     4.80    9.43
-181461.248   149.693    36.46   28.47
-181084.946   159.235    25.36   29.05
-180708.647   163.867    12.31   26.58
-180332.352   164.525     1.75   24.28
-179956.061   156.304   -21.85   16.13
-179579.774   150.235   -16.13    6.67
-179203.490   150.515     0.74    6.72
-178827.211   152.443     5.13    9.06
-178450.935   157.449    13.30    9.21
-178074.663   160.968     9.35    8.18
-177698.395   162.406     3.82    7.50
-177322.130   161.699    -1.88    7.67
-176945.870   159.731    -5.23    7.12
-176569.613   158.866    -2.30    7.88
-176193.360   159.637     2.05    7.70
-175817.111   160.968     3.54    6.84
-175440.866   162.164     3.18    6.78
-175064.624   162.943     2.07    8.07
-174688.387   165.970     8.05    9.72
-174312.153   170.604    12.32   11.22
-173935.923   175.288    12.45   14.44
-173559.697   182.098    18.10   15.14
-173183.474   190.278    21.74   22.54
-172807.255   189.077    -3.19   23.06
-172431.040   192.218     8.35   23.98
-172054.829   202.407    27.08   37.50
-171678.622   201.843    -1.50   36.51
-171302.419   202.093     0.66   36.85
-170926.219   194.143   -21.13   40.79
-170550.023   175.055   -50.74   26.25
-170173.831   163.785   -29.96    8.08
-169797.642   162.051    -4.61    6.08
-169421.458   162.718     1.77    5.97
-169045.277   165.082     6.28    6.06
-168669.100   165.493     1.09    6.08
-168292.926   166.868     3.65    6.24
-167916.757   167.137     0.71    5.27
-167540.591   165.420    -4.56    5.32
-167164.429   161.919    -9.31    7.06
-166788.271   158.509    -9.07    6.43
-166412.116   155.946    -6.81    4.45
-166035.966   154.252    -4.50    4.74
-165659.819   152.596    -4.40    4.61
-165283.676   151.918    -1.80    4.85
-164907.536   153.843     5.12    6.38
-164531.400   158.293    11.83    6.92
-164155.269   163.677    14.31    6.32
-163779.140   167.326     9.70    5.65
-163403.016   170.380     8.12    6.53
-163026.895   175.047    12.41    8.50
-162650.778   178.299     8.65    8.26
-162274.665   182.018     9.89    5.95
-161898.556   181.124    -2.38    7.82
-161522.450   179.650    -3.92    8.78
-161146.348   181.432     4.74   12.72
-160770.250   187.919    17.25   18.13
-160394.155   200.304    32.93   20.99
-160018.064   208.709    22.35   14.68
-159641.977   211.637     7.79   12.11
-159265.894   206.001   -14.99   14.85
-158889.814   194.968   -29.34   15.30
-158513.739   184.068   -28.98   13.45
-158137.666   173.643   -27.72    8.36
-157761.598   167.839   -15.43    8.04
-157385.533   162.245   -14.88    9.98
-157009.472   160.677    -4.17   10.01
-156633.415   161.637     2.55   11.21
-156257.362   163.704     5.50   11.24
-155881.312   165.688     5.28    9.50
-155505.266   167.367     4.46    8.22
-155129.223   172.082    12.54    9.77
-154753.184   176.945    12.93    9.69
-154377.149   181.021    10.84    9.52
-154001.118   188.919    21.00   11.76
-153625.091   192.461     9.42   12.12
-153249.067   195.098     7.01   10.34
-152873.046   194.407    -1.84   11.57
-152497.030   190.118   -11.41   10.99
-152121.017   184.118   -15.96    7.27
-151745.008   180.366    -9.98    9.02
-151369.003   175.353   -13.33    7.88
-150993.001   170.785   -12.15    6.11
-150617.003   169.515    -3.38    5.98
-150241.008   173.073     9.46    8.26
-149865.018   178.254    13.78   10.67
-149489.031   182.021    10.02   10.18
-149113.047   181.867    -0.41   10.99
-148737.068   177.272   -12.22   11.81
-148361.092   170.304   -18.53    9.64
-147985.120   167.227    -8.18    8.21
-147609.151   163.586    -9.68    6.62
-147233.186   163.731     0.39    5.80
-146857.225   165.663     5.14    7.25
-146481.267   169.677    10.68    8.47
-146105.313   172.218     6.76    8.06
-145729.363   174.943     7.25    6.76
-145353.416   178.088     8.36    7.54
-144977.473   181.920    10.19    8.58
-144601.534   185.704    10.07    7.52
-144225.598   184.920    -2.08    6.58
-143849.666   183.278    -4.37    5.92
-143473.738   183.477     0.53    8.79
-143097.813   188.739    14.00   14.03
-142721.892   193.021    11.39   15.99
-142345.975   195.785     7.35   14.86
-141970.061   194.175    -4.28   13.33
-141594.151   194.996     2.18   13.51
-141218.245   190.683   -11.47   11.25
-140842.342   184.434   -16.62   11.06
-140466.443   179.996   -11.81   10.21
-140090.547   174.839   -13.72    9.09
-139714.655   170.293   -12.09    9.85
-139338.767   164.043   -16.63    9.76
-138962.882   156.810   -19.24    6.80
-138587.001   153.758    -8.12    4.68
-138211.124   153.326    -1.15    5.42
-137835.250   152.677    -1.73    6.47
-137459.380   153.098     1.12    7.80
-137083.513   153.001    -0.26    7.65
-136707.650   152.818    -0.49    7.98
-136331.791   154.021     3.20    7.16
-135955.936   154.839     2.18    6.75
-135580.084   153.278    -4.15    6.84
-135204.235   151.227    -5.46    7.30
-134828.390   149.262    -5.23    7.25
-134452.549   146.001    -8.68    6.05
-134076.711   144.663    -3.56    5.31
-133700.877   148.704    10.75    8.32
-133325.047   152.218     9.35    8.96
-132949.220   153.668     3.86    7.66
-132573.397   151.636    -5.41    7.12
-132197.578   148.110    -9.38    6.25
-131821.762   148.650     1.44    6.68
-131445.949   151.893     8.63    8.50
-131070.140   154.543     7.05    6.86
-130694.335   155.569     2.73    7.11
-130318.534   153.693    -4.99    8.58
-129942.736   153.406    -0.76    7.90
-129566.941   155.704     6.12    8.87
-129191.150   158.025     6.18    8.39
-128815.363   161.073     8.11    9.96
-128439.579   164.367     8.77   10.28
-128063.799   161.812    -6.80   11.72
-127688.023   161.816     0.01   11.40
-127312.250   158.245    -9.51   10.39
-126936.480   154.893    -8.92    9.63
-126560.714   152.293    -6.92    8.44
-126184.952   149.550    -7.30    5.66
-125809.194   151.839     6.09    8.63
-125433.438   162.326    27.91   30.39
-125057.687   172.920    28.19   44.10
-124681.939   179.568    17.70   50.99
-124306.194   181.028     3.89   53.28
-123930.454   165.343   -41.75   31.92
-123554.716   158.586   -17.99   13.58
-123178.983   160.551     5.23   11.81
-122803.252   179.472    50.36   34.13
-122427.526   204.252    65.95   45.12
-122051.803   238.051    89.96   46.42
-121676.083   262.393    64.79   28.35
-121300.367   267.560    13.75   23.35
-120924.655   262.542   -13.36   24.40
-120548.305   262.118    -1.13   22.04
-120171.887   267.586    14.53   19.41
-119795.473   277.671    26.79   12.35
-119419.062   284.082    17.03   10.09
-119042.655   288.055    10.56   10.46
-118666.251   287.446    -1.62   16.23
-118289.851   268.243   -51.02   41.37
-117913.455   243.731   -65.13   52.12
-117537.062   214.693   -77.15   47.47
-117160.672   185.637   -77.20   21.55
-116784.286   174.272   -30.20    8.09
-116407.904   170.209   -10.79    4.88
-116031.525   168.355    -4.93    4.49
-115655.150   167.420    -2.48    2.84
-115278.778   167.366    -0.14    2.67
-114902.410   168.073     1.88    2.42
-114526.045   169.920     4.91    4.35
-114149.684   174.021    10.90    7.47
-113773.326   180.568    17.40    9.83
-113396.972   185.865    14.07    8.38
-113020.622   188.164     6.11    8.27
-112644.275   187.677    -1.29    8.11
-112267.931   184.434    -8.62    6.89
-111891.591   183.209    -3.25    6.20
-111515.254   181.699    -4.01    5.09
-111138.921   180.601    -2.92    4.30
-110762.592   182.124     4.05    5.51
-110386.266   183.623     3.98    5.84
-110009.943   184.175     1.47    6.52
-109633.624   186.472     6.10    6.86
-109257.309   186.150    -0.86    6.32
-108880.997   185.630    -1.38    5.59
-108504.688   186.201     1.52    4.26
-108128.383   188.461     6.01    5.51
-107752.082   190.765     6.12    6.25
-107375.784   194.843    10.84    8.42
-106999.489   201.143    16.74   11.58
-106623.198   202.974     4.87   11.05
-106246.911   204.623     4.38   10.43
-105870.627   206.353     4.60    9.60
-105494.346   206.299    -0.14    7.83
-105118.069   208.236     5.15    8.20
-104741.795   209.643     3.74    7.95
-104365.525   211.150     4.00    9.47
-103989.259   212.893     4.63    9.46
-103612.996   207.124   -15.33   12.81
-103236.736   199.630   -19.92   15.32
-102860.480   189.739   -26.29   13.92
-102484.227   181.709   -21.34    8.20
-102107.978   179.534    -5.78    8.48
-101731.732   178.055    -3.93    7.89
-101355.490   177.406    -1.73    7.77
-100979.251   176.193    -3.22    8.19
-100603.015   174.379    -4.82    8.05
-100226.783   171.055    -8.83    9.49
 -99850.555   166.326   -12.57    9.00
 -99474.330   162.650    -9.77    7.84
 -99098.108   158.272   -11.64    7.01
 -98721.890   157.504    -2.04    8.75
 -98345.676   154.293    -8.54    9.99
 -97969.464   150.124   -11.08   10.72
 -97593.257   146.326   -10.10    9.41
 -97217.052   143.201    -8.31    7.75
 -96840.851   140.762    -6.48    6.77
 -96464.654   136.304   -11.85    8.73
 -96088.460   131.472   -12.84    6.47
 -95712.269   129.098    -6.31    6.57
 -95336.082   128.028    -2.84    7.11
 -94959.899   127.867    -0.43    8.28
 -94583.718   125.568    -6.11    7.74
 -94207.542   122.493    -8.17    7.81
 -93831.368   120.841    -4.39    7.53
 -93455.198   119.218    -4.31    6.38
 -93079.032   119.110    -0.29    7.84
 -92702.869   124.353    13.94   10.74
 -92326.709   125.254     2.40   11.65
 -91950.553   126.343     2.89   21.75
 -91574.400   127.893     4.12   22.42
 -91198.250   124.999    -7.70   22.28
 -90822.104   125.637     1.70   22.40
 -90445.962   132.355    17.86   21.46
 -90069.823   133.304     2.52   16.61
 -89693.687   133.156    -0.39   12.61
 -89317.555   135.868     7.21   12.12
 -88941.426   135.671    -0.52   10.65
 -88565.300   136.499     2.20    8.69
 -88189.178   132.468   -10.72    9.30
 -87813.059   127.322   -13.68    9.56
 -87436.944   122.534   -12.73   10.22
 -87060.832   119.082    -9.18   10.63
 -86684.724   115.974    -8.26   10.15
 -86308.618   112.569    -9.05    9.27
 -85932.517   113.143     1.53   11.82
 -85556.418   115.509     6.29   13.07
 -85180.323   120.193    12.46   15.27
 -84804.232   128.972    23.34   16.50
 -84428.144   140.611    30.95   15.89
 -84052.059   141.047     1.16   13.57
 -83675.977   143.175     5.66   14.17
 -83299.899   138.812   -11.60   13.64
 -82923.825   139.970     3.08   15.15
 -82547.753   142.977     7.99   17.11
 -82171.685   133.999   -23.87   20.27
 -81795.621   123.021   -29.19   21.31
 -81419.560   110.158   -34.21   16.94
 -81043.502   103.970   -16.45   10.76
 -80667.447   101.380    -6.89    9.47
 -80291.396   102.866     3.95    9.75
 -79915.349   109.812    18.47   11.36
 -79539.304   115.421    14.92   11.60
 -79163.263   120.252    12.85   10.73
 -78787.226   121.043     2.10   11.04
 -78411.191   117.130   -10.41   13.42
 -78035.161   111.443   -15.12   10.11
 -77659.133   109.483    -5.21    9.81
 -77283.109   115.073    14.87   13.77
 -76907.088   122.569    19.94   17.30
 -76531.070   133.534    29.16   15.82
 -76155.056   140.727    19.13   13.06
 -75779.046   140.814     0.23   11.86
 -75403.038   129.047   -31.30   18.80
 -75027.034   114.750   -38.02   19.41
 -74651.033   104.868   -26.28   14.63
 -74275.036    98.947   -15.75    6.53
 -73899.042   102.326     8.99    9.31
 -73523.051   106.353    10.71   11.33
 -73147.063   109.977     9.64   13.30
 -72771.079   107.970    -5.34   14.17
 -72395.099   103.771   -11.17   13.68
 -72019.121   100.380    -9.02    9.07
 -71643.147    99.393    -2.62    8.57
 -71267.176    98.227    -3.10    8.07
 -70891.209    98.150    -0.20    7.34
 -70515.244   100.288     5.69    8.69
 -70139.284   103.355     8.16   10.94
 -69763.326   108.227    12.96   11.54
 -69387.372   110.209     5.27   11.91
 -69011.421   114.611    11.71   11.91
 -68635.473   118.452    10.22   11.10
 -68259.529   119.996     4.11   10.51
 -67883.588   122.762     7.36   10.85
 -67507.650   127.974    13.87    8.54
 -67131.716   130.542     6.83    7.12
 -66755.785   129.477    -2.83    7.51
 -66379.857   130.509     2.75    6.49
 -66003.933   129.503    -2.68    7.47
 -65628.012   129.812     0.82    7.14
 -65252.094   130.304     1.31    7.87
 -64876.179   131.355     2.80    8.66
 -64500.268   132.611     3.34    9.00
 -64124.360   131.735    -2.33    9.30
 -63748.455   129.021    -7.22   10.02
 -63372.554   126.137    -7.67    8.69
 -62996.656   123.551    -6.88    8.27
 -62620.761   124.130     1.54    8.38
 -62244.869   123.742    -1.03    8.65
 -61868.981   122.945    -2.12    9.07
 -61493.096   122.446    -1.33    9.41
 -61117.214   120.893    -4.13    9.47
 -60741.336   120.461    -1.15    9.23
 -60365.460   122.088     4.33   11.13
 -59989.589   120.314    -4.72   10.36
 -59613.720   119.668    -1.72    9.83
 -59237.855   117.920    -4.65    7.54
 -58861.992   116.457    -3.89    3.08
 -58486.134   116.816     0.96    1.98
 -58110.278   117.483     1.77    1.86
 -57734.426   118.499     2.70    2.30
 -57358.577   119.791     3.44    2.59
 -56982.731   121.569     4.73    2.59
 -56606.888   123.137     4.17    2.81
 -56231.049   125.183     5.44    3.62
 -55855.213   128.456     8.71    3.46
 -55479.380   131.457     7.99    3.61
 -55103.550   134.525     8.16    3.31
 -54727.724   136.731     5.87    2.89
 -54351.901   138.920     5.83    2.48
 -53976.081   140.449     4.07    1.99
 -53600.265   141.630     3.14    2.20
 -53224.451   142.943     3.49    2.46
 -52848.641   145.596     7.06    4.50
 -52472.834   148.227     7.00    5.96
 -52097.030   149.329     2.93    5.45
 -51721.230   150.919     4.23    5.11
 -51345.433   153.104     5.81    6.72
 -50969.639   157.329    11.24   11.77
 -50593.848   161.110    10.06   11.40
 -50218.061   162.542     3.81   10.78
 -49842.276   161.946    -1.59   10.89
 -49466.495   157.456   -11.95    6.81
 -49090.717   154.714    -7.30    5.65
 -48714.943   152.130    -6.88    4.04
 -48339.171   150.623    -4.01    2.96
 -47963.403   149.709    -2.43    2.70
 -47587.638   148.560    -3.06    2.39
 -47211.876   148.656     0.26    2.68
 -46836.118   147.637    -2.71    3.02
 -46460.362   146.245    -3.71    2.99
 -46084.610   145.534    -1.89    2.77
 -45708.687   145.021    -1.36    2.64
 -45332.294   146.842     4.84    4.98
 -44955.905   150.504     9.73    9.35
 -44579.518   151.483     2.60    9.40
 -44203.135   152.028     1.45    9.40
 -43826.755   152.380     0.93   11.05
 -43450.378   151.812    -1.51   12.72
 -43074.005   152.550     1.96   13.80
 -42697.634   152.073    -1.27   13.36
 -42321.267   149.252    -7.49    9.36
 -41944.903   146.477    -7.37    5.17
 -41568.543   144.946    -4.07    4.62
 -41192.185   144.921    -0.07    6.73
 -40815.831   143.314    -4.27    7.15
 -40439.479   142.021    -3.44    7.27
 -40063.131   140.082    -5.15    6.27
 -39686.786   138.380    -4.52    1.94
 -39310.445   137.972    -1.08    2.15
 -38934.106   136.970    -2.66    2.34
 -38557.771   134.785    -5.81    4.09
 -38181.439   132.643    -5.69    4.52
 -37805.110   129.218    -9.10    5.37
 -37428.784   125.947    -8.69    4.69
 -37052.462   125.380    -1.51    5.44
 -36676.142   124.116    -3.36    5.54
 -36299.826   123.124    -2.63    6.08
 -35923.513   121.714    -3.75    6.66
 -35547.203   119.616    -5.58    4.58
 -35170.896   117.788    -4.86    3.76
 -34794.593   116.838    -2.53    3.29
 -34418.292   115.604    -3.28    3.11
 -34041.995   113.943    -4.41    2.23
 -33665.701   112.974    -2.57    1.96
 -33289.410   111.472    -3.99    2.15
 -32913.122   110.446    -2.73    2.20
 -32536.837   109.432    -2.70    2.26
 -32160.556   108.082    -3.59    2.36
 -31784.278   106.943    -3.03    2.72
 -31408.002   105.288    -4.40    2.33
 -31031.730   104.110    -3.13    2.07
 -30655.461   102.893    -3.23    2.55
 -30279.196   101.977    -2.44    2.69
 -29902.933   101.227    -1.99    2.38
 -29526.674   100.868    -0.95    2.32
 -29150.417   101.004     0.36    2.24
 -28774.164   101.235     0.61    3.34
 -28397.914   101.353     0.31    3.63
 -28021.667   100.461    -2.37    3.59
 -27645.423    98.718    -4.63    2.98
 -27269.183    98.055    -1.76    2.52
 -26892.945    98.534     1.27    2.65
 -26516.711    99.472     2.49    2.78
 -26140.479   101.175     4.53    2.65
 -25764.251   103.245     5.50    2.50
 -25388.026   104.113     2.31    3.20
 -25011.804   105.560     3.85    6.74
 -24635.585   107.810     5.98    9.14
 -24259.369   107.947     0.37    9.78
 -23883.157   105.677    -6.03   10.55
 -23506.947   101.816   -10.26    9.80
 -23130.741    95.406   -17.04    6.87
 -22754.538    92.008    -9.03    4.97
 -22378.337    88.868    -8.35    3.69
 -22002.140    85.841    -8.05    4.58
 -21625.946    81.299   -12.07    7.07
 -21249.755    76.355   -13.14    7.41
 -20873.568    72.130   -11.23    7.00
 -20497.383    68.175   -10.51    6.17
 -20121.201    66.604    -4.18    5.43
 -19745.023    66.293    -0.83    4.48
 -19368.847    65.947    -0.92    4.32
 -18992.675    65.332    -1.63    5.29
 -18616.506    63.509    -4.85    5.57
 -18240.340    60.727    -7.40    6.55
 -17864.177    59.272    -3.87    7.21
 -17488.017    56.839    -6.47    7.52
 -17111.860    54.434    -6.39    7.68
 -16735.706    51.816    -6.96    7.15
 -16359.555    49.746    -5.50    5.72
 -15983.408    48.791    -2.54    4.33
 -15607.263    48.604    -0.50    4.39
 -15231.121    48.866     0.70    4.77
 -14854.983    46.970    -5.04    4.79
 -14478.848    45.974    -2.65    5.21
 -14102.715    45.021    -2.53    5.76
 -13726.586    42.124    -7.70    5.81
 -13350.460    39.816    -6.14    6.06
 -12974.337    36.656    -8.40    5.34
 -12598.217    33.918    -7.28    5.28
 -12222.100    30.996    -7.77    5.14
 -11845.986    28.838    -5.74    4.57
 -11469.875    27.353    -3.95    4.05
 -11093.767    26.974    -1.01    5.21
 -10717.662    27.299     0.86    5.72
 -10341.560    26.406    -2.37    5.95
  -9965.461    24.550    -4.93    5.41
  -9589.366    21.893    -7.07    3.27
  -9213.273    20.235    -4.41    2.53
  -8837.184    18.727    -4.01    1.75
  -8461.097    17.970    -2.01    2.23
  -8085.014    16.704    -3.37    1.54
  -7708.933    16.073    -1.68    1.48
  -7332.856    15.446    -1.67    1.55
  -6956.781    14.586    -2.29    1.47
  -6580.710    13.758    -2.20    1.11
  -6204.641    13.156    -1.60    1.13
  -5828.576    12.693    -1.23    1.18
  -5452.514    12.477    -0.58    1.23
  -5076.455    11.839    -1.69    1.54
  -4700.398    10.137    -4.53    3.42
  -4324.345     7.623    -6.68    4.85
  -3948.295     4.262    -8.94    4.71
  -3572.248     1.379    -7.67    2.61
  -3196.204     0.018    -3.62    0.56
  -2820.162    -0.107    -0.33    0.00
  -2444.124    -0.107     0.00    0.00
  -2068.089    -0.107     0.00    0.00
  -1692.057    -0.107     0.00    0.00
  -1316.028    -0.107     0.00    0.00
   -940.002    -0.107     0.00    0.00
   -563.978    -0.107     0.00    0.00
   -187.958    -0.107     0.00    0.00
    188.059    -0.054     0.14    0.32
    564.073    -0.057    -0.01    0.32
    940.084    -0.051     0.01    0.33
   1316.092    -0.107    -0.15    0.00
   1692.097    -0.107     0.00    0.00
   2068.099    -0.107     0.00    0.00
   2444.099    -0.107     0.00    0.00
   2820.095    -0.107     0.00    0.00
   3196.088     0.818     2.46    2.23
   3572.078     1.788     2.58    2.47
   3948.065     2.920     3.01    2.46
   4324.050     4.047     3.00    1.87
   4700.031     4.209     0.43    1.61
   5076.009     4.077    -0.35    1.80
   5451.985     3.709    -0.98    2.06
   5827.957     3.919     0.56    1.88
   6203.926     3.812    -0.28    2.14
   6579.893     4.025     0.57    2.04
   6955.856     3.143    -2.34    2.53
   7331.817     1.722    -3.78    1.96
   7707.774     1.353    -0.98    1.86
   8083.729     1.218    -0.36    1.70
   8459.680     1.785     1.51    2.12
   8835.629     2.704     2.44    1.85
   9211.575     3.116     1.09    1.71
   9587.517     3.068    -0.13    1.47
   9963.457     2.604    -1.24    1.33
  10339.394     2.623     0.05    1.43
  10715.328     2.765     0.38    1.76
  11091.259     2.972     0.55    1.85
  11467.187     3.457     1.29    1.71
  11843.112     3.650     0.51    1.44
  12219.034     3.868     0.58    1.37
  12594.953     3.838    -0.08    1.31
  12970.869     4.841     2.67    3.11
  13346.783     9.218    11.65   12.06
  13722.693    16.236    18.67   15.38
  14098.600    21.434    13.83   15.67
  14474.505    23.731     6.11   15.80
  14850.406    24.866     3.02   15.99
  15226.305    19.461   -14.38   15.37
  15602.201    15.143   -11.49   10.98
  15978.093    18.218     8.18   13.23
  16353.983    23.637    14.42   16.31
  16729.870    26.974     8.88   15.74
  17105.754    27.893     2.44   14.57
  17481.635    29.999     5.60   17.05
  17857.513    30.919     2.45   17.51
  18233.389    32.218     3.46   17.32
  18609.261    28.227   -10.62   16.32
  18985.130    21.310   -18.40   12.69
  19360.997    15.893   -14.41    9.71
  19736.860    12.714    -8.46    5.84
  20112.721    12.772     0.16    6.14
  20488.579    13.663     2.37    6.60
  20864.434    14.001     0.90    5.19
  21240.286    13.569    -1.15    5.36
  21616.135    12.542    -2.73    5.07
  21991.981    10.921    -4.31    3.30
  22367.824    10.329    -1.57    4.64
  22743.665    10.791     1.23    5.61
  23119.502    10.314    -1.27    5.45
  23495.337    12.499     5.81    8.75
  23871.169    13.560     2.82    8.35
  24246.997    13.970     1.09    7.95
  24622.823    15.461     3.97    8.87
  24998.647    13.611    -4.92    6.09
  25374.467    13.171    -1.17    5.17
  25750.284    16.175     7.99    9.19
  26126.098    17.278     2.93   10.99
  26501.910    18.237     2.55   11.01
  26877.719    18.765     1.41    8.68
  27253.525    18.218    -1.46    8.46
  27629.327    16.758    -3.88    7.40
  28005.128    17.393     1.69    7.26
  28380.925    16.004    -3.70    5.35
  28756.719    17.201     3.18    6.11
  29132.511    18.765     4.16    5.72
  29508.666    19.656     2.37    5.96
  29885.028    20.816     3.08    8.26
  30261.388    19.945    -2.32    7.82
  30637.745    18.893    -2.79    5.24
  31014.098    18.974     0.22    5.44
  31390.449    19.945     2.58    5.40
  31766.798    21.758     4.82    5.85
  32143.143    23.047     3.42    5.21
  32519.485    22.393    -1.74    5.42
  32895.825    21.081    -3.49    4.58
  33272.161    21.791     1.89    5.90
  33648.495    21.551    -0.64    6.17
  34024.826    22.542     2.63    5.91
  34401.154    24.946     6.39    5.81
  34777.479    26.504     4.14    6.48
  35153.802    30.762    11.31    5.79
  35530.121    34.919    11.05    6.07
  35906.438    37.893     7.90    5.29
  36282.752    40.842     7.84    5.47
  36659.063    43.483     7.02    5.95
  37035.371    47.842    11.58    6.75
  37411.677    51.245     9.04    5.94
  37787.979    52.124     2.34    7.46
  38164.279    52.001    -0.33    7.91
  38540.576    50.758    -3.30   10.29
  38916.870    52.407     4.38   14.05
  39293.161    51.643    -2.03   12.57
  39669.450    50.278    -3.63   10.98
  40045.735    49.329    -2.52    9.07
  40422.018    48.838    -1.31    9.26
  40798.298    46.788    -5.45    9.18
  41174.575    49.421     7.00    9.94
  41550.849    52.420     7.97   10.18
  41927.121    58.047    14.96   10.77
  42303.390    60.920     7.64   10.57
  42679.655    66.483    14.78   11.60
  43055.919    70.551    10.81   14.21
  43432.179    74.406    10.25   17.76
  43808.436    79.326    13.08   17.05
  44184.691    83.243    10.41   16.56
  44560.943    85.839     6.90   14.31
  44937.192    84.677    -3.09   13.14
  45313.438    83.515    -3.09   11.48
  45689.682    85.254     4.62   13.42
  46065.922    89.483    11.24   14.03
  46442.160   100.227    28.56   19.65
  46818.395   108.477    21.93   20.15
  47194.628   115.077    17.54   14.95
  47570.857   115.004    -0.19   13.27
  47947.084   112.209    -7.43   10.45
  48323.308   110.593    -4.29    8.03
  48699.529   114.299     9.85    9.54
  49075.747   118.683    11.65   11.52
  49451.963   120.841     5.74   12.23
  49828.176   125.509    12.41   11.74
  50204.386   129.866    11.58   13.43
  50580.593   136.143    16.68   15.00
  50956.798   141.432    14.06   11.59
  51332.999   140.110    -3.51   13.15
  51709.198   140.812     1.87   15.62
  52085.395   141.137     0.86   17.52
  52461.588   143.945     7.46   18.84
  52837.779   148.996    13.43   21.34
  53213.967   153.693    12.49   22.11
  53590.152   155.788     5.57   23.43
  53966.334   153.569    -5.90   17.88
  54342.514   153.782     0.57   11.52
  54718.691   161.688    21.02   15.56
  55094.865   168.272    17.50   16.26
  55471.036   174.355    16.17   15.27
  55847.205   177.551     8.50   14.99
  56223.371   174.168    -8.99   14.71
  56599.534   166.920   -19.27   14.33
  56975.694   160.318   -17.55   15.36
  57351.852   152.739   -20.15   15.62
  57728.007   146.532   -16.50   10.62
  58104.159   148.569     5.41   13.74
  58480.308   157.488    23.71   19.50
  58856.455   167.683    27.10   17.10
  59232.599   171.765    10.85   13.81
  59608.740   169.116    -7.04   13.89
  59984.879   161.970   -19.00   11.50
  60361.015   157.630   -11.54   12.87
  60737.148   163.254    14.95   17.65
  61113.278   169.996    17.92   18.03
  61489.406   170.073     0.20   17.38
  61865.531   171.457     3.68   18.13
  62241.653   162.656   -23.40   20.19
  62617.772   151.193   -30.48   25.31
  62993.889   145.353   -15.53   25.83
  63370.003   134.093   -29.94   19.59
  63746.114   129.457   -12.33   17.32
  64122.223   126.032    -9.11   20.42
  64498.329   117.893   -21.64   25.02
  64874.432   104.596   -35.36   29.62
  65250.533    85.623   -50.45   28.88
  65626.630    68.868   -44.55   18.94
  66002.725    63.643   -13.89   15.55
  66378.818    57.304   -16.86   16.13
  66754.908    50.735   -17.46   17.54
  67130.995    45.596   -13.67   18.06
  67507.079    43.380    -5.89   17.87
  67883.160    44.183     2.13   19.19
  68259.239    46.288     5.60   18.80
  68635.316    49.650     8.94   17.40
  69011.389    49.970     0.85   16.44
  69387.460    50.974     2.67   18.06
  69763.528    57.970    18.60   24.68
  70139.594    66.993    23.99   25.58
  70515.656    73.171    16.43   19.60
  70891.717    77.488    11.48   14.59
  71267.774    86.299    23.43   18.42
  71643.829   101.704    40.97   22.89
  72019.881   109.867    21.71   24.55
  72395.930   112.532     7.09   24.91
  72771.977   124.393    31.54   30.12
  73148.021   126.393     5.32   28.95
  73524.063   129.812     9.09   25.11
  73900.101   141.637    31.44   24.55
  74276.137   154.130    33.22   24.89
  74652.171   165.788    31.00   26.05
  75028.202   177.785    31.90   17.74
  75404.230   174.047    -9.94   18.32
  75780.255   163.623   -27.72   20.92
  76156.278   153.842   -26.01   23.67
  76532.298   139.968   -36.90   21.56
  76908.316   128.922   -29.38   18.77
  77284.330   119.596   -24.80   18.96
  77660.343   106.001   -36.15   16.94
  78036.352    98.704   -19.41   14.24
  78412.359    99.812     2.95   16.18
  78788.363   106.532    17.87   18.58
  79164.365   118.518    31.88   19.82
  79540.364   127.919    25.00   23.42
  79916.360   139.353    30.41   23.50
  80292.354   149.406    26.74   28.44
  80668.345   153.972    12.14   31.58
  81044.334   158.227    11.32   31.59
  81420.319   165.218    18.59   31.70
  81796.303   164.252    -2.57   26.50
  82172.283   161.004    -8.64   33.28
  82548.261   150.509   -27.92   36.25
  82924.236   144.380   -16.30   34.52
  83300.209   146.050     4.44   39.14
  83676.179   162.137    42.79   40.43
  84052.147   181.623    51.83   29.71
  84428.112   187.841    16.54   26.55
  84804.074   185.920    -5.11   21.39
  85180.033   194.596    23.08   26.66
  85555.990   205.343    28.59   31.31
  85931.945   216.457    29.56   31.22
  86307.897   223.972    19.99   25.96
  86683.846   222.867    -2.94   23.79
  87059.792   226.329     9.21   20.30
  87435.736   228.278     5.18   14.48
  87811.678   230.515     5.95   13.60
  88187.617   220.483   -26.68   19.17
  88563.553   208.866   -30.90   21.15
  88939.486   200.457   -22.37   22.69
  89315.417   196.509   -10.50   19.89
  89691.346   200.987    11.91   19.08
  90067.272   204.688     9.85   26.52
  90443.195   196.380   -22.10   32.88
  90819.115   179.866   -43.93   34.33
  91195.033   166.709   -35.00   27.66
  91570.949   158.569   -21.65   28.61
  91946.862   151.124   -19.80   34.78
  92322.772   151.996     2.32   40.40
  92698.680   152.656     1.76   41.01
  93074.585   146.104   -17.43   34.60
  93450.488   148.304     5.85   33.01
  93826.388   157.124    23.46   36.38
  94202.285   176.055    50.36   44.14
  94578.180   203.073    71.87   45.70
  94954.072   227.650    65.38   31.99
  95329.962   242.209    38.73   29.95
  95705.849   249.201    18.60   26.18
  96081.734   246.050    -8.38   24.01
  96457.616   245.739    -0.82   22.68
  96833.495   250.235    11.96   22.17
  97209.372   246.028   -11.19   27.50
  97585.247   232.586   -35.76   30.02
  97961.118   223.110   -25.21   21.27
  98336.988   220.150    -7.87   15.60
  98712.854   223.637     9.28   15.67
  99088.718   230.164    17.36   18.32
  99464.580   235.551    14.33   19.27
  99840.439   245.432    26.29   19.98
 100216.296   252.663    19.24   15.57
 100592.150   256.028     8.96   10.71
 100968.001   254.499    -4.07    9.69
 101343.850   250.245   -11.32    9.19
 101719.696   247.812    -6.47    9.26
 102095.540   243.367   -11.83    9.48
 102471.382   240.425    -7.83    9.14
 102847.220   239.739    -1.82   10.73
 103223.057   237.663    -5.53    8.82
 103598.890   237.643    -0.05   14.75
 103974.722   231.201   -17.14   25.46
 104350.550   220.326   -28.94   32.93
 104726.887   202.970   -46.12   36.25
 105103.222   189.472   -35.87   33.57
 105479.554   190.130     1.75   26.45
 105855.883   184.704   -14.42   32.23
 106232.210   177.868   -18.17   35.68
 106608.534   173.796   -10.82   38.68
 106984.856   160.060   -36.50   33.99
 107361.175   156.420    -9.67   32.92
 107737.492   149.604   -18.11   38.63
 108113.807   134.488   -40.17   40.79
 108490.118   116.272   -48.41   30.47
 108866.428   113.065    -8.52   25.56
 109242.734   126.893    36.75   37.29
 109619.039   130.739    10.22   36.67
 109995.341   130.143    -1.58   36.59
 110371.640   119.509   -28.26   37.25
 110747.937    94.421   -66.67   23.57
 111124.231    87.021   -19.66   18.17
 111500.523    84.483    -6.75   20.78
 111876.812    96.025    30.67   27.30
 112253.099   112.623    44.11   32.32
 112629.383   130.278    46.92   32.02
 113005.665   151.943    57.58   29.71
 113381.944   169.866    47.63   41.61
 113758.221   191.329    57.04   46.79
 114134.495   214.867    62.55   42.00
 114510.767   214.137    -1.94   40.73
 114887.036   205.812   -22.12   39.23
 115263.303   194.379   -30.39   31.34
 115639.568   196.816     6.48   36.89
 116015.830   200.243     9.11   30.08
 116392.089   207.028    18.03   26.54
 116768.346   222.406    40.87   41.38
 117144.601   237.171    39.24   43.65
 117520.853   239.867     7.17   41.66
 117897.102   238.483    -3.68   45.98
 118273.349   220.604   -47.52   38.77
 118649.594   213.788   -18.11   46.07
 119025.836   207.919   -15.60   48.20
 119402.076   200.568   -19.54   50.16
 119778.313   198.245    -6.18   59.11
 120154.548   194.768    -9.24   63.83
 120530.780   191.393    -8.97   63.55
 120907.010   195.560    11.07   65.30
 121283.237   181.272   -37.98   49.08
 121659.462   179.254    -5.36   42.90
 122035.685   180.919     4.42   47.21
 122411.905   181.718     2.12   42.17
 122788.123   178.461    -8.66   22.43
 123164.338   189.543    29.46   26.42
 123540.550   203.156    36.18   25.11
 123916.761   220.709    46.66   28.45
 124292.969   231.683    29.17   28.55
 124669.174   232.893     3.22   38.45
 125045.377   234.551     4.41   46.18
 125421.578   234.977     1.13   60.10
 125797.776   227.688   -19.37   56.70
 126173.971   224.338    -8.91   49.56
 126550.165   220.868    -9.22   35.55
 126926.355   224.714    10.22   32.97
 127302.544   232.504    20.71   35.11
 127678.730   250.974    49.10   32.04
 128054.913   265.560    38.77   28.05
 128431.095   276.329    28.63   28.36
 128807.273   285.098    23.31   25.97
 129183.450   283.677    -3.78   23.59
 129559.624   282.593    -2.88   23.85
 129935.795   286.098     9.32   24.67
 130311.964   295.683    25.48   20.02
 130688.131   306.542    28.87   22.56
 131064.295   306.406    -0.36   34.56
 131440.457   296.714   -25.77   42.06
 131816.616   285.727   -29.21   46.42
 132192.773   267.663   -48.02   45.36
 132568.928   255.060   -33.50   32.11
 132945.080   249.968   -13.54   26.59
 133321.230   246.663    -8.79   17.55
 133697.377   256.008    24.84   17.64
 134073.522   267.137    29.59   20.14
 134449.665   281.569    38.37   18.49
 134825.805   291.446    26.26   15.05
 135201.943   296.201    12.64   10.58
 135578.079   296.191    -0.03   10.34
 135954.212   290.943   -13.95   14.07
 136330.343   283.021   -21.06   17.60
 136706.471   274.972   -21.40   21.75
 137082.597   260.812   -37.65   21.25
 137458.720   249.262   -30.71   21.79
 137834.842   245.252   -10.66   24.97
 138210.960   235.254   -26.58   26.92
 138587.077   221.150   -37.50   34.21
 138963.191   202.782   -48.83   36.14
 139339.303   191.130   -30.98   26.78
 139715.412   188.278    -7.58   19.64
 140091.519   198.706    27.73   29.79
 140467.624   213.623    39.66   30.64
 140843.726   232.867    51.17   34.88
 141219.826   241.812    23.78   29.83
 141595.923   246.586    12.69   27.96
 141972.018   254.299    20.51   25.50
 142348.111   258.765    11.88   21.46
 142724.202   263.816    13.43   17.38
 143100.290   266.970     8.39   13.30
 143476.376   266.461    -1.35   13.10
 143852.459   260.816   -15.01   22.96
 144228.540   245.893   -39.68   31.85
 144604.619   226.254   -52.22   36.17
 144980.695   207.227   -50.59   33.02
 145356.769   188.082   -50.90   20.00
 145732.841   179.288   -23.38   17.39
 146108.910   170.868   -22.39   14.05
 146484.977   167.018   -10.24   11.14
 146861.042   169.946     7.78   13.29
 147237.104   180.047    26.86   17.62
 147613.164   188.866    23.45   19.34
 147989.222   193.252    11.66   18.68
 148365.277   194.704     3.86   19.23
 148741.330   186.688   -21.32   19.66
 149117.381   184.073    -6.95   16.84
 149493.429   188.604    12.05   19.90
 149869.475   192.577    10.57   22.35
 150245.519   199.765    19.11   24.44
 150621.560   209.227    25.16   26.00
 150997.600   215.560    16.84   28.25
 151373.636   221.110    14.76   30.63
 151749.671   223.407     6.11   28.60
 152125.703   213.461   -26.45   23.98
 152501.733   209.972    -9.28   23.69
 152877.760   205.206   -12.68   21.89
 153253.786   207.021     4.83   19.89
 153629.809   209.252     5.93   18.13
 154005.829   213.560    11.46    9.03
 154381.847   215.150     4.23    8.34
 154757.864   212.028    -8.30   10.76
 155133.877   207.432   -12.22   12.95
 155509.889   201.420   -15.99   13.53
 155885.898   196.577   -12.88   11.12
 156261.905   195.218    -3.62   10.06
 156637.909   195.406     0.50    9.31
 157013.912   197.618     5.88   10.10
 157389.911   201.671    10.78   11.74
 157765.909   203.974     6.13   11.62
 158141.905   205.082     2.95   10.29
 158517.898   204.299    -2.08   10.25
 158893.889   202.434    -4.96    8.18
 159269.877   202.717     0.75    9.47
 159645.863   208.418    15.16   13.38
 160021.847   215.380    18.52   14.72
 160397.829   218.893     9.34   12.25
 160773.809   221.380     6.62    9.50
 161149.786   218.055    -8.84    9.63
 161525.761   218.656     1.60   12.09
 161901.734   220.499     4.90   13.07
 162277.704   226.432    15.78   17.23
 162653.672   229.569     8.34   15.49
 163029.638   238.841    24.66   19.63
 163405.602   246.718    20.95   22.35
 163781.563   253.588    18.27   22.40
 164157.522   255.025     3.82   19.72
 164533.479   259.055    10.72   19.02
 164909.434   263.677    12.29   18.49
 165285.386   266.650     7.91   16.64
 165661.336   269.143     6.63   15.50
 166037.284   275.618    17.22   14.48
 166413.229   280.457    12.87   15.60
 166789.173   284.596    11.01   15.82
 167165.114   282.560    -5.42   18.79
 167541.053   277.367   -13.81   19.91
 167916.989   275.999    -3.64   17.77
 168292.924   274.183    -4.83   19.98
 168668.856   276.663     6.60   18.33
 169044.786   270.282   -16.97   19.07
 169420.714   265.446   -12.86   21.05
 169796.639   272.278    18.17   40.57
 170172.562   282.088    26.09   57.21
 170548.483   294.201    32.22   64.13
 170924.402   291.893    -6.14   58.55
 171300.319   274.434   -46.44   48.78
 171676.233   254.326   -53.49   39.05
 172052.145   241.754   -33.44   24.90
 172428.055   244.252     6.64   17.14
 172803.963   249.668    14.41   16.79
 173179.868   258.731    24.11   13.88
 173555.772   267.278    22.74   16.15
 173931.673   284.098    44.75   36.29
 174307.572   295.073    29.19   41.19
 174683.468   305.542    27.85   40.38
 175059.363   307.534     5.30   36.01
 175435.255   302.671   -12.94   31.17
 175811.145   301.262    -3.75   31.31
 176187.033   302.509     3.32   32.01
 176562.918   301.014    -3.97   32.49
 176938.802   317.124    42.86   40.30
 177314.683   330.218    34.83   49.01
 177690.562   347.449    45.84   64.41
 178066.439   383.299    95.37   71.36
 178442.314   401.504    48.43   65.89
 178818.186   405.814    11.47   59.69
 179194.056   391.543   -37.97   56.28
 179570.083   389.191    -6.26   51.12
 179946.389   379.663   -25.32   49.14
 180322.694   377.073    -6.88   56.19
 180698.996   372.919   -11.04   53.51
 181075.295   377.974    13.43   48.96
 181451.593   385.945    21.18   49.73
 181827.888   397.650    31.11   51.30
 182204.181   415.515    47.47   54.37
 182580.472   411.218   -11.42   45.37
 182956.761   414.393     8.44   36.14
 183333.048   428.688    37.99   47.73
 183709.333   451.791    61.39   62.64
 184085.615   465.150    35.50   58.88
 184461.895   490.055    66.19   62.24
 184838.173   505.393    40.76   61.39
 185214.449   509.025     9.65   63.05
 185590.723   515.693    17.72   68.46
 185966.994   523.137    19.78   68.84
 186343.263   526.525     9.00   66.09
 186719.531   531.788    13.99   56.22
 187095.796   542.630    28.81   55.30
 187472.059   577.488    92.64   66.22
 187848.319   628.043   134.36   76.30
 188224.578   666.025   100.94   66.75
 188600.834   688.488    59.70   53.63
 188977.089   682.164   -16.81   62.73
 189353.341   639.836  -112.49   53.60
 189729.591   616.791   -61.25   40.84
 190105.839   597.791   -50.50   32.86
 190482.084   595.782    -5.34   41.23
 190858.328   587.299   -22.55   47.74
 191234.569   570.137   -45.61   48.56
 191610.809   559.623   -27.94   46.80
 191987.046   556.193    -9.12   46.16
 192363.281   549.434   -17.97   51.35
 192739.514   556.235    18.08   55.59
 193115.744   564.367    21.61   68.17
 193491.973   568.637    11.35   81.52
 193868.200   584.812    42.99   88.57
 194244.424   578.893   -15.73   85.59
 194620.646   569.586   -24.74   74.26
 194996.866   563.588   -15.94   69.56
 195373.084   547.488   -42.79   76.46
 195749.300   504.164  -115.15   78.15
 196125.514   476.560   -73.37   77.02
 196501.726   443.278   -88.46   72.42
 196877.935   417.836   -67.62   66.31
 197254.143   388.252   -78.63   58.77
 197630.348   364.735   -62.51   41.34
 198006.551   353.949   -28.67   33.53
 198382.753   350.175   -10.03   37.25
 198758.952   350.288     0.30   36.96
 199135.149   341.791   -22.59   38.56
 199511.343   342.446     1.74   38.54
 199887.536   335.996   -17.15   27.10
 200263.727   342.137    16.32   30.11
 200639.915   353.893    31.25   30.48
 201016.102   367.124    35.17   29.27
 201392.286   367.282     0.42   32.11
 201768.469   352.785   -38.54   37.29
 202144.649   335.947   -44.76   33.35
 202520.827   325.299   -28.31   26.66
 202897.003   324.025    -3.39   29.91
 203273.177   331.921    20.99   34.56
 203649.349   338.293    16.94   38.76
 204025.518   343.209    13.07   46.68
 204401.686   355.299    32.14   55.60
 204777.852   367.893    33.48   63.06
 205154.015   377.656    25.95   61.60
 205530.177   361.709   -42.39   57.28
 205906.336   344.104   -46.80   52.18
 206282.494   333.611   -27.89   35.85
 206658.649   339.839    16.56   41.35
 207034.802   370.611    81.80   64.57
 207410.953   388.818    48.40   59.23
 207787.102   402.782    37.12   55.57
 208163.249   421.488    49.73   56.69
 208539.394   456.677    93.55   86.61
 208915.537   490.812    90.75  100.46
 209291.678   525.245    91.54   92.08
 209667.817   535.808    28.08   80.68
 210043.954   513.693   -58.79   78.39
 210420.088   503.314   -27.59   66.57
 210796.221   476.812   -70.46   62.79
 211172.352   444.586   -85.68   55.11
 211548.480   433.472   -29.55   48.72
 211924.607   446.765    35.34   55.56
 212300.731   482.137    94.04   58.35
 212676.854   517.714    94.59   62.79
 213052.974   537.671    53.06   80.11
 213429.092   553.611    42.38   98.88
 213805.209   552.168    -3.84  104.76
 214181.323   531.499   -54.95  110.36
 214557.435   495.704   -95.17  114.12
 214933.546   433.866  -164.41   92.85
 215309.654   406.461   -72.86   71.82
 215685.760   379.839   -70.78   52.89
 216061.864   353.116   -71.05   40.63
 216437.966   331.970   -56.22   40.25
 216814.066   315.329   -44.24   35.39
 217190.165   301.209   -37.54   29.26
 217566.261   293.551   -20.36   24.60
 217942.355   285.150   -22.34   20.74
 218318.447   279.355   -15.41   20.52
 218694.537   271.191   -21.71   17.82
 219070.625   263.021   -21.72   14.83
 219446.711   258.834   -11.13   15.01
 219822.795   259.264     1.14   18.18
