-211356.627   440.910     0.00   35.57
-210980.661   426.196   -39.14   34.82
-210604.693   399.407   -71.25   22.66
-210228.723   389.110   -27.39   18.26
-209852.751   393.366    11.32   17.55
-209476.777   399.146    15.37   20.47
-209100.801   401.115     5.24   24.47
-208724.824   397.332   -10.06   27.46
-208348.844   396.467    -2.30   35.88
-207972.862   396.257    -0.56   40.98
-207596.878   402.467    16.51   40.86
-207220.892   406.086     9.63   39.82
-206844.904   393.691   -32.96   43.75
-206468.914   369.700   -63.81   49.19
-206092.922   355.196   -38.57   46.98
-205716.928   338.607   -44.12   48.11
-205340.932   312.700   -68.90   52.31
-204964.934   290.035   -60.28   43.84
-204588.934   261.791   -75.11   31.85
-204212.931   240.034   -57.86   19.72
-203836.927   236.725    -8.80   20.90
-203460.921   231.905   -12.82   22.63
-203084.913   231.264    -1.70   22.23
-202708.902   233.443     5.79   24.17
-202332.890   229.718    -9.91   23.16
-201956.876   226.257    -9.20   25.08
-201580.859   215.494   -28.62   22.51
-201204.841   210.902   -12.21   18.04
-200828.820   206.315   -12.20   11.66
-200452.797   206.639     0.86   10.67
-200076.773   212.007    14.28   15.73
-199700.746   223.007    29.25   24.41
-199324.717   235.007    31.91   28.14
-198948.687   236.571     4.16   27.56
-198572.654   234.785    -4.75   27.45
-198196.619   231.521    -8.68   25.37
-197820.582   230.521    -2.66   29.56
-197444.543   225.737   -12.72   31.07
-197068.501   204.084   -57.58   29.44
-196692.458   187.034   -45.34   23.99
-196316.413   174.392   -33.62   12.04
-195940.366   164.428   -26.49   10.98
-195564.316   157.250   -19.09   12.56
-195188.265   149.776   -19.87   12.12
-194812.211   142.238   -20.05   11.18
-194436.155   137.191   -13.42    9.50
-194060.098   137.548     0.95   10.58
-193684.038   144.776    19.22   14.24
-193307.976   153.818    24.04   11.99
-192931.912   158.623    12.78    5.43
-192555.846   157.957    -1.77    4.33
-192179.778   155.864    -5.56    3.13
-191803.707   155.953     0.24    3.26
-191427.635   158.845     7.69    4.46
-191051.561   161.845     7.98    4.82
-190675.484   164.665     7.50    4.73
-190299.406   166.563     5.05    3.26
-189923.325   167.557     2.64    3.13
-189547.242   167.187    -0.99    3.23
-189171.157   166.899    -0.76    3.21
-188795.070   168.238     3.56    3.51
-188418.981   169.165     2.47    4.20
-188042.890   171.876     7.21    4.95
-187666.796   175.818    10.48    5.22
-187290.701   180.238    11.75    6.06
-186914.603   185.507    14.01    5.46
-186538.503   189.751    11.28    5.56
-186162.402   197.212    19.84   12.44
-185786.298   210.213    34.57   19.93
-185410.192   233.061    60.75   33.71
-185034.083   255.683    60.14   32.52
-184657.973   276.586    55.58   33.02
-184281.861   303.332    71.11   33.82
-183905.746   325.494    58.92   42.98
-183529.629   369.532   117.08   65.88
-183153.511   402.289    87.09   72.89
-182777.390   412.849    28.08   68.95
-182401.267   400.481   -32.88   64.26
-182025.141   366.876   -89.34   47.44
-181649.014   344.725   -58.89   27.87
-181272.884   336.061   -23.03   10.32
-180896.753   338.879     7.49    9.12
-180520.619   341.979     8.24    6.77
-180144.483   343.161     3.14    3.97
-179768.345   340.674    -6.61    4.47
-179392.205   337.663    -8.00    4.03
-179016.062   334.674    -7.95    4.68
-178639.918   331.710    -7.88    4.67
-178263.771   329.953    -4.67    4.85
-177887.622   326.665    -8.74    4.96
-177511.471   323.785    -7.66    5.10
-177135.318   321.930    -4.93    5.03
-176759.163   321.187    -1.98    5.19
-176383.006   321.115    -0.19    5.64
-176006.846   324.520     9.05    4.84
-175630.684   327.059     6.75    4.28
-175254.520   331.110    10.77    7.18
-174878.354   339.332    21.86   12.77
-174502.186   353.212    36.90   21.15
-174126.015   371.007    47.30   22.91
-173749.843   382.797    31.34   21.73
-173373.668   399.165    43.51   21.74
-172997.491   411.663    33.22   27.38
-172621.312   423.597    31.72   41.10
-172245.130   437.744    37.61   45.17
-171868.947   449.118    30.24   43.03
-171492.761   449.135     0.05   51.49
-171116.573   445.952    -8.46   59.08
-170740.383   423.315   -60.17   65.45
-170364.191   394.534   -76.51   67.14
-169987.996   362.818   -84.30   44.40
-169611.800   348.033   -39.30   27.62
-169235.601   357.700    25.69   37.83
-168859.400   384.135    70.27   52.06
-168483.197   418.757    92.03   46.51
-168106.991   444.648    68.82   36.19
-167730.784   461.223    44.06   34.64
-167354.574   472.297    29.43   31.59
-166978.362   480.196    21.00   25.38
-166602.147   477.613    -6.87   23.87
-166225.931   459.930   -47.00   29.54
-165849.712   437.034   -60.86   23.42
-165473.491   422.868   -37.65   22.92
-165097.268   412.161   -28.46   17.00
-164721.043   403.424   -23.22   19.03
-164344.815   399.161   -11.33   20.24
-163968.586   396.366    -7.43   23.62
-163592.354   388.277   -21.50   26.33
-163216.120   375.560   -33.80   27.49
-162839.883   368.084   -19.87   23.01
-162463.645   360.532   -20.07   14.87
-162087.404   360.791     0.69   15.46
-161711.161   355.392   -14.35   15.97
-161334.915   347.744   -20.33   17.79
-160958.668   338.063   -25.73   19.01
-160582.418   327.250   -28.74   16.15
-160206.166   317.452   -26.04    7.30
-159829.912   314.161    -8.75    4.38
-159453.655   312.059    -5.59    3.31
-159077.396   311.088    -2.58    3.49
-158701.135   310.853    -0.62    4.02
-158324.872   310.174    -1.81    3.61
-157948.607   313.323     8.37   10.24
-157572.339   322.033    23.15   17.91
-157196.069   330.981    23.78   21.70
-156819.797   341.428    27.76   19.56
-156443.522   345.902    11.89   14.80
-156067.246   348.207     6.13   11.55
-155690.967   350.845     7.01    8.63
-155314.685   352.607     4.68    7.92
-154938.402   353.571     2.56    7.69
-154562.116   352.424    -3.05    8.90
-154185.828   349.872    -6.78    9.23
-153809.765   344.899   -13.22    8.90
-153433.928   341.823    -8.18    9.08
-153058.088   341.232    -1.57    7.98
-152682.246   343.386     5.73    8.55
-152306.402   344.107     1.92    8.35
-151930.555   348.928    12.83    9.12
-151554.706   353.270    11.55   11.54
-151178.855   358.323    13.44   11.31
-150803.002   357.674    -1.73   18.25
-150427.146   341.560   -42.87   36.42
-150051.288   318.142   -62.30   43.61
-149675.428   297.648   -54.52   43.06
-149299.566   271.285   -70.14   18.77
-148923.701   267.882    -9.05   10.07
-148547.834   271.546     9.75   12.03
-148171.965   271.729     0.49    8.86
-147796.093   270.061    -4.44    9.89
-147420.219   265.146   -13.08    9.48
-147044.343   263.341    -4.80    6.99
-146668.464   268.623    14.05   14.16
-146292.584   276.332    20.51   16.70
-145916.701   285.782    25.14   14.03
-145540.815   286.674     2.37   13.92
-145164.927   280.560   -16.27   15.82
-144789.038   271.656   -23.69   16.97
-144413.145   262.905   -23.28   14.15
-144037.251   252.191   -28.50   14.84
-143661.354   244.118   -21.48   14.24
-143285.455   237.469   -17.69   10.18
-142909.553   238.341     2.32   10.76
-142533.649   248.828    27.90   19.57
-142157.743   268.187    51.50   27.94
-141781.835   278.924    28.56   24.04
-141405.924   283.548    12.30   20.18
-141030.011   285.629     5.54   18.37
-140654.096   284.560    -2.84   16.41
-140278.178   292.597    21.38   15.41
-139902.258   298.305    15.18   11.10
-139526.336   301.110     7.46    9.22
-139150.411   303.392     6.07    8.25
-138774.484   304.612     3.25    7.56
-138398.555   306.386     4.72    7.02
-138022.623   306.366    -0.05    7.38
-137646.689   306.612     0.66    6.83
-137270.753   305.618    -2.64    7.78
-136894.814   303.691    -5.13    7.81
-136518.873   307.118     9.12    7.70
-136142.930   309.212     5.57    8.90
-135766.984   312.315     8.25    6.96
-135391.036   310.795    -4.04    9.03
-135015.085   298.548   -32.58   19.24
-134639.133   299.548     2.66   23.02
-134263.178   308.305    23.29   28.91
-133887.220   320.882    33.45   32.66
-133511.260   332.007    29.59   24.90
-133135.298   341.366    24.89   21.05
-132759.334   355.033    36.35   25.30
-132383.367   378.956    63.63   42.15
-132007.398   411.629    86.90   48.54
-131631.426   437.264    68.18   43.02
-131255.452   449.086    31.44   41.51
-130879.476   454.535    14.49   50.28
-130503.497   458.656    10.96   54.95
-130127.516   459.250     1.58   58.52
-129751.533   454.876   -11.64   58.87
-129375.547   438.674   -43.09   53.32
-128999.559   418.288   -54.22   43.65
-128623.569   410.718   -20.13   37.58
-128247.576   400.980   -25.90   31.87
-127871.580   391.602   -24.94   25.12
-127495.583   389.828    -4.72   20.34
-127119.583   385.359   -11.89    8.77
-126743.580   385.725     0.97    8.15
-126367.576   392.084    16.91   12.28
-125991.568   396.776    12.48   17.49
-125615.559   402.683    15.71   21.44
-125239.547   408.546    15.59   21.34
-124863.532   409.718     3.12   20.18
-124487.516   406.313    -9.06   14.57
-124111.497   405.034    -3.40    8.63
-123735.475   409.257    11.23   15.27
-123359.451   411.764     6.67   18.43
-122983.425   410.905    -2.29   19.05
-122607.396   408.288    -6.96   22.87
-122231.365   399.218   -24.12   19.16
-121855.331   392.376   -18.20    7.85
-121479.295   391.479    -2.38    6.22
-121103.257   393.905     6.45    7.33
-120727.216   396.115     5.88    7.91
-120351.173   399.212     8.24    9.41
-119975.127   401.674     6.55   10.34
-119599.079   405.469    10.09   10.22
-119223.029   407.165     4.51    7.18
-118846.976   411.161    10.63    6.93
-118470.921   416.289    13.64    8.75
-118094.863   434.007    47.11   34.86
-117718.803   465.115    82.72   61.03
-117342.740   515.899   135.04   83.92
-116966.675   574.115   154.80   87.77
-116590.608   623.639   131.69   71.72
-116214.538   648.893    67.15   63.67
-115838.466   673.507    65.45   49.54
-115462.391   692.270    49.89   45.69
-115086.314   710.785    49.23   46.15
-114710.235   730.059    51.25   28.52
-114334.152   742.845    34.00   15.38
-113958.068   746.560     9.88   17.01
-113581.981   735.718   -28.83   29.67
-113205.892   720.648   -40.07   33.76
-112829.800   711.196   -25.13   30.40
-112453.706   697.770   -35.70   24.66
-112077.609   690.607   -19.05   26.73
-111701.510   691.118     1.36   26.93
-111325.408   684.953   -16.39   23.17
-110949.304   690.872    15.74   26.40
-110573.198   693.034     5.75   32.58
-110197.089   702.061    24.00   39.47
-109820.977   708.407    16.87   42.30
-109444.863   705.882    -6.71   38.98
-109068.747   699.507   -16.95   36.92
-108692.628   688.277   -29.86   30.37
-108316.507   681.161   -18.92   22.69
-107940.383   677.665    -9.29   21.10
-107564.257   665.586   -32.11   29.96
-107188.128   655.455   -26.94   35.77
-106811.997   639.059   -43.59   34.48
-106435.863   619.656   -51.58   23.87
-106059.727   614.507   -13.69   19.15
-105683.588   608.957   -14.75   21.34
-105307.447   614.264    14.11   34.98
-104931.304   619.061    12.75   47.01
-104555.158   618.413    -1.72   51.42
-104179.009   616.332    -5.53   48.56
-103802.858   606.818   -25.29   40.94
-103426.704   589.341   -46.46   32.56
-103050.548   579.482   -26.21   23.98
-102674.390   584.007    12.03   28.56
-102298.229   606.764    60.50   46.22
-101922.065   649.725   114.21   54.64
-101545.899   674.823    66.72   42.02
-101169.731   694.264    51.68   27.03
-100793.560   691.250    -8.01   37.00
-100417.386   674.776   -43.79   42.92
-100041.210   655.257   -51.89   49.55
 -99665.031   622.270   -87.69   49.37
 -99288.850   588.033   -91.01   41.62
 -98912.667   564.331   -63.01   27.32
 -98536.481   552.700   -30.92   18.41
 -98160.292   547.440   -13.98   16.80
 -97784.101   544.602    -7.54   17.40
 -97407.907   540.494   -10.92   17.23
 -97031.711   538.591    -5.06   19.75
 -96655.513   547.238    22.99   34.26
 -96279.311   549.105     4.96   36.53
 -95903.108   539.494   -25.55   29.93
 -95526.901   535.597   -10.36   24.03
 -95150.693   529.212   -16.97   18.06
 -94774.481   528.366    -2.25   18.04
 -94398.267   531.270     7.72   17.19
 -94022.051   541.417    26.97   22.51
 -93645.832   565.952    65.21   44.45
 -93269.611   601.494    94.47   51.51
 -92893.387   631.084    78.65   40.98
 -92517.160   643.493    32.98   25.51
 -92140.931   632.366   -29.57   33.28
 -91764.699   599.905   -86.28   46.54
 -91388.465   571.841   -74.59   44.00
 -91012.229   544.710   -72.11   27.15
 -90635.989   530.646   -37.38   14.96
 -90259.747   526.928    -9.88   12.12
 -89883.503   528.232     3.47   15.72
 -89507.256   532.899    12.40   19.10
 -89131.007   537.725    12.83   22.07
 -88754.755   544.534    18.09   21.67
 -88378.500   549.612    13.50   18.57
 -88002.243   552.277     7.08   21.49
 -87625.983   565.732    35.76   28.74
 -87249.721   577.845    32.19   28.26
 -86873.456   578.818     2.59   29.39
 -86497.189   564.899   -36.99   36.84
 -86120.919   536.841   -74.57   31.84
 -85744.646   521.700   -40.24   26.22
 -85368.371   516.059   -14.99   21.15
 -84992.093   520.236    11.10   23.55
 -84615.813   522.196     5.21   24.42
 -84239.530   512.845   -24.85   34.56
 -83863.244   494.560   -48.59   55.88
 -83486.956   475.232   -51.36   56.63
 -83110.666   475.034    -0.53   54.05
 -82734.373   478.849    10.14   55.11
 -82358.077   487.007    21.68   50.11
 -81981.778   502.494    41.16   51.35
 -81605.477   523.332    55.37   48.09
 -81229.174   533.157    26.11   45.22
 -80852.868   528.086   -13.48   45.96
 -80476.559   513.091   -39.85   43.84
 -80100.247   496.791   -43.31   34.05
 -79723.934   475.146   -57.52   28.95
 -79347.617   463.084   -32.05   22.11
 -78971.298   462.315    -2.04   26.91
 -78595.438   464.064     4.65   32.31
 -78219.637   471.791    20.56   31.81
 -77843.834   459.737   -32.07   45.16
 -77468.028   425.115   -92.12   60.95
 -77092.219   396.032   -77.39   54.77
 -76716.408   382.305   -36.53   44.97
 -76340.594   409.494    72.35   56.99
 -75964.778   438.270    76.57   44.77
 -75588.959   449.879    30.89   33.21
 -75213.137   441.115   -23.32   39.76
 -74837.313   427.495   -36.24   37.43
 -74461.486   417.612   -26.30   34.25
 -74085.656   413.146   -11.88   38.33
 -73709.824   415.467     6.17   34.90
 -73333.989   417.729     6.02   27.30
 -72958.152   429.238    30.62   28.08
 -72582.312   441.366    32.27   26.29
 -72206.469   447.893    17.37   21.91
 -71830.624   452.700    12.79   20.56
 -71454.776   458.926    16.57   19.92
 -71078.925   471.424    33.25   18.74
 -70703.072   473.315     5.03   18.02
 -70327.216   467.683   -14.98   23.93
 -69951.358   446.776   -55.62   32.79
 -69575.497   422.165   -65.48   28.46
 -69199.633   403.407   -49.91   26.23
 -68823.767   386.872   -43.99   20.62
 -68447.898   376.202   -28.39   22.49
 -68072.026   364.546   -31.01   24.29
 -67696.152   353.341   -29.81   25.97
 -67320.275   348.899   -11.82   21.36
 -66944.395   349.115     0.58   21.23
 -66568.513   366.112    45.22   35.96
 -66192.628   380.033    37.03   31.90
 -65816.740   384.952    13.09   28.54
 -65440.850   386.956     5.33   22.41
 -65064.957   380.060   -18.35   15.51
 -64689.062   381.757     4.52   13.97
 -64313.163   386.879    13.63   13.54
 -63937.263   392.828    15.83   20.77
 -63561.359   410.289    46.45   33.43
 -63185.453   427.481    45.73   41.76
 -62809.544   442.382    39.64   40.21
 -62433.632   451.386    23.95   35.19
 -62057.718   442.307   -24.15   34.67
 -61681.801   431.648   -28.35   27.67
 -61305.881   430.841    -2.15   25.59
 -60929.959   428.061    -7.39   28.40
 -60554.034   432.926    12.94   37.75
 -60178.107   433.872     2.52   42.04
 -59802.176   436.853     7.93   42.96
 -59426.243   445.196    22.19   38.08
 -59050.307   446.802     4.27   32.61
 -58674.369   444.455    -6.24   31.37
 -58298.428   426.277   -48.35   44.26
 -57922.484   400.417   -68.79   38.39
 -57546.538   398.315    -5.59   36.42
 -57170.589   410.402    32.15   40.17
 -56794.637   434.872    65.09   32.60
 -56418.682   454.110    51.17   18.92
 -56042.725   462.899    23.38   18.69
 -55666.765   466.507     9.60   19.37
 -55290.802   462.032   -11.90   20.31
 -54914.837   447.750   -37.99   26.53
 -54538.869   422.061   -68.33   37.37
 -54162.898   401.332   -55.14   28.19
 -53786.924   398.142    -8.48   24.77
 -53410.948   402.218    10.84   25.92
 -53034.969   406.091    10.30   23.15
 -52658.987   397.307   -23.36   28.72
 -52283.003   382.597   -39.12   28.50
 -51907.016   376.413   -16.45   23.50
 -51531.026   378.546     5.67   21.47
 -51155.033   388.033    25.23   18.16
 -50779.038   396.876    23.52   15.50
 -50403.040   401.813    13.13   15.89
 -50027.039   412.494    28.41    6.39
 -49651.036   411.818    -1.80    9.59
 -49275.030   409.110    -7.20   13.44
 -48899.021   407.443    -4.43   13.93
 -48523.009   402.007   -14.46   16.54
 -48146.995   394.845   -19.05   20.11
 -47770.977   393.845    -2.66   19.56
 -47394.958   401.534    20.45   21.98
 -47018.935   404.264     7.26   23.62
 -46642.910   412.063    20.74   19.61
 -46266.881   419.593    20.02   17.31
 -45890.850   421.469     4.99   19.36
 -45514.817   429.169    20.48   19.79
 -45138.780   431.218     5.45   25.07
 -44762.741   423.376   -20.85   38.14
 -44386.699   401.725   -57.57   45.84
 -44010.655   384.091   -46.89   43.44
 -43634.607   365.212   -50.20   28.22
 -43258.557   369.646    11.79   29.94
 -42882.504   372.623     7.92   29.09
 -42506.448   380.110    19.91   31.25
 -42130.390   384.272    11.07   29.86
 -41754.329   380.142   -10.98   30.05
 -41378.265   368.386   -31.26   27.72
 -41002.198   357.770   -28.23   17.27
 -40626.128   349.981   -20.71   13.01
 -40250.056   343.196   -18.04   10.36
 -39873.981   339.532    -9.74   10.42
 -39497.903   336.776    -7.33   11.13
 -39121.822   336.797     0.05   13.07
 -38745.739   337.467     1.78   14.14
 -38369.652   337.534     0.18   13.61
 -37993.563   345.751    21.85   14.78
 -37617.472   354.980    24.54   21.62
 -37241.377   368.982    37.23   31.96
 -36865.280   383.368    38.25   35.27
 -36489.179   383.469     0.27   35.88
 -36113.076   371.161   -32.72   42.59
 -35736.971   341.788   -78.10   28.03
 -35360.862   330.086   -31.11   19.88
 -34984.751   326.953    -8.33   15.98
 -34608.636   325.818    -3.02   10.00
 -34232.519   326.770     2.53    8.92
 -33856.400   325.061    -4.54    8.33
 -33480.277   325.366     0.81    9.30
 -33104.152   323.571    -4.77    9.08
 -32728.023   320.112    -9.20    9.08
 -32351.892   319.876    -0.63   12.98
 -31975.758   320.469     1.58   16.54
 -31599.622   324.648    11.11   18.77
 -31223.482   329.494    12.88   17.79
 -30847.340   326.110    -9.00   19.69
 -30471.195   323.007    -8.25   17.45
 -30095.047   323.725     1.91   19.92
 -29718.896   326.905     8.45   20.28
 -29342.743   338.663    31.26   23.93
 -28966.586   352.238    36.09   30.09
 -28590.427   367.955    41.78   36.28
 -28214.265   388.818    55.46   39.53
 -27838.100   392.161     8.89   37.89
 -27461.932   385.729   -17.10   38.52
 -27085.761   358.469   -72.47   48.87
 -26709.588   328.546   -79.55   43.24
 -26333.412   304.980   -62.64   22.20
 -25957.233   299.751   -13.90   14.30
 -25581.051   312.751    34.56   35.65
 -25204.866   332.751    53.17   40.89
 -24828.678   347.656    39.62   37.93
 -24452.488   352.776    13.61   32.27
 -24076.294   358.169    14.34   32.21
 -23700.098   357.665    -1.34   32.50
 -23323.899   357.534    -0.35   32.63
 -22947.697   354.695    -7.55   31.09
 -22571.492   337.571   -45.52   29.42
 -22195.285   325.718   -31.51   23.91
 -21819.074   314.146   -30.76   23.65
 -21442.861   293.084   -55.98   26.26
 -21066.645   278.146   -39.71   28.37
 -20690.426   263.443   -39.08   23.57
 -20314.204   251.955   -30.54   10.98
 -19937.979   246.061   -15.66    8.53
 -19561.751   243.905    -5.73    8.16
 -19185.520   246.135     5.93   11.00
 -18809.287   259.494    35.51   23.93
 -18433.051   276.341    44.78   26.39
 -18056.812   283.341    18.61   21.81
 -17680.569   283.521     0.48   19.69
 -17304.324   272.297   -29.83   18.39
 -16928.077   261.223   -29.43   21.74
 -16551.826   250.280   -29.09   23.80
 -16175.572   245.007   -14.01   21.78
 -15799.316   241.139   -10.28   16.95
 -15423.056   239.257    -5.00   15.82
 -15046.794   244.443    13.78   22.58
 -14670.529   246.868     6.45   22.30
 -14294.261   254.674    20.74   21.27
 -13917.990   260.700    16.01   20.35
 -13541.716   264.548    10.23   18.61
 -13165.439   260.770   -10.04   21.47
 -12789.159   246.930   -36.78   22.68
 -12412.877   237.161   -25.96   23.57
 -12036.591   228.764   -22.32   23.49
 -11660.303   222.157   -17.56   23.09
 -11284.011   215.349   -18.09   22.48
 -10907.717   212.683    -7.09   21.57
 -10531.420   209.196    -9.27   21.78
 -10155.120   205.591    -9.58   21.13
  -9778.817   205.187    -1.07   22.19
  -9402.511   196.853   -22.15   21.52
  -9026.202   186.257   -28.16   22.47
  -8649.890   182.212   -10.75   23.20
  -8273.576   184.757     6.76   29.80
  -7897.258   186.428     4.44   38.44
  -7520.938   189.392     7.88   45.95
  -7144.614   195.575    16.43   52.08
  -6768.288   203.665    21.50   47.56
  -6391.958   205.428     4.69   49.43
  -6015.626   211.132    15.16   41.83
  -5639.291   205.413   -15.20   43.92
  -5262.953   186.532   -50.17   54.32
  -4886.612   167.443   -50.72   57.03
  -4510.268   154.575   -34.19   54.76
  -4133.921   137.872   -44.38   56.14
  -3757.731   123.737   -37.57   61.73
  -3381.971   116.238   -19.96   64.99
  -3006.208    88.264   -74.45   66.92
  -2630.443    65.341   -61.00   58.10
  -2254.674    43.776   -57.39   39.81
  -1878.903    28.548   -40.53   25.35
  -1503.128    24.313   -11.27   21.15
  -1127.351    25.238     2.46   20.41
   -751.571    20.481   -12.66   19.38
   -375.787    11.849   -22.97   23.24
     -0.001     1.744   -26.89   20.68
    375.788    -4.543   -16.73   13.07
    751.580    -1.641     7.72   18.76
   1127.375     5.107    17.96   20.24
   1503.174    27.828    60.46   42.92
   1878.975    54.202    70.18   54.80
   2254.779    82.223    74.56   54.11
   2630.586   108.845    70.84   40.79
   3006.396   123.665    39.44   36.07
   3382.208   120.623    -8.10   33.67
   3758.024   117.257    -8.95   29.82
   4133.843   117.457     0.53   32.28
   4509.665   119.305     4.92   38.02
   4885.490   104.980   -38.11   44.27
   5261.318    91.802   -35.06   46.33
   5637.148    79.981   -31.45   32.80
   6012.982    79.955    -0.07   31.13
   6388.819    92.060    32.21   31.02
   6764.659   102.632    28.13   33.40
   7140.501   116.332    36.45   32.42
   7516.347   122.907    17.50   25.23
   7892.196   123.674     2.04   22.49
   8268.047   124.202     1.40   22.20
   8643.902   122.169    -5.41   17.65
   9019.760   123.924     4.67   17.57
   9395.620   133.402    25.22   23.69
   9771.484   123.932   -25.19   32.29
  10147.351   107.629   -43.38   40.16
  10523.220    90.057   -46.75   38.61
  10899.093    74.481   -41.44   19.29
  11274.969    70.507   -10.57   13.25
  11650.847    71.165     1.75   14.84
  12026.729    72.264     2.92   15.13
  12402.614    72.115    -0.39   18.77
  12778.501    75.521     9.06   22.29
  13154.392    83.382    20.91   20.91
  13530.286    89.035    15.04   18.71
  13906.183    86.007    -8.05   17.22
  14282.082    81.534   -11.90   16.85
  14657.985    74.479   -18.77   19.08
  15033.891    67.305   -19.09   16.01
  15409.800    65.868    -3.82   15.96
  15785.712    65.930     0.16   15.56
  16161.627    66.582     1.73   12.98
  16537.545    65.764    -2.18   14.24
  16913.466    63.707    -5.47   15.09
  17289.390    67.323     9.62   16.51
  17665.317    67.060    -0.70   13.31
  18041.247    70.034     7.91   11.75
  18417.180    70.417     1.02   12.12
  18793.116    65.349   -13.48   13.25
  19169.055    62.618    -7.26   16.75
  19544.997    58.212   -11.72   16.89
  19920.943    51.467   -17.94   12.46
  20296.891    47.982    -9.27    8.95
  20672.842    51.828    10.23   17.57
  21048.797    56.563    12.59   24.63
  21424.754    58.575     5.35   23.62
  21800.715    69.896    30.11   35.65
  22176.679    80.802    29.01   38.82
  22552.645    87.732    18.43   35.76
  22928.615    84.169    -9.48   31.78
  23304.588    76.507   -20.38   23.14
  23680.564    74.270    -5.95   19.90
  24056.543    74.876     1.61   17.20
  24432.525    82.086    19.18   20.48
  24808.510    96.828    39.21   30.24
  25184.498   121.455    65.50   40.12
  25560.489   139.174    47.13   36.59
  25936.483   138.982    -0.51   36.66
  26312.481   129.563   -25.05   39.10
  26688.481   110.571   -50.51   34.70
  27064.485    95.879   -39.08   25.65
  27440.491    90.729   -13.70   24.75
  27816.501    92.656     5.12   30.62
  28192.514    93.872     3.23   28.68
  28568.530    93.110    -2.03   26.03
  28944.548    96.110     7.98   21.31
  29320.571    99.683     9.50   21.24
  29696.596   107.157    19.88   18.07
  30072.624   109.165     5.34   15.89
  30448.655   108.455    -1.89   15.22
  30824.690   102.521   -15.78   10.85
  31200.727   102.264    -0.68    9.81
  31576.768   101.139    -2.99    7.05
  31952.811   102.896     4.67    7.46
  32328.858   105.520     6.98    7.38
  32704.908   109.563    10.75    8.71
  33080.961   110.853     3.43   10.27
  33457.017   108.546    -6.14   11.81
  33833.077   107.779    -2.04   13.22
  34209.139   109.332     4.13   15.75
  34585.205   110.115     2.08   16.33
  34961.273   110.534     1.11   15.67
  35337.345   106.357   -11.11   14.45
  35713.420   101.007   -14.23    8.40
  36089.498    97.033   -10.57    4.43
  36465.579    95.879    -3.07    4.46
  36841.663    98.376     6.64    7.44
  37217.750   103.710    14.18    9.41
  37593.841   109.443    15.24   10.02
  37969.935   111.139     4.51    7.93
  38346.031   112.146     2.68    6.21
  38722.131   118.597    17.15   14.66
  39098.234   125.341    17.93   18.05
  39474.340   128.879     9.41   17.70
  39850.450   130.366     3.95   15.88
  40226.562   128.566    -4.79   13.77
  40602.678   126.926    -4.36   10.25
  40978.796   127.629     1.87    8.82
  41354.918   127.629     0.00    7.84
  41731.043   132.532    13.04   10.55
  42107.171   139.467    18.44   13.65
  42483.303   147.257    20.71   15.95
  42859.437   152.494    13.92   13.48
  43235.575   152.828     0.89   12.25
  43611.716   151.818    -2.68   13.10
  43987.860   154.161     6.23   13.65
  44364.007   160.905    17.93   12.19
  44740.157   165.035    10.98    9.01
  45116.311   169.520    11.92    8.18
  45492.467   173.146     9.64    9.68
  45868.627   173.770     1.66   11.36
  46244.790   170.571    -8.50   14.91
  46620.956   162.351   -21.85   11.40
  46997.125   159.953    -6.37    9.11
  47373.298   161.323     3.64    8.44
  47749.473   167.548    16.55    9.93
  48125.652   172.212    12.40    9.43
  48501.834   176.521    11.45   10.40
  48878.019   179.264     7.29   10.13
  49254.208   180.289     2.73    9.85
  49630.399   177.161    -8.32   11.52
  50006.594   169.386   -20.67   14.38
  50382.792   164.546   -12.87   12.51
  50758.993   163.571    -2.59   10.37
  51135.198   166.285     7.21   11.91
  51511.405   171.597    14.12   11.20
  51887.616   175.980    11.65   11.05
  52263.830   179.639     9.72   11.03
  52640.047   183.623    10.59   11.08
  53016.267   186.070     6.50    9.92
  53392.491   185.876    -0.52   12.01
  53768.717   183.665    -5.88   13.04
  54144.947   178.169   -14.61   13.29
  54521.181   172.392   -15.36   14.14
  54897.417   168.250   -11.01   11.02
  55273.656   170.417     5.76   10.57
  55649.899   178.520    21.54   12.36
  56026.145   186.264    20.58   13.68
  56402.395   193.629    19.58    9.17
  56778.647   195.853     5.91    9.55
  57154.903   190.417   -14.45   12.30
  57531.162   183.229   -19.10   14.12
  57907.424   178.341   -12.99   12.78
  58283.689   173.953   -11.66   12.58
  58659.958   168.797   -13.70   12.88
  59036.229   162.674   -16.27   15.03
  59412.504   154.070   -22.87   11.87
  59788.783   151.853    -5.89    8.16
  60165.064   154.546     7.16   10.41
  60541.349   155.791     3.31   10.10
  60917.637   153.982    -4.81   11.02
  61293.928   148.332   -15.02   12.06
  61670.223   140.956   -19.60    9.52
  62046.520   135.212   -15.26    6.32
  62422.821   131.521    -9.81    4.78
  62799.125   128.928    -6.89    5.32
  63175.433   128.238    -1.83    5.95
  63551.744   126.546    -4.50    6.60
  63928.058   125.359    -3.15    8.43
  64304.375   125.110    -0.66    8.17
  64680.695   122.332    -7.38    5.96
  65057.019   120.955    -3.66    4.85
  65433.346   119.244    -4.55    4.81
  65809.676   117.538    -4.53    4.71
  66186.010   115.700    -4.89    4.38
  66562.347   114.665    -2.75    4.29
  66938.687   114.250    -1.10    4.82
  67315.030   113.084    -3.10    4.98
  67691.377   112.591    -1.31    5.30
  68067.726   111.546    -2.78    4.85
  68444.080   110.264    -3.41    4.53
  68820.436   109.899    -0.97    4.16
  69196.796   107.802    -5.57    4.17
  69573.159   107.161    -1.70    4.22
  69949.525   105.212    -5.18    3.43
  70325.894   103.979    -3.28    3.41
  70702.267   103.161    -2.17    3.18
  71078.643   102.034    -2.99    2.81
  71454.589   101.691    -0.91    3.07
  71830.313   102.196     1.34    4.72
  72206.041   101.945    -0.67    4.88
  72581.771   101.648    -0.79    4.79
  72957.505   100.481    -3.11    3.61
  73333.242   100.229    -0.67    3.15
  73708.983   100.982     2.00    3.70
  74084.727   100.035    -2.52    4.35
  74460.474    98.059    -5.26    4.94
  74836.224    96.639    -3.78    5.31
  75211.978    94.656    -5.28    4.28
  75587.735    93.674    -2.61    3.98
  75963.495    93.238    -1.16    4.76
  76339.259    93.341     0.27    6.14
  76715.026    92.007    -3.55    6.57
  77090.796    92.007     0.00    7.53
  77466.570    92.034     0.07    9.30
  77842.347    93.061     2.74   10.09
  78218.127    92.953    -0.29   10.48
  78593.910    89.219    -9.94    9.18
  78969.697    84.828   -11.69    6.21
  79345.487    84.751    -0.20    7.12
  79721.280    85.313     1.50    8.76
  80097.077    85.571     0.69    8.75
  80472.877    84.813    -2.02    8.42
  80848.681    83.212    -4.26    7.85
  81224.487    83.770     1.48    8.80
  81600.297    82.737    -2.75    9.28
  81976.111    80.297    -6.49    6.46
  82351.927    78.802    -3.98    5.28
  82727.747    79.373     1.52    6.82
  83103.571    80.368     2.65    9.41
  83479.397    82.770     6.39   12.28
  83855.227    82.797     0.07   13.19
  84231.061    80.521    -6.06   13.08
  84606.897    79.250    -3.38   11.03
  84982.737    77.890    -3.62   10.67
  85358.581    77.494    -1.05   10.94
  85734.427    75.674    -4.84   11.45
  86110.277    74.341    -3.55   11.41
  86486.131    72.674    -4.43   10.92
  86861.987    69.479    -8.50    8.19
  87237.848    67.776    -4.53    7.08
  87613.711    69.139     3.62    7.75
  87989.578    71.341     5.86   10.60
  88365.448    73.034     4.51   11.48
  88741.322    73.443     1.09   11.06
  89117.198    71.373    -5.51   11.29
  89493.079    68.257    -8.29    9.64
  89868.962    65.586    -7.11    9.31
  90244.849    63.455    -5.67    8.95
  90620.740    62.277    -3.13    9.06
  90996.633    58.926    -8.92   10.14
  91372.530    58.693    -0.62   10.73
  91748.431    59.520     2.20   11.70
  92124.335    56.443    -8.19   12.00
  92500.242    54.007    -6.48   11.05
  92876.152    49.135   -12.96    9.35
  93252.066    44.979   -11.06    7.97
  93627.984    43.956    -2.72    7.60
  94003.904    43.034    -2.45    7.32
  94379.829    47.930    13.03    9.78
  94755.756    54.980    18.75   10.71
  95131.687    59.751    12.69    9.51
  95507.621    64.105    11.58    8.69
  95883.559    65.674     4.17    8.84
  96259.500    66.349     1.80   10.64
  96635.444    69.902     9.45   10.84
  97011.392    69.899    -0.01   10.73
  97387.344    68.926    -2.59    8.75
  97763.298    67.836    -2.90    6.97
  98139.256    64.956    -7.66    7.75
  98515.218    63.443    -4.02    8.13
  98891.183    60.710    -7.27    8.99
  99267.151    53.776   -18.44   12.55
  99643.123    44.674   -24.21   13.70
 100019.098    34.776   -26.33   12.50
 100395.076    30.297   -11.92   11.24
 100771.058    32.033     4.62   13.56
 101147.044    38.926    18.33   16.28
 101523.032    45.674    17.95   13.62
 101899.025    49.251     9.51   10.83
 102275.020    48.618    -1.68    9.22
 102651.019    51.955     8.87   10.17
 103027.022    56.034    10.85   10.67
 103403.028    58.061     5.39   11.25
 103779.037    58.521     1.22   11.16
 104155.050    57.179    -3.57   10.26
 104531.066    54.882    -6.11    8.86
 104907.086    52.417    -6.55    8.39
 105283.109    48.683    -9.93    9.13
 105659.135    46.007    -7.12    9.01
 106035.165    44.674    -3.55    8.24
 106411.199    46.469     4.77    9.66
 106787.235    50.849    11.65    8.90
 107163.276    53.366     6.69    8.38
 107539.319    54.602     3.29    6.24
 107915.367    55.110     1.35    5.97
 108291.417    54.129    -2.61    7.57
 108667.471    49.674   -11.85    8.76
 109043.529    45.034   -12.34    9.66
 109419.590    41.602    -9.13    8.77
 109795.654    39.656    -5.17    6.79
 110171.722    41.034     3.67    6.22
 110547.794    43.979     7.83    5.79
 110923.869    47.607     9.65    5.98
 111299.947    51.443    10.20    5.73
 111676.029    55.007     9.48    6.86
 112052.114    59.853    12.89    7.28
 112428.203    63.035     8.46    5.14
 112804.295    61.876    -3.08    5.30
 113180.390    59.187    -7.15    5.76
 113556.490    55.315   -10.29    6.46
 113932.592    50.791   -12.03    6.81
 114308.698    47.264    -9.38    8.07
 114684.808    45.519    -4.64    8.19
 115060.921    43.868    -4.39    7.28
 115437.038    44.212     0.91    6.53
 115813.158    43.656    -1.48    5.12
 116189.281    41.440    -5.89    4.76
 116565.408    38.953    -6.61    4.73
 116941.539    36.636    -6.16    3.34
 117317.673    36.257    -1.01    3.00
 117693.810    37.407     3.06    3.86
 118069.951    39.115     4.54    4.01
 118446.096    42.853     9.94    4.53
 118822.244    46.196     8.89    4.46
 119198.395    48.691     6.63    4.13
 119574.550    51.469     7.38    2.43
 119950.709    52.849     3.67    2.40
 120326.871    54.223     3.65    3.15
 120703.036    55.853     4.33    3.90
 121079.205    57.832     5.26    4.59
 121455.378    58.845     2.69    5.38
 121831.554    60.907     5.48    5.49
 122207.734    62.902     5.30    5.56
 122583.917    65.413     6.67    5.19
 122960.103    69.142     9.91    4.14
 123336.294    72.979    10.20    4.99
 123712.487    78.182    13.83    6.41
 124088.684    81.257     8.17    5.88
 124464.885    81.845     1.56    5.45
 124841.089    79.571    -6.04    5.36
 125217.297    77.413    -5.74    5.04
 125593.509    77.086    -0.87    4.88
 125969.723    79.187     5.58    6.90
 126345.942    81.797     6.94    7.37
 126722.164    84.007     5.88    8.94
 127098.389    85.879     4.98   12.19
 127474.618    86.382     1.34   13.84
 127850.851    85.223    -3.08   15.56
 128227.087    87.382     5.74   14.22
 128603.327    86.956    -1.13   11.09
 128979.570    85.683    -3.38    9.05
 129355.817    81.872   -10.13    9.12
 129732.067    75.507   -16.92    8.51
 130108.321    71.930    -9.51    6.69
 130484.578    72.107     0.47    7.61
 130860.839    74.924     7.49    9.20
 131237.104    79.682    12.65    9.92
 131613.372    84.305    12.28   10.89
 131989.644    88.007     9.84   11.25
 132365.919    92.392    11.65    9.01
 132742.198    94.139     4.64    7.35
 133118.480    93.112    -2.73    8.22
 133494.766    89.928    -8.46    8.19
 133871.056    86.332    -9.56    7.67
 134247.349    83.764    -6.83    7.68
 134623.646    87.507     9.95   12.94
 134999.946    99.161    30.97   22.33
 135376.250   110.646    30.52   21.42
 135752.557   122.007    30.19   12.50
 136128.868   125.899    10.34    8.13
 136505.183   120.060   -15.52   11.06
 136881.501   110.057   -26.58   19.77
 137257.823    98.467   -30.80   24.31
 137634.148    81.082   -46.20   21.10
 138010.477    69.639   -30.41   12.36
 138386.810    65.359   -11.37   10.44
 138763.146    65.007    -0.93    9.56
 139139.486    66.802     4.77    7.39
 139515.829    65.879    -2.45    5.00
 139892.176    65.007    -2.32    4.90
 140268.527    64.807    -0.53    5.71
 140644.881    65.467     1.75    8.52
 141021.238    65.482     0.04   10.70
 141397.600    64.341    -3.03   12.50
 141773.965    59.313   -13.36   14.68
 142150.333    52.683   -17.62   12.35
 142526.706    45.575   -18.89    8.88
 142903.082    41.139   -11.79    6.05
 143279.461    39.597    -4.10    6.27
 143655.844    39.223    -0.99    7.20
 144032.231    38.161    -2.82    7.29
 144408.621    35.876    -6.07    7.32
 144785.015    34.575    -3.46    5.77
 145161.413    34.751     0.47    8.69
 145537.814    36.084     3.54    8.62
 145914.219    34.982    -2.93    8.27
 146290.589    33.955    -2.73    8.73
 146666.270    32.682    -3.39    8.67
 147041.954    31.665    -2.71    9.64
 147417.642    32.757     2.91   11.04
 147793.333    34.238     3.94   11.52
 148169.029    33.841    -1.06   10.50
 148544.727    33.548    -0.78    8.92
 148920.430    31.656    -5.04    8.37
 149296.136    28.413    -8.63    6.99
 149671.845    27.059    -3.60    8.02
 150047.558    25.494    -4.17    8.32
 150423.275    19.007   -17.26    7.65
 150798.996    13.955   -13.45    7.48
 151174.720     8.656   -14.10    7.17
 151550.448     2.110   -17.42    8.20
 151926.179    -2.634   -12.63    7.36
 152301.914    -6.531   -10.37    4.61
 152677.653    -8.045    -4.03    2.99
 153053.395    -6.018     5.40    4.84
 153429.141    -2.425     9.56    5.96
 153804.891     1.682    10.93    5.94
 154180.645     4.802     8.30    5.10
 154556.402     6.063     3.36    5.59
 154932.162     5.926    -0.36    5.27
 155307.927     4.196    -4.60    5.31
 155683.695     1.928    -6.04    5.66
 156059.466    -0.608    -6.75    5.11
 156435.242    -1.668    -2.82    4.01
 156811.021    -2.193    -1.40    3.21
 157186.803    -1.993     0.53    2.64
 157562.590    -0.290     4.53    3.62
 157938.380     3.034     8.84    5.95
 158314.173     6.110     8.19    6.12
 158689.971    11.469    14.26    8.18
 159065.772    16.507    13.41    7.81
 159441.576    20.832    11.51    5.93
 159817.385    22.683     4.92    3.82
 160193.197    21.632    -2.80    4.45
 160569.013    18.802    -7.53    4.61
 160944.832    18.035    -2.04    5.35
 161320.655    20.656     6.97    7.25
 161696.482    25.277    12.30    7.04
 162072.313    28.639     8.94    3.94
 162448.147    27.732    -2.41    5.99
 162823.985    25.088    -7.04    9.20
 163199.826    18.732   -16.91   11.53
 163575.672    12.597   -16.32   11.59
 163951.521     7.718   -12.98    8.77
 164327.373     4.428    -8.75    4.57
 164703.230     4.469     0.11    3.91
 165079.090     5.802     3.55    4.92
 165454.954     3.191    -6.95    8.67
 165830.821    -0.618   -10.13   11.03
 166206.693    -5.966   -14.23   11.31
 166582.568    -9.893   -10.45    8.93
 166958.446   -13.531    -9.68    2.57
 167334.329   -13.993    -1.23    0.00
 167710.215   -13.993     0.00    0.00
 168086.105   -13.993     0.00    0.00
 168461.999   -13.993     0.00    0.00
 168837.896   -13.993     0.00    0.00
 169213.797   -13.993     0.00    0.00
 169589.702   -13.993     0.00    0.00
 169965.610   -13.993     0.00    0.00
 170341.522   -13.993     0.00    0.00
 170717.438   -13.993     0.00    0.00
 171093.358   -13.993     0.00    0.00
 171469.282   -13.993     0.00    0.00
 171845.209   -13.993     0.00    0.00
 172221.140   -13.993     0.00    0.00
 172597.074   -13.993     0.00    0.00
 172973.013   -13.993     0.00    0.00
 173348.955   -13.993     0.00    0.00
 173724.901   -13.993     0.00    0.00
 174100.851   -13.993     0.00    0.00
 174476.804   -13.993     0.00    0.00
 174852.761   -13.993     0.00    0.00
 175228.722   -13.993     0.00    0.00
 175604.687   -13.993     0.00    0.00
 175980.655   -13.993     0.00    0.00
 176356.628   -13.993     0.00    0.00
 176732.604   -13.993     0.00    0.00
 177108.583   -13.993     0.00    0.00
 177484.567   -13.993     0.00    0.00
 177860.554   -13.993     0.00    0.00
 178236.545   -13.993     0.00    0.00
 178612.540   -13.993     0.00    0.00
 178988.539   -13.993     0.00    0.00
 179364.541   -13.993     0.00    0.00
 179740.547   -13.993     0.00    0.00
 180116.557   -13.993     0.00    0.00
 180492.571   -13.993     0.00    0.00
 180868.588   -13.993     0.00    0.00
 181244.610   -13.993     0.00    0.00
 181620.635   -13.993     0.00    0.00
 181996.663   -13.993     0.00    0.00
 182372.696   -13.993     0.00    0.00
 182748.733   -13.993     0.00    0.00
 183124.773   -13.993     0.00    0.00
 183500.817   -13.993     0.00    0.00
 183876.865   -13.993     0.00    0.00
 184252.916   -13.993     0.00    0.00
 184628.972   -13.993     0.00    0.00
 185005.031   -13.993     0.00    0.00
 185381.094   -13.993     0.00    0.00
 185757.161   -13.993     0.00    0.00
 186133.232   -13.993     0.00    0.00
 186509.306   -13.993     0.00    0.00
 186885.384   -13.993     0.00    0.00
 187261.466   -13.993     0.00    0.00
 187637.552   -13.993     0.00    0.00
 188013.642   -13.993     0.00    0.00
 188389.736   -13.993     0.00    0.00
 188765.833   -13.993     0.00    0.00
 189141.934   -13.993     0.00    0.00
 189518.039   -13.993     0.00    0.00
 189894.148   -13.993     0.00    0.00
 190270.261   -13.993     0.00    0.00
 190646.377   -13.993     0.00    0.00
 191022.498   -13.993     0.00    0.00
 191398.622   -13.993     0.00    0.00
 191774.750   -13.993     0.00    0.00
 192150.882   -13.993     0.00    0.00
 192527.017   -13.993     0.00    0.00
 192903.157   -13.993     0.00    0.00
 193279.300   -13.993     0.00    0.00
 193655.447   -13.993     0.00    0.00
 194031.599   -13.993     0.00    0.00
 194407.753   -13.993     0.00    0.00
 194783.912   -13.993     0.00    0.00
 195160.075   -13.993     0.00    0.00
 195536.241   -13.993     0.00    0.00
 195912.412   -13.993     0.00    0.00
 196288.586   -13.993     0.00    0.00
 196664.764   -13.993     0.00    0.00
 197040.946   -13.993     0.00    0.00
 197417.132   -13.993     0.00    0.00
 197793.321   -13.993     0.00    0.00
 198169.515   -13.993     0.00    0.00
 198545.712   -13.993     0.00    0.00
 198921.913   -13.993     0.00    0.00
 199298.118   -13.993     0.00    0.00
 199674.327   -13.993     0.00    0.00
 200050.540   -13.993     0.00    0.00
 200426.757   -13.993     0.00    0.00
 200802.978   -13.993     0.00    0.00
 201179.202   -13.993     0.00    0.00
 201555.431   -13.993     0.00    0.00
 201931.663   -13.993     0.00    0.00
 202307.899   -13.993     0.00    0.00
 202684.139   -13.993     0.00    0.00
 203060.383   -13.993     0.00    0.00
 203436.631   -13.993     0.00    0.00
 203812.882   -13.993     0.00    0.00
 204189.138   -13.993     0.00    0.00
 204565.398   -13.993     0.00    0.00
 204941.661   -13.993     0.00    0.00
 205317.928   -13.993     0.00    0.00
 205694.200   -13.993     0.00    0.00
 206070.475   -13.993     0.00    0.00
 206446.754   -13.993     0.00    0.00
 206823.037   -13.993     0.00    0.00
 207199.324   -13.993     0.00    0.00
 207575.614   -13.993     0.00    0.00
 207951.909   -13.993     0.00    0.00
 208328.208   -13.993     0.00    0.00
 208704.510   -13.993     0.00    0.00
 209080.817   -13.993     0.00    0.00
 209457.127   -13.993     0.00    0.00
 209833.441   -13.993     0.00    0.00
 210209.759   -13.993     0.00    0.00
 210586.081   -13.993     0.00    0.00
 210962.408   -13.993     0.00    0.00
 211338.738   -13.993     0.00    0.00
 211715.071   -13.993     0.00    0.00
 212091.409   -13.993     0.00    0.00
 212467.751   -13.993     0.00    0.00
 212844.097   -13.993     0.00    0.00
 213220.447   -13.993     0.00    0.00
 213596.800   -13.993     0.00    0.00
 213973.158   -13.993     0.00    0.00
 214349.519   -13.993     0.00    0.00
 214725.885   -13.993     0.00    0.00
 215102.254   -13.993     0.00    0.00
 215478.627   -13.993     0.00    0.00
 215855.005   -13.993     0.00    0.00
 216231.386   -13.993     0.00    0.00
 216607.771   -13.993     0.00    0.00
 216984.160   -13.993     0.00    0.00
 217360.553   -13.993     0.00    0.00
 217736.950   -13.993     0.00    0.00
 218113.352   -13.993     0.00    0.00
 218489.757   -13.993     0.00    0.00
 218866.166   -13.993     0.00    0.00
 219242.579   -13.993     0.00    0.00
 219618.995   -13.993     0.00    0.00
 219995.416   -13.993     0.00    0.00
 220371.841   -13.993     0.00    0.00
 220748.270   -13.993     0.00    0.00
 221124.703   -13.993     0.00    0.00
 221500.785   -13.993     0.00    0.00
 221876.432   -13.993     0.00    0.00
 222252.083   -13.993     0.00    0.00
 222627.737   -13.993     0.00    0.00
 223003.396   -13.993     0.00    0.00
 223379.059   -13.993     0.00    0.00
 223754.725   -13.993     0.00    0.00
 224130.396   -13.993     0.00    0.00
 224506.070   -13.993     0.00    0.00
 224881.749   -13.993     0.00    0.00
 225257.431   -13.993     0.00    0.00
 225633.118   -13.993     0.00    0.00
 226008.808   -13.993     0.00    0.00
 226384.503   -13.993     0.00    0.00
 226760.201   -13.993     0.00    0.00
 227135.904   -13.993     0.00    0.00
 227511.610   -13.993     0.00    0.00
 227887.320   -13.993     0.00    0.00
 228263.035   -13.993     0.00    0.00
 228638.753   -13.993     0.00    0.00
 229014.476   -13.993     0.00    0.00
 229390.202   -13.993     0.00    0.00
 229765.932   -13.993     0.00    0.00
 230141.667   -13.993     0.00    0.00
 230517.405   -13.993     0.00    0.00
 230893.148   -13.993     0.00    0.00
 231268.894   -13.993     0.00    0.00
 231644.644   -13.993     0.00    0.00
 232020.399   -13.993     0.00    0.00
 232396.157   -13.993     0.00    0.00
 232771.920   -13.993     0.00    0.00
 233147.686   -13.993     0.00    0.00
 233523.457   -13.993     0.00    0.00
 233899.231   -13.993     0.00    0.00
 234275.010   -13.993     0.00    0.00
 234650.793   -13.993     0.00    0.00
 235026.579   -13.993     0.00    0.00
 235402.370   -13.993     0.00    0.00
 235778.164   -13.993     0.00    0.00
 236153.963   -13.993     0.00    0.00
 236529.766   -13.993     0.00    0.00
 236905.573   -13.993     0.00    0.00
 237281.384   -13.993     0.00    0.00
 237657.198   -13.993     0.00    0.00
 238033.017   -13.993     0.00    0.00
 238408.840   -13.993     0.00    0.00
 238784.667   -13.993     0.00    0.00
 239160.498   -13.993     0.00    0.00
 239536.333   -13.993     0.00    0.00
 239912.172   -13.993     0.00    0.00
 240288.016   -13.993     0.00    0.00
 240663.863   -13.993     0.00    0.00
 241039.714   -13.993     0.00    0.00
 241415.570   -13.993     0.00    0.00
 241791.429   -13.993     0.00    0.00
 242167.293   -13.993     0.00    0.00
