#  345.044  -2.823   9.905 ;Mean Elev.(m), Avg Gradient(m/km), RMS Gradient(m/km) - SRTM1     
#  333.039  -2.253  10.912 ;Mean Elev.(m), Avg Gradient(m/km), RMS Gradient(m/km) - ASTER GDEM
#  347.449  -2.818   9.276 ;Mean Elev.(m), Avg Gradient(m/km), RMS Gradient(m/km) - GMTED2010 
  7   323.511 52448.85494127 49.17  21.915663   2.188712 28.271
  7   323.339 52448.85494192 49.30  21.914933   2.192012 28.271
  8   343.831 52483.85492748 52.04  21.924151   2.183945 27.233
  8   343.720 52483.85492813 50.28  21.923431   2.187245 27.233
  8   343.801 52483.85492877 52.26  21.922701   2.190555 27.233
  9   343.889 52518.85488744 51.43  21.927632   2.185296 37.129
  9   343.826 52518.85488809 51.20  21.926912   2.188596 37.129
  9   343.897 52518.85488873 47.83  21.926182   2.191906 37.129
 10   344.249 52553.85493822 52.02  21.919994   2.186284 41.758
 10   344.107 52553.85493886 52.54  21.919274   2.189584 41.758
 11   345.031 52588.85492052 50.84  21.927358   2.183668 41.757
 11   345.025 52588.85492116 53.22  21.926628   2.186978 41.757
 11   344.951 52588.85492181 53.28  21.925898   2.190278 41.757
 12   345.858 52623.85486797 50.57  21.928975   2.184327 37.720
 12   345.774 52623.85486862 51.08  21.928245   2.187637 37.720
 12   345.710 52623.85486926 53.07  21.927525   2.190947 37.720
 13   344.642 52658.85489004 49.25  21.927831   2.185690 38.537
 13   344.726 52658.85489069 47.96  21.927111   2.188990 38.537
 13   344.793 52658.85489133 44.66  21.926381   2.192300 38.537
 15   344.452 52728.85490779 52.65  21.929927   2.184763 24.130
 15   344.466 52728.85490844 50.88  21.929197   2.188063 24.130
 15   344.496 52728.85490908 52.96  21.928467   2.191373 24.130
 16   344.897 52763.85492040 53.22  21.917741   2.187169 41.590
 16   344.953 52763.85492105 49.98  21.917021   2.190469 41.590
 17   343.945 52798.85489700 51.57  21.931220   2.183809 38.745
 17   344.002 52798.85489765 47.37  21.930490   2.187119 38.745
 17   344.100 52798.85489829 53.28  21.929760   2.190419 38.745
 18   344.600 52833.85496719 52.23  21.930582   2.185990 42.505
 18   344.707 52833.85496784 52.71  21.929852   2.189300 42.505
 19   344.171 52868.85500918 51.30  21.932260   2.185510 40.822
 19   344.258 52868.85500983 51.60  21.931530   2.188820 40.822
 19   344.332 52868.85501047 49.61  21.930800   2.192120 40.822
 20   344.980 52903.85501984 49.83  21.926808   2.183160 42.485
 20   344.870 52903.85502048 47.10  21.926088   2.186460 42.485
 20   344.880 52903.85502112 49.96  21.925358   2.189770 42.485
 21   344.633 52938.85495604 50.80  21.926765   2.184730 33.492
 21   344.679 52938.85495669 49.94  21.926035   2.188040 33.492
 21   344.787 52938.85495733 51.08  21.925305   2.191350 33.492
 22   345.188 52973.85499373 52.00  21.924818   2.184210 42.167
 22   345.159 52973.85499438 51.05  21.924088   2.187520 42.167
 22   345.110 52973.85499502 54.71  21.923368   2.190820 42.167
 23   344.747 53008.85500070 49.77  21.922161   2.182848 36.135
 23   344.772 53008.85500135 52.90  21.921431   2.186148 36.135
 23   344.843 53008.85500199 50.81  21.920701   2.189458 36.135
 24   344.692 53043.85495988 50.00  21.923912   2.184102 39.299
 24   344.505 53043.85496052 51.88  21.923192   2.187402 39.299
 24   344.518 53043.85496117 53.59  21.922462   2.190712 39.299
 25   343.985 53078.85499293 49.44  21.921978   2.183022 38.856
 25   344.011 53078.85499358 51.47  21.921258   2.186322 38.856
 25   344.081 53078.85499422 50.29  21.920528   2.189632 38.856
 26   344.254 53113.85496426 47.96  21.920099   2.187029 37.784
 26   344.135 53113.85496490 46.11  21.919369   2.190339 37.784
 27   343.936 53148.85500900 48.62  21.922640   2.182039 38.515
 27   344.048 53148.85500964 51.25  21.921920   2.185339 38.515
 27   343.952 53148.85501028 55.02  21.921190   2.188649 38.515
 28   343.614 53183.85500555 49.49  21.932653   2.184865 37.352
 28   343.459 53183.85500619 52.98  21.931923   2.188175 37.352
 28   343.528 53183.85500684 52.60  21.931203   2.191475 37.352
 29   343.190 53218.85503000 52.91  21.926563   2.183228 35.276
 29   343.175 53218.85503065 49.31  21.925833   2.186538 35.276
 29   343.230 53218.85503129 52.49  21.925113   2.189838 35.276
 30   343.487 53253.85500748 48.28  21.922906   2.183288 36.550
 30   343.433 53253.85500813 54.73  21.922176   2.186598 36.550
 30   343.368 53253.85500877 53.48  21.921456   2.189898 36.550
 31   344.106 53288.85501244 54.27  21.918495   2.188153 40.918
 31   344.033 53288.85501309 50.85  21.917765   2.191453 40.918
 32   344.947 53323.85498687 50.88  21.932779   2.184509 34.967
 32   344.822 53323.85498752 54.99  21.932049   2.187809 34.967
 32   344.883 53323.85498816 51.91  21.931329   2.191119 34.967
 33   345.464 53358.85494971 51.56  21.931976   2.184212 42.028
 33   345.549 53358.85495035 52.91  21.931246   2.187522 42.028
 33   345.386 53358.85495100 50.72  21.930526   2.190822 42.028
 34   344.025 53393.85496640 49.54  21.925590   2.182830 39.371
 34   344.112 53393.85496704 51.03  21.924860   2.186140 39.371
 34   343.946 53393.85496769 51.70  21.924140   2.189440 39.371
 35   343.377 53428.85496084 22.91  21.929869   2.186667 15.660
 35   343.280 53428.85496149 21.48  21.929149   2.189967 15.660
 36   344.575 53463.85498222 52.65  21.928791   2.184765 43.481
 36   344.477 53463.85498287 54.09  21.928061   2.188075 43.481
 36   344.517 53463.85498351 55.15  21.927331   2.191375 43.481
 37   343.907 53498.85505116 54.91  21.918425   2.187903 39.457
 37   343.956 53498.85505181 51.21  21.917695   2.191213 39.457
 38   343.882 53533.85503483 52.52  21.928865   2.186064 41.173
 38   343.954 53533.85503548 54.36  21.928135   2.189374 41.173
 39   343.601 53568.85505105 51.82  21.919959   2.187527 35.810
 39   343.537 53568.85505169 51.42  21.919229   2.190837 35.810
 40   343.895 53603.85499588 46.90  21.928444   2.182911 36.701
 40   343.763 53603.85499653 47.98  21.927714   2.186221 36.701
 40   343.797 53603.85499717 51.28  21.926994   2.189521 36.701
 41   343.871 53638.85499495 50.69  21.923202   2.184259 35.305
 41   343.814 53638.85499559 49.24  21.922482   2.187559 35.305
 41   343.893 53638.85499624 46.26  21.921752   2.190869 35.305
 42   344.671 53673.85501585 51.66  21.920421   2.188119 41.404
 42   344.530 53673.85501649 50.88  21.919691   2.191429 41.404
 43   345.063 53708.85494585 52.07  21.932112   2.184950 39.483
 43   344.975 53708.85494649 51.49  21.931382   2.188260 39.483
 43   344.927 53708.85494714 50.32  21.930662   2.191560 39.483
 44   343.837 53743.85485630 32.19  21.930158   2.185151 28.423
 44   343.883 53743.85485695 31.70  21.929428   2.188461 28.423
 44   344.032 53743.85485759 43.58  21.928708   2.191761 28.423
 45   343.806 53778.85488499 52.80  21.931161   2.186262 40.059
 45   343.812 53778.85488563 50.90  21.930441   2.189562 40.059
 46   344.107 53813.85485846 53.20  21.929549   2.185956 36.066
 46   344.177 53813.85485910 50.97  21.928829   2.189266 36.066
 47   344.617 53848.85491719 49.70  21.923342   2.183131 36.295
 47   344.463 53848.85491783 52.34  21.922612   2.186431 36.295
 47   344.516 53848.85491848 50.54  21.921882   2.189741 36.295
 50   343.288 53953.85500082 53.35  21.916810   2.187968 33.678
 50   343.319 53953.85500147 49.63  21.916080   2.191278 33.678
 52   344.056 54023.85498095 50.50  21.927157   2.184980 28.305
 52   343.953 54023.85498160 51.81  21.926427   2.188280 28.305
 52   344.030 54023.85498224 47.34  21.925697   2.191590 28.305
 53   345.766 54058.85497343 52.75  21.933255   2.186814 41.303
 53   345.811 54058.85497407 51.51  21.932525   2.190114 41.303
 55   344.884 54128.85489182 49.90  21.927892   2.183910 38.868
 55   344.813 54128.85489247 53.11  21.927162   2.187210 38.868
 55   344.837 54128.85489311 51.70  21.926432   2.190520 38.868
 57   344.389 54198.85489430 49.85  21.926687   2.185079 37.147
 57   344.396 54198.85489494 51.55  21.925967   2.188379 37.147
 57   344.364 54198.85489559 49.19  21.925237   2.191689 37.147
 58   344.803 54233.85493656 51.17  21.927275   2.185899 39.925
 58   344.690 54233.85493720 53.52  21.926545   2.189209 39.925
 59   344.551 54268.85495619 50.92  21.927318   2.185844 41.595
 59   344.449 54268.85495683 49.58  21.926598   2.189144 41.595
 60   343.920 54303.85495901 52.19  21.927914   2.184398 40.253
 60   343.811 54303.85495965 52.27  21.927194   2.187698 40.253
 60   343.906 54303.85496030 51.84  21.926464   2.191008 40.253
 61   344.419 54338.85494376 51.04  21.927546   2.185675 41.924
 61   344.317 54338.85494441 52.76  21.926826   2.188975 41.924
 61   344.412 54338.85494505 47.79  21.926096   2.192285 41.924
 62   344.147 54373.85489282 35.67  21.927435   2.185547 25.226
 62   344.272 54373.85489347 33.96  21.926705   2.188857 25.226
 62   344.328 54373.85489411 39.19  21.925975   2.192157 25.226
 63   345.246 54408.85488916 49.89  21.926415   2.184400 41.240
 63   345.185 54408.85488981 51.19  21.925695   2.187700 41.240
 63   345.078 54408.85489045 51.10  21.924965   2.191010 41.240
 64   345.593 54443.85485420 54.32  21.927393   2.185668 33.251
 64   345.643 54443.85485484 52.61  21.926663   2.188978 33.251
 65   344.759 54478.85487882 32.87  21.928372   2.183474 23.922
 65   344.665 54478.85487947 31.87  21.927652   2.186784 23.922
 65   344.760 54478.85488011 40.48  21.926922   2.190084 23.922
 66   344.636 54513.85486861 50.47  21.928242   2.183846 40.542
 66   344.689 54513.85486926 51.70  21.927512   2.187146 40.542
 66   344.687 54513.85486990 52.62  21.926782   2.190456 40.542
 67   344.348 54548.85489219 53.99  21.927409   2.182762 42.603
 67   344.408 54548.85489284 52.78  21.926679   2.186072 42.603
 67   344.477 54548.85489348 50.66  21.925949   2.189372 42.603
 68   344.481 54583.85486477 51.83  21.928079   2.183798 39.877
 68   344.482 54583.85486542 52.35  21.927349   2.187098 39.877
 68   344.416 54583.85486606 49.28  21.926629   2.190408 39.877
 69   343.968 54618.85488478 39.07  21.927559   2.182960 26.355
 69   344.064 54618.85488542 36.56  21.926829   2.186260 26.355
 69   343.795 54618.85488607 31.75  21.926099   2.189570 26.355
 70   343.528 54653.85489629 51.57  21.925538   2.184546 37.821
 70   343.636 54653.85489693 49.53  21.924808   2.187846 37.821
 70   343.636 54653.85489758 50.12  21.924088   2.191156 37.821
 71   343.675 54688.85488440 26.30  21.926938   2.183392 28.774
 71   343.644 54688.85488504 34.79  21.926208   2.186702 28.774
 71   343.788 54688.85488569 46.86  21.925478   2.190002 28.774
 72   344.063 54723.85484537 43.66  21.927519   2.186064 41.378
 72   343.928 54723.85484601 44.20  21.926789   2.189374 41.378
 73   344.605 54758.85486006 50.20  21.926638   2.182861 39.326
 73   344.671 54758.85486071 47.04  21.925908   2.186171 39.326
 73   344.684 54758.85486135 52.13  21.925178   2.189471 39.326
 74   346.262 54793.85483758 52.07  21.926080   2.184073 37.959
 74   346.249 54793.85483822 47.44  21.925350   2.187373 37.959
 74   346.216 54793.85483887 42.59  21.924620   2.190683 37.959
 75   344.773 54828.85485951 54.76  21.926788   2.185615 42.102
 75   344.818 54828.85486015 51.83  21.926058   2.188915 42.102
 76   344.796 54863.85483279 51.95  21.927287   2.185827 41.855
 76   344.686 54863.85483343 50.97  21.926557   2.189137 41.855
 77   344.479 54898.85485820 42.45  21.926019   2.182650 31.501
 77   344.571 54898.85485885 44.60  21.925289   2.185960 31.501
 77   344.643 54898.85485949 46.77  21.924559   2.189260 31.501
 78   344.507 54933.85482627 53.87  21.926426   2.185093 39.224
 78   344.419 54933.85482692 51.11  21.925696   2.188393 39.224
 78   344.496 54933.85482756 48.05  21.924966   2.191703 39.224
 79   344.820 54968.85486067 51.68  21.927004   2.184569 40.793
 79   344.899 54968.85486132 53.12  21.926274   2.187869 40.793
 79   344.988 54968.85486196 52.04  21.925554   2.191179 40.793
 80   343.920 55003.85488014 45.78  21.924176   2.184221 36.965
 80   343.853 55003.85488078 43.03  21.923446   2.187521 36.965
 80   343.889 55003.85488143 50.88  21.922726   2.190831 36.965
 81   343.725 55038.85486710 50.99  21.928015   2.185275 37.150
 81   343.573 55038.85486775 43.98  21.927285   2.188575 37.150
 81   343.637 55038.85486839 48.59  21.926555   2.191885 37.150
 82   343.798 55073.85485157 46.81  21.927021   2.182794 39.257
 82   343.929 55073.85485221 51.28  21.926291   2.186104 39.257
 82   343.904 55073.85485286 54.62  21.925561   2.189404 39.257
 83   344.446 55108.85479940 45.03  21.926868   2.183802 40.376
 83   344.521 55108.85480004 48.18  21.926138   2.187102 40.376
 83   344.338 55108.85480069 52.87  21.925408   2.190412 40.376
 84   344.934 55143.85480288 50.64  21.925988   2.183040 40.777
 84   344.998 55143.85480352 53.22  21.925258   2.186350 40.777
 84   345.062 55143.85480417 48.82  21.924528   2.189650 40.777
 85   345.298 55178.85477271 50.34  21.928018   2.183057 44.655
 85   345.279 55178.85477335 51.40  21.927288   2.186357 44.655
 85   345.365 55178.85477400 52.18  21.926558   2.189667 44.655
 86   345.329 55213.85479826 50.82  21.926557   2.185086 42.353
 86   345.333 55213.85479891 52.95  21.925827   2.188386 42.353
 86   345.214 55213.85479955 52.41  21.925097   2.191696 42.353
 87   344.677 55248.85477227 53.31  21.927922   2.185936 41.907
 87   344.608 55248.85477291 54.52  21.927192   2.189236 41.907
 88   345.206 55283.85479132 50.49  21.926232   2.183139 40.096
 88   345.254 55283.85479197 54.04  21.925502   2.186449 40.096
 88   345.365 55283.85479261 52.08  21.924772   2.189749 40.096
 89   345.024 55318.85476297 50.12  21.925634   2.183379 42.391
 89   345.087 55318.85476361 51.02  21.924904   2.186679 42.391
 89   345.187 55318.85476426 49.45  21.924184   2.189989 42.391
 90   344.510 55353.85476517 32.91  21.926394   2.184980 17.874
 90   344.233 55353.85476582 28.71  21.925664   2.188280 17.874
 90   344.464 55353.85476646 23.21  21.924944   2.191590 17.874
 91   344.209 55388.85476284 51.19  21.925706   2.184137 37.854
 91   344.198 55388.85476348 51.98  21.924976   2.187437 37.854
 91   344.090 55388.85476413 53.30  21.924246   2.190747 37.854
 92   344.009 55423.85478268 50.22  21.927453   2.185883 39.215
 92   344.012 55423.85478333 51.56  21.926723   2.189183 39.215
 93   344.595 55458.85475361 52.49  21.927733   2.184705 36.982
 93   344.662 55458.85475426 53.84  21.927003   2.188015 36.982
 93   344.715 55458.85475490 51.53  21.926273   2.191315 36.982
