#  280.996  -0.151   2.492 ;Mean Elev.(m), Avg Gradient(m/km), RMS Gradient(m/km) - SRTM1     
#  264.032  -0.178   3.854 ;Mean Elev.(m), Avg Gradient(m/km), RMS Gradient(m/km) - ASTER GDEM
#  281.085   0.011   0.391 ;Mean Elev.(m), Avg Gradient(m/km), RMS Gradient(m/km) - GMTED2010 
  8   281.953 52478.37089267 52.40  16.146071  -2.395503 43.597
  8   281.903 52478.37089331 54.32  16.145341  -2.398813 43.597
  8   281.880 52478.37089396 51.54  16.144621  -2.402113 43.597
  8   281.894 52478.37089460 50.77  16.143891  -2.405423 43.597
  8   281.919 52478.37089524 47.92  16.143161  -2.408723 43.597
  9   281.813 52513.37083684 28.99  16.158334  -2.401799 17.409
  9   281.904 52513.37083749 24.92  16.157604  -2.405109 17.409
  9   281.985 52513.37083813 29.45  16.156884  -2.408409 17.409
  9   281.932 52513.37083878 29.25  16.156154  -2.411719 17.409
  9   281.970 52513.37083942 33.25  16.155424  -2.415019 17.409
  9   281.929 52513.37084006 34.50  16.154704  -2.418329 17.409
  9   281.751 52513.37084071 32.91  16.153974  -2.421629 17.409
  9   281.785 52513.37084135 38.73  16.153244  -2.424939 17.409
  9   281.669 52513.37084200 36.96  16.152524  -2.428239 17.409
  9   281.785 52513.37084264 41.64  16.151794  -2.431549 17.409
  9   281.801 52513.37084329 44.47  16.151064  -2.434849 17.409
  9   281.568 52513.37084393 39.59  16.150344  -2.438159 17.409
  9   281.745 52513.37084458 42.42  16.149614  -2.441459 17.409
 10   283.071 52548.37087890 30.70  16.148365  -2.396923 26.041
 10   282.925 52548.37087954 26.26  16.147635  -2.400233 26.041
 10   282.877 52548.37088019 24.60  16.146915  -2.403533 26.041
 10   283.008 52548.37088083 26.62  16.146185  -2.406843 26.041
 10   283.171 52548.37088148 33.62  16.145455  -2.410143 26.041
 10   283.180 52548.37088212 38.00  16.144725  -2.413453 26.041
 11   284.233 52583.37087786 34.55  16.153550  -2.400499 40.517
 11   283.968 52583.37087851 24.15  16.152830  -2.403809 40.517
 11   283.602 52583.37087915 23.63  16.152100  -2.407109 40.517
 11   283.977 52583.37087980 22.98  16.151370  -2.410419 40.517
 11   284.399 52583.37088044 26.92  16.150640  -2.413719 40.517
 11   284.388 52583.37088108 35.89  16.149920  -2.417029 40.517
 11   284.419 52583.37088173 36.60  16.149190  -2.420329 40.517
 11   284.443 52583.37088237 36.02  16.148460  -2.423639 40.517
 11   284.444 52583.37088302 38.12  16.147737  -2.426941 13.757
 11   284.475 52583.37088366 38.83  16.147007  -2.430251 13.757
 11   284.458 52583.37088431 44.65  16.146277  -2.433551 13.757
 12   285.924 52618.37085266 49.04  16.147245  -2.398200 44.551
 12   285.972 52618.37085330 46.73  16.146515  -2.401510 44.551
 12   286.026 52618.37085395 45.19  16.145785  -2.404810 44.551
 12   286.021 52618.37085459 43.39  16.145065  -2.408120 44.551
 12   286.055 52618.37085524 45.99  16.144335  -2.411420 44.551
 13   284.936 52653.37082882 18.29  16.158754  -2.401582 21.806
 13   284.924 52653.37082946 17.49  16.158024  -2.404882 21.806
 13   285.103 52653.37083011 18.03  16.157294  -2.408192 21.806
 13   285.366 52653.37083075 18.09  16.156569  -2.411492 19.150
 13   285.388 52653.37083140 19.07  16.155839  -2.414802 19.150
 13   285.146 52653.37083204 20.32  16.155109  -2.418102 19.150
 13   284.792 52653.37083269 22.96  16.154389  -2.421412 19.150
 13   284.936 52653.37083333 26.35  16.153659  -2.424712 19.150
 13   285.304 52653.37083397 30.43  16.152929  -2.428022 19.150
 13   285.474 52653.37083462 40.14  16.152209  -2.431322 19.150
 13   285.475 52653.37083526 43.98  16.151479  -2.434632 19.150
 13   285.479 52653.37083591 42.03  16.150749  -2.437932 19.150
 13   285.439 52653.37083655 41.67  16.150019  -2.441242 19.150
 14   282.832 52688.37082940 40.60  16.150393  -2.405876 47.791
 14   282.860 52688.37083004 38.83  16.149673  -2.409186 47.791
 14   282.852 52688.37083069 39.74  16.148936  -2.412488 13.186
 14   282.638 52688.37083133 32.23  16.148216  -2.415798 13.186
 14   282.593 52688.37083198 25.55  16.147486  -2.419098 13.186
 14   282.677 52688.37083262 24.87  16.146756  -2.422408 13.186
 14   282.568 52688.37083327 23.40  16.146036  -2.425708 13.186
 14   282.613 52688.37083391 31.22  16.145306  -2.429018 13.186
 15   281.836 52723.37087457 23.50  16.150376  -2.399780 12.673
 15   281.796 52723.37087521 22.03  16.149653  -2.403079 13.363
 15   281.830 52723.37087586 24.28  16.148923  -2.406389 13.363
 15   281.918 52723.37087650 27.25  16.148193  -2.409689 13.363
 15   281.600 52723.37087715 29.24  16.147473  -2.412999 13.363
 15   281.716 52723.37087779 32.57  16.146743  -2.416299 13.363
 15   281.748 52723.37087843 34.59  16.146013  -2.419609 13.363
 15   281.806 52723.37087908 36.74  16.145293  -2.422909 13.363
 15   281.636 52723.37087972 38.50  16.144563  -2.426219 13.363
 17   282.555 52793.37084767 52.86  16.153523  -2.398274 43.954
 17   282.594 52793.37084831 50.96  16.152793  -2.401584 43.954
 17   282.505 52793.37084896 54.70  16.152065  -2.404884 28.232
 17   282.476 52793.37084960 49.52  16.151335  -2.408194 28.232
 17   282.515 52793.37085025 51.53  16.150615  -2.411494 28.232
 17   282.542 52793.37085089 51.84  16.149885  -2.414804 28.232
 17   282.523 52793.37085153 51.57  16.149155  -2.418104 28.232
 17   282.339 52793.37085218 51.10  16.148425  -2.421414 28.232
 17   282.296 52793.37085282 50.37  16.147705  -2.424714 28.232
 17   282.262 52793.37085347 51.43  16.146975  -2.428024 28.232
 17   282.264 52793.37085411 51.48  16.146245  -2.431324 28.232
 18   282.239 52828.37091588 34.37  16.154957  -2.400987 28.218
 18   282.207 52828.37091652 44.89  16.154227  -2.404297 28.218
 18   282.175 52828.37091717 47.46  16.153499  -2.407597 28.575
 18   282.171 52828.37091781 49.69  16.152769  -2.410907 28.575
 18   282.224 52828.37091846 53.29  16.152049  -2.414207 28.575
 18   282.209 52828.37091910 49.60  16.151319  -2.417517 28.575
 18   282.089 52828.37091975 41.75  16.150589  -2.420817 28.575
 18   282.052 52828.37092039 49.72  16.149859  -2.424127 28.575
 18   282.043 52828.37092104 50.00  16.149139  -2.427427 28.575
 18   282.034 52828.37092168 50.30  16.148409  -2.430737 28.575
 18   282.019 52828.37092233 48.45  16.147679  -2.434037 28.575
 18   282.011 52828.37092297 49.24  16.146949  -2.437347 28.575
 19   282.503 52863.37096049 35.26  16.157150  -2.399300 24.030
 19   282.322 52863.37096114 21.74  16.156420  -2.402600 24.030
 19   282.194 52863.37096178 20.04  16.155690  -2.405910 24.030
 19   282.145 52863.37096243 19.33  16.154964  -2.409210 22.320
 19   281.923 52863.37096307 21.13  16.154234  -2.412520 22.320
 19   281.939 52863.37096372 23.55  16.153514  -2.415820 22.320
 19   282.239 52863.37096436 25.36  16.152784  -2.419130 22.320
 19   282.272 52863.37096501 35.18  16.152054  -2.422430 22.320
 19   282.268 52863.37096565 37.45  16.151324  -2.425740 22.320
 19   282.438 52863.37096630 36.41  16.150604  -2.429040 22.320
 19   282.328 52863.37096694 34.60  16.149874  -2.432350 22.320
 19   282.329 52863.37096759 36.31  16.149144  -2.435650 22.320
 19   282.361 52863.37096823 41.27  16.148414  -2.438960 22.320
 20   283.155 52898.37098981 50.88  16.149259  -2.397227 54.336
 20   283.140 52898.37099045 53.03  16.148529  -2.400527 54.336
 20   283.119 52898.37099109 52.33  16.147799  -2.403837 54.336
 20   283.116 52898.37099174 47.27  16.147079  -2.407138 21.559
 20   283.113 52898.37099238 48.95  16.146349  -2.410448 21.559
 20   283.096 52898.37099303 48.27  16.145619  -2.413748 21.559
 20   283.059 52898.37099367 50.90  16.144899  -2.417058 21.559
 21   284.052 52933.37093538 53.62  16.148006  -2.398167 52.988
 21   284.046 52933.37093603 53.17  16.147286  -2.401467 52.988
 21   284.035 52933.37093667 53.24  16.146556  -2.404777 52.988
 21   284.029 52933.37093732 51.58  16.145826  -2.408077 52.988
 21   284.023 52933.37093796 51.81  16.145106  -2.411387 52.988
 22   284.865 52968.37094594 37.16  16.150003  -2.404683 14.066
 22   284.719 52968.37094659 35.46  16.149273  -2.407993 14.066
 22   284.907 52968.37094723 33.84  16.148543  -2.411293 14.066
 22   284.940 52968.37094788 32.60  16.147823  -2.414603 14.066
 22   284.903 52968.37094852 30.56  16.147093  -2.417903 14.066
 22   284.857 52968.37094917 32.00  16.146363  -2.421213 14.066
 22   284.771 52968.37094981 32.68  16.145643  -2.424513 14.066
 22   284.738 52968.37095046 32.89  16.144913  -2.427823 14.066
 23   284.559 53003.37096698 35.99  16.144063  -2.397623 31.278
 23   284.480 53003.37096762 34.12  16.143333  -2.400933 31.278
 23   284.689 53003.37096827 34.22  16.142612  -2.404235 17.408
 23   284.704 53003.37096891 40.77  16.141882  -2.407545 17.408
 24   282.960 53038.37091624 52.35  16.146862  -2.398300 52.929
 24   282.952 53038.37091689 53.53  16.146142  -2.401610 52.929
 24   282.944 53038.37091753 51.39  16.145407  -2.404911 18.479
 24   282.943 53038.37091817 50.62  16.144687  -2.408221 18.479
 24   282.932 53038.37091882 49.28  16.143957  -2.411521 18.479
 25   281.864 53073.37094373 49.60  16.148789  -2.396757 31.253
 25   281.841 53073.37094437 51.02  16.148059  -2.400057 31.253
 25   281.829 53073.37094502 51.76  16.147339  -2.403367 31.253
 25   281.818 53073.37094566 50.54  16.146609  -2.406667 31.253
 25   281.811 53073.37094631 49.89  16.145879  -2.409977 31.253
 25   281.797 53073.37094695 50.04  16.145149  -2.413277 31.253
 26   281.574 53108.37091605 44.11  16.147473  -2.396821 50.283
 26   281.534 53108.37091669 51.43  16.146743  -2.400121 50.283
 26   281.472 53108.37091734 48.75  16.146023  -2.403431 50.283
 26   281.564 53108.37091798 51.12  16.145289  -2.406734 19.863
 26   281.600 53108.37091863 51.03  16.144569  -2.410044 19.863
 27   281.950 53143.37095353 48.80  16.149216  -2.399701 29.350
 27   281.924 53143.37095417 46.95  16.148496  -2.403011 29.350
 27   281.907 53143.37095482 40.85  16.147766  -2.406311 29.350
 27   281.908 53143.37095546 47.74  16.147036  -2.409621 29.350
 27   281.880 53143.37095611 45.37  16.146316  -2.412921 29.350
 27   281.791 53143.37095675 39.63  16.145586  -2.416231 29.350
 27   281.769 53143.37095740 41.18  16.144856  -2.419531 29.350
 28   281.368 53178.37097340 38.96  16.152706  -2.398932 41.392
 28   281.465 53178.37097405 41.87  16.151976  -2.402242 41.392
 28   281.526 53178.37097469 46.68  16.151246  -2.405542 41.392
 28   281.553 53178.37097534 47.20  16.150516  -2.408852 41.392
 28   281.563 53178.37097598 47.32  16.149796  -2.412152 41.392
 28   281.577 53178.37097663 46.93  16.149066  -2.415462 41.392
 28   281.543 53178.37097727 36.43  16.148336  -2.418762 41.392
 28   281.233 53178.37097792 38.88  16.147616  -2.422072 41.392
 28   281.198 53178.37097856 42.37  16.146886  -2.425372 41.392
 28   281.181 53178.37097921 46.29  16.146156  -2.428682 41.392
 28   281.139 53178.37097985 36.92  16.145433  -2.431982  6.609
 29   281.286 53213.37099432 28.22  16.148583  -2.398287 10.277
 29   281.270 53213.37099497 26.11  16.147853  -2.401587 10.277
 29   281.160 53213.37099561 25.54  16.147123  -2.404897 10.277
 29   281.105 53213.37099625 25.26  16.146402  -2.408197 18.316
 29   281.271 53213.37099690 27.44  16.145672  -2.411507 18.316
 29   281.208 53213.37099754 31.52  16.144942  -2.414807 18.316
 30   282.032 53248.37096443 44.07  16.150134  -2.404247 18.194
 30   281.847 53248.37096507 26.79  16.149414  -2.407557 18.194
 30   281.819 53248.37096572 26.82  16.148684  -2.410857 18.194
 30   281.848 53248.37096636 27.73  16.147964  -2.414167 18.194
 30   281.904 53248.37096701 30.78  16.147234  -2.417467 18.194
 30   282.067 53248.37096765 36.45  16.146504  -2.420777 18.194
 30   281.995 53248.37096829 39.60  16.145774  -2.424077 18.194
 30   281.909 53248.37096894 39.55  16.145054  -2.427387 18.194
 31   282.774 53283.37095546 50.08  16.146614  -2.397898 51.604
 31   282.717 53283.37095611 48.99  16.145884  -2.401208 51.604
 31   282.746 53283.37095675 48.86  16.145156  -2.404508 20.892
 31   282.796 53283.37095740 51.88  16.144426  -2.407818 20.892
 31   282.810 53283.37095804 49.73  16.143706  -2.411118 20.892
 32   284.081 53318.37095261 45.38  16.154696  -2.398447 51.493
 32   284.076 53318.37095325 42.41  16.153966  -2.401747 51.493
 32   284.167 53318.37095390 46.07  16.153246  -2.405057 51.493
 32   284.135 53318.37095454 49.67  16.152516  -2.408357 51.493
 32   284.129 53318.37095519 51.46  16.151786  -2.411667 51.493
 32   284.153 53318.37095583 52.17  16.151062  -2.414968 27.544
 32   284.166 53318.37095648 52.18  16.150332  -2.418278 27.544
 32   284.115 53318.37095712 51.82  16.149602  -2.421578 27.544
 32   284.070 53318.37095777 51.59  16.148882  -2.424888 27.544
 32   284.084 53318.37095841 54.46  16.148152  -2.428188 27.544
 32   284.078 53318.37095906 53.31  16.147422  -2.431498 27.544
 32   284.100 53318.37095970 52.64  16.146702  -2.434798 27.544
 33   284.643 53353.37091939 25.61  16.155463  -2.400910 25.066
 33   284.208 53353.37092004 23.26  16.154733  -2.404210 25.066
 33   283.529 53353.37092068 23.43  16.154013  -2.407520 25.066
 33   283.614 53353.37092133 21.18  16.153285  -2.410821  3.971
 33   283.955 53353.37092197 20.25  16.152555  -2.414131  3.971
 33   284.169 53353.37092262 18.06  16.151825  -2.417431  3.971
 33   284.385 53353.37092326 16.83  16.151105  -2.420741  3.971
 33   284.182 53353.37092391 15.97  16.150375  -2.424041  3.971
 33   284.166 53353.37092455 15.22  16.149645  -2.427351  3.971
 33   284.143 53353.37092520 13.67  16.148925  -2.430651  3.971
 33   284.380 53353.37092584 12.52  16.148195  -2.433961  3.971
 33   284.474 53353.37092649 11.00  16.147465  -2.437261  3.971
 34   283.269 53388.37091650 51.15  16.149413  -2.399200 50.411
 34   283.250 53388.37091715 53.20  16.148683  -2.402510 50.411
 34   283.230 53388.37091779 52.15  16.147954  -2.405809 25.959
 34   283.217 53388.37091844 51.40  16.147224  -2.409119 25.959
 34   283.207 53388.37091908 52.83  16.146504  -2.412419 25.959
 34   283.193 53388.37091973 52.85  16.145774  -2.415729 25.959
 34   283.171 53388.37092037 50.20  16.145044  -2.419029 25.959
 35   281.475 53423.37091677 21.63  16.156668  -2.400922 23.282
 35   281.198 53423.37091742 18.59  16.155938  -2.404232 23.282
 35   280.828 53423.37091806 19.00  16.155217  -2.407532 14.172
 35   280.875 53423.37091871 19.52  16.154487  -2.410842 14.172
 35   281.236 53423.37091935 20.21  16.153757  -2.414142 14.172
 35   281.438 53423.37092000 22.15  16.153037  -2.417452 14.172
 35   281.566 53423.37092064 26.70  16.152307  -2.420752 14.172
 35   281.443 53423.37092129 30.79  16.151577  -2.424062 14.172
 35   281.330 53423.37092193 29.17  16.150857  -2.427362 14.172
 35   281.492 53423.37092258 25.87  16.150127  -2.430672 14.172
 35   281.069 53423.37092322 22.21  16.149397  -2.433972 14.172
 35   281.694 53423.37092386 23.00  16.148667  -2.437282 14.172
 35   281.436 53423.37092451 36.74  16.147947  -2.440582 14.172
 36   281.378 53458.37092186 41.58  16.154883  -2.400965 45.188
 36   281.375 53458.37092250 46.20  16.154153  -2.404275 45.188
 36   281.424 53458.37092315 51.13  16.153424  -2.407575 28.086
 36   281.450 53458.37092379 49.79  16.152694  -2.410885 28.086
 36   281.448 53458.37092444 49.03  16.151974  -2.414185 28.086
 36   281.278 53458.37092508 42.66  16.151244  -2.417495 28.086
 36   281.315 53458.37092573 39.51  16.150514  -2.420795 28.086
 36   281.119 53458.37092637 36.92  16.149784  -2.424105 28.086
 36   281.136 53458.37092702 41.84  16.149064  -2.427405 28.086
 36   281.202 53458.37092766 46.42  16.148334  -2.430715 28.086
 36   281.149 53458.37092831 48.80  16.147604  -2.434015 28.086
 36   281.192 53458.37092895 49.13  16.146874  -2.437325 28.086
 37   281.669 53493.37100615 54.17  16.143821  -2.395818 54.841
 37   281.635 53493.37100679 52.97  16.143091  -2.399118 54.841
 37   281.671 53493.37100744 50.98  16.142361  -2.402428 54.841
 37   281.702 53493.37100808 46.50  16.141637  -2.405730 19.212
 38   281.933 53528.37098447 29.55  16.155897  -2.399410 22.102
 38   281.849 53528.37098511 19.63  16.155167  -2.402710 22.102
 38   281.848 53528.37098576 25.53  16.154437  -2.406020 22.102
 38   281.820 53528.37098640 30.46  16.153716  -2.409320 25.293
 38   281.777 53528.37098704 31.26  16.152986  -2.412630 25.293
 38   281.776 53528.37098769 28.22  16.152256  -2.415930 25.293
 38   282.000 53528.37098833 32.35  16.151536  -2.419240 25.293
 38   282.052 53528.37098898 44.89  16.150806  -2.422540 25.293
 38   281.863 53528.37098962 45.08  16.150076  -2.425850 25.293
 38   281.805 53528.37099027 43.06  16.149356  -2.429150 25.293
 38   281.852 53528.37099091 47.26  16.148626  -2.432460 25.293
 38   281.854 53528.37099156 48.01  16.147896  -2.435760 25.293
 38   281.862 53528.37099220 49.13  16.147166  -2.439070 25.293
 39   281.792 53563.37101460 18.78  16.144544  -2.397540  9.888
 39   281.870 53563.37101525 23.30  16.143814  -2.400840  9.888
 39   281.922 53563.37101589 25.61  16.143084  -2.404150  9.888
 39   282.003 53563.37101654 31.24  16.142365  -2.407450 19.620
 40   281.319 53598.37095540 30.23  16.154053  -2.400898 22.813
 40   281.490 53598.37095604 23.57  16.153333  -2.404208 22.813
 40   281.391 53598.37095669 21.69  16.152605  -2.407509 13.930
 40   281.412 53598.37095733 21.32  16.151875  -2.410819 13.930
 40   281.440 53598.37095798 22.68  16.151145  -2.414119 13.930
 40   281.488 53598.37095862 30.40  16.150425  -2.417429 13.930
 40   281.442 53598.37095927 33.73  16.149695  -2.420729 13.930
 40   281.443 53598.37095991 32.71  16.148965  -2.424039 13.930
 40   281.268 53598.37096055 34.21  16.148235  -2.427339 13.930
 40   281.144 53598.37096120 30.50  16.147515  -2.430649 13.930
 40   281.200 53598.37096184 26.00  16.146785  -2.433949 13.930
 40   281.394 53598.37096249 19.02  16.146055  -2.437259 13.930
 41   282.443 53633.37095046 24.44  16.146876  -2.395988 13.509
 41   282.558 53633.37095111 24.39  16.146156  -2.399288 13.509
 41   282.569 53633.37095175 24.72  16.145426  -2.402598 13.509
 41   282.648 53633.37095240 25.00  16.144697  -2.405897 23.392
 41   282.662 53633.37095304 30.19  16.143967  -2.409207 23.392
 42   282.925 53668.37097264 27.78  16.146335  -2.395784 28.844
 42   283.101 53668.37097328 27.78  16.145605  -2.399084 28.844
 42   283.101 53668.37097393 27.67  16.144875  -2.402394 28.844
 42   283.330 53668.37097457 28.85  16.144152  -2.405694 17.713
 42   283.402 53668.37097522 38.57  16.143422  -2.409004 17.713
 43   284.558 53703.37091596 41.27  16.155388  -2.401186 45.616
 43   284.572 53703.37091660 50.58  16.154658  -2.404486 45.616
 43   284.553 53703.37091725 48.34  16.153928  -2.407796 45.616
 43   284.537 53703.37091789 52.15  16.153208  -2.411097 28.035
 43   284.526 53703.37091853 52.16  16.152478  -2.414407 28.035
 43   284.567 53703.37091918 53.08  16.151748  -2.417707 28.035
 43   284.573 53703.37091982 52.21  16.151028  -2.421017 28.035
 43   284.570 53703.37092047 53.26  16.150298  -2.424317 28.035
 43   284.580 53703.37092111 52.36  16.149568  -2.427627 28.035
 43   284.590 53703.37092176 51.28  16.148848  -2.430927 28.035
 43   284.607 53703.37092240 53.10  16.148118  -2.434237 28.035
 43   284.649 53703.37092305 50.52  16.147388  -2.437537 28.035
 44   283.241 53738.37082527 20.93  16.156101  -2.400631 16.720
 44   283.100 53738.37082591 19.25  16.155371  -2.403941 16.720
 44   282.601 53738.37082656 18.47  16.154641  -2.407241 16.720
 44   282.443 53738.37082720 19.53  16.153921  -2.410551 16.720
 44   282.542 53738.37082785 20.13  16.153191  -2.413851 16.720
 44   282.749 53738.37082849 19.78  16.152461  -2.417161 16.720
 44   282.780 53738.37082914 20.30  16.151741  -2.420461 16.720
 44   282.773 53738.37082978 19.54  16.151011  -2.423771 16.720
 44   282.896 53738.37083043 19.21  16.150281  -2.427071 16.720
 44   282.945 53738.37083107 17.23  16.149561  -2.430381 16.720
 44   282.934 53738.37083171 15.66  16.148828  -2.433684  6.578
 44   282.993 53738.37083236 15.31  16.148108  -2.436994  6.578
 44   283.353 53738.37083300 13.62  16.147378  -2.440294  6.578
 45   281.876 53773.37083942 35.39  16.156448  -2.399462 19.351
 45   281.509 53773.37084006 20.13  16.155728  -2.402772 19.351
 45   281.501 53773.37084071 14.67  16.154998  -2.406072 19.351
 45   281.262 53773.37084135 16.31  16.154268  -2.409382 19.351
 45   281.488 53773.37084200 16.28  16.153544  -2.412682 14.191
 45   281.556 53773.37084264 19.86  16.152814  -2.415992 14.191
 45   281.704 53773.37084329 25.81  16.152084  -2.419292 14.191
 45   281.702 53773.37084393 35.78  16.151364  -2.422602 14.191
 45   281.730 53773.37084457 36.32  16.150634  -2.425902 14.191
 45   281.558 53773.37084522 26.80  16.149904  -2.429212 14.191
 45   281.441 53773.37084586 20.55  16.149184  -2.432512 14.191
 45   281.579 53773.37084651 20.03  16.148454  -2.435822 14.191
 45   281.597 53773.37084715 28.73  16.147724  -2.439122 14.191
 46   281.513 53808.37082561 32.17  16.154557  -2.398720 23.739
 46   281.249 53808.37082626 21.96  16.153837  -2.402020 23.739
 46   281.455 53808.37082690 17.38  16.153107  -2.405330 23.739
 46   281.006 53808.37082755 19.25  16.152377  -2.408630 23.739
 46   281.178 53808.37082819 18.73  16.151657  -2.411940 23.739
 46   281.507 53808.37082884 20.76  16.150921  -2.415242 16.127
 46   281.483 53808.37082948 26.26  16.150201  -2.418552 16.127
 46   281.398 53808.37083013 29.48  16.149471  -2.421852 16.127
 46   281.331 53808.37083077 28.67  16.148741  -2.425162 16.127
 46   281.279 53808.37083142 26.40  16.148021  -2.428462 16.127
 46   281.411 53808.37083206 34.08  16.147291  -2.431772 16.127
 46   281.333 53808.37083270 35.42  16.146561  -2.435072 16.127
 48   281.270 53878.37089566 31.46  16.153427  -2.401415 38.396
 48   281.563 53878.37089631 42.62  16.152697  -2.404725 38.396
 48   281.514 53878.37089695 42.97  16.151972  -2.408026 19.905
 48   281.488 53878.37089759 49.11  16.151242  -2.411336 19.905
 48   281.529 53878.37089824 50.08  16.150522  -2.414636 19.905
 48   281.539 53878.37089888 35.02  16.149792  -2.417946 19.905
 48   281.413 53878.37089953 33.42  16.149062  -2.421246 19.905
 48   281.405 53878.37090017 41.24  16.148332  -2.424556 19.905
 48   281.384 53878.37090082 46.02  16.147612  -2.427856 19.905
 48   281.425 53878.37090146 47.01  16.146882  -2.431166 19.905
 48   281.303 53878.37090211 44.76  16.146152  -2.434466 19.905
 49   282.018 53913.37094823 52.47  16.144681  -2.396482 54.208
 49   281.989 53913.37094888 54.04  16.143961  -2.399792 54.208
 49   281.968 53913.37094952 49.02  16.143231  -2.403092 54.208
 49   281.981 53913.37095017 49.56  16.142501  -2.406402 54.208
 51   282.102 53983.37090337 48.53  16.149727  -2.400555 48.462
 51   282.066 53983.37090402 49.27  16.148997  -2.403865 48.462
 51   282.044 53983.37090466 52.08  16.148267  -2.407165 48.462
 51   282.046 53983.37090531 50.06  16.147547  -2.410475 48.462
 51   282.059 53983.37090595 51.74  16.146810  -2.413777 20.532
 51   282.041 53983.37090660 49.82  16.146090  -2.417087 20.532
 51   281.982 53983.37090724 50.35  16.145360  -2.420387 20.532
 51   281.942 53983.37090789 52.81  16.144640  -2.423697 20.532
 52   282.925 54018.37093312 34.63  16.152477  -2.398255 33.945
 52   282.972 54018.37093376 28.77  16.151747  -2.401565 33.945
 52   282.406 54018.37093441 21.67  16.151027  -2.404865 33.945
 52   282.370 54018.37093505 22.69  16.150297  -2.408175 33.945
 52   282.345 54018.37093570 22.84  16.149570  -2.411474 11.646
 52   282.599 54018.37093634 26.80  16.148840  -2.414784 11.646
 52   282.609 54018.37093699 25.96  16.148120  -2.418084 11.646
 52   282.631 54018.37093763 26.81  16.147390  -2.421394 11.646
 52   282.699 54018.37093828 27.69  16.146660  -2.424694 11.646
 52   282.715 54018.37093892 27.14  16.145930  -2.428004 11.646
 53   283.798 54053.37092690 27.51  16.159099  -2.401432 25.521
 53   283.403 54053.37092754 25.82  16.158379  -2.404742 25.521
 53   283.393 54053.37092819 24.26  16.157649  -2.408042 25.521
 53   283.277 54053.37092883 25.29  16.156919  -2.411352 25.521
 53   283.551 54053.37092948 25.66  16.156196  -2.414653 11.771
 53   283.716 54053.37093012 25.43  16.155466  -2.417963 11.771
 53   283.861 54053.37093077 26.52  16.154736  -2.421263 11.771
 53   284.021 54053.37093141 29.04  16.154016  -2.424573 11.771
 53   283.989 54053.37093206 31.04  16.153286  -2.427873 11.771
 53   283.949 54053.37093270 32.63  16.152556  -2.431183 11.771
 53   283.755 54053.37093335 29.85  16.151826  -2.434483 11.771
 53   283.797 54053.37093399 27.98  16.151106  -2.437793 11.771
 53   283.843 54053.37093464 26.24  16.150376  -2.441093 11.771
 54   285.437 54088.37091793 50.76  16.152534  -2.398506 44.727
 54   285.430 54088.37091858 50.20  16.151804  -2.401806 44.727
 54   285.434 54088.37091922 48.92  16.151084  -2.405116 44.727
 54   285.425 54088.37091987 50.90  16.150354  -2.408416 44.727
 54   285.416 54088.37092051 50.03  16.149624  -2.411726 44.727
 54   285.387 54088.37092116 50.55  16.148905  -2.415029 17.061
 54   285.445 54088.37092180 50.25  16.148175  -2.418339 17.061
 54   285.448 54088.37092244 49.12  16.147445  -2.421639 17.061
 54   285.418 54088.37092309 52.17  16.146725  -2.424949 17.061
 54   285.410 54088.37092373 49.94  16.145995  -2.428249 17.061
 54   285.439 54088.37092438 51.49  16.145265  -2.431559 17.061
 55   283.464 54123.37084097 22.27  16.150368  -2.402672 28.937
 55   283.298 54123.37084162 21.72  16.149638  -2.405982 28.937
 55   283.356 54123.37084226 22.32  16.148918  -2.409282 28.937
 55   283.592 54123.37084291 24.67  16.148188  -2.412592 28.937
 55   283.654 54123.37084355 27.13  16.147458  -2.415893 15.979
 55   283.647 54123.37084420 29.33  16.146728  -2.419203 15.979
 55   283.640 54123.37084484 30.30  16.146008  -2.422503 15.979
 55   283.634 54123.37084549 30.19  16.145278  -2.425813 15.979
 56   282.112 54158.37088184 26.31  16.150195  -2.399040 19.191
 56   282.063 54158.37088249 28.40  16.149465  -2.402340 19.191
 56   282.015 54158.37088313 23.38  16.148735  -2.405650 19.191
 56   281.770 54158.37088378 21.56  16.148015  -2.408950 19.191
 56   281.752 54158.37088442 24.37  16.147285  -2.412260 19.191
 56   281.866 54158.37088507 27.24  16.146555  -2.415560 19.191
 56   281.865 54158.37088571 32.52  16.145825  -2.418870 19.191
 56   281.794 54158.37088636 30.18  16.145105  -2.422170 19.191
 56   281.785 54158.37088700 26.90  16.144375  -2.425480 19.191
 57   281.775 54193.37084214 48.72  16.150147  -2.402917 41.765
 57   281.704 54193.37084278 49.63  16.149417  -2.406227 41.765
 57   281.742 54193.37084343 44.36  16.148687  -2.409527 41.765
 57   281.809 54193.37084407 45.28  16.147957  -2.412837 41.765
 57   281.757 54193.37084472 36.59  16.147237  -2.416137 41.765
 57   281.763 54193.37084536 40.67  16.146507  -2.419447 41.765
 57   281.647 54193.37084601 45.23  16.145777  -2.422747 41.765
 57   281.461 54193.37084665 50.86  16.145047  -2.426057 41.765
 58   281.929 54228.37089343 49.68  16.150476  -2.400684 40.306
 58   281.902 54228.37089407 54.31  16.149746  -2.403994 40.306
 58   281.853 54228.37089471 52.81  16.149016  -2.407294 40.306
 58   281.854 54228.37089536 50.85  16.148296  -2.410604 40.306
 58   281.945 54228.37089600 51.49  16.147566  -2.413904 40.306
 58   281.946 54228.37089665 51.10  16.146836  -2.417214 40.306
 58   281.844 54228.37089729 53.05  16.146116  -2.420514 40.306
 58   281.779 54228.37089794 53.28  16.145386  -2.423824 40.306
 58   281.723 54228.37089858 48.28  16.144656  -2.427124 40.306
 59   282.197 54263.37091293 20.15  16.150560  -2.403637 24.578
 59   282.024 54263.37091357 17.83  16.149840  -2.406937 24.578
 59   281.627 54263.37091422 19.95  16.149110  -2.410247 24.578
 59   281.999 54263.37091486 21.44  16.148380  -2.413547 24.578
 59   282.135 54263.37091551 28.34  16.147650  -2.416857 24.578
 59   282.094 54263.37091615 31.80  16.146930  -2.420157 24.578
 59   282.022 54263.37091680 30.69  16.146200  -2.423467 24.578
 59   282.039 54263.37091744 29.90  16.145470  -2.426767 24.578
 60   281.923 54298.37091848 47.78  16.150351  -2.406174 32.462
 60   281.856 54298.37091913 45.12  16.149631  -2.409484 32.462
 60   281.964 54298.37091977 43.42  16.148901  -2.412784 32.462
 60   281.890 54298.37092041 38.65  16.148171  -2.416094 32.462
 60   281.947 54298.37092106 42.30  16.147451  -2.419394 32.462
 60   281.892 54298.37092170 43.48  16.146721  -2.422704 32.462
 60   281.813 54298.37092235 49.35  16.145991  -2.426004 32.462
 60   281.745 54298.37092299 47.19  16.145261  -2.429314 32.462
 61   282.236 54333.37090667 32.51  16.152544  -2.399189 26.558
 61   282.238 54333.37090731 37.76  16.151814  -2.402499 26.558
 61   282.245 54333.37090795 30.94  16.151084  -2.405799 26.558
 61   282.073 54333.37090860 29.50  16.150364  -2.409109 26.558
 61   282.149 54333.37090924 32.51  16.149634  -2.412409 26.558
 61   282.204 54333.37090989 35.44  16.148904  -2.415719 26.558
 61   282.266 54333.37091053 39.56  16.148184  -2.419019 26.558
 61   282.314 54333.37091118 39.88  16.147454  -2.422329 26.558
 61   282.112 54333.37091182 45.28  16.146724  -2.425629 26.558
 61   281.962 54333.37091247 41.31  16.146004  -2.428939 26.558
 63   284.432 54403.37085115 51.18  16.150615  -2.403199 45.353
 63   284.418 54403.37085179 51.40  16.149895  -2.406509 45.353
 63   284.404 54403.37085244 51.04  16.149165  -2.409809 45.353
 63   284.394 54403.37085308 53.02  16.148435  -2.413119 45.353
 63   284.379 54403.37085372 51.20  16.147715  -2.416419 45.353
 63   284.364 54403.37085437 50.03  16.146985  -2.419729 45.353
 63   284.352 54403.37085501 51.13  16.146255  -2.423029 45.353
 63   284.333 54403.37085566 52.05  16.145535  -2.426339 45.353
 65   284.861 54473.37083612 47.55  16.153101  -2.399056 52.335
 65   284.853 54473.37083677 51.53  16.152371  -2.402366 52.335
 65   284.838 54473.37083741 47.54  16.151646  -2.405667 34.192
 65   284.844 54473.37083805 52.47  16.150916  -2.408977 34.192
 65   284.826 54473.37083870 52.33  16.150196  -2.412277 34.192
 65   284.814 54473.37083934 51.62  16.149466  -2.415587 34.192
 65   284.818 54473.37083999 51.85  16.148736  -2.418887 34.192
 65   284.805 54473.37084063 53.39  16.148006  -2.422197 34.192
 65   284.790 54473.37084128 52.70  16.147286  -2.425497 34.192
 65   284.783 54473.37084192 50.37  16.146556  -2.428807 34.192
 65   284.773 54473.37084257 50.79  16.145826  -2.432107 34.192
 66   282.807 54508.37081935 53.99  16.150018  -2.404647 31.860
 66   282.825 54508.37081999 52.38  16.149288  -2.407957 31.860
 66   282.883 54508.37082064 51.91  16.148568  -2.411257 31.860
 66   282.862 54508.37082128 49.38  16.147838  -2.414567 31.860
 66   282.900 54508.37082193 50.23  16.147108  -2.417867 31.860
 66   282.833 54508.37082257 53.59  16.146378  -2.421177 31.860
 66   282.772 54508.37082322 52.23  16.145658  -2.424477 31.860
 66   282.754 54508.37082386 51.09  16.144928  -2.427787 31.860
 67   281.844 54543.37085038 29.07  16.152272  -2.399225 18.108
 67   281.862 54543.37085102 31.64  16.151542  -2.402525 18.108
 67   281.734 54543.37085167 23.81  16.150822  -2.405835 18.108
 67   281.606 54543.37085231 16.76  16.150092  -2.409135 18.108
 67   281.575 54543.37085295 17.08  16.149362  -2.412445 18.108
 67   281.743 54543.37085360 20.54  16.148632  -2.415745 18.108
 67   281.709 54543.37085424 29.98  16.147912  -2.419055 18.108
 67   281.761 54543.37085489 33.27  16.147182  -2.422355 18.108
 67   281.631 54543.37085553 36.84  16.146452  -2.425665 18.108
 67   281.698 54543.37085618 35.37  16.145732  -2.428965 18.108
 68   282.028 54578.37082053 38.85  16.150382  -2.403021 21.633
 68   282.056 54578.37082117 23.08  16.149652  -2.406331 21.633
 68   281.618 54578.37082182 18.78  16.148922  -2.409631 21.633
 68   281.664 54578.37082246 20.25  16.148202  -2.412941 21.633
 68   281.862 54578.37082311 24.76  16.147472  -2.416241 21.633
 68   281.889 54578.37082375 32.80  16.146742  -2.419551 21.633
 68   281.862 54578.37082439 35.56  16.146022  -2.422851 21.633
 68   281.872 54578.37082504 36.18  16.145292  -2.426161 21.633
 69   282.045 54613.37084073 31.80  16.152487  -2.398046 26.926
 69   282.082 54613.37084137 39.14  16.151757  -2.401356 26.926
 69   282.110 54613.37084202 39.84  16.151027  -2.404656 26.926
 69   282.040 54613.37084266 37.66  16.150307  -2.407966 26.926
 69   281.743 54613.37084331 25.42  16.149577  -2.411266 26.926
 69   281.835 54613.37084395 24.92  16.148847  -2.414576 26.926
 69   281.995 54613.37084460 31.21  16.148127  -2.417876 26.926
 69   282.023 54613.37084524 32.20  16.147397  -2.421186 26.926
 69   281.847 54613.37084589 35.21  16.146667  -2.424486 26.926
 69   281.701 54613.37084653 34.14  16.145937  -2.427796 26.926
 69   281.699 54613.37084718 39.76  16.145217  -2.431096 26.926
 70   282.294 54648.37084877 34.01  16.149932  -2.401921 20.343
 70   282.014 54648.37084941 29.92  16.149212  -2.405231 20.343
 70   282.294 54648.37085006 37.62  16.148482  -2.408531 20.343
 70   282.107 54648.37085070 39.22  16.147752  -2.411841 20.343
 70   282.132 54648.37085135 37.38  16.147022  -2.415141 20.343
 70   282.251 54648.37085199 33.98  16.146302  -2.418451 20.343
 70   282.062 54648.37085264 39.62  16.145572  -2.421751 20.343
 70   282.143 54648.37085328 43.48  16.144842  -2.425061 20.343
 71   281.901 54683.37084886 30.70  16.150176  -2.404300 17.801
 71   281.806 54683.37084951 36.82  16.149446  -2.407600 17.801
 71   281.917 54683.37085015 45.47  16.148726  -2.410910 17.801
 71   281.928 54683.37085080 44.82  16.147996  -2.414210 17.801
 71   281.688 54683.37085144 32.01  16.147266  -2.417520 17.801
 71   281.674 54683.37085209 35.05  16.146536  -2.420820 17.801
 71   281.690 54683.37085273 41.93  16.145816  -2.424130 17.801
 71   281.709 54683.37085338 43.58  16.145086  -2.427430 17.801
 72   282.716 54718.37079617 31.61  16.150555  -2.405300 25.269
 72   282.538 54718.37079681 24.45  16.149825  -2.408610 25.269
 72   282.600 54718.37079746 25.20  16.149105  -2.411910 25.269
 72   282.635 54718.37079810 29.23  16.148375  -2.415220 25.269
 72   282.885 54718.37079875 41.12  16.147645  -2.418520 25.269
 72   282.919 54718.37079939 42.99  16.146915  -2.421830 25.269
 72   282.745 54718.37080003 43.52  16.146195  -2.425130 25.269
 72   282.629 54718.37080068 44.36  16.145465  -2.428440 25.269
 73   283.475 54753.37082183 32.45  16.150336  -2.400859 22.928
 73   283.165 54753.37082247 21.66  16.149616  -2.404169 22.928
 73   283.001 54753.37082311 22.92  16.148886  -2.407469 22.928
 73   282.995 54753.37082376 24.59  16.148156  -2.410779 22.928
 73   283.156 54753.37082440 27.68  16.147436  -2.414079 22.928
 73   283.258 54753.37082505 31.91  16.146706  -2.417389 22.928
 73   283.283 54753.37082569 37.53  16.145976  -2.420689 22.928
 73   283.358 54753.37082634 38.44  16.145246  -2.423999 22.928
 73   283.319 54753.37082698 37.39  16.144526  -2.427299 22.928
 74   284.504 54788.37078673 23.96  16.150270  -2.400001 17.338
 74   284.026 54788.37078738 24.28  16.149550  -2.403301 17.338
 74   284.014 54788.37078802 24.53  16.148820  -2.406611 17.338
 74   284.344 54788.37078867 25.40  16.148090  -2.409911 17.338
 74   284.380 54788.37078931 28.32  16.147360  -2.413221 17.338
 74   284.442 54788.37078996 30.30  16.146640  -2.416521 17.338
 74   284.495 54788.37079060 32.41  16.145910  -2.419831 17.338
 74   284.567 54788.37079125 40.18  16.145180  -2.423131 17.338
 74   284.583 54788.37079189 40.17  16.144450  -2.426441 17.338
 75   284.928 54823.37081680 38.82  16.150539  -2.404659 29.742
 75   285.016 54823.37081744 37.93  16.149809  -2.407959 29.742
 75   284.841 54823.37081809 32.57  16.149079  -2.411269 29.742
 75   284.996 54823.37081873 36.12  16.148359  -2.414569 29.742
 75   285.048 54823.37081938 40.39  16.147629  -2.417879 29.742
 75   285.032 54823.37082002 44.27  16.146899  -2.421179 29.742
 75   285.031 54823.37082067 48.65  16.146169  -2.424489 29.742
 75   285.020 54823.37082131 47.40  16.145449  -2.427789 29.742
 76   282.835 54858.37078298 32.25  16.150419  -2.405138 22.402
 76   282.652 54858.37078362 31.15  16.149699  -2.408438 22.402
 76   282.809 54858.37078427 32.64  16.148969  -2.411748 22.402
 76   282.824 54858.37078491 35.38  16.148239  -2.415048 22.402
 76   282.851 54858.37078556 41.76  16.147509  -2.418358 22.402
 76   282.835 54858.37078620 42.31  16.146789  -2.421658 22.402
 76   282.623 54858.37078685 42.33  16.146059  -2.424968 22.402
 76   282.757 54858.37078749 45.62  16.145329  -2.428268 22.402
 77   282.611 54893.37081871 23.24  16.149492  -2.399974 20.129
 77   282.504 54893.37081936 21.75  16.148772  -2.403284 20.129
 77   282.325 54893.37082000 20.20  16.148042  -2.406584 20.129
 77   282.280 54893.37082065 23.82  16.147312  -2.409894 20.129
 77   282.353 54893.37082129 26.08  16.146592  -2.413194 20.129
 77   282.467 54893.37082194 31.08  16.145862  -2.416504 20.129
 77   282.522 54893.37082258 33.75  16.145132  -2.419804 20.129
 78   281.800 54928.37077928 49.26  16.149692  -2.398011 53.280
 78   281.780 54928.37077993 48.84  16.148964  -2.401313 26.307
 78   281.754 54928.37078057 50.76  16.148234  -2.404623 26.307
 78   281.744 54928.37078122 48.20  16.147514  -2.407923 26.307
 78   281.731 54928.37078186 47.73  16.146784  -2.411233 26.307
 78   281.733 54928.37078251 47.00  16.146054  -2.414533 26.307
 78   281.701 54928.37078315 42.34  16.145324  -2.417843 26.307
 80   282.372 54998.37083838 23.91  16.148778  -2.398040 17.950
 80   282.533 54998.37083902 24.72  16.148048  -2.401340 17.950
 80   282.436 54998.37083967 22.32  16.147328  -2.404650 17.950
 80   282.285 54998.37084031 21.14  16.146598  -2.407950 17.950
 80   282.362 54998.37084096 24.66  16.145868  -2.411260 17.950
 80   282.396 54998.37084160 29.37  16.145148  -2.414560 17.950
 81   282.256 55033.37082783 52.49  16.149685  -2.402584 31.124
 81   282.238 55033.37082847 53.83  16.148955  -2.405884 31.124
 81   282.254 55033.37082912 51.31  16.148235  -2.409194 31.124
 81   282.286 55033.37082976 49.93  16.147505  -2.412494 31.124
 81   282.294 55033.37083041 49.13  16.146775  -2.415804 31.124
 81   282.270 55033.37083105 53.19  16.146055  -2.419104 31.124
 81   282.087 55033.37083170 50.48  16.145325  -2.422414 31.124
 81   282.021 55033.37083234 51.19  16.144595  -2.425714 31.124
 82   281.973 55068.37081667 27.18  16.150564  -2.405762 24.250
 82   281.793 55068.37081731 22.89  16.149834  -2.409062 24.250
 82   281.909 55068.37081796 30.20  16.149114  -2.412372 24.250
 82   281.923 55068.37081860 40.55  16.148384  -2.415672 24.250
 82   281.952 55068.37081925 37.49  16.147654  -2.418982 24.250
 82   281.801 55068.37081989 39.75  16.146924  -2.422282 24.250
 82   281.695 55068.37082054 41.37  16.146204  -2.425592 24.250
 82   281.639 55068.37082118 46.67  16.145474  -2.428892 24.250
 83   282.881 55103.37075431 42.56  16.149618  -2.398030 49.748
 83   282.888 55103.37075496 48.46  16.148891  -2.401329 27.160
 83   282.899 55103.37075560 52.45  16.148161  -2.404639 27.160
 83   282.888 55103.37075625 47.96  16.147441  -2.407939 27.160
 83   282.913 55103.37075689 46.61  16.146711  -2.411249 27.160
 83   282.937 55103.37075754 47.36  16.145981  -2.414549 27.160
 83   282.915 55103.37075818 47.05  16.145251  -2.417859 27.160
 84   283.899 55138.37076339 43.85  16.150719  -2.401538 36.183
 84   283.898 55138.37076404 46.33  16.149999  -2.404848 36.183
 84   283.893 55138.37076468 46.49  16.149269  -2.408148 36.183
 84   283.856 55138.37076533 38.33  16.148539  -2.411458 36.183
 84   283.865 55138.37076597 39.00  16.147819  -2.414758 36.183
 84   283.861 55138.37076662 38.84  16.147089  -2.418068 36.183
 84   283.877 55138.37076726 44.54  16.146359  -2.421368 36.183
 84   283.845 55138.37076791 47.92  16.145629  -2.424678 36.183
 84   283.821 55138.37076855 46.57  16.144909  -2.427978 36.183
 85   285.391 55173.37072373 49.35  16.150435  -2.402413 32.788
 85   285.398 55173.37072438 49.30  16.149705  -2.405723 32.788
 85   285.412 55173.37072502 49.66  16.148985  -2.409023 32.788
 85   285.348 55173.37072567 48.77  16.148255  -2.412333 32.788
 85   285.368 55173.37072631 50.30  16.147525  -2.415633 32.788
 85   285.385 55173.37072695 49.74  16.146795  -2.418943 32.788
 85   285.343 55173.37072760 51.49  16.146075  -2.422243 32.788
 85   285.316 55173.37072824 50.87  16.145345  -2.425553 32.788
 86   284.138 55208.37075790 30.75  16.150617  -2.401243 24.794
 86   283.735 55208.37075854 21.93  16.149897  -2.404553 24.794
 86   283.589 55208.37075919 23.30  16.149167  -2.407853 24.794
 86   283.851 55208.37075983 25.00  16.148437  -2.411163 24.794
 86   283.906 55208.37076048 28.72  16.147717  -2.414463 24.794
 86   283.985 55208.37076112 32.85  16.146987  -2.417773 24.794
 86   284.054 55208.37076177 36.09  16.146257  -2.421073 24.794
 86   284.076 55208.37076241 34.26  16.145527  -2.424383 24.794
 86   284.076 55208.37076306 33.57  16.144807  -2.427683 24.794
 87   282.775 55243.37072824 25.63  16.150016  -2.398833 18.626
 87   282.744 55243.37072888 25.68  16.149286  -2.402143 18.626
 87   282.554 55243.37072953 21.38  16.148566  -2.405443 18.626
 87   282.313 55243.37073017 21.97  16.147836  -2.408753 18.626
 87   282.386 55243.37073082 24.62  16.147106  -2.412053 18.626
 87   282.557 55243.37073146 30.07  16.146376  -2.415363 18.626
 87   282.557 55243.37073211 36.41  16.145656  -2.418663 18.626
 87   282.516 55243.37073275 40.20  16.144926  -2.421973 18.626
 88   282.322 55278.37075110 30.52  16.150454  -2.400502 20.709
 88   282.392 55278.37075174 22.83  16.149724  -2.403802 20.709
 88   281.887 55278.37075239 20.11  16.149004  -2.407112 20.709
 88   281.936 55278.37075303 20.28  16.148274  -2.410412 20.709
 88   282.041 55278.37075368 22.50  16.147544  -2.413722 20.709
 88   282.315 55278.37075432 28.66  16.146824  -2.417022 20.709
 88   282.300 55278.37075496 31.45  16.146094  -2.420332 20.709
 88   282.158 55278.37075561 31.62  16.145364  -2.423632 20.709
 88   282.095 55278.37075625 29.87  16.144634  -2.426942 20.709
 89   282.956 55313.37071411 45.67  16.150357  -2.402842 25.187
 89   282.967 55313.37071476 48.03  16.149627  -2.406152 25.187
 89   282.957 55313.37071540 44.45  16.148897  -2.409452 25.187
 89   282.960 55313.37071605 47.80  16.148177  -2.412762 25.187
 89   282.950 55313.37071669 47.47  16.147447  -2.416062 25.187
 89   282.939 55313.37071734 46.78  16.146717  -2.419372 25.187
 89   282.874 55313.37071798 50.47  16.145997  -2.422672 25.187
 89   282.819 55313.37071863 47.31  16.145267  -2.425982 25.187
 90   282.667 55348.37072286 48.48  16.150465  -2.405164 35.911
 90   282.665 55348.37072351 51.30  16.149735  -2.408464 35.911
 90   282.668 55348.37072415 50.69  16.149005  -2.411774 35.911
 90   282.647 55348.37072480 51.31  16.148285  -2.415074 35.911
 90   282.587 55348.37072544 48.98  16.147555  -2.418384 35.911
 90   282.484 55348.37072609 49.56  16.146825  -2.421684 35.911
 90   282.436 55348.37072673 52.46  16.146095  -2.424994 35.911
 90   282.410 55348.37072738 53.07  16.145375  -2.428294 35.911
 91   282.370 55383.37071282 45.09  16.149826  -2.402259 34.866
 91   282.353 55383.37071347 46.77  16.149096  -2.405569 34.866
 91   282.342 55383.37071411 47.40  16.148366  -2.408869 34.866
 91   282.333 55383.37071476 49.90  16.147636  -2.412179 34.866
 91   282.335 55383.37071540 50.56  16.146916  -2.415479 34.866
 91   282.296 55383.37071605 48.49  16.146186  -2.418789 34.866
 91   282.254 55383.37071669 50.57  16.145456  -2.422089 34.866
 91   282.215 55383.37071734 52.22  16.144726  -2.425399 34.866
 92   282.223 55418.37074107 20.40  16.150827  -2.403841 20.741
 92   281.840 55418.37074172 18.41  16.150107  -2.407151 20.741
 92   281.844 55418.37074236 19.12  16.149377  -2.410451 20.741
 92   281.936 55418.37074301 22.11  16.148647  -2.413761 20.741
 92   282.221 55418.37074365 24.93  16.147927  -2.417061 20.741
 92   282.149 55418.37074430 28.71  16.147197  -2.420371 20.741
 92   282.112 55418.37074494 31.17  16.146467  -2.423671 20.741
 92   282.062 55418.37074559 32.19  16.145737  -2.426981 20.741
 93   282.329 55453.37072060 31.79  16.152107  -2.398919 41.019
 93   282.283 55453.37072125 28.73  16.151370  -2.402220 15.669
 93   282.257 55453.37072189 31.11  16.150650  -2.405530 15.669
 93   281.947 55453.37072254 24.69  16.149920  -2.408830 15.669
 93   282.259 55453.37072318 24.71  16.149190  -2.412140 15.669
 93   282.344 55453.37072383 30.89  16.148470  -2.415440 15.669
 93   282.326 55453.37072447 34.40  16.147740  -2.418750 15.669
 93   282.185 55453.37072512 39.86  16.147010  -2.422050 15.669
 93   282.200 55453.37072576 43.54  16.146290  -2.425360 15.669
 93   282.247 55453.37072640 48.73  16.145560  -2.428660 15.669
 94   283.243 55488.37064190 45.50  16.152754  -2.399172 36.628
 94   283.165 55488.37064254 43.95  16.152024  -2.402472 36.628
 94   283.161 55488.37064318 45.19  16.151304  -2.405782 36.628
 94   283.143 55488.37064383 49.69  16.150570  -2.409084 25.058
 94   283.125 55488.37064447 38.52  16.149850  -2.412394 25.058
 94   283.014 55488.37064512 33.97  16.149120  -2.415694 25.058
 94   283.275 55488.37064576 40.98  16.148390  -2.419004 25.058
 94   283.183 55488.37064641 40.91  16.147670  -2.422304 25.058
 94   283.094 55488.37064705 40.73  16.146940  -2.425614 25.058
 94   283.091 55488.37064770 39.63  16.146210  -2.428914 25.058
 94   283.156 55488.37064834 41.81  16.145490  -2.432224 25.058
