-316137.757    88.600     0.00    4.99
-315761.632    86.788    -4.82    5.18
-315385.509    84.324    -6.55    6.28
-315009.389    83.054    -3.38    4.88
-314633.270    82.314    -1.97    3.94
-314257.154    80.128    -5.81    6.20
-313881.040    78.949    -3.14    6.55
-313504.927    77.806    -3.04    6.66
-313128.817    75.816    -5.29    6.62
-312752.708    74.750    -2.83    7.12
-312376.602    74.447    -0.80    6.84
-312000.498    74.179    -0.71    6.67
-311624.395    74.757     1.53    5.83
-311248.295    75.237     1.28    4.80
-310872.196    74.868    -0.98    3.44
-310496.100    71.718    -8.38    6.27
-310120.006    68.595    -8.31    6.47
-309743.913    66.600    -5.30    6.45
-309367.823    65.897    -1.87    7.07
-308991.735    67.351     3.87   10.47
-308615.648    74.243    18.33   14.12
-308239.564    79.054    12.79   15.31
-307863.482    80.769     4.56   13.83
-307487.401    82.154     3.68   11.37
-307111.323    82.057    -0.26    8.88
-306735.246    81.132    -2.46    7.28
-306359.172    79.919    -3.22    5.64
-305983.099    79.278    -1.70    5.12
-305607.029    77.641    -4.35    5.05
-305230.960    72.946   -12.49    7.89
-304854.894    71.263    -4.47    7.95
-304478.829    72.684     3.78   10.13
-304102.767    79.450    17.99   11.86
-303726.706    86.243    18.06    7.19
-303350.648    86.900     1.75    6.59
-302974.591    84.692    -5.87    7.17
-302598.536    82.222    -6.57    6.61
-302222.484    82.108    -0.30    5.25
-301846.433    84.216     5.61    4.32
-301470.384    84.579     0.96    4.75
-301094.337    83.410    -3.11    6.94
-300718.292    81.056    -6.26    9.59
-300342.249    75.125   -15.77    9.35
-299966.208    74.947    -0.47    9.30
-299590.169    77.865     7.76    9.88
-299214.132    82.000    11.00    8.94
-298838.097    84.103     5.59    5.21
-298462.064    82.263    -4.89    5.37
-298086.033    79.639    -6.98    4.64
-297710.004    76.821    -7.50    4.42
-297333.976    74.135    -7.14    3.45
-296957.951    73.400    -1.96    2.46
-296581.927    73.615     0.57    2.18
-296205.906    73.686     0.19    2.03
-295829.886    73.162    -1.39    1.88
-295453.869    71.811    -3.59    2.09
-295077.853    70.263    -4.12    2.65
-294701.839    68.359    -5.06    2.75
-294325.827    66.622    -4.62    2.55
-293949.818    65.100    -4.05    2.73
-293573.810    63.538    -4.15    2.73
-293197.803    62.553    -2.62    1.91
-292821.799    61.649    -2.40    1.84
-292445.797    61.333    -0.84    1.98
-292069.797    60.769    -1.50    2.01
-291693.798    60.417    -0.94    2.09
-291317.802    59.667    -1.99    2.25
-290941.807    58.528    -3.03    2.75
-290565.815    56.846    -4.47    3.43
-290189.824    54.923    -5.11    3.79
-289813.835    53.882    -2.77    3.36
-289437.848    52.919    -2.56    4.32
-289061.863    53.622     1.87    5.88
-288685.880    54.243     1.65    7.14
-288309.899    54.684     1.17    8.10
-287933.920    54.472    -0.56    8.97
-287557.942    53.846    -1.67    8.99
-287181.967    52.821    -2.73    8.44
-286805.993    50.842    -5.26    7.19
-286430.021    49.108    -4.61    4.56
-286054.052    48.632    -1.27    3.10
-285678.084    49.000     0.98    2.36
-285302.118    49.139     0.37    1.94
-284926.153    48.564    -1.53    1.65
-284550.191    48.278    -0.76    1.50
-284174.231    48.711     1.15    1.56
-283798.272    49.000     0.77    2.03
-283422.316    49.438     1.16    1.85
-283046.361    49.243    -0.52    1.96
-282670.408    49.211    -0.09    1.83
-282294.457    48.784    -1.14    2.03
-281918.508    48.487    -0.79    3.27
-281542.561    48.405    -0.22    3.51
-281166.615    48.513     0.29    3.32
-280790.672    48.923     1.09    3.05
-280414.730    49.974     2.80    3.09
-280038.630    52.486     6.68    4.50
-279662.319    55.718     8.59    5.22
-279286.009    58.026     6.13    4.95
-278909.701    59.972     5.17    3.92
-278533.395    57.865    -5.60    5.60
-278157.091    53.135   -12.57    6.18
-277780.789    50.135    -7.97    5.16
-277404.489    47.795    -6.22    2.21
-277028.190    47.531    -0.70    1.85
-276651.894    47.974     1.18    1.48
-276275.599    47.590    -1.02    1.65
-275899.306    47.139    -1.20    1.62
-275523.015    46.821    -0.85    1.48
-275146.726    46.568    -0.67    1.44
-274770.438    46.897     0.88    1.43
-274394.153    47.421     1.39    1.57
-274017.869    47.684     0.70    1.71
-273641.587    48.000     0.84    1.51
-273265.307    47.769    -0.61    1.56
-272889.029    47.103    -1.77    1.67
-272512.753    46.722    -1.01    1.56
-272136.478    46.865     0.38    2.34
-271760.205    46.838    -0.07    3.02
-271383.934    47.054     0.57    3.27
-271007.665    46.324    -1.94    3.52
-270631.398    45.765    -1.49    3.79
-270255.133    45.000    -2.03    4.45
-269878.869    46.513     4.02    5.40
-269502.608    48.833     6.17    6.21
-269126.348    51.051     5.89    5.59
-268750.090    51.892     2.23    5.47
-268373.833    51.921     0.08    5.45
-267997.579    50.184    -4.62    6.22
-267621.326    50.205     0.06    5.60
-267245.075    49.405    -2.13    5.06
-266868.826    49.316    -0.24    4.15
-266492.579    49.425     0.29    4.14
-266116.334    49.194    -0.61    5.16
-265740.090    47.921    -3.38    6.00
-265363.848    45.946    -5.25    6.19
-264987.608    43.973    -5.24    5.59
-264611.370    42.459    -4.02    4.36
-264235.133    41.514    -2.51    2.37
-263858.899    40.949    -1.50    1.62
-263482.666    40.725    -0.59    1.47
-263106.435    40.135    -1.57    1.42
-262730.206    39.744    -1.04    1.60
-262353.978    39.054    -1.83    1.51
-261977.752    38.816    -0.63    1.83
-261601.529    38.256    -1.49    2.38
-261225.306    37.821    -1.16    2.64
-260849.086    37.306    -1.37    3.14
-260472.868    37.447     0.38    3.51
-260096.651    36.897    -1.46    4.01
-259720.436    36.111    -2.09    4.20
-259344.223    35.359    -2.00    4.26
-258968.011    33.789    -4.17    5.05
-258591.801    31.541    -5.98    5.82
-258215.593    29.514    -5.39    5.80
-257839.387    29.108    -1.08    6.01
-257463.183    29.974     2.30    6.66
-257086.980    29.925    -0.13    6.93
-256710.779    31.081     3.07    5.27
-256334.580    31.825     1.98    3.73
-255958.383    31.711    -0.30    3.07
-255582.187    32.026     0.84    2.93
-255205.994    30.703    -3.52    3.20
-254829.802    29.575    -3.00    3.66
-254453.611    27.056    -6.70    3.38
-254077.423    24.568    -6.61    3.44
-253701.236    22.447    -5.64    3.70
-253325.051    21.556    -2.37    3.63
-252948.867    21.487    -0.18    3.82
-252572.686    21.333    -0.41    4.24
-252196.506    20.417    -2.44    4.23
-251820.328    18.919    -3.98    3.74
-251444.152    17.676    -3.31    3.20
-251067.977    17.184    -1.31    2.69
-250691.804    15.975    -3.21    2.93
-250315.633    15.027    -2.52    2.79
-249939.463    14.590    -1.16    2.83
-249563.296    13.105    -3.95    2.92
-249187.130    12.132    -2.59    2.86
-248810.966    11.324    -2.15    3.06
-248434.803    10.975    -0.93    3.29
-248058.642    11.237     0.70    3.98
-247682.483    11.056    -0.48    4.08
-247306.326    10.730    -0.87    4.34
-246930.170    10.611    -0.32    4.22
-246554.016    11.154     1.44    4.13
-246177.864    12.308     3.07    3.55
-245801.714    14.353     5.44    2.96
-245425.565    16.162     4.81    2.66
-245049.418    17.054     2.37    2.62
-244673.272    18.297     3.31    3.17
-244297.129    20.256     5.21    5.10
-243920.987    21.027     2.05    6.40
-243544.847    22.308     3.40    6.68
-243168.708    22.821     1.36    6.84
-242792.571    23.000     0.48    6.05
-242416.436    22.865    -0.36    5.43
-242040.303    22.625    -0.64    5.41
-241664.171    22.026    -1.59    4.90
-241288.041    21.278    -1.99    4.56
-240911.912    21.703     1.13    3.78
-240535.786    24.306     6.92    4.79
-240159.661    25.486     3.14    4.77
-239783.537    26.026     1.43    4.19
-239407.416    26.515     1.30    4.60
-239031.296    26.132    -1.02    5.47
-238655.177    26.342     0.56    5.95
-238279.061    26.861     1.38    5.89
-237902.946    25.256    -4.27    6.64
-237526.833    23.784    -3.92    6.36
-237150.721    22.308    -3.92    5.35
-236774.611    20.436    -4.98    4.30
-236398.503    18.769    -4.43    3.88
-236022.397    16.541    -5.93    4.15
-235646.292    14.526    -5.36    4.25
-235270.188    11.949    -6.85    4.11
-234894.087     9.583    -6.29    3.89
-234517.987     8.108    -3.92    3.26
-234141.889     6.811    -3.45    2.64
-233765.792     6.865     0.14    2.98
-233389.697     6.579    -0.76    2.84
-233013.604     6.771     0.51    3.03
-232637.512     6.425    -0.92    3.05
-232261.422     6.421    -0.01    3.24
-231885.334     6.730     0.82    3.98
-231509.247     6.026    -1.87    4.00
-231133.162     5.658    -0.98    4.27
-230757.079     5.763     0.28    4.19
-230380.997     5.816     0.14    4.24
-230004.917     6.205     1.04    4.44
-229628.839     5.811    -1.05    4.34
-229252.762     4.868    -2.51    3.56
-228876.687     4.450    -1.11    2.62
-228500.613     4.257    -0.51    1.70
-228124.541     4.162    -0.25    1.28
-227748.471     3.378    -2.08    1.75
-227372.402     3.054    -0.86    2.13
-226996.335     3.216     0.43    2.29
-226620.270     4.750     4.08    3.48
-226244.206     7.675     7.78    4.65
-225868.144    10.342     7.09    4.58
-225492.084    13.865     9.37    4.61
-225116.025    17.256     9.02    4.41
-224739.967    18.921     4.43    4.22
-224363.912    19.538     1.64    4.51
-223987.858    19.135    -1.07    4.94
-223611.805    18.846    -0.77    3.95
-223235.754    20.056     3.22    4.53
-222859.705    21.105     2.79    4.58
-222483.658    22.692     4.22    5.04
-222107.612    25.562     7.63    6.94
-221731.567    28.077     6.69   10.04
-221355.524    29.703     4.32   11.24
-220979.483    30.889     3.15   11.19
-220603.444    31.973     2.88   10.18
-220227.406    34.361     6.35   10.14
-219851.369    39.895    14.72    9.21
-219475.334    42.897     7.99    7.92
-219099.301    42.432    -1.24   10.20
-218723.269    39.256    -8.45   10.69
-218347.239    36.744    -6.68   10.14
-217971.211    35.795    -2.52    8.53
-217595.184    39.108     8.81    8.76
-217219.159    40.410     3.46    9.28
-216843.135    42.459     5.45    8.43
-216467.113    46.053     9.56    7.74
-216091.092    49.053     7.98    7.02
-215715.073    51.281     5.93    6.03
-215339.056    52.000     1.91    6.16
-214963.040    52.895     2.38    6.72
-214587.026    53.730     2.22    7.08
-214211.013    51.946    -4.74    8.37
-213835.002    51.139    -2.15    9.46
-213458.993    50.868    -0.72    9.74
-213082.985    51.632     2.03    9.97
-212706.978    55.378     9.96    9.36
-212330.973    58.256     7.65   10.97
-211954.970    60.513     6.00    9.92
-211578.968    61.128     1.64    8.57
-211202.968    64.216     8.21    6.50
-210826.970    64.231     0.04    6.44
-210450.972    62.054    -5.79    8.72
-210074.977    57.368   -12.46   12.02
-209698.983    52.622   -12.62   12.57
-209322.991    50.879    -4.64   12.02
-208947.000    47.103   -10.04   13.21
-208571.010    43.947    -8.39   11.65
-208195.023    41.889    -5.47    9.47
-207819.036    38.308    -9.53    8.94
-207443.052    38.278    -0.08    9.04
-207067.068    33.462   -12.81    9.21
-206691.087    29.282   -11.12    7.43
-206315.107    25.946    -8.87    6.92
-205939.128    24.763    -3.15    7.70
-205563.151    22.897    -4.96    8.17
-205187.176    19.800    -8.24    7.83
-204810.965    16.838    -7.87    5.52
-204434.688    16.538    -0.80    6.01
-204058.413    18.974     6.47    8.69
-203682.139    21.514     6.75   10.43
-203305.867    24.351     7.54    9.53
-202929.596    22.306    -5.44    9.16
-202553.327    18.462   -10.22    7.16
-202177.059    15.950    -6.68    5.37
-201800.793    13.694    -5.99    3.70
-201424.529    11.821    -4.98    3.41
-201048.266    11.139    -1.81    5.14
-200672.004     8.947    -5.82    4.96
-200295.744     6.385    -6.81    5.32
-199919.486     4.421    -5.22    4.44
-199543.229     2.737    -4.48    2.94
-199166.973     1.703    -2.75    2.26
-198790.719     1.225    -1.27    1.14
-198414.466     0.972    -0.67    1.66
-198038.215     0.300    -1.79    1.90
-197661.966    -0.553    -2.27    2.18
-197285.718    -1.861    -3.48    2.11
-196909.471    -2.568    -1.88    1.86
-196533.226    -2.917    -0.93    1.20
-196156.983    -2.231     1.82    1.94
-195780.741    -1.175     2.81    2.22
-195404.500    -0.378     2.12    2.02
-195028.261     0.725     2.93    1.60
-194652.023     1.308     1.55    1.20
-194275.787     1.395     0.23    1.13
-193899.553     1.447     0.14    1.35
-193523.320     1.154    -0.78    1.25
-193147.088     1.053    -0.27    1.23
-192770.858     1.722     1.78    3.02
-192394.629     3.333     4.28    4.88
-192018.402     5.611     6.05    6.38
-191642.176     8.500     7.68    7.48
-191265.952    10.026     4.06    7.87
-190889.729    11.486     3.88    8.21
-190513.507     9.216    -6.03    7.39
-190137.287     5.946    -8.69    6.84
-189761.069     4.211    -4.61    6.11
-189384.852     2.744    -3.90    4.99
-189008.636     2.054    -1.83    4.04
-188632.422     2.925     2.32    5.25
-188256.210     3.692     2.04    5.61
-187879.999     4.368     1.80    6.11
-187503.789     6.595     5.92    7.08
-187127.581     9.132     6.74    8.00
-186751.374    11.667     6.74    7.58
-186375.168    14.278     6.94    6.46
-185998.964    13.385    -2.37    7.50
-185622.762    10.111    -8.70    8.55
-185246.561     6.921    -8.48    8.46
-184870.361     3.333    -9.54    5.27
-184494.163     1.688    -4.37    1.93
-184117.966     1.541    -0.39    1.74
-183741.771     1.711     0.45    1.99
-183365.577     1.541    -0.45    1.50
-182989.385     2.231     1.83    2.26
-182613.194     2.405     0.46    2.33
-182237.004     2.538     0.35    2.54
-181860.816     2.564     0.07    2.44
-181484.629     2.256    -0.82    1.63
-181108.444     2.108    -0.39    1.22
-180732.260     2.282     0.46    1.62
-180356.078     2.231    -0.14    1.69
-179979.897     2.667     1.16    2.00
-179603.717     3.974     3.47    3.18
-179227.539     5.270     3.45    3.51
-178851.362     6.243     2.59    3.28
-178475.187     7.795     4.12    3.81
-178099.013    10.156     6.28    5.35
-177722.840    14.026    10.29    7.42
-177346.669    17.692     9.75    8.78
-176970.499    20.917     8.57    9.60
-176594.331    24.051     8.33   10.03
-176218.164    26.054     5.32    9.04
-175841.998    28.692     7.01    8.14
-175465.834    30.789     5.58    6.57
-175089.671    32.789     5.32    3.74
-174713.510    32.784    -0.02    3.52
-174337.350    30.846    -5.15    4.30
-173961.191    28.205    -7.02    5.32
-173585.034    24.889    -8.82    6.88
-173208.878    20.000   -13.00    9.10
-172832.724    14.676   -14.15    8.56
-172456.571    10.649   -10.71    8.12
-172080.419     7.946    -7.19    6.13
-171704.269     8.941     2.65    6.33
-171328.120    11.821     7.65    8.39
-170951.973    14.205     6.34    9.24
-170575.827    16.611     6.40    9.49
-170199.682    19.692     8.19   10.26
-169823.538    20.500     2.15    9.57
-169447.396    21.868     3.64    7.66
-169071.256    22.447     1.54    6.71
-168695.116    22.154    -0.78    5.95
-168318.978    22.081    -0.19    7.77
-167942.842    24.289     5.87    8.59
-167566.707    23.282    -2.68    7.65
-167190.573    22.444    -2.23    5.82
-166814.440    23.184     1.97    6.14
-166438.309    25.000     4.83    9.55
-166062.179    29.027    10.71   13.55
-165686.051    30.757     4.60   12.21
-165309.924    30.278    -1.27    9.33
-164933.798    32.385     5.60    8.49
-164557.674    32.925     1.44    8.61
-164181.551    31.806    -2.98    8.00
-163805.429    32.590     2.08    9.27
-163429.309    34.658     5.50   10.42
-163053.190    33.615    -2.77    9.23
-162677.072    33.526    -0.24    7.03
-162300.956    34.256     1.94    5.33
-161924.841    38.722    11.87   12.00
-161548.727    44.000    14.03   14.00
-161172.615    47.308     8.79   14.89
-160796.504    51.600    11.41   16.04
-160420.394    57.308    15.18   16.11
-160044.286    57.816     1.35   15.24
-159668.179    57.378    -1.16   12.95
-159292.073    51.351   -16.03   14.93
-158915.969    45.417   -15.78   13.33
-158539.866    38.821   -17.54   10.77
-158163.764    32.325   -17.27   11.72
-157787.664    27.973   -11.57    9.54
-157411.565    28.923     2.53   11.41
-157035.467    33.184    11.33   16.14
-156659.371    39.763    17.49   17.64
-156283.276    43.730    10.55   15.48
-155907.182    39.400   -11.51   16.12
-155531.089    31.649   -20.61   11.48
-155154.998    26.541   -13.58    5.18
-154778.908    30.378    10.20    9.84
-154402.820    33.722     8.89   10.12
-154026.732    33.718    -0.01   11.11
-153650.646    33.179    -1.43   11.49
-153274.562    30.429    -7.31   10.46
-152898.478    29.270    -3.08    9.71
-152522.396    32.811     9.41   11.47
-152146.315    34.421     4.28   11.61
-151770.236    34.575     0.41   12.29
-151394.157    33.351    -3.25   11.99
-151018.080    31.053    -6.11   11.85
-150642.005    27.500    -9.45   11.79
-150265.930    25.282    -5.90    9.56
-149889.857    22.757    -6.71    7.19
-149513.786    22.625    -0.35    8.24
-149137.715    23.368     1.98   10.39
-148761.646    26.833     9.21   12.07
-148385.578    30.649    10.15   10.49
-148009.511    31.750     2.93    7.75
-147633.446    31.462    -0.77    6.14
-147257.381    30.000    -3.89    5.27
-146881.318    29.200    -2.13    3.23
-146505.257    30.553     3.60    5.13
-146129.196    32.730     5.79    7.53
-145753.137    35.000     6.04    8.92
-145377.080    36.282     3.41   11.66
-145001.023    38.243     5.22   13.00
-144624.968    40.077     4.88   13.84
-144248.914    39.474    -1.60   13.71
-143872.861    41.425     5.19   13.38
-143496.809    44.000     6.85   12.85
-143120.759    45.775     4.72   13.10
-142744.710    47.923     5.71   11.52
-142368.662    51.444     9.36   11.45
-141992.615    55.189     9.96   10.01
-141616.570    54.270    -2.44    9.90
-141240.526    52.216    -5.46    8.49
-140864.483    50.974    -3.30    6.11
-140488.442    47.600    -8.97    6.33
-140112.401    47.615     0.04    8.40
-139736.362    49.658     5.43    9.83
-139360.324    54.583    13.10   10.96
-138984.288    58.821    11.27    9.54
-138608.252    59.205     1.02   11.04
-138232.218    56.342    -7.61   12.23
-137856.185    50.757   -14.85   11.71
-137480.153    48.026    -7.26    9.72
-137104.123    48.784     2.02    8.25
-136728.094    51.128     6.23    8.60
-136352.066    53.525     6.37    9.07
-135976.039    54.343     2.18    8.14
-135600.013    52.730    -4.29    8.14
-135223.989    50.162    -6.83    9.06
-134847.965    47.919    -5.97    8.35
-134471.943    48.946     2.73    8.36
-134095.923    50.111     3.10    7.79
-133719.903    49.950    -0.43    8.53
-133343.885    49.462    -1.30    8.91
-132967.868    48.189    -3.38    9.34
-132591.852    46.282    -5.07    8.10
-132215.837    45.421    -2.29    7.16
-131839.823    44.333    -2.89    6.07
-131463.811    45.730     3.71    6.55
-131087.800    46.436     1.88    5.27
-130711.790    45.694    -1.97    4.55
-130335.781    47.154     3.88    4.60
-129959.744    48.949     4.77    5.93
-129583.493    50.156     3.21    6.15
-129207.244    51.838     4.47    6.08
-128830.996    51.000    -2.23    6.70
-128454.750    50.000    -2.66    7.58
-128078.504    48.158    -4.90    6.68
-127702.260    46.405    -4.66    4.69
-127326.017    47.615     3.22    6.06
-126949.775    50.821     8.52    7.90
-126573.534    54.500     9.78    9.44
-126197.294    56.895     6.36    9.54
-125821.056    56.949     0.14    9.43
-125444.819    55.385    -4.16    9.39
-125068.582    53.514    -4.97    7.49
-124692.348    54.051     1.43    6.46
-124316.114    54.297     0.65    6.27
-123939.881    55.579     3.41    5.84
-123563.650    58.105     6.71    5.11
-123187.419    57.438    -1.77    6.43
-122811.190    56.256    -3.14    8.46
-122434.962    54.342    -5.09    9.63
-122058.736    53.111    -3.27    9.35
-121682.510    54.846     4.61    9.09
-121306.286    57.028     5.80    8.69
-120930.062    56.205    -2.19    8.80
-120553.840    54.579    -4.32    9.16
-120177.619    51.730    -7.57    6.52
-119801.399    52.205     1.26    5.70
-119425.180    53.513     3.48    6.59
-119048.963    57.077     9.47    7.15
-118672.746    57.833     2.01    7.26
-118296.531    58.842     2.68    6.88
-117920.317    59.676     2.22    7.47
-117544.104    61.405     4.60    9.48
-117167.892    63.514     5.60    8.39
-116791.681    64.394     2.34    8.27
-116415.472    64.026    -0.98    8.92
-116039.263    62.842    -3.15    8.08
-115663.056    63.889     2.78    7.55
-115286.850    65.000     2.95    6.96
-114910.645    64.028    -2.58    6.75
-114534.441    64.947     2.44    6.31
-114158.238    67.205     6.00    4.83
-113782.036    68.108     2.40    4.28
-113405.836    67.605    -1.34    3.82
-113029.636    66.897    -1.88    5.07
-112653.438    66.150    -1.99    5.65
-112277.240    65.865    -0.76    4.76
-111901.044    66.487     1.65    4.92
-111524.849    67.316     2.20    4.16
-111148.655    67.243    -0.19    3.70
-110772.463    65.432    -4.81    4.02
-110396.271    64.556    -2.33    3.49
-110020.080    65.474     2.44    4.09
-109643.891    65.925     1.20    4.42
-109267.702    68.528     6.92    5.27
-108891.515    72.949    11.75    9.46
-108515.329    78.054    13.57   10.67
-108139.144    83.324    14.01    9.06
-107762.960    84.684     3.61    8.08
-107386.777    82.842    -4.90    8.47
-107010.595    78.432   -11.72    9.64
-106634.414    74.108   -11.50    8.63
-106258.235    71.275    -7.53    7.94
-105882.056    71.583     0.82    8.85
-105505.879    72.125     1.44   10.29
-105129.702    72.684     1.49   12.62
-104753.527    75.083     6.38   12.34
-104377.353    73.919    -3.10   11.44
-104001.180    71.861    -5.47    8.87
-103625.007    70.641    -3.24    8.23
-103248.836    69.000    -4.36    8.14
-102872.667    68.757    -0.65    7.83
-102496.498    67.275    -3.94    7.56
-102120.330    67.256    -0.05    6.23
-101744.163    68.447     3.17    6.73
-101367.998    71.811     8.94    7.85
-100991.833    76.872    13.45   10.18
-100615.669    77.410     1.43   11.21
-100239.507    78.417     2.68    9.63
 -99863.346    74.949    -9.22   10.32
 -99487.185    69.806   -13.67    5.78
 -99111.026    70.256     1.20    5.37
 -98734.868    72.359     5.59    5.99
 -98358.710    74.000     4.36    6.29
 -97982.554    74.270     0.72    8.43
 -97606.399    76.811     6.75   11.37
 -97230.245    77.108     0.79   11.33
 -96854.092    78.538     3.80   10.18
 -96477.940    77.541    -2.65    8.29
 -96101.789    75.667    -4.98    6.05
 -95725.639    75.513    -0.41    4.88
 -95349.491    76.103     1.57    5.91
 -94973.343    76.378     0.73    6.12
 -94597.196    77.684     3.47    6.49
 -94221.050    76.921    -2.03    4.92
 -93844.906    78.389     3.90    6.55
 -93468.762    78.703     0.83    8.21
 -93092.619    79.351     1.72    9.52
 -92716.478    79.789     1.16    9.65
 -92340.337    81.615     4.85   10.22
 -91964.198    82.688     2.85    7.84
 -91588.059    81.816    -2.32    8.00
 -91211.922    81.763    -0.14    8.70
 -90835.785    81.730    -0.09    9.46
 -90459.650    82.821     2.90    9.08
 -90083.515    86.595    10.03    8.14
 -89707.382    86.846     0.67    8.34
 -89331.249    78.564   -22.02   13.75
 -88955.118    73.763   -12.76   13.54
 -88578.987    72.658    -2.94   13.10
 -88202.858    76.462    10.11   12.92
 -87826.730    82.605    16.33   11.24
 -87450.602    86.611    10.65    9.06
 -87074.476    83.757    -7.59   11.77
 -86698.350    81.081    -7.11   15.84
 -86322.226    77.730    -8.91   17.10
 -85946.103    72.541   -13.80   18.59
 -85569.980    69.719    -7.50   17.47
 -85193.859    69.282    -1.16   17.12
 -84817.738    68.231    -2.80   15.62
 -84441.619    73.500    14.01   14.78
 -84065.500    76.923     9.10   13.93
 -83689.383    75.757    -3.10   13.22
 -83313.266    79.158     9.04   13.59
 -82937.151    84.395    13.92   13.48
 -82561.036    85.000     1.61   14.17
 -82184.923    83.108    -5.03   15.28
 -81808.810    82.447    -1.76   14.94
 -81432.699    82.325    -0.33   12.92
 -81056.588    85.857     9.39   11.55
 -80680.478    90.568    12.52    9.97
 -80304.370    92.405     4.89    9.34
 -79928.262    90.892    -4.02   10.97
 -79552.155    85.649   -13.94   11.83
 -79176.050    81.250   -11.70    9.27
 -78799.945    80.325    -2.46    7.62
 -78423.841    82.821     6.64    8.37
 -78047.738    84.541     4.57    7.46
 -77671.636    83.205    -3.55    7.11
 -77295.535    82.421    -2.08    8.00
 -76919.435    81.868    -1.47    7.20
 -76543.336    80.703    -3.10    7.02
 -76167.238    80.231    -1.25    8.30
 -75791.141    78.111    -5.64    9.10
 -75415.045    74.921    -8.48   10.53
 -75038.950    74.513    -1.09   14.26
 -74662.855    75.118     1.61   16.14
 -74286.762    78.564     9.16   16.67
 -73910.670    78.189    -1.00   15.98
 -73534.578    76.243    -5.17   14.79
 -73158.488    77.541     3.45   13.29
 -72782.398    81.778    11.27   12.73
 -72406.309    84.026     5.98   11.25
 -72030.222    85.293     3.37    8.50
 -71654.135    83.622    -4.44   11.03
 -71278.049    81.462    -5.74   11.22
 -70901.964    83.154     4.50    9.87
 -70525.880    83.692     1.43   11.20
 -70149.797    81.579    -5.62   14.38
 -69773.715    81.077    -1.33   14.85
 -69397.634    80.324    -2.00   15.11
 -69021.553    77.324    -7.98   15.52
 -68645.474    74.649    -7.11   17.07
 -68269.395    72.529    -5.64   18.02
 -67893.318    67.897   -12.32   17.57
 -67517.241    64.026   -10.30   16.34
 -67141.165    61.600    -6.45   14.97
 -66765.091    58.216    -9.00   15.37
 -66389.017    64.056    15.53   18.61
 -66012.944    69.658    14.90   17.56
 -65636.872    69.275    -1.02   17.76
 -65260.800    65.514   -10.00   16.31
 -64884.730    63.184    -6.19   14.54
 -64508.661    62.158    -2.73   13.67
 -64132.592    62.342     0.49   14.53
 -63756.525    64.216     4.98   14.95
 -63380.458    59.750   -11.88   14.37
 -63004.392    56.730    -8.03   12.97
 -62628.327    54.919    -4.82   13.10
 -62252.263    58.405     9.27   15.61
 -61876.200    56.257    -5.71   12.15
 -61500.138    52.667    -9.55   12.26
 -61124.076    50.821    -4.91   11.27
 -60748.016    50.944     0.33    9.35
 -60371.956    57.974    18.69   16.54
 -59995.898    68.278    27.40   17.62
 -59619.840    72.027     9.97   14.52
 -59243.783    71.410    -1.64   12.90
 -58867.727    62.297   -24.23   16.25
 -58491.672    50.789   -30.60   14.69
 -58115.617    44.421   -16.93    9.81
 -57739.564    48.375    10.51   12.59
 -57363.511    58.568    27.10   18.19
 -56987.459    66.550    21.23   16.43
 -56611.409    72.538    15.92    9.94
 -56235.359    69.838    -7.18   11.99
 -55859.309    62.865   -18.54   11.85
 -55483.261    55.459   -19.69    9.85
 -55107.214    50.842   -12.28    9.66
 -54731.088    49.128    -4.56    8.73
 -54354.874    51.417     6.08    9.48
 -53978.660    55.300    10.32   10.47
 -53602.447    62.132    18.16    9.34
 -53226.235    64.028     5.04    8.51
 -52850.024    59.053   -13.22   13.18
 -52473.814    55.795    -8.66   16.03
 -52097.604    50.711   -13.51   12.88
 -51721.396    49.000    -4.55   12.74
 -51345.188    48.795    -0.55   10.44
 -50968.981    45.351    -9.15    8.85
 -50592.775    42.625    -7.25    6.69
 -50216.570    40.590    -5.41    4.37
 -49840.365    39.057    -4.07    2.42
 -49464.161    40.459     3.73    2.40
 -49087.959    41.676     3.23    3.27
 -48711.757    42.919     3.30    4.19
 -48335.556    43.447     1.40    4.98
 -47959.355    44.000     1.47    4.67
 -47583.156    43.073    -2.46    3.36
 -47206.957    42.282    -2.10    3.38
 -46830.759    41.838    -1.18    4.23
 -46454.562    40.676    -3.09    5.00
 -46078.366    37.684    -7.95    7.16
 -45702.171    38.538     2.27    6.95
 -45325.976    37.139    -3.72    8.02
 -44949.783    39.744     6.92    7.07
 -44573.590    40.444     1.86    8.60
 -44197.398    37.923    -6.70   10.55
 -43821.206    34.692    -8.59   10.23
 -43445.016    32.219    -6.58    8.81
 -43068.826    28.405   -10.14    9.03
 -42692.637    28.000    -1.08    8.65
 -42316.449    30.027     5.39    9.59
 -41940.262    33.500     9.23   10.06
 -41564.075    37.486    10.60    7.40
 -41187.890    37.667     0.48    6.75
 -40811.705    36.154    -4.02    7.68
 -40435.521    35.053    -2.93    7.44
 -40059.337    35.000    -0.14    8.48
 -39683.155    31.538    -9.20   10.16
 -39306.973    26.641   -13.02   11.84
 -38930.792    21.135   -14.64   10.59
 -38554.612    17.769    -8.95    8.01
 -38178.433    15.730    -5.42    6.70
 -37802.254    15.919     0.50    7.42
 -37426.076    18.154     5.94   10.06
 -37049.899    21.156     7.98   10.05
 -36673.723    24.821     9.74    9.44
 -36297.548    28.421     9.57    6.55
 -35921.373    29.667     3.31    4.21
 -35545.199    27.256    -6.41    4.63
 -35169.026    26.703    -1.47    4.60
 -34792.853    26.923     0.59    4.69
 -34416.682    25.342    -4.20    4.71
 -34040.511    25.243    -0.26    5.07
 -33664.341    24.842    -1.07    4.99
 -33288.171    26.564     4.58    7.27
 -32912.003    28.231     4.43    7.13
 -32535.835    29.722     3.96    6.18
 -32159.668    30.342     1.65    6.38
 -31783.502    29.568    -2.06    6.71
 -31407.336    28.676    -2.37    8.27
 -31031.171    26.676    -5.32    8.75
 -30655.007    25.333    -3.57    7.14
 -30278.844    23.718    -4.29    5.03
 -29902.681    24.615     2.39    4.59
 -29526.519    24.972     0.95    4.08
 -29150.358    24.667    -0.81    4.03
 -28774.198    25.583     2.44    4.77
 -28398.038    26.053     1.25    4.47
 -28021.880    26.051    -0.00    4.58
 -27645.721    25.079    -2.58    4.59
 -27269.564    22.270    -7.47    7.00
 -26893.407    19.282    -7.94    8.11
 -26517.251    18.775    -1.35    7.36
 -26141.096    18.081    -1.84    7.35
 -25764.942    19.184     2.93    6.80
 -25388.788    21.649     6.55    3.85
 -25012.635    22.351     1.87    5.14
 -24636.483    23.784     3.81    4.85
 -24260.331    25.829     5.44    3.43
 -23884.180    26.641     2.16    2.17
 -23508.030    26.550    -0.24    2.50
 -23131.881    26.389    -0.43    2.93
 -22755.732    26.026    -0.97    4.48
 -22379.584    25.763    -0.70    4.96
 -22003.437    25.079    -1.82    4.43
 -21627.290    24.282    -2.12    3.70
 -21251.144    24.263    -0.05    3.00
 -20874.999    24.917     1.74    2.96
 -20498.855    25.132     0.57    2.84
 -20122.711    24.821    -0.83    2.86
 -19746.568    24.057    -2.03    4.20
 -19370.426    23.077    -2.61    4.62
 -18994.284    22.316    -2.02    4.67
 -18618.143    22.784     1.24    3.43
 -18242.003    20.568    -5.89    6.29
 -17865.863    18.703    -4.96    8.50
 -17489.724    15.308    -9.03    9.61
 -17113.586    11.590    -9.88    9.83
 -16737.449    10.054    -4.08    9.45
 -16361.312     8.564    -3.96    8.51
 -15985.176     8.474    -0.24    8.43
 -15609.040     7.447    -2.73    7.71
 -15232.905     9.649     5.85    7.98
 -14856.771    11.846     5.84    8.32
 -14480.638    13.763     5.10    7.90
 -14104.505    15.472     4.54    6.79
 -13728.373    16.158     1.82    5.99
 -13352.242    13.972    -5.81    3.89
 -12976.111    13.564    -1.09    3.65
 -12599.981    12.744    -2.18    1.60
 -12223.852    12.314    -1.14    1.37
 -11847.723    12.622     0.82    1.44
 -11471.595    13.000     1.01    1.84
 -11095.467    13.297     0.79    1.75
 -10719.341    13.700     1.07    1.77
 -10343.215    13.514    -0.50    1.89
  -9967.089    13.711     0.52    1.89
  -9590.964    13.895     0.49    1.98
  -9214.840    13.949     0.14    1.79
  -8838.717    14.027     0.21    2.11
  -8462.594    13.692    -0.89    1.84
  -8086.472    13.684    -0.02    2.24
  -7710.350    14.028     0.91    2.90
  -7334.229    13.865    -0.43    4.06
  -6958.109    13.139    -1.93    6.57
  -6581.990    12.053    -2.89    7.84
  -6205.871    12.949     2.38    7.71
  -5829.752    14.688     4.62    8.00
  -5453.635    16.605     5.10    6.86
  -5077.518    16.919     0.83    6.87
  -4701.401    16.000    -2.44    7.63
  -4325.286    12.026   -10.57    8.64
  -3949.170     8.514    -9.34    9.18
  -3573.056     4.436   -10.84    7.86
  -3196.942     1.359    -8.18    2.10
  -2820.829     2.105     1.98    2.67
  -2444.716     1.784    -0.85    2.99
  -2068.604     1.263    -1.38    2.63
  -1692.493     0.846    -1.11    2.16
  -1316.382    -0.028    -2.32    0.70
   -940.272    -0.081    -0.14    0.36
   -564.162     0.000     0.22    0.00
   -188.053     0.000     0.00    0.00
    188.055     0.026     0.07    0.16
    564.163    -0.029    -0.15    0.30
    940.270    -0.050    -0.06    0.32
   1316.376    -0.079    -0.08    0.36
   1692.482    -0.056     0.06    0.23
   2068.587     0.000     0.15    0.00
   2444.692     0.000     0.00    0.00
   2820.796     0.000     0.00    0.00
   3196.900     0.000     0.00    0.00
   3573.003     0.000     0.00    0.00
   3949.105     0.000     0.00    0.00
   4325.207     0.000     0.00    0.00
   4701.308     0.000     0.00    0.00
   5077.408     0.000     0.00    0.00
   5453.508     0.000     0.00    0.00
   5829.607    -0.081    -0.22    0.28
   6205.706    -0.108    -0.07    0.31
   6581.804     0.162     0.72    0.69
   6957.902     0.583     1.12    1.63
   7333.999     0.872     0.77    1.69
   7710.095     1.263     1.04    1.72
   8086.191     1.297     0.09    1.82
   8462.287     1.103    -0.52    1.37
   8838.381     1.368     0.71    1.40
   9214.475     1.667     0.79    3.26
   9590.569     2.324     1.75    4.02
   9966.662     2.026    -0.79    3.97
  10342.754     1.528    -1.32    3.12
  10718.846     1.237    -0.77    1.79
  11094.938     1.333     0.26    1.77
  11471.028     1.344     0.03    2.01
  11847.118     1.538     0.52    3.68
  12223.208     2.649     2.95    4.82
  12599.297     4.083     3.81    5.62
  12975.386     5.486     3.73    5.49
  13351.474     5.833     0.92    5.81
  13727.561     5.447    -1.03    5.74
  14103.648     4.872    -1.53    5.48
  14479.734     4.351    -1.38    5.10
  14855.820     5.872     4.04    7.05
  15231.905     8.487     6.95    8.54
  15607.990    12.795    11.45    8.89
  15984.074    14.919     5.65    6.98
  16360.158    13.846    -2.85    7.16
  16736.241    10.973    -7.64    7.37
  17112.323     9.486    -3.95    6.78
  17488.405    11.270     4.74    6.64
  17864.487    12.750     3.93    6.46
  18240.568    11.077    -4.45    6.57
  18616.648     9.711    -3.63    5.85
  18992.728     8.500    -3.22    5.10
  19368.807     8.103    -1.06    5.24
  19744.886     7.528    -1.53    5.25
  20120.964     6.000    -4.06    3.99
  20497.133     6.308     0.82    4.22
  20873.324     8.324     5.36    5.96
  21249.515    10.737     6.41    6.62
  21625.705    12.590     4.93    6.77
  22001.895    12.667     0.20    6.13
  22378.083    13.757     2.90    5.58
  22754.272    14.974     3.24    5.52
  23130.460    17.000     5.38    5.01
  23506.647    18.583     4.21    3.77
  23882.834    19.622     2.76    3.08
  24259.021    21.083     3.89    2.49
  24635.207    21.974     2.37    2.61
  25011.392    22.205     0.61    2.75
  25387.577    22.056    -0.40    2.01
  25763.762    21.462    -1.58    2.19
  26139.945    20.278    -3.15    2.54
  26516.129    20.026    -0.67    2.38
  26892.312    20.513     1.29    2.50
  27268.494    21.263     1.99    2.64
  27644.676    22.105     2.24    2.49
  28020.858    22.947     2.24    1.97
  28397.039    23.350     1.07    2.07
  28773.219    23.500     0.40    1.83
  29149.399    23.450    -0.13    1.77
  29525.579    23.316    -0.36    1.69
  29901.758    23.000    -0.84    1.77
  30277.937    23.108     0.29    1.84
  30654.115    23.611     1.34    1.86
  31030.292    24.316     1.87    1.77
  31406.470    24.525     0.56    1.85
  31782.646    24.649     0.33    1.99
  32158.822    24.925     0.73    1.93
  32534.998    25.128     0.54    2.08
  32911.174    26.053     2.46    1.51
  33287.348    26.263     0.56    1.50
  33663.523    26.231    -0.09    1.53
  34039.697    26.263     0.09    1.78
  34415.870    26.083    -0.48    1.98
  34792.043    26.077    -0.02    2.07
  35168.216    25.611    -1.24    1.98
  35544.388    25.800     0.50    1.98
  35920.559    25.436    -0.97    2.07
  36296.731    25.088    -0.92    2.01
  36672.901    24.622    -1.24    1.89
  37049.072    24.486    -0.36    2.16
  37425.241    24.378    -0.29    2.18
  37801.411    24.179    -0.53    2.82
  38177.580    24.081    -0.26    2.59
  38553.748    24.282     0.53    2.65
  38929.916    24.974     1.84    2.43
  39306.084    25.053     0.21    2.42
  39682.251    24.757    -0.79    2.80
  40058.418    24.421    -0.89    2.75
  40434.584    24.615     0.52    2.55
  40810.750    24.639     0.06    2.58
  41186.916    25.205     1.51    1.82
  41563.081    25.111    -0.25    1.65
  41939.245    25.053    -0.16    1.69
  42315.410    25.615     1.50    1.48
  42691.573    25.625     0.03    1.62
  43067.737    26.079     1.21    1.60
  43443.900    26.553     1.26    1.33
  43820.062    27.270     1.91    1.57
  44196.224    27.590     0.85    1.53
  44572.386    27.946     0.95    1.70
  44948.547    28.179     0.62    1.71
  45324.708    28.436     0.68    1.80
  45700.869    28.342    -0.25    2.21
  46077.029    28.351     0.02    2.04
  46453.188    28.615     0.70    2.53
  46829.348    28.184    -1.15    2.28
  47205.506    28.361     0.47    2.06
  47581.665    28.162    -0.53    1.86
  47957.823    27.838    -0.86    1.55
  48333.981    28.459     1.65    1.98
  48710.138    28.919     1.22    1.93
  49086.295    28.844    -0.20    1.99
  49462.451    28.769    -0.20    1.93
  49838.607    28.051    -1.91    1.85
  50214.763    27.778    -0.73    1.66
  50590.918    27.667    -0.30    1.38
  50967.073    27.432    -0.62    1.39
  51343.228    28.051     1.65    1.52
  51719.382    28.342     0.77    1.51
  52095.536    28.513     0.45    1.41
  52471.689    28.405    -0.29    1.40
  52847.842    28.205    -0.53    1.32
  53223.995    27.825    -1.01    1.39
  53600.147    27.806    -0.05    1.49
  53976.299    27.946     0.37    1.49
  54352.450    27.838    -0.29    1.54
  54728.602    27.919     0.22    1.42
  55104.752    27.865    -0.14    1.55
  55480.903    27.314    -1.46    1.69
  55857.053    27.150    -0.44    1.59
  56233.203    26.744    -1.08    1.52
  56609.352    26.811     0.18    1.37
  56985.501    26.795    -0.04    1.56
  57361.650    26.622    -0.46    1.52
  57737.798    26.632     0.03    1.28
  58113.946    26.553    -0.21    1.22
  58490.093    26.641     0.23    1.22
  58866.241    26.889     0.66    1.28
  59242.388    26.421    -1.24    1.69
  59618.534    26.513     0.24    1.65
  59994.680    26.371    -0.38    1.83
  60370.826    26.308    -0.17    1.99
  60746.972    26.351     0.12    1.77
  61123.117    26.486     0.36    1.69
  61499.262    26.378    -0.29    1.74
  61875.406    26.611     0.62    2.00
  62251.550    26.641     0.08    1.91
  62627.694    26.625    -0.04    2.13
  63003.837    26.973     0.93    2.02
  63379.981    26.615    -0.95    2.59
  63756.123    26.526    -0.24    2.84
  64132.266    26.205    -0.85    2.71
  64508.408    25.622    -1.55    3.14
  64884.550    25.333    -0.77    3.32
  65260.692    25.000    -0.89    3.35
  65636.833    24.405    -1.58    3.27
  66012.974    24.378    -0.07    2.78
  66389.114    23.771    -1.61    2.38
  66765.254    24.000     0.61    2.63
  67141.394    25.282     3.41    2.85
  67517.534    26.171     2.36    2.93
  67893.673    27.838     4.43    2.27
  68269.812    28.432     1.58    1.63
  68645.951    28.368    -0.17    1.73
  69022.090    28.400     0.08    1.69
  69398.228    28.135    -0.70    1.36
  69774.365    28.079    -0.15    1.51
  70150.503    28.184     0.28    1.63
  70526.640    28.447     0.70    1.98
  70902.777    28.703     0.68    2.33
  71278.914    28.975     0.72    2.20
  71655.050    29.289     0.84    2.01
  72031.186    29.676     1.03    1.25
  72407.322    30.000     0.86    1.18
  72783.457    30.371     0.99    1.24
  73159.592    30.513     0.38    1.34
  73535.727    30.513     0.00    1.41
  73911.862    30.171    -0.91    1.56
  74287.996    29.946    -0.60    1.58
  74664.130    29.919    -0.07    1.64
  75040.264    30.111     0.51    1.53
  75416.398    29.974    -0.36    1.42
  75792.531    29.811    -0.43    1.41
  76168.664    28.385    -3.79    2.52
  76544.796    26.789    -4.24    2.59
  76920.929    25.385    -3.74    2.36
  77297.061    25.757     0.99    2.94
  77673.193    27.775     5.37    3.98
  78049.324    30.308     6.73    3.72
  78425.456    32.500     5.83    2.47
  78801.587    33.730     3.27    2.10
  79177.718    34.054     0.86    1.93
  79553.848    33.946    -0.29    1.63
  79929.979    33.769    -0.47    1.74
  80306.109    33.686    -0.22    1.66
  80682.238    32.923    -2.03    1.97
  81058.368    32.868    -0.15    2.09
  81434.497    32.361    -1.35    1.62
  81810.626    31.974    -1.03    1.48
  82186.755    31.921    -0.14    1.28
  82562.884    32.000     0.21    1.12
  82939.012    32.342     0.91    1.19
  83315.140    33.077     1.95    1.44
  83691.268    33.892     2.17    1.20
  84067.396    34.128     0.63    1.10
  84443.523    34.050    -0.21    1.55
  84819.650    33.943    -0.28    1.64
  85195.777    33.649    -0.78    1.64
  85571.904    33.297    -0.93    1.68
  85948.030    33.108    -0.50    1.37
  86324.156    32.243    -2.30    1.38
  86700.282    32.333     0.24    1.60
  87076.408    32.925     1.57    1.95
  87452.534    33.410     1.29    2.00
  87828.659    33.703     0.78    2.04
  88204.784    33.526    -0.47    2.27
  88580.909    32.684    -2.24    2.16
  88957.034    32.718     0.09    2.26
  89333.158    33.459     1.97    2.34
  89709.282    34.077     1.64    2.02
  90085.407    34.278     0.53    1.56
  90461.530    34.205    -0.19    1.54
  90837.654    34.154    -0.14    1.33
  91213.777    34.344     0.50    1.23
  91589.901    34.568     0.60    1.24
  91966.024    34.973     1.08    1.30
  92342.146    35.351     1.01    1.53
  92718.269    35.649     0.79    1.48
  93094.391    35.861     0.56    1.38
  93470.514    35.692    -0.45    1.52
  93846.636    35.128    -1.50    1.92
  94222.758    35.054    -0.20    2.37
  94598.879    34.658    -1.05    2.53
  94975.001    33.744    -2.43    2.99
  95351.127    33.000    -1.98    2.61
  95727.286    33.135     0.36    2.38
  96103.445    33.846     1.89    2.56
  96479.604    35.162     3.50    1.85
  96855.763    35.947     2.09    1.72
  97231.921    36.459     1.36    1.66
  97608.079    36.906     1.19    1.51
  97984.237    38.051     3.04    1.23
  98360.395    38.711     1.75    1.23
  98736.553    38.833     0.33    1.30
  99112.710    39.385     1.47    1.33
  99488.868    39.556     0.45    1.36
  99865.025    39.359    -0.52    1.48
 100241.182    39.342    -0.04    2.04
 100617.339    39.162    -0.48    1.77
 100993.496    38.947    -0.57    1.77
 101369.652    38.821    -0.34    1.64
 101745.809    39.000     0.48    1.62
 102121.965    38.889    -0.30    1.35
 102498.121    39.436     1.45    1.47
 102874.277    39.895     1.22    1.48
 103250.433    39.946     0.14    1.49
 103626.588    40.378     1.15    1.44
 104002.744    40.257    -0.32    1.38
 104378.899    40.487     0.61    1.57
 104755.054    40.475    -0.03    1.43
 105131.209    40.778     0.80    1.51
 105507.364    41.000     0.59    1.52
 105883.519    40.972    -0.07    1.40
 106259.673    41.026     0.14    1.28
 106635.828    40.872    -0.41    1.20
 107011.982    41.053     0.48    1.11
 107388.136    41.237     0.49    1.34
 107764.291    41.447     0.56    1.35
 108140.444    41.550     0.27    1.38
 108516.598    41.432    -0.31    1.37
 108892.752    41.350    -0.22    1.48
 109268.906    41.053    -0.79    1.45
 109645.059    40.811    -0.64    1.52
 110021.212    40.459    -0.93    1.68
 110397.366    39.889    -1.52    1.83
 110773.519    39.897     0.02    1.71
 111149.672    40.250     0.94    1.68
 111525.824    40.676     1.13    1.70
 111901.977    40.500    -0.47    1.88
 112278.130    40.158    -0.91    2.01
 112654.282    39.921    -0.63    1.82
 113030.435    39.553    -0.98    1.77
 113406.587    39.667     0.30    1.72
 113782.739    39.649    -0.05    1.48
 114158.891    39.083    -1.50    1.46
 114535.043    38.744    -0.90    1.43
 114911.195    38.278    -1.24    1.45
 115287.347    38.000    -0.74    1.41
 115663.499    38.256     0.68    1.82
 116039.650    38.714     1.22    1.74
 116415.802    38.946     0.62    1.54
 116791.953    39.378     1.15    1.48
 117168.105    38.919    -1.22    1.62
 117544.256    38.410    -1.35    1.80
 117920.407    38.135    -0.73    1.83
 118296.558    38.000    -0.36    1.99
 118672.709    38.256     0.68    1.86
 119048.860    38.763     1.35    1.82
 119425.011    39.297     1.42    1.93
 119801.162    39.308     0.03    1.67
 120177.312    39.395     0.23    1.75
 120553.463    39.222    -0.46    1.99
 120929.613    38.316    -2.41    1.93
 121305.764    38.139    -0.47    1.84
 121681.914    37.895    -0.65    1.77
 122058.065    38.026     0.35    1.66
 122434.215    38.188     0.43    1.69
 122810.365    37.676    -1.36    1.76
 123186.515    37.108    -1.51    1.93
 123562.665    36.514    -1.58    1.45
 123938.815    36.256    -0.68    1.77
 124314.965    35.973    -0.75    1.83
 124691.115    36.154     0.48    1.77
 125067.265    35.744    -1.09    1.73
 125443.415    35.051    -1.84    1.88
 125819.565    34.541    -1.36    1.89
 126195.714    33.744    -2.12    1.74
 126571.864    33.053    -1.84    1.92
 126948.013    32.556    -1.32    1.90
 127324.163    32.000    -1.48    1.49
 127700.313    31.556    -1.18    1.42
 128076.462    31.216    -0.90    1.46
 128452.611    30.872    -0.92    1.54
 128828.761    30.375    -1.32    1.31
 129204.910    30.436     0.16    1.33
 129581.059    30.474     0.10    1.41
 129957.209    30.833     0.96    1.80
 130333.358    31.410     1.53    1.76
 130709.507    31.919     1.35    1.79
 131085.656    33.282     3.62    2.78
 131461.806    34.447     3.10    2.97
 131837.955    35.795     3.58    3.15
 132214.104    36.838     2.77    2.47
 132590.253    37.211     0.99    2.22
 132966.402    37.700     1.30    2.26
 133342.551    38.333     1.68    2.24
 133718.700    39.054     1.92    2.15
 134094.849    39.811     2.01    1.78
 134470.998    40.622     2.16    1.62
 134847.147    41.378     2.01    1.60
 135223.296    41.971     1.58    1.15
 135599.445    42.050     0.21    1.36
 135975.594    42.237     0.50    1.44
 136351.743    42.432     0.52    1.66
 136727.892    42.590     0.42    1.73
 137104.041    42.632     0.11    1.76
 137480.190    42.206    -1.13    1.74
 137856.339    42.000    -0.55    1.87
