#  352.994   1.123   2.089 ;Mean Elev.(m), Avg Gradient(m/km), RMS Gradient(m/km) - SRTM1     
#  355.485  -2.084   7.816 ;Mean Elev.(m), Avg Gradient(m/km), RMS Gradient(m/km) - ASTER GDEM
#  353.884  -0.490   3.039 ;Mean Elev.(m), Avg Gradient(m/km), RMS Gradient(m/km) - GMTED2010 
  7   349.874 52464.85289636 52.53  22.673082   2.060141 46.468
  7   349.869 52464.85289700 49.46  22.672352   2.063441 46.468
  7   349.859 52464.85289765 52.05  22.671632   2.066751 46.468
  7   349.813 52464.85289829 53.04  22.670902   2.070051 46.468
  8   349.160 52499.85289277 15.88  22.672142   2.063097  3.909
  8   349.204 52499.85289341 15.86  22.671406   2.066409  6.342
  8   349.196 52499.85289406 16.59  22.670686   2.069709  6.342
  9   350.270 52534.85288013 54.06  22.668826   2.062513 33.460
  9   350.182 52534.85288077 51.64  22.668096   2.065823 33.460
 10   350.564 52569.85291004 53.15  22.672284   2.060750 39.312
 10   350.552 52569.85291068 51.38  22.671562   2.064061 34.704
 10   350.551 52569.85291133 52.50  22.670832   2.067361 34.704
 10   350.555 52569.85291197 52.03  22.670102   2.070671 34.704
 11   351.689 52604.85288952 52.60  22.670541   2.063614 46.389
 11   351.588 52604.85289016 54.06  22.669821   2.066924 46.389
 11   351.484 52604.85289081 51.36  22.669091   2.070224 46.389
 12   352.002 52639.85287331 53.26  22.669472   2.063159 41.063
 12   351.859 52639.85287396 48.71  22.668742   2.066469 41.063
 13   350.528 52674.85286736 53.16  22.672165   2.061949 48.400
 13   350.501 52674.85286800 52.34  22.671445   2.065259 48.400
 13   350.482 52674.85286865 53.99  22.670715   2.068559 48.400
 13   350.476 52674.85286929 52.80  22.669985   2.071869 48.400
 14   349.783 52709.85288612 52.69  22.670293   2.064008 34.256
 14   349.650 52709.85288676 51.67  22.669573   2.067308 34.256
 14   349.594 52709.85288740 46.49  22.668843   2.070618 34.256
 16   350.560 52779.85285078 52.14  22.669514   2.063828 38.540
 16   350.448 52779.85285142 50.29  22.668784   2.067138 38.540
 18   350.100 52849.85298614 52.39  22.671246   2.062923 46.489
 18   350.060 52849.85298678 53.70  22.670516   2.066233 46.489
 18   350.033 52849.85298742 50.84  22.669796   2.069533 46.489
 20   350.750 52919.85297720 53.80  22.672453   2.062128 49.568
 20   350.743 52919.85297785 53.70  22.671723   2.065428 49.568
 20   350.732 52919.85297849 54.80  22.670993   2.068738 49.568
 20   350.726 52919.85297914 53.03  22.670273   2.072038 49.568
 21   351.201 52954.85293544 52.86  22.682804   2.035647 48.285
 21   351.157 52954.85293609 51.96  22.682080   2.038958 48.650
 21   351.133 52954.85293673 51.21  22.681350   2.042258 48.650
 21   351.121 52954.85293738 52.08  22.680620   2.045568 48.650
 21   351.110 52954.85293802 53.98  22.679900   2.048868 48.650
 21   351.097 52954.85293867 54.83  22.679170   2.052178 48.650
 21   351.084 52954.85293931 50.69  22.678440   2.055488 48.650
 26   350.534 53129.85293261 52.54  22.683891   2.034175 45.447
 26   350.507 53129.85293326 51.86  22.683161   2.037475 45.447
 26   350.454 53129.85293390 51.92  22.682439   2.040785 47.580
 26   350.435 53129.85293455 50.13  22.681709   2.044085 47.580
 26   350.423 53129.85293519 52.15  22.680979   2.047395 47.580
 28   348.360 53199.85300976 23.13  22.671324   2.063525 28.709
 28   348.574 53199.85301040 26.91  22.670594   2.066835 28.709
 28   348.851 53199.85301105 36.56  22.669874   2.070135 28.709
 30   349.621 53269.85294364 44.59  22.671021   2.062868 43.360
 30   349.393 53269.85294429 38.76  22.670291   2.066178 43.360
 30   349.384 53269.85294493 42.30  22.669571   2.069478 43.360
 32   350.924 53339.85297393 53.43  22.671087   2.063042 48.744
 32   350.896 53339.85297458 52.57  22.670357   2.066342 48.744
 32   350.830 53339.85297522 52.49  22.669627   2.069652 48.744
 33   350.983 53374.85290010 52.67  22.680237   2.038876 47.905
 33   350.949 53374.85290075 53.91  22.679505   2.042190 49.753
 33   350.926 53374.85290139 53.55  22.678785   2.045490 49.753
 33   350.903 53374.85290203 55.03  22.678055   2.048800 49.753
 33   350.869 53374.85290268 52.35  22.677325   2.052100 49.753
 33   350.864 53374.85290332 54.40  22.676605   2.055410 49.753
 33   350.833 53374.85290397 51.32  22.675875   2.058710 49.753
 33   350.815 53374.85290461 50.14  22.675145   2.062020 49.753
 33   350.808 53374.85290526 54.17  22.674425   2.065330 49.753
 33   350.791 53374.85290590 53.49  22.673695   2.068630 49.753
 33   350.768 53374.85290655 50.16  22.672965   2.071940 49.753
 34   350.086 53409.85294346 53.40  22.679816   2.039635 49.757
 34   350.011 53409.85294410 53.43  22.679086   2.042935 49.757
 34   349.979 53409.85294474 53.34  22.678356   2.046245 49.757
 34   349.947 53409.85294539 52.40  22.677636   2.049545 49.757
 34   349.920 53409.85294603 52.46  22.676906   2.052855 49.757
 34   349.895 53409.85294668 51.62  22.676176   2.056155 49.757
 34   349.878 53409.85294732 51.77  22.675456   2.059465 49.757
 34   349.867 53409.85294797 50.87  22.674726   2.062775 49.757
 34   349.855 53409.85294861 52.89  22.673996   2.066075 49.757
 34   349.828 53409.85294926 53.97  22.673266   2.069385 49.757
 34   349.811 53409.85294990 48.91  22.672546   2.072685 49.757
 35   349.582 53444.85293054 48.75  22.672871   2.060809 45.080
 35   349.487 53444.85293119 40.26  22.672151   2.064119 45.080
 35   349.312 53444.85293183 37.14  22.671421   2.067419 45.080
 35   349.299 53444.85293248 39.46  22.670691   2.070729 45.080
 37   350.052 53514.85301790 52.47  22.671957   2.060671 46.765
 37   350.049 53514.85301855 52.67  22.671227   2.063971 46.765
 37   350.030 53514.85301919 53.03  22.670497   2.067281 46.765
 37   350.009 53514.85301984 52.09  22.669777   2.070581 46.765
 39   349.226 53584.85299364 51.73  22.679061   2.038165 40.966
 39   349.215 53584.85299429 52.32  22.678325   2.041477 45.538
 39   349.032 53584.85299493 53.18  22.677605   2.044777 45.538
 39   349.005 53584.85299558 51.86  22.676875   2.048087 45.538
 39   349.006 53584.85299622 53.51  22.676145   2.051387 45.538
 39   349.009 53584.85299687 52.13  22.675425   2.054697 45.538
 39   349.010 53584.85299751 51.67  22.674695   2.058007 45.538
 39   349.019 53584.85299815 53.27  22.673965   2.061307 45.538
 39   349.028 53584.85299880 52.96  22.673245   2.064617 45.538
 39   349.028 53584.85299944 51.13  22.672515   2.067917 45.538
 39   349.003 53584.85300009 53.75  22.671785   2.071227 45.538
 40   349.801 53619.85295565 52.54  22.668953   2.063202 36.726
 40   349.752 53619.85295629 45.86  22.668223   2.066502 36.726
 41   349.663 53654.85298281 52.70  22.670609   2.062779 44.901
 41   349.642 53654.85298345 52.96  22.669879   2.066089 44.901
 41   349.602 53654.85298410 50.95  22.669159   2.069389 44.901
 42   351.246 53689.85297674 52.29  22.669104   2.063327 43.889
 42   351.184 53689.85297739 47.29  22.668374   2.066627 43.889
 43   350.609 53724.85289607 50.46  22.680029   2.038203 43.945
 43   350.570 53724.85289671 51.19  22.679298   2.041517 49.387
 43   350.509 53724.85289736 52.81  22.678578   2.044817 49.387
 43   350.504 53724.85289800 54.82  22.677848   2.048127 49.387
 43   350.421 53724.85289865 53.69  22.677118   2.051427 49.387
 43   350.335 53724.85289929 50.94  22.676398   2.054737 49.387
 43   350.315 53724.85289993 51.49  22.675668   2.058037 49.387
 43   350.277 53724.85290058 51.28  22.674938   2.061347 49.387
 43   350.276 53724.85290122 51.68  22.674218   2.064657 49.387
 43   350.269 53724.85290187 54.39  22.673488   2.067957 49.387
 43   350.235 53724.85290251 53.63  22.672758   2.071267 49.387
 45   349.564 53794.85285776 54.70  22.681525   2.036576 45.921
 45   349.549 53794.85285841 51.40  22.680790   2.039889 46.498
 45   349.531 53794.85285905 51.96  22.680070   2.043189 46.498
 45   349.520 53794.85285970 54.34  22.679340   2.046499 46.498
 45   349.514 53794.85286034 53.94  22.678610   2.049799 46.498
 45   349.516 53794.85286099 53.58  22.677890   2.053109 46.498
 45   349.511 53794.85286163 52.93  22.677160   2.056419 46.498
 45   349.505 53794.85286228 51.63  22.676430   2.059719 46.498
 45   349.494 53794.85286292 50.15  22.675710   2.063029 46.498
 45   349.485 53794.85286356 51.77  22.674980   2.066329 46.498
 45   349.432 53794.85286421 52.34  22.674250   2.069639 46.498
 46   350.412 53829.85283553 51.24  22.680673   2.037540 51.351
 46   350.337 53829.85283617 52.89  22.679953   2.040850 51.351
 46   350.199 53829.85283682 52.07  22.679223   2.044150 51.351
 46   350.174 53829.85283746 54.54  22.678493   2.047460 51.351
 46   350.142 53829.85283811 53.82  22.677763   2.050770 51.351
 46   350.123 53829.85283875 54.84  22.677043   2.054070 51.351
 46   350.100 53829.85283940 52.04  22.676313   2.057380 51.351
 46   350.084 53829.85284004 50.62  22.675583   2.060680 51.351
 46   350.070 53829.85284069 52.30  22.674853   2.063990 51.351
 46   350.063 53829.85284133 52.26  22.674133   2.067290 51.351
 46   350.042 53829.85284198 52.73  22.673403   2.070600 51.351
 48   349.713 53899.85294485 51.50  22.671447   2.062093 45.891
 48   349.701 53899.85294550 54.58  22.670717   2.065403 45.891
 48   349.553 53899.85294614 52.53  22.669997   2.068703 45.891
 51   350.090 54004.85292822 53.99  22.679082   2.040130 43.284
 51   349.982 54004.85292886 53.76  22.678355   2.043441 47.053
 51   349.957 54004.85292951 54.19  22.677625   2.046741 47.053
 51   349.954 54004.85293015 53.15  22.676905   2.050051 47.053
 51   349.957 54004.85293079 52.46  22.676175   2.053351 47.053
 51   349.963 54004.85293144 50.50  22.675445   2.056661 47.053
 51   349.972 54004.85293208 52.58  22.674715   2.059971 47.053
 51   349.979 54004.85293273 50.97  22.673995   2.063271 47.053
 51   349.976 54004.85293337 50.34  22.673265   2.066581 47.053
 51   349.947 54004.85293402 50.21  22.672535   2.069881 47.053
 51   349.864 54004.85293466 51.97  22.671805   2.073191 47.053
 52   350.715 54039.85295939 53.46  22.680313   2.039513 45.215
 52   350.637 54039.85296004 51.42  22.679583   2.042813 45.215
 52   350.569 54039.85296068 53.80  22.678861   2.046127 46.093
 52   350.550 54039.85296133 53.88  22.678131   2.049427 46.093
 52   350.522 54039.85296197 54.14  22.677401   2.052737 46.093
 52   350.504 54039.85296262 53.42  22.676681   2.056037 46.093
 52   350.482 54039.85296326 51.66  22.675951   2.059347 46.093
 52   350.475 54039.85296391 52.72  22.675221   2.062657 46.093
 52   350.472 54039.85296455 52.80  22.674491   2.065957 46.093
 52   350.476 54039.85296520 52.67  22.673771   2.069267 46.093
 52   350.461 54039.85296584 48.31  22.673041   2.072567 46.093
 53   352.408 54074.85295754 49.96  22.673575   2.060231 45.872
 53   352.411 54074.85295818 53.94  22.672845   2.063541 45.872
 53   352.414 54074.85295883 54.23  22.672115   2.066841 45.872
 53   352.401 54074.85295947 54.54  22.671395   2.070151 45.872
 53   352.392 54074.85296012 52.66  22.670665   2.073451 45.872
 54   351.224 54109.85290239 52.05  22.671382   2.062038 45.705
 54   351.242 54109.85290303 53.22  22.670652   2.065348 45.705
 54   351.219 54109.85290368 53.53  22.669922   2.068648 45.705
 55   350.335 54144.85289723 53.09  22.671399   2.063350 47.529
 55   350.321 54144.85289788 54.25  22.670669   2.066660 47.529
 55   350.291 54144.85289852 53.16  22.669939   2.069960 47.529
 56   350.291 54179.85288778 50.97  22.671402   2.062881 40.266
 56   350.279 54179.85288842 54.01  22.670682   2.066181 40.266
 56   350.211 54179.85288907 52.63  22.669949   2.069495 32.456
 57   350.299 54214.85290444 51.94  22.670942   2.061695 36.455
 57   350.162 54214.85290508 51.90  22.670221   2.065005 38.078
 57   350.106 54214.85290573 55.76  22.669491   2.068305 38.078
 58   350.285 54249.85293243 50.49  22.671107   2.061666 35.898
 58   350.289 54249.85293308 52.65  22.670377   2.064966 35.898
 58   350.109 54249.85293372 51.20  22.669647   2.068276 35.898
 59   349.841 54284.85293941 48.58  22.673366   2.060684 45.721
 59   349.833 54284.85294005 51.25  22.672638   2.063998 34.237
 59   349.829 54284.85294070 52.46  22.671918   2.067298 34.237
 59   349.822 54284.85294134 52.24  22.671188   2.070608 34.237
 60   350.214 54319.85293236 52.34  22.678446   2.040193 44.862
 60   350.155 54319.85293300 53.04  22.677726   2.043503 44.862
 60   349.981 54319.85293365 54.38  22.676996   2.046803 44.862
 60   349.958 54319.85293429 53.02  22.676266   2.050113 44.862
 60   349.938 54319.85293494 52.70  22.675536   2.053423 44.862
 60   349.921 54319.85293558 52.17  22.674816   2.056723 44.862
 60   349.911 54319.85293623 50.18  22.674086   2.060033 44.862
 60   349.898 54319.85293687 50.48  22.673356   2.063333 44.862
 60   349.893 54319.85293752 52.80  22.672628   2.066645 31.805
 60   349.882 54319.85293816 52.13  22.671908   2.069945 31.805
 60   349.873 54319.85293881 51.64  22.671178   2.073255 31.805
 61   350.170 54354.85289499 46.18  22.678215   2.039604 29.597
 61   350.203 54354.85289563 48.60  22.677495   2.042914 29.597
 61   350.272 54354.85289628 49.39  22.676765   2.046214 29.597
 61   350.196 54354.85289692 47.91  22.676035   2.049524 29.597
 61   350.092 54354.85289757 47.58  22.675315   2.052834 29.597
 61   350.034 54354.85289821 49.06  22.674585   2.056134 29.597
 61   350.037 54354.85289886 49.92  22.673855   2.059444 29.597
 61   350.033 54354.85289950 49.87  22.673135   2.062744 29.597
 61   350.053 54354.85290015 50.08  22.672402   2.066057 31.103
 61   350.011 54354.85290079 45.10  22.671682   2.069357 31.103
 61   350.034 54354.85290144 48.51  22.670952   2.072667 31.103
 62   350.989 54389.85287677 50.14  22.673334   2.060939 43.537
 62   350.964 54389.85287742 50.82  22.672614   2.064252 34.083
 62   350.964 54389.85287806 54.14  22.671884   2.067552 34.083
 62   350.937 54389.85287871 53.69  22.671154   2.070862 34.083
 63   351.404 54424.85284920 34.33  22.672451   2.062719  9.065
 63   351.303 54424.85284984 38.26  22.671725   2.066032 25.804
 63   351.239 54424.85285049 33.48  22.670995   2.069332 25.804
 63   351.222 54424.85285113 36.55  22.670265   2.072642 25.804
 64   351.530 54459.85285250 51.14  22.673355   2.060713 42.891
 64   351.527 54459.85285315 48.80  22.672631   2.064025 31.756
 64   351.523 54459.85285379 52.94  22.671901   2.067325 31.756
 64   351.524 54459.85285443 51.44  22.671171   2.070635 31.756
 65   351.042 54494.85284991 50.78  22.678426   2.039350 47.138
 65   351.011 54494.85285055 53.82  22.677706   2.042650 47.138
 65   350.844 54494.85285120 52.75  22.676976   2.045960 47.138
 65   350.813 54494.85285184 51.96  22.676246   2.049260 47.138
 65   350.801 54494.85285249 51.75  22.675526   2.052570 47.138
 65   350.788 54494.85285313 51.25  22.674796   2.055870 47.138
 65   350.780 54494.85285378 51.38  22.674066   2.059180 47.138
 65   350.777 54494.85285442 49.48  22.673346   2.062490 47.138
 65   350.771 54494.85285507 52.02  22.672616   2.065790 47.138
 65   350.765 54494.85285571 51.28  22.671886   2.069100 47.138
 65   350.746 54494.85285636 49.71  22.671166   2.072400 47.138
 66   350.245 54529.85286073 51.87  22.679560   2.037890 48.786
 66   350.131 54529.85286138 54.39  22.678840   2.041190 48.786
 66   350.048 54529.85286202 51.12  22.678110   2.044500 48.786
 66   349.987 54529.85286267 52.07  22.677380   2.047810 48.786
 66   349.979 54529.85286331 53.65  22.676650   2.051110 48.786
 66   349.968 54529.85286396 53.57  22.675930   2.054420 48.786
 66   349.932 54529.85286460 56.01  22.675200   2.057720 48.786
 66   349.902 54529.85286524 48.76  22.674470   2.061030 48.786
 66   349.885 54529.85286589 50.43  22.673750   2.064330 48.786
 66   349.858 54529.85286653 52.71  22.673020   2.067640 48.786
 66   349.844 54529.85286718 50.48  22.672290   2.070940 48.786
 67   350.252 54564.85286120 51.12  22.672173   2.062817 46.227
 67   350.167 54564.85286185 52.10  22.671453   2.066117 46.227
 67   350.126 54564.85286249 54.65  22.670723   2.069427 46.227
 67   350.100 54564.85286314 53.65  22.669993   2.072727 46.227
 68   349.774 54599.85286186 51.72  22.671571   2.063217 47.533
 68   349.737 54599.85286251 51.12  22.670841   2.066527 47.533
 68   349.720 54599.85286315 54.98  22.670111   2.069827 47.533
 69   350.088 54634.85287413 51.98  22.670350   2.063928 39.620
 69   350.058 54634.85287477 53.05  22.669620   2.067238 39.620
 69   350.044 54634.85287542 51.27  22.668890   2.070538 39.620
 70   349.467 54669.85287804 53.12  22.671238   2.061282 42.441
 70   349.401 54669.85287868 50.68  22.670518   2.064582 42.441
 70   349.270 54669.85287933 53.69  22.669788   2.067892 42.441
 70   349.224 54669.85287997 49.71  22.669058   2.071192 42.441
 71   350.258 54704.85283698 52.81  22.678485   2.040307 48.223
 71   350.207 54704.85283762 53.43  22.677755   2.043607 48.223
 71   350.097 54704.85283827 52.10  22.677035   2.046917 48.223
 71   350.067 54704.85283891 51.77  22.676305   2.050227 48.223
 71   350.058 54704.85283956 53.30  22.675575   2.053527 48.223
 71   350.043 54704.85284020 54.22  22.674855   2.056837 48.223
 71   350.037 54704.85284085 52.53  22.674125   2.060137 48.223
 71   350.036 54704.85284149 48.22  22.673395   2.063447 48.223
 71   350.031 54704.85284214 51.54  22.672675   2.066747 48.223
 71   350.032 54704.85284278 52.01  22.671945   2.070057 48.223
 71   350.030 54704.85284342 50.97  22.671215   2.073357 48.223
 72   350.153 54739.85284143 51.58  22.672188   2.062789 47.245
 72   350.118 54739.85284208 52.18  22.671458   2.066099 47.245
 72   350.091 54739.85284272 54.93  22.670728   2.069399 47.245
 72   350.061 54739.85284337 52.62  22.669998   2.072709 47.245
 73   350.969 54774.85281768 52.73  22.678435   2.040975 49.241
 73   350.937 54774.85281833 53.95  22.677705   2.044275 49.241
 73   350.908 54774.85281897 53.99  22.676985   2.047585 49.241
 73   350.892 54774.85281962 51.38  22.676255   2.050895 49.241
 73   350.893 54774.85282026 54.35  22.675525   2.054195 49.241
 73   350.885 54774.85282091 51.91  22.674805   2.057505 49.241
 73   350.883 54774.85282155 52.11  22.674075   2.060805 49.241
 73   350.879 54774.85282219 47.90  22.673345   2.064115 49.241
 73   350.881 54774.85282284 51.22  22.672625   2.067415 49.241
 73   350.879 54774.85282348 52.43  22.671895   2.070725 49.241
 74   350.867 54809.85283412 49.28  22.672032   2.061179 44.421
 74   350.862 54809.85283477 49.34  22.671312   2.064479 44.421
 74   350.837 54809.85283541 50.88  22.670582   2.067789 44.421
 74   350.786 54809.85283606 54.88  22.669852   2.071089 44.421
 75   350.136 54844.85282072 51.87  22.672744   2.060455 44.876
 75   350.136 54844.85282136 49.92  22.672014   2.063765 44.876
 75   350.069 54844.85282201 51.20  22.671294   2.067065 44.876
 75   350.048 54844.85282265 53.95  22.670564   2.070375 44.876
 76   350.501 54879.85283783 51.35  22.670768   2.062578 41.933
 76   350.432 54879.85283848 52.64  22.670038   2.065888 41.933
 76   350.342 54879.85283912 52.11  22.669308   2.069188 41.933
 77   350.154 54914.85282454 52.26  22.670302   2.063380 42.886
 77   350.127 54914.85282518 52.22  22.669582   2.066680 42.886
 77   349.952 54914.85282583 52.87  22.668852   2.069990 42.886
 79   350.652 54984.85285578 49.64  22.669977   2.061847 39.615
 79   350.558 54984.85285643 53.06  22.669247   2.065157 39.615
 79   350.441 54984.85285707 51.86  22.668517   2.068457 39.615
 80   350.143 55019.85284589 49.06  22.678376   2.039091 47.954
 80   350.085 55019.85284653 55.19  22.677646   2.042391 47.954
 80   349.987 55019.85284718 53.86  22.676926   2.045701 47.954
 80   349.952 55019.85284782 51.88  22.676196   2.049011 47.954
 80   349.929 55019.85284847 53.05  22.675466   2.052311 47.954
 80   349.928 55019.85284911 52.88  22.674746   2.055621 47.954
 80   349.912 55019.85284976 52.83  22.674016   2.058921 47.954
 80   349.902 55019.85285040 51.52  22.673286   2.062231 47.954
 80   349.899 55019.85285105 50.99  22.672566   2.065531 47.954
 80   349.888 55019.85285169 51.65  22.671836   2.068841 47.954
 80   349.881 55019.85285234 51.42  22.671106   2.072141 47.954
 81   349.331 55054.85284701 51.48  22.673223   2.061783 48.629
 81   349.323 55054.85284766 52.01  22.672503   2.065083 48.629
 81   349.323 55054.85284830 49.26  22.671773   2.068393 48.629
 81   349.318 55054.85284895 53.25  22.671043   2.071693 48.629
 82   349.714 55089.85280703 50.26  22.671518   2.062358 44.938
 82   349.685 55089.85280767 52.20  22.670798   2.065658 44.938
 82   349.588 55089.85280832 50.12  22.670068   2.068968 44.938
 83   350.548 55124.85278419 51.16  22.673358   2.061021 44.768
 83   350.559 55124.85278483 49.16  22.672638   2.064321 44.768
 83   350.539 55124.85278548 50.46  22.671908   2.067631 44.768
 83   350.503 55124.85278612 51.36  22.671178   2.070931 44.768
 84   351.248 55159.85276773 51.13  22.671270   2.063457 46.780
 84   351.233 55159.85276838 51.58  22.670550   2.066757 46.780
 84   351.183 55159.85276902 52.46  22.669820   2.070067 46.780
 85   351.158 55194.85277511 51.49  22.671642   2.062764 44.474
 85   351.165 55194.85277576 51.52  22.670912   2.066074 44.474
 85   351.132 55194.85277640 51.48  22.670182   2.069374 44.474
 86   350.494 55229.85277012 20.11  22.671452   2.061916 12.436
 86   350.106 55229.85277077 22.61  22.670732   2.065216 12.436
 86   350.307 55229.85277141 22.02  22.670002   2.068526 12.436
 87   350.943 55264.85276953 52.45  22.672978   2.061875 48.724
 87   350.908 55264.85277018 48.87  22.672258   2.065175 48.724
 87   350.894 55264.85277082 51.40  22.671528   2.068485 48.724
 87   350.875 55264.85277147 54.17  22.670798   2.071785 48.724
 88   351.394 55299.85275253 49.62  22.673224   2.060934 42.665
 88   351.384 55299.85275318 46.83  22.672494   2.064244 42.665
 88   351.378 55299.85275382 47.18  22.671774   2.067544 42.665
 88   351.367 55299.85275447 46.93  22.671044   2.070854 42.665
 89   351.131 55334.85274776 50.92  22.670880   2.063527 45.352
 89   351.065 55334.85274841 51.22  22.670150   2.066837 45.352
 89   351.059 55334.85274905 51.89  22.669420   2.070137 45.352
 90   350.369 55369.85273783 53.71  22.672947   2.062235 48.104
 90   350.353 55369.85273848 49.38  22.672227   2.065535 48.104
 90   350.336 55369.85273912 51.45  22.671497   2.068845 48.104
 90   350.309 55369.85273976 52.26  22.670767   2.072145 48.104
 91   349.925 55404.85275516 53.32  22.673285   2.061169 47.512
 91   349.914 55404.85275581 50.86  22.672565   2.064469 47.512
 91   349.907 55404.85275645 51.60  22.671835   2.067779 47.512
 91   349.902 55404.85275710 51.99  22.671105   2.071079 47.512
 92   349.825 55439.85275201 47.58  22.678542   2.038571 45.632
 92   349.803 55439.85275266 52.74  22.677812   2.041871 45.632
 92   349.625 55439.85275330 53.52  22.677092   2.045181 45.632
 92   349.597 55439.85275395 52.11  22.676362   2.048481 45.632
 92   349.604 55439.85275459 52.17  22.675632   2.051791 45.632
 92   349.615 55439.85275524 52.03  22.674912   2.055101 45.632
 92   349.622 55439.85275588 52.51  22.674182   2.058401 45.632
 92   349.628 55439.85275653 52.80  22.673452   2.061711 45.632
 92   349.636 55439.85275717 50.68  22.672732   2.065011 45.632
 92   349.614 55439.85275782 48.45  22.672002   2.068321 45.632
 92   349.563 55439.85275846 51.63  22.671272   2.071621 45.632
 93   350.371 55474.85269748 49.76  22.678146   2.040706 48.648
 93   350.310 55474.85269813 53.95  22.677416   2.044006 48.648
 93   350.193 55474.85269877 54.00  22.676696   2.047316 48.648
 93   350.117 55474.85269942 53.50  22.675966   2.050626 48.648
 93   350.111 55474.85270006 52.75  22.675236   2.053926 48.648
 93   350.102 55474.85270070 54.51  22.674516   2.057236 48.648
 93   350.088 55474.85270135 53.27  22.673786   2.060536 48.648
 93   350.088 55474.85270199 52.12  22.673056   2.063846 48.648
 93   350.091 55474.85270264 49.76  22.672336   2.067146 48.648
 93   350.089 55474.85270328 50.72  22.671606   2.070456 48.648
