-247114.982    25.717     0.00    4.28
-246738.791    25.154    -1.50    4.89
-246362.601    26.134     2.60    6.07
-245986.412    28.166     5.40    6.79
-245610.225    30.201     5.41    6.19
-245234.038    30.992     2.10    5.57
-244857.852    33.140     5.71    4.17
-244481.668    33.068    -0.19    4.12
-244105.484    32.730    -0.90    4.21
-243729.301    31.938    -2.11    4.04
-243353.120    31.551    -1.03    4.74
-242976.939    30.127    -3.78    5.43
-242600.759    28.911    -3.23    5.36
-242224.581    27.478    -3.81    4.95
-241848.403    26.502    -2.60    4.31
-241472.226    27.525     2.72    4.26
-241096.051    28.730     3.20    4.81
-240719.876    29.770     2.76    4.53
-240343.702    29.992     0.59    4.19
-239967.529    29.614    -1.01    4.03
-239591.358    28.647    -2.57    4.04
-239215.187    28.609    -0.10    3.82
-238839.017    28.938     0.87    3.57
-238462.848    29.226     0.77    2.67
-238086.680    29.042    -0.49    2.21
-237710.514    27.779    -3.36    1.98
-237334.348    27.046    -1.95    1.74
-236958.183    26.784    -0.70    1.71
-236582.019    26.463    -0.85    2.01
-236205.856    26.938     1.26    2.31
-235829.694    26.749    -0.50    2.37
-235453.533    27.162     1.10    2.22
-235077.373    27.935     2.06    1.97
-234701.213    28.089     0.41    1.67
-234325.055    28.712     1.66    1.74
-233948.898    29.305     1.58    2.13
-233572.742    29.965     1.75    2.53
-233196.586    30.495     1.41    2.36
-232820.432    30.115    -1.01    2.16
-232444.279    29.046    -2.84    2.51
-232068.126    28.653    -1.04    2.18
-231691.975    28.489    -0.44    2.35
-231315.824    28.730     0.64    2.15
-230939.674    29.316     1.56    2.06
-230563.526    29.184    -0.35    1.74
-230187.378    29.474     0.77    1.63
-229811.231    29.495     0.06    1.36
-229435.085    28.938    -1.48    1.67
-229058.940    28.154    -2.08    1.64
-228682.796    27.749    -1.08    1.72
-228306.653    27.499    -0.66    1.57
-227930.511    27.541     0.11    1.39
-227554.370    27.140    -1.07    1.60
-227178.230    26.989    -0.40    1.47
-226802.090    27.412     1.12    1.54
-226425.952    27.807     1.05    1.44
-226049.814    28.140     0.89    1.23
-225673.678    28.068    -0.19    1.41
-225297.542    27.749    -0.85    1.40
-224921.407    27.448    -0.80    1.65
-224545.274    27.100    -0.92    1.51
-224169.141    27.012    -0.23    1.61
-223793.009    26.884    -0.34    1.84
-223416.877    26.141    -1.98    2.01
-223040.747    24.884    -3.34    2.01
-222664.618    24.073    -2.16    1.91
-222288.490    23.397    -1.80    1.84
-221912.362    23.316    -0.22    1.88
-221536.236    23.273    -0.12    1.84
-221160.110    22.934    -0.90    1.63
-220783.985    22.627    -0.81    1.45
-220407.861    22.938     0.83    1.51
-220031.738    22.986     0.13    1.45
-219655.616    22.884    -0.27    1.56
-219279.495    22.576    -0.82    1.49
-218903.375    23.451     2.33    2.67
-218527.255    24.935     3.94    3.87
-218151.137    26.967     5.40    4.51
-217775.019    29.012     5.44    4.26
-217398.902    30.627     4.29    4.11
-217022.786    31.259     1.68    3.40
-216646.671    29.100    -5.74    5.59
-216270.557    24.749   -11.57    8.17
-215894.444    20.235   -12.00    9.04
-215518.331    13.911   -16.82    5.69
-215142.220    10.939    -7.90    2.52
-214766.109     9.781    -3.08    1.45
-214389.999     9.268    -1.36    1.23
-214013.891     9.042    -0.60    1.08
-213637.782     9.094     0.14    1.09
-213261.675     9.192     0.26    1.00
-212885.569     9.115    -0.20    1.06
-212509.464     8.992    -0.33    0.99
-212133.359     9.038     0.12    1.01
-211757.255     9.262     0.60    1.26
-211381.152     9.252    -0.03    1.26
-211005.050    10.831     4.20    4.64
-210628.949    14.040     8.53    7.56
-210252.849    17.397     8.92    9.10
-209876.749    19.252     4.93    9.73
-209500.651    21.134     5.00   10.08
-209124.553    23.858     7.24   10.61
-208748.456    24.856     2.65   10.49
-208372.360    25.961     2.94    9.95
-207996.265    25.226    -1.95    9.28
-207620.170    22.641    -6.87    9.49
-207244.077    21.858    -2.08    8.63
-206867.984    20.756    -2.93    8.64
-206491.892    21.627     2.32    8.38
-206115.801    25.245     9.62    7.60
-205739.711    28.515     8.70    6.36
-205363.621    30.560     5.44    4.18
-204987.533    30.505    -0.14    4.29
-204611.445    31.614     2.95    3.31
-204235.358    31.707     0.25    2.55
-203859.272    31.884     0.47    2.31
-203483.187    31.756    -0.34    2.03
-203107.102    32.523     2.04    2.09
-202731.018    33.089     1.51    1.82
-202354.936    33.745     1.74    2.11
-201978.854    34.331     1.56    2.14
-201602.772    32.551    -4.73    6.19
-201226.692    32.436    -0.30    6.99
-200850.612    31.046    -3.70    8.72
-200474.534    29.012    -5.41    9.72
-200098.456    24.909   -10.91   10.79
-199722.378    20.316   -12.21   10.03
-199346.302    18.474    -4.90    8.80
-198970.227    15.965    -6.67    8.49
-198594.152    13.857    -5.61    7.16
-198218.078    12.992    -2.30    6.03
-197842.005    12.084    -2.41    5.23
-197465.932    11.320    -2.03    4.31
-197089.861    10.434    -2.36    1.45
-196713.790     9.967    -1.24    1.13
-196337.720     9.602    -0.97    1.10
-195961.651     9.358    -0.65    1.06
-195585.582     9.094    -0.70    0.96
-195209.514     9.166     0.19    1.17
-194833.448     9.673     1.35    1.82
-194457.381     9.856     0.49    1.90
-194081.316     9.910     0.14    1.85
-193705.252     9.756    -0.41    1.92
-193329.188     9.055    -1.86    1.22
-192953.125     9.345     0.77    3.06
-192577.063    11.594     5.98    7.33
-192201.001    13.208     4.29    9.14
-191824.940    14.100     2.37    9.78
-191448.881    15.695     4.24   10.36
-191072.821    14.140    -4.13    8.48
-190696.763    14.474     0.89    7.50
-190320.705    15.100     1.67    7.18
-189944.648    13.781    -3.51    5.66
-189568.592    14.094     0.83    5.93
-189192.537    16.621     6.72    7.88
-188816.482    19.722     8.25    9.44
-188440.429    23.709    10.60    8.41
-188064.375    27.200     9.28    6.46
-187688.269    28.301     2.93    7.16
-187312.076    29.673     3.65    7.20
-186935.884    31.912     5.95    5.50
-186559.692    31.986     0.20    5.37
-186183.501    32.217     0.61    4.43
-185807.311    32.855     1.70    3.44
-185431.122    32.181    -1.79    2.21
-185054.933    31.478    -1.87    2.83
-184678.746    30.478    -2.66    3.35
-184302.559    30.109    -0.98    3.27
-183926.372    29.478    -1.68    2.64
-183550.187    28.858    -1.65    3.64
-183174.002    28.200    -1.75    3.79
-182797.818    28.756     1.48    3.64
-182421.634    29.100     0.92    3.53
-182045.452    30.243     3.04    2.64
-181669.270    30.568     0.86    2.30
-181293.088    29.495    -2.85    3.14
-180916.908    29.073    -1.12    3.80
-180540.728    27.801    -3.38    4.07
-180164.549    27.436    -0.97    3.55
-179788.371    27.756     0.85    3.12
-179412.193    28.134     1.01    3.51
-179036.016    28.542     1.08    3.63
-178659.840    29.424     2.35    2.04
-178283.664    29.467     0.11    1.93
-177907.489    29.499     0.09    1.93
-177531.315    29.208    -0.77    2.60
-177155.142    29.243     0.09    2.73
-176778.969    28.781    -1.23    2.94
-176402.797    27.726    -2.81    2.59
-176026.626    27.489    -0.63    2.44
-175650.455    27.525     0.10    2.07
-175274.285    27.730     0.55    1.80
-174898.116    27.578    -0.40    1.89
-174521.947    26.776    -2.13    3.04
-174145.780    26.073    -1.87    3.06
-173769.612    25.722    -0.93    3.16
-173393.446    25.805     0.22    3.50
-173017.280    26.570     2.03    3.31
-172641.115    27.334     2.03    3.01
-172264.951    27.594     0.69    2.44
-171888.787    27.495    -0.26    2.19
-171512.624    27.397    -0.26    2.53
-171136.461    27.858     1.23    1.92
-170760.300    27.568    -0.77    3.64
-170384.139    22.384   -13.78    8.77
-170007.978    17.397   -13.26    9.71
-169631.819    12.019   -14.30    7.39
-169255.660     8.936    -8.19    1.86
-168879.501     8.434    -1.34    2.11
-168503.344     7.884    -1.46    2.13
-168127.187     8.965     2.87    5.12
-167751.030    14.560    14.87   10.25
-167374.874    19.992    14.44   10.11
-166998.719    25.722    15.23    6.96
-166622.565    27.689     5.23    4.21
-166246.411    28.371     1.81    4.12
-165870.258    29.200     2.20    2.91
-165494.106    28.641    -1.49    3.54
-165117.954    27.166    -3.92    4.73
-164741.803    25.568    -4.25    5.38
-164365.652    26.063     1.32    6.22
-163989.502    27.289     3.26    5.85
-163613.353    29.063     4.72    5.15
-163237.205    29.967     2.40    2.97
-162861.057    28.831    -3.02    3.36
-162484.909    28.647    -0.49    2.76
-162108.763    28.603    -0.12    2.34
-161732.617    28.961     0.95    2.21
-161356.471    29.316     0.95    1.97
-160980.327    28.884    -1.15    3.15
-160604.182    28.154    -1.94    3.43
-160228.039    27.828    -0.87    3.48
-159851.896    27.594    -0.62    4.19
-159475.754    28.140     1.45    3.54
-159099.612    29.073     2.48    1.79
-158723.471    28.756    -0.84    2.05
-158347.331    28.397    -0.95    1.97
-157971.191    28.397     0.00    2.15
-157595.052    28.505     0.29    2.34
-157218.913    28.807     0.80    2.25
-156842.775    27.965    -2.24    3.39
-156466.638    27.857    -0.29    3.52
-156090.501    27.397    -1.22    3.48
-155714.365    27.040    -0.95    3.44
-155338.230    27.012    -0.07    2.81
-154962.095    26.653    -0.95    2.66
-154585.961    26.273    -1.01    2.63
-154209.827    27.094     2.18    2.41
-153833.694    28.051     2.54    2.35
-153457.561    28.594     1.45    1.87
-153081.430    28.781     0.50    2.39
-152705.298    28.127    -1.74    3.62
-152329.168    27.673    -1.21    3.76
-151953.037    26.989    -1.82    3.79
-151576.908    26.858    -0.35    3.48
-151200.779    26.533    -0.87    2.83
-150824.651    26.397    -0.36    2.96
-150448.523    26.173    -0.59    3.15
-150072.396    25.505    -1.78    2.91
-149696.269    25.154    -0.93    2.70
-149320.143    24.606    -1.46    2.49
-148944.018    24.499    -0.28    3.75
-148567.893    24.422    -0.20    6.02
-148191.768    22.884    -4.09    6.98
-147815.645    22.653    -0.61    7.23
-147439.521    24.217     4.16    6.49
-147063.399    24.967     1.99    5.40
-146687.277    26.115     3.05    4.06
-146311.155    26.147     0.09    4.18
-145935.034    24.594    -4.13    4.30
-145558.914    23.936    -1.75    3.56
-145182.794    23.509    -1.14    3.14
-144806.675    23.939     1.14    2.06
-144430.557    24.109     0.45    2.13
-144054.438    24.243     0.36    1.93
-143678.321    23.773    -1.25    1.79
-143302.204    23.560    -0.57    1.84
-142926.087    23.154    -1.08    1.90
-142549.972    23.200     0.12    1.99
-142173.856    23.259     0.16    2.06
-141797.741    22.992    -0.71    1.87
-141421.627    23.234     0.64    2.13
-141045.513    23.436     0.54    2.16
-140669.400    22.779    -1.75    2.58
-140293.288    21.779    -2.66    3.23
-139917.176    19.910    -4.97    4.61
-139541.064    18.858    -2.80    3.58
-139164.953    18.773    -0.23    3.55
-138788.842    18.653    -0.32    2.34
-138412.732    18.217    -1.16    2.12
-138036.623    18.509     0.78    1.98
-137660.514    18.345    -0.43    2.08
-137284.406    18.741     1.05    1.99
-136908.298    18.965     0.60    2.50
-136532.190    20.370     3.74    3.28
-136156.084    22.489     5.63    4.00
-135779.977    23.371     2.34    3.73
-135403.872    23.384     0.03    3.24
-135027.766    22.704    -1.81    2.79
-134651.662    21.499    -3.20    2.34
-134275.557    20.568    -2.48    2.24
-133899.454    19.965    -1.60    2.01
-133523.350    19.384    -1.55    1.75
-133147.248    19.781     1.06    2.11
-132771.145    20.467     1.82    2.51
-132395.044    19.858    -1.62    2.55
-132018.942    19.328    -1.41    2.95
-131642.842    18.173    -3.07    2.62
-131266.742    18.243     0.18    2.77
-130890.642    18.446     0.54    2.95
-130514.543    19.424     2.60    2.71
-130138.444    19.700     0.73    1.84
-129762.346    19.992     0.78    2.05
-129386.248    20.038     0.12    1.74
-129010.151    20.505     1.24    1.59
-128634.054    20.499    -0.02    1.60
-128257.958    20.422    -0.20    1.57
-127881.862    20.542     0.32    1.42
-127505.766    19.938    -1.61    1.35
-127129.672    19.576    -0.96    1.44
-126753.577    19.621     0.12    1.72
-126377.483    19.523    -0.26    1.88
-126001.390    19.370    -0.41    2.01
-125625.297    20.235     2.30    1.69
-125249.204    19.992    -0.65    1.58
-124873.112    20.038     0.12    1.61
-124497.021    19.665    -0.99    1.88
-124120.930    19.474    -0.51    2.10
-123744.839    19.704     0.61    2.08
-123368.749    19.606    -0.26    1.94
-122992.659    20.217     1.62    2.23
-122616.570    20.614     1.05    2.45
-122240.481    21.166     1.47    2.34
-121864.393    21.621     1.21    1.95
-121488.305    21.936     0.84    1.66
-121112.218    22.289     0.94    1.66
-120736.131    21.807    -1.28    1.98
-120360.044    20.784    -2.72    2.39
-119983.958    19.741    -2.77    2.24
-119607.873    18.451    -3.43    2.05
-119231.788    17.695    -2.01    1.96
-118855.703    18.100     1.08    1.93
-118479.619    18.722     1.65    1.91
-118103.535    20.051     3.53    2.16
-117727.451    21.084     2.75    2.33
-117351.368    21.807     1.92    2.36
-116975.286    22.560     2.00    1.45
-116599.204    22.525    -0.09    1.31
-116223.122    22.200    -0.86    1.45
-115847.041    21.910    -0.77    1.67
-115470.960    21.489    -1.12    1.48
-115094.880    21.294    -0.52    1.35
-114718.800    21.467     0.46    1.40
-114342.720    21.910     1.18    1.62
-113966.641    22.268     0.95    1.57
-113590.563    22.255    -0.04    1.63
-113214.484    22.627     0.99    1.55
-112838.406    22.776     0.39    1.63
-112462.266    23.262     1.29    1.64
-112086.104    24.478     3.23    1.99
-111709.943    25.106     1.67    1.96
-111333.782    24.986    -0.32    2.16
-110957.621    24.484    -1.34    2.23
-110581.461    24.181    -0.80    2.43
-110205.301    24.422     0.64    2.59
-109829.141    24.331    -0.24    2.70
-109452.982    24.474     0.38    2.94
-109076.823    24.695     0.59    2.97
-108700.665    24.217    -1.27    3.48
-108324.507    23.078    -3.03    3.42
-107948.350    22.478    -1.59    3.27
-107572.193    21.505    -2.59    3.63
-107196.036    21.827     0.85    3.66
-106819.880    21.935     0.29    3.97
-106443.724    21.730    -0.55    3.77
-106067.568    22.523     2.11    2.96
-105691.413    22.127    -1.05    3.12
-105315.258    21.717    -1.09    2.86
-104939.104    22.200     1.28    2.69
-104562.950    21.659    -1.44    2.76
-104186.796    21.911     0.67    2.72
-103810.643    22.173     0.70    2.87
-103434.490    22.673     1.33    2.94
-103058.337    23.989     3.50    2.04
-102682.185    24.505     1.37    1.91
-102306.033    24.859     0.94    1.91
-101929.882    24.805    -0.14    1.94
-101553.731    24.722    -0.22    2.14
-101177.580    24.560    -0.43    2.07
-100801.430    24.084    -1.26    2.07
-100425.280    24.038    -0.12    2.42
-100049.130    23.551    -1.30    2.51
 -99672.981    23.384    -0.44    2.44
 -99296.832    22.965    -1.11    2.55
 -98920.683    22.316    -1.72    3.15
 -98544.535    22.587     0.72    2.56
 -98168.387    22.284    -0.80    2.27
 -97792.240    21.884    -1.06    2.20
 -97416.093    21.594    -0.77    2.78
 -97039.946    21.094    -1.33    3.21
 -96663.799    20.884    -0.56    3.68
 -96287.653    20.289    -1.58    3.91
 -95911.507    20.134    -0.41    4.12
 -95535.362    20.038    -0.26    4.21
 -95159.217    19.189    -2.26    3.93
 -94783.072    19.073    -0.31    3.65
 -94406.928    19.533     1.22    3.55
 -94030.783    18.614    -2.44    2.88
 -93654.640    18.115    -1.33    2.78
 -93278.496    18.801     1.82    3.24
 -92902.353    18.038    -2.03    2.53
 -92526.210    17.384    -1.74    2.30
 -92150.068    16.439    -2.51    2.03
 -91773.926    15.884    -1.48    1.62
 -91397.784    15.679    -0.55    1.47
 -91021.642    15.410    -0.71    1.52
 -90645.501    15.641     0.61    1.40
 -90269.360    15.602    -0.10    1.36
 -89893.220    15.587    -0.04    1.54
 -89517.080    15.499    -0.23    1.66
 -89140.940    15.734     0.62    1.63
 -88764.800    16.255     1.39    1.72
 -88388.661    16.857     1.60    1.89
 -88012.522    17.289     1.15    1.79
 -87636.383    17.451     0.43    1.95
 -87260.244    18.127     1.80    2.02
 -86884.106    17.995    -0.35    1.91
 -86507.969    18.084     0.24    2.02
 -86131.831    18.602     1.38    2.26
 -85755.694    18.776     0.46    2.02
 -85379.557    19.166     1.04    2.13
 -85003.420    18.884    -0.75    2.70
 -84627.284    18.910     0.07    2.59
 -84251.148    18.451    -1.22    2.89
 -83875.012    18.679     0.60    2.31
 -83498.877    18.801     0.32    2.30
 -83122.741    18.858     0.15    2.32
 -82746.606    18.935     0.20    2.25
 -82370.472    18.915    -0.05    2.42
 -81994.337    18.478    -1.16    2.28
 -81618.203    18.019    -1.22    1.93
 -81242.070    17.478    -1.44    2.02
 -80865.936    17.226    -0.67    2.23
 -80489.803    16.668    -1.48    2.04
 -80113.670    16.627    -0.11    2.22
 -79737.537    16.679     0.14    2.28
 -79361.405    16.463    -0.57    2.14
 -78985.272    16.331    -0.35    2.05
 -78609.140    15.756    -1.53    1.82
 -78233.009    15.320    -1.16    1.54
 -77856.877    15.289    -0.08    1.59
 -77480.746    15.474     0.49    1.58
 -77104.615    15.695     0.59    1.56
 -76728.485    15.779     0.22    2.06
 -76352.354    16.752     2.59    2.28
 -75976.224    17.884     3.01    2.38
 -75600.094    18.833     2.52    2.76
 -75223.965    20.226     3.70    2.04
 -74847.835    20.634     1.08    1.89
 -74471.706    21.115     1.28    1.81
 -74095.577    21.217     0.27    1.64
 -73719.448    21.627     1.09    1.63
 -73343.320    21.831     0.54    1.69
 -72967.192    22.046     0.57    1.42
 -72591.064    22.384     0.90    1.39
 -72214.936    22.704     0.85    1.34
 -71838.809    22.704     0.00    1.57
 -71462.681    22.828     0.33    1.58
 -71086.554    22.673    -0.41    1.65
 -70710.428    22.262    -1.09    1.75
 -70334.301    21.830    -1.15    1.45
 -69958.175    21.262    -1.51    1.64
 -69582.049    20.443    -2.18    2.00
 -69205.923    19.576    -2.30    1.84
 -68829.797    18.807    -2.05    1.61
 -68453.672    18.856     0.13    1.59
 -68077.546    19.371     1.37    1.73
 -67701.421    19.467     0.26    1.68
 -67325.296    19.752     0.76    1.47
 -66949.172    20.063     0.83    1.80
 -66573.047    20.358     0.78    2.02
 -66196.923    20.289    -0.18    2.07
 -65820.799    20.594     0.81    1.89
 -65444.676    20.609     0.04    1.91
 -65068.552    20.695     0.23    2.23
 -64692.429    20.936     0.64    2.23
 -64316.305    21.208     0.72    2.20
 -63940.182    21.154    -0.14    2.00
 -63564.060    21.478     0.86    1.59
 -63187.937    21.328    -0.40    1.52
 -62811.815    20.807    -1.39    1.40
 -62435.692    20.659    -0.39    1.31
 -62059.570    19.912    -1.99    1.58
 -61683.449    18.984    -2.47    1.75
 -61307.327    17.647    -3.55    2.33
 -60931.206    15.805    -4.90    2.87
 -60555.084    13.647    -5.74    2.71
 -60178.963    12.647    -2.66    1.84
 -59802.842    12.217    -1.14    1.74
 -59426.722    12.262     0.12    1.77
 -59050.601    12.358     0.25    1.80
 -58674.481    12.170    -0.50    1.89
 -58298.360    12.320     0.40    1.60
 -57922.240    12.089    -0.61    1.58
 -57546.121    12.397     0.82    1.76
 -57170.001    13.235     2.23    1.60
 -56793.881    13.587     0.93    1.81
 -56417.762    13.989     1.07    1.66
 -56041.643    14.448     1.22    1.77
 -55665.524    14.614     0.44    1.77
 -55289.405    14.910     0.79    1.72
 -54913.286    15.173     0.70    1.86
 -54537.167    15.542     0.98    2.10
 -54161.049    15.722     0.48    2.10
 -53784.931    15.679    -0.11    2.12
 -53408.813    16.147     1.25    2.20
 -53032.695    15.689    -1.22    2.66
 -52656.577    16.208     1.38    3.16
 -52280.459    16.356     0.39    3.16
 -51904.342    16.371     0.04    3.25
 -51528.224    17.012     1.70    2.63
 -51152.107    17.141     0.34    2.50
 -50775.990    17.749     1.62    2.12
 -50399.873    17.668    -0.22    1.69
 -50023.756    17.316    -0.93    1.86
 -49647.639    17.679     0.96    2.00
 -49271.523    17.587    -0.25    2.16
 -48895.406    18.243     1.74    2.01
 -48519.290    19.038     2.11    2.07
 -48143.174    19.294     0.68    1.98
 -47767.058    19.235    -0.16    2.11
 -47390.942    18.834    -1.07    2.33
 -47014.826    17.989    -2.25    2.82
 -46638.710    17.384    -1.61    2.73
 -46262.595    17.181    -0.54    2.74
 -45886.479    17.134    -0.13    2.47
 -45510.364    17.343     0.56    2.16
 -45134.249    17.807     1.23    2.12
 -44758.134    18.103     0.79    1.70
 -44382.019    18.752     1.73    1.92
 -44005.904    19.042     0.77    1.97
 -43629.789    18.773    -0.72    1.92
 -43253.674    18.730    -0.11    2.28
 -42877.560    18.938     0.55    2.08
 -42501.445    19.089     0.40    1.92
 -42125.331    19.147     0.15    2.08
 -41749.217    19.345     0.53    2.30
 -41373.103    18.911    -1.16    2.47
 -40996.989    19.042     0.35    2.39
 -40620.875    18.961    -0.22    2.16
 -40244.761    18.717    -0.65    2.01
 -39868.647    19.208     1.31    2.00
 -39492.533    19.424     0.57    2.04
 -39116.419    19.046    -1.01    2.28
 -38740.306    18.505    -1.44    2.48
 -38364.192    18.084    -1.12    2.25
 -37988.079    18.084     0.00    2.64
 -37611.965    18.331     0.66    2.91
 -37235.844    17.884    -1.19    2.79
 -36859.724    17.192    -1.84    2.93
 -36483.603    17.094    -0.26    2.84
 -36107.483    17.015    -0.21    2.34
 -35731.362    17.208     0.51    2.47
 -35355.242    17.525     0.84    2.17
 -34979.121    17.217    -0.82    1.97
 -34603.001    17.384     0.44    2.02
 -34226.881    16.459    -2.46    2.43
 -33850.761    16.741     0.75    2.79
 -33474.641    17.370     1.67    2.93
 -33098.521    17.289    -0.22    3.51
 -32722.401    17.695     1.08    2.66
 -32346.281    16.451    -3.31    3.11
 -31970.161    15.078    -3.65    2.88
 -31594.041    13.986    -2.90    2.59
 -31217.922    13.961    -0.07    2.61
 -30841.802    14.568     1.61    2.68
 -30465.682    15.542     2.59    2.17
 -30089.563    16.268     1.93    1.90
 -29713.443    17.089     2.18    2.44
 -29337.324    17.938     2.26    2.34
 -28961.204    18.422     1.29    2.38
 -28585.085    19.106     1.82    2.40
 -28208.966    19.100    -0.02    2.91
 -27832.846    19.358     0.68    3.05
 -27456.727    20.196     2.23    2.89
 -27080.608    20.140    -0.15    2.44
 -26704.489    19.436    -1.87    2.68
 -26328.369    19.695     0.69    2.66
 -25952.250    19.641    -0.14    2.75
 -25576.131    19.745     0.28    2.74
 -25200.012    19.673    -0.19    2.41
 -24823.893    19.015    -1.75    2.44
 -24447.774    18.992    -0.06    2.57
 -24071.655    19.320     0.87    2.58
 -23695.536    19.551     0.61    2.41
 -23319.417    19.448    -0.27    2.69
 -22943.298    18.938    -1.36    2.50
 -22567.179    18.627    -0.83    2.75
 -22191.060    18.100    -1.40    2.91
 -21814.941    17.857    -0.65    2.59
 -21438.822    17.478    -1.01    2.28
 -21062.703    17.217    -0.69    1.93
 -20686.584    16.730    -1.30    2.51
 -20310.465    16.166    -1.50    2.64
 -19934.346    16.078    -0.23    3.19
 -19558.227    15.704    -0.99    3.63
 -19182.108    15.439    -0.70    3.41
 -18805.989    15.489     0.13    3.02
 -18429.870    15.807     0.84    3.09
 -18053.751    15.857     0.13    2.80
 -17677.632    15.700    -0.42    3.12
 -17301.513    15.463    -0.63    3.58
 -16925.394    15.634     0.45    3.71
 -16549.275    16.316     1.81    4.11
 -16173.156    17.115     2.12    3.32
 -15797.037    17.268     0.41    3.28
 -15420.918    17.495     0.60    3.23
 -15044.799    17.478    -0.04    2.52
 -14668.680    17.856     1.00    3.17
 -14292.561    17.252    -1.61    3.27
 -13916.442    16.679    -1.52    3.43
 -13540.323    16.162    -1.37    3.45
 -13164.203    15.934    -0.61    4.79
 -12788.084    14.965    -2.58    7.08
 -12411.965    13.614    -3.59    7.82
 -12035.846    10.358    -8.66    8.96
 -11659.726     6.884    -9.24    8.57
 -11283.607     3.938    -7.83    7.15
 -10907.488     1.614    -6.18    3.60
 -10531.368     0.551    -2.83    2.27
 -10155.249    -0.005    -1.48    0.32
  -9779.129     0.109     0.30    0.58
  -9403.010     0.147     0.10    0.64
  -9026.890     0.245     0.26    0.83
  -8650.770     0.262     0.05    0.95
  -8274.650     0.689     1.14    1.95
  -7898.531     1.542     2.27    3.16
  -7522.411     2.833     3.43    3.95
  -7146.291     3.911     2.87    4.34
  -6770.171     4.259     0.93    4.74
  -6394.051     4.474     0.57    4.87
  -6017.931     4.805     0.88    5.49
  -5641.811     4.289    -1.37    5.26
  -5265.691     4.140    -0.40    5.32
  -4889.570     4.200     0.16    5.12
  -4513.450     4.551     0.93    4.80
  -4137.330     3.858    -1.84    4.06
  -3761.209     4.912     2.80    3.70
  -3385.089     4.042    -2.31    3.40
  -3008.968     3.499    -1.44    2.98
  -2632.847     3.369    -0.35    2.73
  -2256.727     2.911    -1.22    3.08
  -1880.606     2.515    -1.05    3.21
  -1504.485     2.046    -1.25    3.18
  -1128.364     1.345    -1.86    3.34
   -752.243     1.051    -0.78    2.98
   -376.122     0.397    -1.74    1.75
     -0.000     0.166    -0.61    1.36
    376.121    -0.193    -0.95    0.35
    752.242    -0.197    -0.01    0.36
   1128.364    -0.011     0.50    1.48
   1504.486     0.147     0.42    1.67
   1880.607     0.328     0.48    1.68
   2256.729     0.560     0.61    2.10
   2632.851     0.614     0.14    2.10
   3008.973     0.621     0.02    2.04
   3385.095     0.448    -0.46    2.01
   3761.218     0.165    -0.75    1.61
   4137.340     0.042    -0.33    0.82
   4513.462    -0.116    -0.42    0.52
   4889.585    -0.061     0.15    0.41
   5265.708    -0.116    -0.15    0.00
   5641.830     0.370     1.29    1.91
   6017.953     0.986     1.64    2.93
   6394.076     2.243     3.34    4.10
   6770.199     3.963     4.57    4.99
   7146.323     5.226     3.36    4.93
   7522.446     6.038     2.16    4.63
   7898.569     5.858    -0.48    3.91
   8274.693     5.217    -1.70    3.63
   8650.817     4.505    -1.89    3.29
   9026.941     3.424    -2.87    2.38
   9403.065     4.127     1.87    3.05
   9779.189     4.911     2.08    3.12
  10155.313     5.490     1.54    3.50
  10531.437     6.833     3.57    3.63
  10907.562     8.448     4.29    3.07
  11283.687     9.689     3.30    2.73
  11659.811    10.474     2.08    2.06
  12035.936    10.911     1.16    1.69
  12412.061    10.200    -1.89    1.99
  12788.187     8.621    -4.20    2.49
  13164.312     7.115    -4.00    2.47
  13540.438     5.668    -3.85    1.47
  13916.563     5.673     0.02    2.69
  14292.689     6.609     2.49    3.86
  14668.815     7.084     1.26    4.04
  15044.941     6.936    -0.39    3.91
  15421.067     6.424    -1.36    3.28
  15797.194     5.100    -3.52    1.38
  16173.321     5.262     0.43    1.36
  16549.447     5.801     1.43    1.54
  16925.574     6.884     2.88    2.13
  17301.701     8.140     3.34    1.93
  17677.829     8.614     1.26    1.88
  18053.956     9.499     2.35    1.80
  18430.084     9.515     0.04    1.88
  18806.211     9.807     0.77    1.90
  19182.339    10.019     0.56    1.78
  19558.468     9.679    -0.90    1.52
  19934.596     9.828     0.40    1.45
  20310.724     9.463    -0.97    1.48
  20686.853     9.551     0.23    1.58
  21062.982     9.443    -0.29    1.40
  21439.111     9.422    -0.05    1.45
  21815.240     9.343    -0.21    1.24
  22191.369     9.189    -0.41    1.24
  22567.499     8.911    -0.74    1.09
  22943.629     9.051     0.37    1.44
  23319.759     9.410     0.96    1.89
  23695.889     9.274    -0.36    2.10
  24072.019     9.262    -0.03    1.95
  24448.150     9.115    -0.39    1.87
  24824.281     9.121     0.02    1.98
  25200.411     9.463     0.91    1.84
  25576.543     9.857     1.05    1.85
  25952.674    10.534     1.80    1.86
  26328.806    11.262     1.94    1.66
  26704.937    11.668     1.08    1.53
  27081.069    11.830     0.43    1.56
  27457.201    12.370     1.44    1.77
  27833.334    12.448     0.21    1.62
  28209.466    11.756    -1.84    1.88
  28585.599    11.655    -0.27    2.00
  28961.732    11.208    -1.19    2.01
  29337.866    11.384     0.47    1.90
  29713.999    11.436     0.14    1.78
  30090.133    11.384    -0.14    1.65
  30466.267    11.965     1.54    1.88
  30842.401    12.331     0.97    1.59
  31218.535    12.436     0.28    1.55
  31594.670    12.499     0.17    1.46
  31970.805    12.397    -0.27    1.17
  32346.940    12.459     0.16    1.24
  32723.075    12.015    -1.18    1.65
  33099.211    11.533    -1.28    1.90
  33475.346    10.451    -2.87    1.68
  33851.482     9.856    -1.58    1.58
  34227.619     9.627    -0.61    1.50
  34603.755     9.217    -1.09    1.63
  34979.892     8.884    -0.89    1.70
  35356.029     8.121    -2.03    1.53
  35732.166     7.668    -1.20    1.42
  36108.303     7.106    -1.49    1.48
  36484.441     6.884    -0.59    1.43
  36860.579     6.515    -0.98    1.26
  37236.717     6.525     0.03    1.33
  37612.832     6.779     0.67    1.41
  37988.920     6.609    -0.45    1.38
  38365.008     6.578    -0.08    1.31
  38741.096     6.709     0.35    1.22
  39117.184     6.448    -0.69    1.17
  39493.272     6.356    -0.24    1.16
  39869.361     6.397     0.11    1.24
  40245.450     6.695     0.79    1.47
  40621.540     6.884     0.50    1.31
  40997.629     6.805    -0.21    1.42
  41373.719     7.127     0.86    1.64
  41749.809     7.063    -0.17    1.37
  42125.900     7.173     0.29    1.43
  42501.991     7.181     0.02    1.66
  42878.082     7.038    -0.38    1.68
  43254.173     6.499    -1.43    1.62
  43630.264     6.173    -0.87    1.59
  44006.356     6.523     0.93    1.90
  44382.448     8.012     3.96    2.76
  44758.541     9.551     4.09    3.00
  45134.633    11.089     4.09    2.20
  45510.726    11.115     0.07    2.17
  45886.820    10.684    -1.15    2.59
  46262.913     8.370    -6.15    3.90
  46639.007     4.370   -10.64    6.42
  47015.101     1.147    -8.57    7.16
  47391.196    -2.800   -10.50    6.18
  47767.291    -5.283    -6.60    4.88
  48143.386    -6.578    -3.44    4.20
  48519.481    -7.655    -2.86    3.22
  48895.577    -8.603    -2.52    1.43
  49271.673    -9.116    -1.37    0.00
  49647.769    -9.116     0.00    0.00
  50023.866    -9.116     0.00    0.00
  50399.963    -9.116     0.00    0.00
  50776.060    -9.116     0.00    0.00
  51152.157    -9.116     0.00    0.00
  51528.255    -9.116     0.00    0.00
  51904.353    -9.116     0.00    0.00
  52280.452    -9.116     0.00    0.00
  52656.551    -9.116     0.00    0.00
  53032.650    -9.116     0.00    0.00
  53408.749    -9.116     0.00    0.00
  53784.849    -9.116     0.00    0.00
  54160.949    -9.116     0.00    0.00
  54537.050    -9.116     0.00    0.00
  54913.151    -9.116     0.00    0.00
  55289.252    -9.116     0.00    0.00
  55665.353    -9.116     0.00    0.00
  56041.455    -9.116     0.00    0.00
  56417.557    -9.116     0.00    0.00
  56793.660    -9.116     0.00    0.00
  57169.762    -9.116     0.00    0.00
  57545.866    -9.116     0.00    0.00
  57921.969    -9.116     0.00    0.00
  58298.073    -9.116     0.00    0.00
  58674.177    -9.116     0.00    0.00
  59050.282    -9.116     0.00    0.00
  59426.387    -9.116     0.00    0.00
  59802.492    -9.116     0.00    0.00
  60178.598    -9.116     0.00    0.00
  60554.704    -9.116     0.00    0.00
  60930.810    -9.116     0.00    0.00
  61306.917    -9.116     0.00    0.00
  61683.024    -8.827     0.77    1.78
  62059.131    -7.386     3.83    5.66
  62435.239    -2.988    11.69   10.62
  62811.347    -0.531     6.53   11.30
  63187.456     2.634     8.41   12.20
  63563.565     0.489    -5.70   11.14
  63939.674    -3.332   -10.16    6.91
  64315.784    -4.846    -4.02    5.40
  64691.894    -6.305    -3.88    4.13
  65068.004    -7.088    -2.08    3.82
  65444.115    -8.167    -2.87    2.73
  65820.226    -9.065    -2.39    0.32
  66196.338    -6.549     6.69    7.22
  66572.449    -0.988    14.78   11.57
  66948.562     3.467    11.85   12.69
  67324.675     5.436     5.24   11.97
  67700.788     7.140     4.53   11.74
  68076.901     8.063     2.45   10.64
  68453.015     9.078     2.70    9.79
  68829.129     9.594     1.37    7.39
  69205.244     5.833   -10.00    8.00
  69581.359    -0.533   -16.92    8.89
  69957.475    -4.603   -10.82    7.04
  70333.590    -8.251    -9.70    3.01
  70709.707    -9.116    -2.30    0.00
  71085.823    -9.116     0.00    0.00
  71461.940    -9.116     0.00    0.00
  71838.058    -9.116     0.00    0.00
  72214.176    -9.041     0.20    0.47
  72590.294    -7.927     2.96    3.34
  72966.413    -4.891     8.07    6.18
  73342.532    -2.590     6.12    7.13
  73718.652    -1.537     2.80    6.94
  74094.772    -0.305     3.28    6.58
  74470.892     0.034     0.90    5.74
  74847.013    -0.505    -1.43    5.27
  75223.134    -0.170     0.89    5.15
  75599.256    -0.774    -1.61    4.94
  75975.378    -1.755    -2.61    4.02
  76351.500     0.679     6.47    6.40
  76727.623     4.627    10.50    7.31
  77103.747     6.970     6.23    5.74
  77479.871     7.316     0.92    4.90
  77855.995     7.749     1.15    3.51
  78232.119     7.752     0.01    2.90
  78608.245     7.284    -1.25    1.74
  78984.370     6.857    -1.14    1.24
  79360.496     6.594    -0.70    1.14
  79736.623     6.752     0.42    1.32
  80112.750     7.384     1.68    1.41
  80488.877     7.695     0.83    1.35
  80865.005     7.559    -0.36    1.49
  81241.133     6.305    -3.33    2.71
  81617.262     5.051    -3.34    2.67
  81993.391     4.100    -2.53    2.32
  82369.520     3.655    -1.18    1.54
  82745.650     4.397     1.97    1.71
  83121.781     5.166     2.05    1.56
  83497.912     5.619     1.21    1.40
  83874.043     6.505     2.36    1.93
  84250.175     7.316     2.16    2.15
  84626.308     8.689     3.65    2.20
  85002.441     9.910     3.24    2.19
  85378.574    10.938     2.73    2.20
  85754.708    11.243     0.81    3.13
  86130.842    10.752    -1.30    3.91
  86506.977     9.935    -2.17    3.95
  86883.112     8.451    -3.94    3.44
  87259.247     8.225    -0.60    1.98
  87635.384     7.935    -0.77    1.45
  88011.520     8.078     0.38    1.39
  88387.657     8.749     1.78    3.14
  88763.795    12.046     8.77    6.77
  89139.933    14.451     6.40    8.33
  89516.072    14.627     0.47    8.60
  89892.211    14.170    -1.22    7.91
  90268.350    13.602    -1.51    6.50
  90644.490    13.647     0.12    6.11
  91020.631    13.606    -0.11    6.16
  91396.772    12.217    -3.69    6.14
  91772.913    10.542    -4.45    4.85
  92149.055     9.226    -3.50    2.67
  92525.198    10.489     3.36    4.03
  92901.341    12.730     5.96    5.64
  93277.484    15.316     6.88    6.16
  93653.629    18.217     7.71    5.83
  94029.773    21.109     7.69    5.83
  94405.918    21.967     2.28    6.71
  94782.064    23.181     3.23    7.27
  95158.210    23.289     0.29    8.29
  95534.356    24.587     3.45    8.39
  95910.503    28.370    10.06    8.13
  96286.651    30.712     6.23    7.60
  96662.799    28.634    -5.53   10.32
  97038.948    27.147    -3.95   10.99
  97415.097    24.046    -8.24   10.36
  97791.247    20.781    -8.68    8.93
  98167.397    19.436    -3.58    7.41
  98543.548    16.910    -6.72    5.40
  98919.699    16.181    -1.94    4.05
  99295.851    15.730    -1.20    2.86
  99672.003    15.634    -0.26    1.95
 100048.156    16.320     1.82    2.40
 100424.310    16.551     0.61    2.26
 100800.464    17.009     1.22    2.06
 101176.618    17.700     1.84    2.47
 101552.773    17.587    -0.30    2.01
 101928.929    17.662     0.20    1.96
 102305.085    18.019     0.95    1.67
 102681.241    17.939    -0.21    1.43
 103057.399    17.963     0.06    1.34
 103433.556    18.012     0.13    1.44
 103809.715    18.424     1.10    1.37
 104185.874    18.089    -0.89    1.40
 104562.033    17.704    -1.02    1.32
 104938.193    17.474    -0.61    1.46
 105314.354    16.992    -1.28    1.35
 105690.515    16.833    -0.42    1.50
 106066.676    16.262    -1.52    1.55
 106442.839    15.568    -1.85    2.33
 106819.001    13.776    -4.76    4.65
 107195.165    11.978    -4.78    5.03
 107571.329    11.012    -2.57    5.25
 107947.493    10.015    -2.65    5.00
 108323.658    10.273     0.68    4.88
 108699.824    10.910     1.69    4.57
 109075.990    12.328     3.77    4.64
 109452.157    12.252    -0.20    4.61
 109828.324    12.781     1.41    4.59
 110204.492    13.749     2.57    5.43
 110580.661    14.647     2.39    5.17
 110956.830    16.268     4.31    4.38
 111333.000    16.217    -0.14    3.76
 111709.170    15.641    -1.53    3.24
 112085.341    15.884     0.65    2.40
 112461.512    16.208     0.86    2.30
 112837.583    16.316     0.29    2.34
 113213.634    16.857     1.44    2.64
 113589.685    17.141     0.76    2.38
 113965.736    16.627    -1.37    3.02
 114341.788    15.858    -2.05    3.58
 114717.841    14.023    -4.88    4.27
 115093.895    13.012    -2.69    4.82
 115469.948    12.023    -2.63    5.23
 115846.003    13.173     3.06    5.14
 116222.058    13.320     0.39    5.54
 116598.114    13.641     0.85    5.24
 116974.170    12.358    -3.41    5.73
 117350.227    11.448    -2.42    5.68
 117726.285    11.384    -0.17    4.88
 118102.343    10.884    -1.33    4.00
 118478.402    11.009     0.33    3.31
 118854.461    10.358    -1.73    1.81
 119230.521    10.439     0.22    2.10
 119606.582    10.722     0.75    2.29
 119982.643    12.273     4.12    4.16
 120358.705    13.858     4.21    5.74
 120734.768    15.209     3.59    5.73
 121110.831    16.134     2.46    6.11
 121486.895    14.809    -3.52    6.63
 121862.959    11.884    -7.78    5.93
 122239.025    12.200     0.84    5.87
 122615.090    12.726     1.40    6.33
 122991.157    13.397     1.78    6.44
 123367.224    11.989    -3.74    7.95
 123743.291     9.884    -5.60    7.52
 124119.359     8.140    -4.64    6.15
 124495.428     8.198     0.15    5.48
 124871.498     8.653     1.21    4.04
 125247.568     9.525     2.32    3.69
 125623.639    10.134     1.62    2.95
 125999.711    10.424     0.77    3.44
 126375.783    10.717     0.78    3.24
 126751.855     9.726    -2.64    3.39
 127127.929     8.653    -2.85    2.43
 127504.003     7.992    -1.76    1.81
 127880.078     7.935    -0.15    1.56
 128256.153     7.833    -0.27    1.54
 128632.229     7.594    -0.63    1.61
 129008.306     6.668    -2.46    2.19
 129384.384     5.268    -3.72    2.39
 129760.462     4.068    -3.19    2.06
 130136.540     3.051    -2.71    1.70
 130512.620     2.594    -1.21    1.84
 130888.700     2.551    -0.12    2.32
 131264.781     2.448    -0.27    2.43
 131640.862     1.653    -2.11    2.32
 132016.944     0.853    -2.13    1.69
 132393.027     0.641    -0.56    1.19
 132769.111     0.533    -0.29    1.34
 133145.195     0.911     1.01    1.34
 133521.280     1.063     0.41    1.48
 133897.365     1.181     0.31    1.39
 134273.451     1.243     0.16    1.42
 134649.538     0.961    -0.75    1.33
 135025.626     0.884    -0.20    1.19
 135401.714     0.992     0.29    1.02
 135777.803     0.730    -0.70    1.06
 136153.893     0.594    -0.36    0.98
 136529.983     0.745     0.40    1.27
 136906.074     0.884     0.37    1.22
 137282.166     1.051     0.44    1.50
 137658.259     0.911    -0.37    1.28
 138034.352     1.038     0.34    1.29
 138410.446     1.071     0.09    1.38
 138786.540     1.647     1.53    1.82
 139162.635     2.936     3.43    2.77
 139538.731     4.606     4.44    3.18
 139914.828     6.448     4.90    3.22
 140290.926     8.289     4.90    2.54
 140667.024     9.038     1.99    2.40
 141043.123     9.568     1.41    2.46
 141419.222    10.436     2.31    2.13
 141795.323    10.911     1.26    1.66
 142171.424    11.422     1.36    1.90
 142547.525    11.422     0.00    2.19
 142923.628    11.939     1.37    2.53
 143299.731    12.965     2.73    2.58
 143675.835    13.343     1.01    2.67
 144051.940    13.749     1.08    2.43
 144428.045    13.397    -0.93    3.35
 144804.151    13.341    -0.15    3.69
 145180.258    13.959     1.64    4.07
 145556.366    15.200     3.30    5.12
 145932.474    17.245     5.44    5.34
 146308.583    18.474     3.27    4.59
 146684.693    19.621     3.05    3.13
 147060.803    18.226    -3.71    2.22
 147436.915    17.121    -2.94    1.84
 147813.027    16.371    -1.99    1.89
 148189.140    15.533    -2.23    1.83
 148565.253    14.936    -1.58    1.72
 148941.367    14.509    -1.14    1.69
 149317.483    13.827    -1.81    1.33
 149693.598    13.695    -0.35    1.41
 150069.715    13.181    -1.37    1.60
 150445.832    12.695    -1.29    1.93
 150821.950    11.749    -2.52    2.26
 151198.069    10.801    -2.52    2.53
 151574.189     9.602    -3.19    2.43
 151950.309     9.094    -1.35    2.38
 152326.430     8.587    -1.35    2.01
 152702.552     8.217    -0.98    1.53
 153078.675     7.779    -1.17    1.33
 153454.799     7.679    -0.27    1.36
 153830.923     7.695     0.04    1.41
 154207.048     7.525    -0.45    1.42
 154583.174     7.634     0.29    1.27
 154959.300     7.805     0.45    1.19
 155335.428     7.831     0.07    1.49
 155711.556     7.759    -0.19    1.52
 156087.685     7.807     0.13    1.48
 156463.814     7.668    -0.37    1.62
 156839.945     6.717    -2.53    1.93
 157216.076     6.478    -0.63    2.07
 157592.208     6.245    -0.62    1.99
 157968.341     6.226    -0.05    1.73
 158344.475     5.884    -0.91    1.97
 158720.609     5.533    -0.93    2.04
 159096.744     5.525    -0.02    1.78
 159472.881     5.448    -0.20    1.83
 159849.017     6.038     1.57    1.76
 160225.155     6.938     2.39    2.13
 160601.294     7.730     2.11    1.95
 160977.433     8.992     3.36    1.45
 161353.573     9.695     1.87    1.33
 161729.714     9.668    -0.07    1.34
 162105.855     9.972     0.81    1.22
 162481.998     9.653    -0.85    1.31
 162858.141     9.551    -0.27    1.47
 163234.285     9.717     0.44    1.48
 163610.430     9.963     0.65    1.81
 163986.576     9.856    -0.28    1.80
 164362.723     9.489    -0.98    1.69
 164738.870     9.294    -0.52    2.09
 165115.018     8.938    -0.95    1.97
 165491.168     9.042     0.28    1.92
 165867.317     8.700    -0.91    1.89
 166243.468     8.063    -1.69    2.62
 166619.620     7.181    -2.35    3.39
 166995.772     5.397    -4.74    3.37
 167371.925     6.121     1.92    4.47
 167748.080     7.343     3.25    4.74
 168124.234     9.397     5.46    4.21
 168500.390    11.451     5.46    2.48
 168876.547    10.243    -3.21    4.25
 169252.704     9.371    -2.32    4.99
 169628.862     8.027    -3.57    5.23
 170005.022     6.858    -3.11    5.32
 170381.182     7.478     1.65    6.56
 170757.342    10.328     7.58    8.07
 171133.504    13.700     8.96    8.29
 171509.667    16.911     8.54    8.05
 171885.830    19.331     6.43    5.80
 172261.994    19.068    -0.70    5.65
 172638.159    19.559     1.30    5.27
 173014.325    19.245    -0.83    4.86
 173390.492    19.259     0.04    6.44
 173766.660    19.192    -0.18    6.72
 174142.828    19.384     0.51    7.99
 174518.998    16.073    -8.80    6.34
 174895.168    13.289    -7.40    5.77
 175271.339    11.749    -4.10    4.84
 175647.511    12.397     1.72    5.58
 176023.684    15.343     7.83    7.68
 176399.858    19.759    11.74    7.55
 176776.033    25.910    16.35    6.74
 177152.208    27.289     3.67    6.58
 177528.385    26.989    -0.80    5.66
 177904.562    27.038     0.13    4.93
 178280.740    24.647    -6.36    4.44
 178656.919    22.189    -6.53    4.25
 179033.099    18.627    -9.47    5.06
 179409.280    15.578    -8.11    5.41
 179785.462    13.935    -4.37    5.41
 180161.644    12.294    -4.36    5.06
 180537.828    10.655    -4.36    3.65
 180914.012     9.830    -2.19    3.25
 181290.197    10.235     1.08    3.69
 181666.384     9.936    -0.79    3.70
 182042.571     9.779    -0.42    4.31
 182418.759    10.717     2.50    4.29
 182794.948    12.679     5.21    5.02
 183171.138    13.371     1.84    4.42
 183547.328    13.397     0.07    4.98
 183923.520    13.019    -1.01    5.63
 184299.712    14.358     3.56    6.73
 184675.906    16.217     4.94    7.17
 185052.100    18.662     6.50    6.26
 185428.296    17.397    -3.36    6.18
 185804.492    15.106    -6.09    4.88
 186180.689    11.448    -9.72    6.72
 186556.887     9.115    -6.20    6.78
 186933.086     6.228    -7.67    8.83
 187309.286     5.226    -2.66    8.52
 187685.451     5.668     1.17    7.81
 188061.466     6.965     3.45    7.19
 188437.482     8.115     3.06    5.64
 188813.499     8.289     0.46    3.65
 189189.517     8.679     1.04    3.19
 189565.535     9.192     1.36    2.74
 189941.555     9.505     0.83    1.98
 190317.576     9.857     0.93    2.20
 190693.597    10.217     0.96    2.61
 191069.620    10.781     1.50    2.82
 191445.643    11.073     0.78    3.11
 191821.668    11.463     1.04    2.82
 192197.693    12.424     2.56    3.93
 192573.719    13.560     3.02    5.06
 192949.747    14.451     2.37    5.35
 193325.775    14.009    -1.18    5.25
 193701.804    13.551    -1.22    4.03
 194077.834    13.063    -1.30    3.19
 194453.865    13.606     1.44    2.49
 194829.897    15.525     5.10    4.70
 195205.930    19.722    11.16    7.82
 195581.964    23.833    10.93    9.22
 195957.999    27.147     8.81    7.89
 196334.035    27.831     1.82    7.12
 196710.072    24.100    -9.92    8.45
 197086.109    21.807    -6.10    8.66
 197462.148    18.984    -7.51    7.81
 197838.188    16.773    -5.88    5.26
 198214.229    15.857    -2.44    3.72
 198590.270    15.019    -2.23    1.72
 198966.313    14.533    -1.29    2.14
 199342.357    13.938    -1.58    2.05
 199718.401    13.712    -0.60    2.16
 200094.447    13.634    -0.21    2.02
 200470.493    13.627    -0.02    3.48
 200846.541    13.262    -0.97    4.37
 201222.589    12.730    -1.42    4.90
 201598.639    12.745     0.04    5.46
 201974.689    12.700    -0.12    6.25
 202350.741    13.515     2.17    6.02
 202726.794    14.448     2.48    5.80
 203102.847    13.127    -3.51    5.80
 203478.901    12.121    -2.68    5.74
 203854.957    11.627    -1.31    5.58
 204231.013    10.773    -2.27    5.41
 204607.071     8.463    -6.14    5.39
 204983.129     6.154    -6.14    4.35
 205359.189     5.911    -0.65    5.10
 205735.249     8.614     7.19    8.33
 206111.311    11.717     8.25   11.05
 206487.373    15.608    10.35   11.56
