#  327.995  -1.474   1.251 ;Mean Elev.(m), Avg Gradient(m/km), RMS Gradient(m/km) - SRTM1     
#  324.637  -3.949   2.805 ;Mean Elev.(m), Avg Gradient(m/km), RMS Gradient(m/km) - ASTER GDEM
#  328.637  -1.359   3.086 ;Mean Elev.(m), Avg Gradient(m/km), RMS Gradient(m/km) - GMTED2010 
  8  20.711597   1.991802   332.148   332.162  3 52488.36003226 51.337
  9  20.707357   1.986949   332.411   332.425  5 52523.36000709 50.868
 10  20.703744   1.985681   332.429   332.444  6 52558.36005778 19.294
 11  20.701718   1.985609   333.375   333.401  6 52593.36005773 52.532
 12  20.715364   1.991840   334.134   334.134  2 52628.35997964 52.198
 13  20.706188   1.986651   332.902   332.858  5 52663.36001952 19.749
 14  20.713519   1.991249   332.358   332.358  2 52698.35999380 52.899
 15  20.717150   1.991614   332.531   332.489  3 52733.36001545 16.803
 16  20.704548   1.985969   333.315   333.297  6 52768.36002195 52.011
 17  20.708641   1.989343   332.497   332.483  3 52803.36004120 52.485
 18  20.710928   1.990613   332.392   332.386  3 52838.36010454 16.167
 19  20.710031   1.990068   332.557   332.557  4 52873.36014459 51.571
 20  20.712806   1.990905   333.184   333.184  2 52908.36012708 18.274
 21  20.717567   1.992557   333.209   333.185  3 52943.36005409 51.763
 23  20.704667   1.985003   333.148   333.175  6 53013.36011374 52.367
 24  20.708254   1.988391   332.954   332.954  3 53048.36008304 50.536
 25  20.700712   1.986175   332.642   332.643  7 53083.36011900 51.167
 26  20.704061   1.985422   332.612   332.607  6 53118.36008897 47.238
 27  20.702206   1.985759   332.169   332.190  6 53153.36013947 51.719
 28  20.715898   1.991423   332.097   332.105  3 53188.36012648 48.859
 29  20.711029   1.991706   331.618   331.622  3 53223.36014420 51.013
 30  20.703342   1.986002   331.968   331.863  6 53258.36012096 17.556
 31  20.699911   1.985150   332.407   332.425  7 53293.36014295 49.012
 32  20.710631   1.990131   333.284   333.291  3 53328.36011546 49.620
 33  20.712741   1.991220   333.609   333.605  3 53363.36006850 52.338
 34  20.707035   1.986778   332.391   332.381  5 53398.36009200 50.986
 35  20.711331   1.990910   331.950   331.954  3 53433.36008202 51.869
 36  20.706607   1.985308   332.808   332.802  5 53468.36012220 51.536
 37  20.702283   1.984016   332.338   332.331  8 53503.36016997 52.183
 38  20.707051   1.985967   332.176   332.164  6 53538.36016533 48.153
 39  20.703447   1.985690   331.871   331.918  7 53573.36016626 26.003
 40  20.706726   1.986115   332.476   332.512  6 53608.36011535 30.551
 41  20.706123   1.982787   332.332   332.335  6 53643.36011778 51.226
 42  20.702282   1.985029   333.134   333.149  6 53678.36013597 51.496
 43  20.712316   1.991205   333.269   333.296  3 53713.36006304 48.861
 44  20.713779   1.991179   332.472   332.515  3 53748.35997674 52.805
 45  20.713168   1.992105   331.687   331.711  3 53783.36000734 24.637
 46  20.712106   1.991502   332.218   332.216  3 53818.35997039 51.578
 47  20.703050   1.982884   332.711   332.735  7 53853.36004919 50.221
 48  20.717070   1.991312   333.276   333.276  2 53888.36005447 50.539
 49  20.698101   1.985801   331.681   331.580  4 53923.36012489 13.040
 50  20.700043   1.984987   331.806   331.807  7 53958.36011786 50.894
 51  20.712351   1.990153   331.769   331.878  3 53993.36004416 22.601
 52  20.710810   1.990791   332.388   332.499  3 54028.36010534 29.575
 53  20.712981   1.990288   334.008   333.998  3 54063.36009930 36.024
 54  20.708162   1.989383   334.003   334.002  3 54098.36006754 51.935
 55  20.709452   1.989743   333.194   333.188  4 54133.36002244 51.632
 56  20.706327   1.985514   332.688   332.688  6 54168.36004260 31.080
 57  20.708417   1.989554   332.490   332.509  4 54203.36002629 52.111
 58  20.709633   1.988706   333.161   333.181  3 54238.36006111 52.072
 59  20.709668   1.990118   332.571   332.548  4 54273.36007942 22.771
 60  20.709463   1.989653   332.242   332.254  3 54308.36008149 51.307
 61  20.710241   1.990296   332.416   332.401  3 54343.36005958 14.329
 62  20.709276   1.990677   332.558   332.569  3 54378.36001687 51.380
 63  20.708784   1.990351   333.546   333.568  3 54413.36000761 51.231
 64  20.708928   1.989453   333.897   333.922  4 54448.35998330 50.000
 65  20.710693   1.990508   333.046   333.049  3 54483.36000103 52.195
 66  20.710137   1.989887   332.732   332.730  4 54518.35999702 51.613
 67  20.708624   1.989936   332.738   332.758  3 54553.36001292 27.535
 68  20.709365   1.990600   332.749   332.748  3 54588.35999220 52.348
 69  20.708427   1.988741   332.531   332.518  3 54623.36001084 52.445
 70  20.706387   1.986368   331.796   331.783  6 54658.36002016 52.416
 71  20.708955   1.988700   331.973   331.957  3 54693.36000100 14.633
 72  20.709693   1.989376   332.282   332.282  3 54728.35997326 52.085
 73  20.707296   1.985752   333.011   333.004  5 54763.35997995 51.889
 74  20.708300   1.989636   334.261   334.259  4 54798.35996649 50.842
 75  20.708685   1.990695   332.971   332.975  3 54833.35996873 48.121
 76  20.709641   1.989504   332.905   332.902  4 54868.35996314 43.957
 77  20.705029   1.982901   332.703   332.707  6 54903.35998028 50.760
 78  20.709668   1.990660   332.797   332.801  3 54938.35995268 52.901
 79  20.708608   1.989222   333.276   333.245  3 54973.35998499 51.574
 80  20.706492   1.985588   332.208   332.201  5 55008.36000136 50.489
 81  20.709387   1.989130   331.814   331.822  4 55043.35998954 45.346
 82  20.708785   1.988969   332.164   332.144  3 55078.35996774 44.110
 83  20.709219   1.989424   332.764   332.761  4 55113.35992256 51.549
 84  20.706607   1.985815   333.325   333.341  5 55148.35992384 52.219
 85  20.708848   1.989449   333.576   333.572  4 55183.35990379 52.935
 86  20.706649   1.985671   333.413   333.394  5 55218.35992177 49.851
 87  20.710542   1.990194   333.103   333.126  3 55253.35990002 50.754
 88  20.706909   1.986018   333.433   333.435  6 55288.35991105 46.012
 89  20.706463   1.986555   333.387   333.383  6 55323.35988811 42.687
 90  20.707094   1.986223   332.882   332.793  5 55358.35988735 26.876
 91  20.708477   1.989091   332.527   332.548  4 55393.35988963 51.132
 92  20.709855   1.989619   332.034   331.895  4 55428.35990214 21.596
 93  20.711009   1.991461   332.727   332.759  3 55463.35986588 51.215
