# NaN NaN NaN ;Mean Elev.(m), Avg Gradient(m/km), RMS Gradient(m/km) - SRTM1     
# NaN NaN NaN ;Mean Elev.(m), Avg Gradient(m/km), RMS Gradient(m/km) - ASTER GDEM
#  304.116  -0.869   2.621 ;Mean Elev.(m), Avg Gradient(m/km), RMS Gradient(m/km) - GMTED2010 
  7  18.070787  -0.178271   301.357   301.361  5 52475.36646790 12.398
  8  18.083029  -0.165551   301.287   301.305  8 52510.36642248 19.075
  9  18.079502  -0.175276   302.529   302.548 11 52545.36643585 51.984
 10  18.073938  -0.179546   303.144   303.145  9 52580.36646646 52.377
 11  18.072106  -0.177789   303.819   303.787  6 52615.36643480 52.344
 12  18.083105  -0.166149   304.103   304.145  8 52650.36641050 40.827
 13  18.082795  -0.167048   302.355   302.316  7 52685.36639694 51.841
 14  18.074174  -0.178659   301.667   301.677  9 52720.36645099 52.867
 15  18.062254  -0.184811   301.825   301.825  2 52755.36647609 38.013
 16  18.076081  -0.178573   302.388   302.361 10 52790.36642295 52.532
 17  18.078838  -0.175711   301.923   301.922 11 52825.36649213 52.263
 18  18.081915  -0.170129   301.766   301.763  9 52860.36653686 18.319
 19  18.073918  -0.175957   302.161   302.218  7 52895.36656883 18.825
 20  18.073261  -0.176095   302.865   302.876  6 52930.36651780 53.189
 21  18.079936  -0.174903   303.235   303.224 12 52965.36650963 51.690
 22  18.068582  -0.180185   303.486   303.487  5 53000.36654445 51.382
 23  18.073516  -0.176093   302.567   302.584  6 53035.36649288 47.980
 24  18.076039  -0.178055   301.579   301.541 10 53070.36651274 51.146
 25  18.072615  -0.177847   301.242   301.238  6 53105.36649452 49.360
 26  18.077922  -0.175397   301.935   301.939 11 53140.36651811 52.622
 27  18.075769  -0.177879   300.810   300.814  9 53175.36655221 18.141
 28  18.074194  -0.176494   300.549   300.644  7 53210.36657020 39.302
 29  18.077946  -0.175797   301.659   301.667 10 53245.36653774 51.272
 30  18.074814  -0.175186   301.605   301.600  6 53280.36652062 53.264
 31  18.076197  -0.177459   302.712   302.701 10 53315.36653780 52.644
 32  18.080334  -0.174577   303.143   303.171 12 53350.36650287 29.709
 33  18.076086  -0.176576   302.857   302.850 10 53385.36648359 52.964
 34  18.087744  -0.160567   301.384   301.434  4 53420.36648503 47.204
 35  18.080125  -0.173868   300.994   301.016 11 53455.36649328 19.788
 36  18.067926  -0.180238   301.490   301.573  4 53490.36657970 35.548
 37  18.081023  -0.172128   301.838   301.812 11 53525.36656223 52.687
 38  18.068422  -0.180629   301.360   301.308  4 53560.36659219 23.313
 39  18.085102  -0.162872   300.949   300.947  6 53595.36652653 18.397
 40  18.070376  -0.178973   301.683   301.675  5 53630.36652345 52.269
 41  18.072178  -0.177413   302.176   302.183  6 53665.36654674 53.199
 42  18.078764  -0.176719   303.368   303.368 11 53700.36650039 51.928
 43  18.084178  -0.163717   302.335   302.478  7 53735.36641982 31.958
 44  18.085635  -0.161256   301.383   301.466  6 53770.36640814 33.115
 45  18.082536  -0.167075   301.385   301.387  8 53805.36640246 52.906
 47  18.078478  -0.175773   301.496   301.488 10 53875.36647096 52.030
 48  18.070472  -0.178207   301.068   300.967  5 53910.36651846 24.227
 49  18.066102  -0.182251   300.947   300.936  4 53945.36653966 44.052
 50  18.073896  -0.180109   301.038   300.986  9 53980.36648616 17.754
 51  18.078543  -0.175807   302.082   302.078 11 54015.36650357 52.436
 52  18.087512  -0.159802   302.554   302.621  4 54050.36650281 26.822
 53  18.077348  -0.175626   304.001   303.992 10 54085.36649812 43.155
 54  18.076892  -0.176197   303.200   303.176 10 54120.36642483 52.652
 55  18.075510  -0.177282   301.929   301.903  9 54155.36645627 51.633
 56  18.076464  -0.178252   301.690   301.674 10 54190.36642227 52.789
 57  18.075507  -0.177835   301.980   301.975  9 54225.36646666 52.665
 58  18.077093  -0.176470   301.855   301.904 11 54260.36648695 18.620
 59  18.077506  -0.176306   301.721   301.813 10 54295.36649123 44.604
 60  18.079212  -0.174171   302.155   302.202 11 54330.36648312 44.930
 61  18.076613  -0.178065   302.394   302.378 10 54365.36642845 51.690
 62  18.078597  -0.174819   303.069   303.076 11 54400.36642506 28.891
 63  18.077109  -0.176499   303.837   303.827 10 54435.36638280 52.311
 64  18.079490  -0.174811   303.885   303.885 12 54470.36640875 52.181
 65  18.077393  -0.175659   302.778   302.778 10 54505.36639642 52.060
 66  18.078780  -0.174700   301.556   301.572 11 54540.36642351 22.072
 67  18.077594  -0.176863   301.917   301.918 10 54575.36639726 51.097
 68  18.077252  -0.176365   301.583   301.546 10 54610.36641601 49.135
 69  18.075885  -0.178503   301.645   301.616 10 54645.36642419 31.273
 70  18.075874  -0.178721   300.861   300.933 10 54680.36642520 37.040
 71  18.078735  -0.174848   301.803   301.808 11 54715.36637492 19.949
 72  18.075663  -0.178458   302.254   302.263 10 54750.36639648 51.401
 73  18.077414  -0.176325   303.171   303.169 10 54785.36636436 51.811
 74  18.077479  -0.176292   303.536   303.525 10 54820.36638850 25.836
 75  18.077679  -0.177134   302.228   302.224 11 54855.36636099 51.002
 76  18.074684  -0.178382   301.988   301.979 10 54890.36639364 21.316
 77  18.075307  -0.177375   301.428   301.475  9 54925.36635951 20.543
 78  18.075450  -0.177813   302.293   302.301  9 54960.36639078 53.038
 79  18.074631  -0.174815   302.275   302.299  7 54995.36641244 24.574
 80  18.076152  -0.177836   301.745   301.730 10 55030.36640260 51.936
 81  18.077999  -0.175719   301.082   301.064 11 55065.36639245 17.988
 82  18.075153  -0.178220   301.917   301.917  9 55100.36633638 51.623
 83  18.076881  -0.175674   302.665   302.672 10 55135.36633823 52.144
 84  18.077797  -0.176571   303.412   303.410 11 55170.36630130 52.360
 85  18.076524  -0.176764   303.242   303.224 10 55205.36633161 52.743
 86  18.075708  -0.178019   302.564   302.552 10 55240.36630839 52.671
 87  18.076276  -0.177178   302.422   302.412 10 55275.36632528 50.681
 88  18.077743  -0.175829   303.139   303.137 10 55310.36629098 51.776
 89  18.077867  -0.176881   302.810   302.819 11 55345.36629424 52.319
 90  18.076961  -0.176839   302.333   302.327 11 55380.36628764 52.365
 91  18.077282  -0.176673   301.871   301.873 11 55415.36631342 18.272
 92  18.078208  -0.175813   301.132   301.197 11 55450.36629914 20.141
 93  18.078337  -0.175704   301.774   301.769 10 55485.36622423 52.452
