#  272.010 -11.398  57.301 ;Mean Elev.(m), Avg Gradient(m/km), RMS Gradient(m/km) - SRTM1     
#  268.028 -12.028  57.523 ;Mean Elev.(m), Avg Gradient(m/km), RMS Gradient(m/km) - ASTER GDEM
#  272.036  -9.752  55.526 ;Mean Elev.(m), Avg Gradient(m/km), RMS Gradient(m/km) - GMTED2010 
 13  16.025689  -3.660631   277.455   277.414  6 52673.87370985 20.938
 17  16.024485  -3.665403   274.966   274.978  6 52813.87377072 50.591
 18  16.026498  -3.662887   275.645   275.716  6 52848.87382437 36.631
 25  16.019718  -3.664337   284.481   284.481  2 53093.87380712 13.346
 28  16.026599  -3.660266   273.755   273.777  6 53198.87384775 40.710
 35  16.026350  -3.661067   274.090   273.944  5 53443.87377207 27.999
 36  16.022083  -3.667257   275.182   275.162  6 53478.87384761 46.297
 38  16.022419  -3.667732   275.303   274.728  6 53548.87387529 14.655
 48  16.026336  -3.660390   275.315   275.306  6 53898.87378244 49.765
 56  16.025390  -3.660566   275.534   275.514  6 54178.87372884 50.607
 57  16.025992  -3.662770   274.803   274.812  6 54213.87374253 17.192
 60  16.027413  -3.657888   274.310   274.281  6 54318.87377752 19.262
 70  16.025480  -3.661730   273.778   273.797  6 54668.87371810 21.664
 80  16.027273  -3.660627   274.461   274.491  6 55018.87369113 24.228
 81  16.027215  -3.659466   273.922   273.940  7 55053.87368753 30.184
 86  16.025474  -3.661141   277.164   277.192  6 55228.87361105 39.403
 90  16.027283  -3.661293   275.950   275.935  6 55368.87357840 46.085
 91  16.027482  -3.660766   275.085   275.089  6 55403.87359482 48.237
 92  16.027127  -3.657833   275.136   275.106  6 55438.87359754 48.651
