#  281.166   0.109   2.451 ;Mean Elev.(m), Avg Gradient(m/km), RMS Gradient(m/km) - SRTM1     
#  264.249   0.086   3.188 ;Mean Elev.(m), Avg Gradient(m/km), RMS Gradient(m/km) - ASTER GDEM
#  280.977  -0.013   0.287 ;Mean Elev.(m), Avg Gradient(m/km), RMS Gradient(m/km) - GMTED2010 
  8  16.151525  -2.370717   282.038   282.040 14 52478.37088783 52.709
  9  16.162694  -2.381970   282.092   282.125  5 52513.37083297 34.308
 10  16.153822  -2.372138   283.149   283.235 14 52548.37087406 31.614
 11  16.159370  -2.374059   284.554   284.557  5 52583.37087270 47.215
 12  16.153058  -2.371764   285.994   285.989 15 52618.37084750 52.639
 13  16.162751  -2.383402   285.235   285.256  4 52653.37082527 27.915
 14  16.157663  -2.372826   282.948   282.954  5 52688.37082295 45.330
 15  16.156922  -2.370035   281.820   281.777  7 52723.37086876 27.772
 16  16.145062  -2.370718   282.356   282.340 10 52758.37088983 51.958
 17  16.158613  -2.375144   282.699   282.703  5 52793.37084315 51.566
 18  16.160047  -2.377857   282.449   282.434  5 52828.37091137 48.156
 19  16.161510  -2.379470   282.538   282.622  5 52863.37095663 29.053
 20  16.153982  -2.375742   283.299   283.303 12 52898.37098562 52.337
 21  16.153823  -2.371722   284.141   284.140 15 52933.37093023 52.727
 22  16.157639  -2.369983   285.171   285.174  6 52968.37093917 47.153
 23  16.149880  -2.371188   284.698   284.700 15 53003.37096182 43.597
 24  16.152679  -2.371865   283.164   283.151 15 53038.37091108 51.453
 25  16.153878  -2.373617   281.973   281.973 13 53073.37093922 52.563
 26  16.152923  -2.372031   281.728   281.750 14 53108.37091121 48.882
 27  16.153947  -2.378221   282.089   282.090 12 53143.37094934 51.293
 28  16.158521  -2.372492   281.853   281.855  5 53178.37096825 51.028
 29  16.153669  -2.375147   281.302   281.269 13 53213.37098981 23.047
 30  16.157408  -2.371198   282.434   282.452  5 53248.37095798 41.685
 31  16.152430  -2.371463   282.967   282.979 15 53283.37095031 51.694
 32  16.159786  -2.375307   284.355   284.365  5 53318.37094810 50.352
 33  16.160550  -2.377773   284.631   284.511  5 53353.37091488 28.529
 34  16.154138  -2.377720   283.378   283.377 12 53388.37091231 52.191
 35  16.161033  -2.381092   281.811   281.779  5 53423.37091291 28.956
 36  16.159973  -2.377835   281.669   281.664  5 53458.37091735 51.113
 37  16.148908  -2.372680   281.899   281.899 13 53493.37100164 51.451
 38  16.160257  -2.379580   282.135   282.117  5 53528.37098060 36.249
 39  16.150357  -2.371095   281.885   281.959 15 53563.37100945 22.121
 40  16.159505  -2.376113   281.568   281.573  4 53598.37095056 22.859
 41  16.152336  -2.371198   282.671   282.654 14 53633.37094563 29.870
 42  16.151784  -2.370994   283.285   283.460 14 53668.37096780 45.853
 43  16.160475  -2.378049   284.742   284.741  5 53703.37091144 50.899
 44  16.160821  -2.379151   283.230   283.211  4 53738.37082108 23.201
 45  16.160815  -2.379635   281.914   281.901  5 53773.37083555 25.944
 46  16.159647  -2.375580   281.567   281.650  5 53808.37082110 23.560
 48  16.159244  -2.374978   281.816   281.825  5 53878.37089050 51.086
 49  16.150137  -2.371697   282.240   282.228 14 53913.37094340 52.433
 51  16.155900  -2.372465   282.332   282.333  8 53983.37089789 50.155
 52  16.158297  -2.371815   282.639   282.626  5 54018.37092796 29.899
 53  16.163101  -2.383257   284.085   284.103  4 54053.37092335 31.342
 54  16.158349  -2.372066   285.499   285.497  5 54088.37091277 52.314
 55  16.157279  -2.371277   283.608   283.464  6 54123.37083485 31.805
 56  16.156371  -2.370945   282.154   282.063  8 54158.37087636 27.528
 57  16.157055  -2.371521   281.984   281.985  6 54193.37083601 50.406
 58  16.157382  -2.369286   282.238   282.250  6 54228.37088730 51.303
 59  16.157471  -2.372238   282.011   281.991  6 54263.37090680 20.903
 60  16.157626  -2.373127   282.164   282.173  5 54298.37091203 48.175
 61  16.158356  -2.372751   282.267   282.247  5 54333.37090151 21.837
 63  16.157525  -2.371802   284.638   284.637  6 54403.37084502 50.709
 65  16.158918  -2.372619   284.993   284.991  5 54473.37083096 51.427
 66  16.157293  -2.371601   283.125   283.118  5 54508.37081290 51.688
 67  16.158086  -2.372780   282.038   282.009  5 54543.37084522 20.689
 68  16.157287  -2.371625   281.896   281.901  6 54578.37081440 20.974
 69  16.158303  -2.371606   282.115   282.074  5 54613.37083557 26.094
 70  16.156845  -2.370526   282.493   282.500  6 54648.37084264 47.675
 71  16.157445  -2.371249   282.141   282.139  5 54683.37084242 51.675
 72  16.157831  -2.372254   282.911   282.904  5 54718.37078972 31.035
 73  16.157248  -2.369465   283.566   283.551  6 54753.37081570 38.691
 74  16.156819  -2.370255   284.303   284.201  7 54788.37078093 30.265
 75  16.157811  -2.371605   285.154   285.164  5 54823.37081035 41.165
 76  16.157698  -2.372090   282.990   283.025  5 54858.37077653 34.428
 77  16.154221  -2.378494   282.512   282.501 12 54893.37081452 26.234
 78  16.154420  -2.376526   281.930   281.929 12 54928.37077509 51.754
 80  16.153867  -2.374901   282.574   282.599 13 54998.37083386 26.484
 81  16.156596  -2.371182   282.400   282.397  6 55033.37082170 52.362
 82  16.157832  -2.372711   281.942   281.871  5 55068.37081022 21.876
 83  16.154347  -2.376545   283.009   283.011 12 55103.37075012 51.601
 84  16.157632  -2.370142   284.168   284.167  6 55138.37075727 44.994
 85  16.157345  -2.371017   285.481   285.474  6 55173.37071761 50.683
 86  16.157531  -2.369849   283.846   283.820  6 55208.37075178 29.429
 87  16.155470  -2.374048   282.750   282.783 10 55243.37072340 38.368
 88  16.156997  -2.370754   282.352   282.388  7 55278.37074529 26.814
 89  16.157263  -2.371446   283.080   283.085  6 55313.37070799 51.727
 90  16.157732  -2.372112   282.801   282.795  5 55348.37071642 52.039
 91  16.156732  -2.370864   282.704   282.704  6 55383.37070670 46.564
 92  16.157740  -2.372445   282.177   282.116  6 55418.37073495 22.197
 93  16.157917  -2.372479   282.663   282.667  5 55453.37071545 47.992
 94  16.158567  -2.372729   283.491   283.501  5 55488.37063674 46.284
