-252012.467   130.783     0.00    4.86
-251636.113   130.916     0.35    4.97
-251259.762   130.730    -0.49    4.65
-250883.413   130.406    -0.86    4.50
-250507.067   130.038    -0.98    3.88
-250130.723   129.720    -0.85    3.08
-249754.382   131.142     3.78    3.83
-249378.043   132.226     2.88    3.76
-249001.707   133.712     3.95    3.38
-248625.374   134.448     1.96    3.54
-248249.043   135.169     1.92    3.55
-247872.714   134.474    -1.85    3.81
-247496.388   132.448    -5.38    4.24
-247120.065   130.525    -5.11    3.14
-246743.744   129.739    -2.09    2.57
-246367.425   128.217    -4.04    3.31
-245991.109   126.827    -3.70    3.64
-245614.796   126.425    -1.07    3.76
-245238.485   125.496    -2.47    4.07
-244862.177   124.793    -1.87    5.09
-244485.871   123.442    -3.59    5.40
-244109.567   123.038    -1.07    5.52
-243733.266   122.376    -1.76    5.79
-243356.968   124.269     5.03    8.65
-242980.672   123.327    -2.50    9.43
-242604.378   119.841    -9.26    9.85
-242228.087   114.525   -14.13    7.30
-241851.799   110.631   -10.35    5.56
-241475.513   107.371    -8.66    5.17
-241099.230   104.590    -7.39    4.70
-240722.949   102.551    -5.42    4.14
-240346.670    99.985    -6.82    3.37
-239970.394    99.140    -2.24    3.00
-239594.120    98.474    -1.77    2.74
-239217.849    99.119     1.72    3.59
-238841.581   101.631     6.68    6.35
-238465.315   105.739    10.92    8.50
-238089.051   111.928    16.45   11.27
-237712.790   118.145    16.52   12.02
-237336.531   119.034     2.36   11.12
-236960.275   117.438    -4.24   10.85
-236584.021   114.499    -7.81   11.31
-236207.770   109.230   -14.01    7.19
-235831.521   108.576    -1.74    5.41
-235455.274   110.523     5.17    6.48
-235079.030   115.669    13.68   10.99
-234702.789   123.195    20.00   14.21
-234326.550   127.576    11.65   13.11
-233950.313   129.982     6.40   11.78
-233574.079   128.379    -4.26   11.46
-233197.847   124.163   -11.21   12.06
-232821.618   118.425   -15.25   10.71
-232445.391   116.442    -5.27    9.54
-232069.167   118.982     6.75   14.24
-231692.945   123.604    12.28   15.20
-231316.726   122.469    -3.02   13.70
-230940.509   117.480   -13.26   12.93
-230564.294   108.963   -22.64   11.91
-230188.082   103.038   -15.75    7.59
-229811.872   101.036    -5.32    5.43
-229435.665   101.371     0.89    7.32
-229059.460   103.063     4.50    7.76
-228683.257   106.011     7.83    7.67
-228307.057   107.721     4.55    9.59
-227930.860   106.063    -4.41    7.43
-227554.665   103.685    -6.32    7.43
-227178.472   102.300    -3.68    7.05
-226802.282   104.371     5.51    9.52
-226426.094   108.619    11.29   10.25
-226049.908   111.243     6.98    8.22
-225673.725   111.009    -0.62    8.74
-225297.545   109.091    -5.10    9.13
-224921.366   104.955   -10.99    6.92
-224545.191   101.758    -8.50    7.07
-224169.017    98.012    -9.96    6.68
-223792.846    94.238   -10.03    5.60
-223416.678    91.172    -8.15    4.70
-223040.511    89.138    -5.41    5.08
-222664.348    87.011    -5.66    6.08
-222288.186    84.884    -5.65    7.24
-221912.027    82.142    -7.29    8.66
-221535.871    77.910   -11.25    6.73
-221159.716    75.452    -6.53    4.86
-220783.564    76.406     2.53    6.92
-220407.415    77.935     4.07    8.11
-220031.268    81.175     8.61    8.60
-219655.123    84.320     8.36    8.33
-219278.981    88.590    11.35    7.65
-218902.841    92.091     9.31    8.00
-218526.704    94.766     7.11    8.74
-218150.569    96.091     3.52    9.32
-217774.436    94.653    -3.82    7.73
-217398.305    95.015     0.96    5.37
-217022.177    96.577     4.15    6.69
-216646.052   101.213    12.33    8.21
-216269.929   103.037     4.85    6.95
-215893.808    99.695    -8.89    9.56
-215517.689    94.685   -13.32   10.06
-215141.573    93.313    -3.65    7.89
-214765.459    94.091     2.07    7.62
-214389.348    99.604    14.66    9.50
-214013.239   110.090    27.88   15.21
-213637.132   122.591    33.24   18.22
-213261.028   128.730    16.32   16.33
-212884.926   134.679    15.82   11.62
-212508.826   133.675    -2.67   11.84
-212132.729   129.874   -10.10   12.22
-211756.634   127.928    -5.17   12.80
-211380.541   126.195    -4.61   13.02
-211004.451   126.538     0.91   12.74
-210628.363   127.226     1.83   12.05
-210252.278   124.628    -6.91   13.34
-209876.195   119.221   -14.38   13.13
-209500.114   118.037    -3.15   13.28
-209124.035   120.145     5.60   12.76
-208747.959   123.563     9.09    9.81
-208371.885   125.958     6.37    7.63
-207995.814   127.820     4.95    6.91
-207619.744   128.145     0.86    6.29
-207243.678   130.675     6.73    6.15
-206867.613   133.012     6.22    7.31
-206491.551   135.320     6.14    8.24
-206115.491   136.635     3.50    7.92
-205739.433   132.442   -11.15   11.18
-205363.378   129.766    -7.12    8.83
-204987.325   127.226    -6.76    5.89
-204611.275   126.013    -3.22    5.75
-204235.226   121.442   -12.16   10.14
-203859.181   119.774    -4.44   11.10
-203483.137   120.116     0.91   11.63
-203107.096   124.217    10.91   10.20
-202731.057   129.442    13.89    4.06
-202355.020   130.038     1.59    3.79
-201978.985   128.274    -4.69    4.44
-201602.953   127.452    -2.19    3.92
-201226.924   127.009    -1.18    3.68
-200850.896   127.397     1.03    2.95
-200474.871   126.935    -1.23    3.12
-200098.848   126.217    -1.91    3.05
-199722.827   126.349     0.35    3.12
-199346.809   125.590    -2.02    3.29
-198970.793   125.199    -1.04    3.18
-198594.779   124.172    -2.73    4.20
-198218.768   124.525     0.94    5.52
-197842.759   123.685    -2.23    6.83
-197466.752   120.371    -8.81    8.22
-197090.747   119.037    -3.55    9.39
-196714.745   115.961    -8.18   10.22
-196338.745   115.361    -1.60   10.73
-195962.747   116.624     3.36   10.47
-195586.752   117.858     3.28    8.46
-195210.758   119.313     3.87    4.66
-194834.768   117.820    -3.97    3.96
-194458.779   116.685    -3.02    4.35
-194082.793   115.982    -1.87    4.04
-193706.808   117.115     3.01    5.38
-193330.827   118.591     3.93    6.43
-192954.847   122.858    11.35    5.44
-192578.870   128.116    13.98    6.31
-192202.895   132.147    10.72    7.82
-191826.922   132.628     1.28    8.85
-191450.951   131.695    -2.48   10.29
-191074.983   128.551    -8.36   11.61
-190699.017   127.300    -3.33   11.59
-190323.053   127.294    -0.02   10.86
-189947.092   125.388    -5.07   12.34
-189571.132   119.756   -14.98   14.59
-189195.175   109.807   -26.46   15.95
-188819.221   101.452   -22.22   12.51
-188443.268    98.063    -9.01   10.66
-188067.318    97.036    -2.73   10.14
-187691.370    95.118    -5.10    8.33
-187315.424    98.985    10.29   12.38
-186939.480   103.980    13.29   15.17
-186563.539   114.089    26.89   14.92
-186187.600   120.248    16.38    8.92
-185811.663   122.199     5.19    6.80
-185435.728   121.140    -2.81    7.81
-185059.796   120.142    -2.65    7.72
-184683.866   121.090     2.52    8.71
-184307.938   120.658    -1.15    9.60
-183932.012   120.294    -0.97    9.57
-183556.088   120.550     0.68   10.55
-183180.167   119.858    -1.84   11.34
-182804.248   116.538    -8.83   10.37
-182428.331   112.721   -10.16   12.12
-182052.417   108.469   -11.31   11.24
-181676.504   108.009    -1.22   10.50
-181300.594   111.469     9.20   10.64
-180924.686   116.721    13.97    8.37
-180548.780   119.758     8.08    4.86
-180172.876   114.917   -12.88   12.15
-179796.975   109.705   -13.87   14.80
-179421.076   101.145   -22.77   18.94
-179045.179    94.705   -17.13   18.15
-178668.935    88.248   -17.16   18.11
-178292.600    82.397   -15.55   18.24
-177916.267    83.813     3.76   21.64
-177539.936    80.653    -8.40   22.69
-177163.607    73.952   -17.81   23.60
-176787.280    69.140   -12.79   23.34
-176410.956    60.346   -23.37   19.31
-176034.633    51.563   -23.34    7.26
-175658.313    48.469    -8.22    6.18
-175281.995    44.847    -9.62    5.76
-174905.680    43.037    -4.81    5.02
-174529.366    42.253    -2.08    4.64
-174153.055    41.685    -1.51    4.16
-173776.745    40.192    -3.97    3.36
-173400.438    39.525    -1.77    3.73
-173024.134    37.142    -6.33    4.11
-172647.831    34.406    -7.27    4.14
-172271.531    31.679    -7.25    4.25
-171895.232    29.346    -6.20    3.72
-171518.936    28.496    -2.26    3.51
-171142.642    27.448    -2.78    3.48
-170766.350    26.202    -3.31    3.27
-170390.061    26.217     0.04    4.56
-170013.773    27.448     3.27    6.84
-169637.488    28.470     2.72    8.42
-169261.205    28.397    -0.19    8.27
-168884.924    26.847    -4.12    6.83
-168508.645    24.604    -5.96    3.18
-168132.369    24.009    -1.58    1.49
-167756.094    24.675     1.77    2.03
-167379.822    26.406     4.60    3.21
-167003.552    29.115     7.20    3.96
-166627.284    32.388     8.70    4.44
-166251.018    35.422     8.07    4.58
-165874.754    37.987     6.81    4.36
-165498.492    40.192     5.86    4.27
-165122.233    42.036     4.90    3.85
-164745.976    44.115     5.52    3.93
-164369.720    46.469     6.26    4.09
-163993.467    48.827     6.27    4.38
-163617.217    50.523     4.51    4.78
-163240.968    51.563     2.77    5.02
-162864.721    51.551    -0.03    4.84
-162488.477    51.985     1.15    4.39
-162112.234    53.786     4.79    4.67
-161735.994    58.730    13.14    7.89
-161359.756    64.675    15.80    8.92
-160983.520    71.090    17.05    9.25
-160607.286    76.653    14.79    8.27
-160231.054    85.226    22.79   12.17
-159854.825    91.063    15.52   11.15
-159478.597    93.397     6.20    8.82
-159102.372    93.653     0.68    6.97
-158726.148    96.145     6.62    9.82
-158349.927   105.763    25.57   16.03
-157973.708   116.145    27.59   14.16
-157597.491   121.739    14.87   11.67
-157221.276   125.280     9.41   10.44
-156845.064   126.692     3.75    9.88
-156468.853   127.628     2.49    7.37
-156092.644   125.833    -4.77    8.01
-155716.438   118.313   -19.99   14.49
-155340.234   106.858   -30.45   15.99
-154964.031    98.341   -22.64   12.04
-154587.831   100.300     5.21   13.76
-154211.633   102.935     7.00   14.27
-153835.437   102.036    -2.39   15.18
-153459.243    96.485   -14.76   14.14
-153083.052    89.985   -17.28    7.53
-152706.862    94.538    12.11   12.63
-152330.674   105.361    28.77   17.40
-151954.489   114.863    25.26   17.04
-151578.305   127.294    33.05    8.95
-151202.124   132.758    14.52    4.10
-150825.945   134.307     4.12    2.76
-150449.767   132.442    -4.96    6.26
-150073.592   128.458   -10.59    9.96
-149697.419   119.140   -24.77   16.26
-149321.248   110.897   -21.91   18.12
-148945.079    99.863   -29.33   16.63
-148568.912    88.853   -29.27    9.83
-148192.747    83.675   -13.77    6.63
-147816.585    80.511    -8.41    5.81
-147440.424    78.300    -5.88    5.23
-147064.265    74.935    -8.95    6.57
-146688.109    70.669   -11.34    6.53
-146311.954    68.788    -5.00    5.70
-145935.802    69.841     2.80    8.68
-145559.651    72.538     7.17    9.45
-145183.503    75.012     6.58    8.44
-144807.357    72.563    -6.51    8.55
-144431.212    69.847    -7.22    7.14
-144055.070    68.712    -3.02    5.62
-143678.930    72.307     9.56    8.63
-143302.792    76.513    11.18    8.34
-142926.656    79.631     8.29    7.87
-142550.522    83.538    10.39    8.02
-142174.390    86.781     8.62    7.55
-141798.260    91.307    12.03    7.69
-141422.132    91.327     0.05    6.93
-141046.006    89.628    -4.52    7.93
-140669.882    89.379    -0.66    8.38
-140293.760    89.036    -0.91    8.71
-139917.641    93.653    12.28   10.44
-139541.523    98.647    13.28   10.03
-139165.407   101.638     7.95   10.08
-138789.293   105.217     9.52   12.29
-138413.182   109.635    11.75   13.58
-138037.072   120.874    29.88   14.61
-137660.964   131.199    27.45   11.60
-137284.859   136.695    14.61    9.58
-136908.755   142.653    15.84    8.48
-136532.653   148.786    16.31    9.97
-136156.554   156.283    19.93   10.78
-135780.456   163.448    19.05    9.24
-135404.360   170.820    19.60   10.87
-135028.267   176.793    15.88   11.15
-134652.175   182.827    16.04    8.81
-134276.086   180.679    -5.71   15.22
-133899.998   177.508    -8.43   18.38
-133523.912   170.679   -18.16   19.02
-133147.829   156.425   -37.90   19.10
-132771.747   146.833   -25.51   14.61
-132395.667   149.140     6.14   16.48
-132019.590   152.407     8.69   16.86
-131643.514   155.739     8.86   14.43
-131267.441   155.928     0.50   10.91
-130891.369   150.712   -13.87   10.93
-130515.299   142.748   -21.18   11.82
-130139.232   135.847   -18.35   13.00
-129763.166   128.807   -18.72   13.13
-129387.102   125.474    -8.86   11.67
-129011.040   127.320     4.91   11.23
-128634.981   132.523    13.84   10.18
-128258.923   132.243    -0.74   11.88
-127882.867   129.833    -6.41   12.39
-127506.813   124.897   -13.13   15.22
-127130.761   120.038   -12.92   13.69
-126754.711   112.469   -20.13   14.56
-126378.663   104.090   -22.28   14.87
-126002.617    96.705   -19.64   10.26
-125626.573    92.532   -11.10    5.83
-125250.531    93.616     2.88    3.67
-124874.491    94.774     3.08    2.46
-124498.453    94.415    -0.96    2.42
-124122.417    93.422    -2.64    2.90
-123746.382    92.361    -2.82    3.03
-123370.350    91.628    -1.95    3.34
-122994.320    91.063    -1.50    3.63
-122618.291    90.748    -0.84    3.33
-122242.265    90.827     0.21    3.16
-121866.240    90.807    -0.05    3.06
-121490.218    91.269     1.23    3.10
-121114.197    91.869     1.60    3.40
-120738.178    91.669    -0.53    2.95
-120362.162    90.982    -1.83    3.05
-119986.147    90.550    -1.15    3.00
-119610.134    91.361     2.16    3.38
-119234.123    92.407     2.78    3.63
-118858.114    93.474     2.84    2.59
-118482.107    94.294     2.18    1.90
-118106.102    93.952    -0.91    2.14
-117730.099    93.217    -1.95    2.41
-117354.097    92.388    -2.21    4.18
-116978.098    90.628    -4.68    6.56
-116602.101    88.142    -6.61    9.17
-116226.105    85.774    -6.30   11.40
-115850.111    81.631   -11.02   13.60
-115474.120    76.961   -12.42   14.66
-115098.130    70.913   -16.08   15.02
-114722.142    67.952    -7.88   12.94
-114346.156    64.847    -8.26   12.33
-113970.172    63.226    -4.31   13.75
-113594.190    66.442     8.55   14.35
-113218.210    66.253    -0.50   13.25
-112842.231    67.005     2.00   12.83
-112466.255    65.838    -3.10   14.24
-112090.280    62.525    -8.81   14.74
-111714.308    61.145    -3.67   14.13
-111338.337    59.781    -3.63   14.40
-110962.368    55.523   -11.33   14.89
-110586.401    52.879    -7.03   12.71
-110210.436    49.274    -9.59    8.50
-109834.473    43.294   -15.91    6.78
-109458.512    42.172    -2.99    7.50
-109082.552    43.300     3.00    9.24
-108706.595    48.338    13.40   14.91
-108330.639    57.008    23.06   15.46
-107954.685    59.642     7.01   14.95
-107578.734    61.847     5.86   13.55
-107202.784    61.388    -1.22   12.93
-106826.835    55.280   -16.25   14.77
-106450.889    52.369    -7.74   13.88
-106074.945    55.217     7.58   15.54
-105699.002    62.628    19.71   14.59
-105323.062    69.036    17.05   10.10
-104947.123    71.166     5.66    6.70
-104571.186    67.695    -9.23   11.85
-104195.251    59.346   -22.21   14.68
-103819.267    53.901   -14.48   13.37
-103442.960    56.217     6.15   16.37
-103066.655    67.063    28.82   17.96
-102690.352    76.669    25.53   12.89
-102314.051    81.858    13.79    8.24
-101937.752    83.681     4.84    6.17
-101561.454    83.576    -0.28    8.02
-101185.159    84.739     3.09    7.64
-100808.865    87.253     6.68    3.28
-100432.573    87.199    -0.14    3.20
-100056.283    83.786    -9.07    6.52
 -99679.995    74.987   -23.38   13.33
 -99303.708    65.259   -25.85   14.43
 -98927.424    55.766   -25.23   11.93
 -98551.141    49.499   -16.65    7.73
 -98174.860    51.485     5.28   11.97
 -97798.582    60.269    23.34   17.61
 -97422.304    69.307    24.02   15.65
 -97046.029    70.192     2.35   14.80
 -96669.756    66.009   -11.12   15.08
 -96293.484    62.550    -9.19   13.79
 -95917.214    68.658    16.23   15.35
 -95540.946    80.835    32.36   12.41
 -95164.680    87.910    18.80    7.71
 -94788.416    93.833    15.74    4.66
 -94412.153    97.758    10.43    5.94
 -94035.892   104.226    17.19    8.20
 -93659.634   110.658    17.10    9.05
 -93283.377   117.353    17.79    8.74
 -92907.121   120.113     7.34    8.37
 -92530.868   117.469    -7.03   13.88
 -92154.616   115.011    -6.53   15.30
 -91778.367   112.511    -6.64   15.50
 -91402.119   115.721     8.53   15.88
 -91025.872   122.469    17.93   10.93
 -90649.628   119.438    -8.05   13.23
 -90273.386   109.906   -25.34   17.10
 -89897.145   102.563   -19.51   15.81
 -89520.906   101.253    -3.48   12.84
 -89144.669   101.492     0.64   11.63
 -88768.433   103.653     5.74   12.38
 -88392.200   110.012    16.90   11.96
 -88015.968   114.292    11.38   10.46
 -87639.738   117.847     9.45    8.65
 -87263.510   118.307     1.22   10.50
 -86887.284   116.172    -5.68   11.35
 -86511.059   114.089    -5.54   11.27
 -86134.836   109.172   -13.07   13.79
 -85758.615   103.140   -16.03   13.15
 -85382.396    97.011   -16.29   13.78
 -85006.178    90.858   -16.35   13.79
 -84629.963    91.361     1.34   15.20
 -84253.749    95.893    12.05   19.78
 -83877.537   101.142    13.95   21.42
 -83501.326   112.036    28.96   16.94
 -83125.118   119.063    18.68   12.79
 -82748.911   120.253     3.16   13.23
 -82372.706   119.091    -3.09   14.21
 -81996.503   118.807    -0.75   13.56
 -81620.301   118.093    -1.90   15.03
 -81244.102   114.551    -9.42   15.92
 -80867.904   108.221   -16.82   13.78
 -80491.707   106.925    -3.45   13.08
 -80115.513   114.217    19.39   14.11
 -79739.320   119.793    14.82   10.68
 -79363.129   120.935     3.04   12.87
 -78986.940   124.371     9.13   15.55
 -78610.753   129.448    13.50   16.41
 -78234.567   130.739     3.43   15.19
 -77858.383   129.422    -3.50   14.81
 -77482.201   125.115   -11.45   15.04
 -77106.021   120.758   -11.58   15.74
 -76729.842   119.307    -3.86   14.80
 -76353.665   115.280   -10.71   13.98
 -75977.490   109.604   -15.09   14.75
 -75601.316    99.221   -27.60   13.82
 -75225.145    90.378   -23.51   11.85
 -74848.975    89.888    -1.30   11.21
 -74472.806    92.485     6.90   11.74
 -74096.640    95.091     6.93   10.30
 -73720.475    92.243    -7.57   13.04
 -73344.312    85.669   -17.48   14.30
 -72968.151    81.669   -10.63   12.15
 -72591.991    83.879     5.88   14.13
 -72215.833    91.807    21.08   14.49
 -71839.677   101.685    26.26    7.88
 -71463.522   105.458    10.03    3.03
 -71087.370   106.338     2.34    2.92
 -70711.219   106.206    -0.35    3.11
 -70335.069   103.063    -8.36    6.57
 -69958.922    97.091   -15.88    9.28
 -69582.776    92.415   -12.43    9.44
 -69206.632    89.091    -8.84    7.88
 -68830.489    90.397     3.47    8.50
 -68454.348    94.488    10.88    8.92
 -68078.209    96.774     6.08    7.12
 -67702.072    97.172     1.06    6.73
 -67325.936    98.038     2.30    5.30
 -66949.802    99.274     3.29    4.82
 -66573.670    99.679     1.08    4.57
 -66197.540    92.928   -17.95   13.49
 -65821.411    84.679   -21.93   14.98
 -65445.284    78.952   -15.23   14.29
 -65069.158    75.406    -9.43   11.55
 -64693.034    80.499    13.54   13.63
 -64316.912    88.345    20.86   14.11
 -63940.792    98.628    27.34   11.17
 -63564.673   105.226    17.54    6.21
 -63188.556   107.147     5.11    6.60
 -62812.441   109.604     6.53    6.99
 -62436.327   111.508     5.06    8.95
 -62060.215   107.274   -11.26   13.57
 -61684.105   102.653   -12.29   17.20
 -61307.996    96.118   -17.38   19.26
 -60931.889    88.807   -19.44   16.48
 -60555.784    87.140    -4.43   16.96
 -60179.680    85.910    -3.27   15.85
 -59803.578    85.036    -2.32   14.86
 -59427.478    88.628     9.55   13.56
 -59051.379    91.523     7.70   12.54
 -58675.282    89.388    -5.68   16.06
 -58299.187    85.874    -9.34   17.80
 -57923.093    79.938   -15.78   16.75
 -57547.001    84.089    11.04   19.67
 -57170.911    95.011    29.04   16.48
 -56794.822    97.480     6.57   11.72
 -56418.735    93.199   -11.38   13.39
 -56042.650    87.258   -15.80   12.17
 -55666.566    87.590     0.88   12.82
 -55290.484    96.961    24.92   19.75
 -54914.403   110.658    36.42   22.26
 -54538.325   118.833    21.74   23.15
 -54162.248   118.807    -0.07   27.59
 -53786.172   108.243   -28.09   23.26
 -53410.098    92.847   -40.94   15.17
 -53034.026    86.288   -17.44   14.73
 -52657.955    79.955   -16.84   11.49
 -52281.886    77.847    -5.61    9.66
 -51905.819    77.361    -1.29    9.79
 -51529.753    80.269     7.73   10.18
 -51153.689    81.140     2.32   10.05
 -50777.627    81.217     0.20   10.09
 -50401.566    82.647     3.80    8.86
 -50025.506    80.525    -5.64    9.81
 -49649.449    79.897    -1.67   10.31
 -49273.393    78.827    -2.85   10.58
 -48897.339    75.089    -9.94   11.11
 -48521.286    73.226    -4.96    9.89
 -48145.235    71.748    -3.93    7.01
 -47769.185    69.985    -4.69    5.36
 -47393.137    68.538    -3.85    6.78
 -47017.091    64.928    -9.60    8.66
 -46641.046    59.781   -13.69    8.37
 -46265.003    55.961   -10.16    7.26
 -45888.962    52.230    -9.92    4.93
 -45512.922    50.820    -3.75    4.51
 -45136.883    49.869    -2.53    4.48
 -44760.847    48.653    -3.23    4.88
 -44384.812    45.063    -9.55    4.76
 -44008.778    42.925    -5.69    4.00
 -43632.746    40.910    -5.36    3.85
 -43256.716    39.786    -2.99    2.85
 -42880.687    39.955     0.45    2.64
 -42504.660    40.011     0.15    3.20
 -42128.635    39.879    -0.35    4.40
 -41752.611    37.406    -6.58    6.34
 -41376.588    34.766    -7.02    6.53
 -41000.568    30.888   -10.31    5.61
 -40624.548    28.341    -6.77    4.26
 -40248.531    27.963    -1.00    4.31
 -39872.515    27.616    -0.92    4.41
 -39496.500    26.702    -2.43    4.06
 -39120.487    25.469    -3.28    4.94
 -38744.476    24.536    -2.48    4.73
 -38368.466    24.012    -1.39    4.80
 -37992.458    24.063     0.14    4.70
 -37616.451    24.550     1.29    4.17
 -37240.446    23.588    -2.56    5.10
 -36864.443    22.774    -2.17    5.55
 -36488.441    24.274     3.99    6.93
 -36112.441    26.800     6.72    6.75
 -35736.442    28.243     3.84    6.76
 -35360.445    31.274     8.06    5.59
 -34984.449    31.786     1.36    5.17
 -34608.455    32.012     0.60    5.33
 -34232.462    33.230     3.24    4.44
 -33856.471    33.320     0.24    4.37
 -33480.482    35.525     5.86    4.67
 -33104.494    36.313     2.10    4.47
 -32728.507    34.415    -5.05    5.38
 -32352.522    31.928    -6.61    5.76
 -31976.539    29.616    -6.15    3.64
 -31600.557    29.705     0.24    3.52
 -31224.577    30.036     0.88    3.51
 -30848.598    30.474     1.16    3.77
 -30472.621    31.679     3.21    4.63
 -30096.645    31.695     0.04    4.94
 -29720.671    30.901    -2.11    5.01
 -29344.699    30.346    -1.48    4.24
 -28968.728    29.300    -2.78    4.01
 -28592.611    29.147    -0.41    3.20
 -28216.336    29.011    -0.36    3.65
 -27840.064    27.119    -5.03    4.85
 -27463.793    26.142    -2.60    4.40
 -27087.523    23.653    -6.62    3.77
 -26711.255    22.470    -3.15    4.36
 -26334.988    24.388     5.10    5.25
 -25958.723    25.820     3.81    5.36
 -25582.460    27.145     3.52    3.68
 -25206.198    26.397    -1.99    2.50
 -24829.937    25.009    -3.69    3.03
 -24453.678    24.038    -2.58    3.58
 -24077.421    22.320    -4.57    5.00
 -23701.165    20.525    -4.77    6.41
 -23324.910    17.496    -8.05    7.46
 -22948.657    15.140    -6.26    7.70
 -22572.406    13.300    -4.89    6.80
 -22196.156    11.730    -4.17    6.97
 -21819.907    10.658    -2.85    5.88
 -21443.660     8.847    -4.81    4.28
 -21067.415     7.685    -3.09    3.27
 -20691.171     6.705    -2.61    3.16
 -20314.928     5.376    -3.53    2.24
 -19938.687     5.781     1.08    3.91
 -19562.448     6.910     3.00    5.34
 -19186.209     9.869     7.87    8.48
 -18809.973    14.448    12.17   11.35
 -18433.738    17.847     9.03   11.32
 -18057.504    22.192    11.55    9.48
 -17681.272    24.827     7.00    7.94
 -17305.041    28.142     8.81    5.36
 -16928.812    30.604     6.54    6.77
 -16552.585    34.653    10.76    9.82
 -16176.358    35.448     2.11   10.57
 -15800.134    36.675     3.26   12.14
 -15423.910    34.226    -6.51   12.63
 -15047.688    32.307    -5.10   12.04
 -14671.468    32.442     0.36   11.39
 -14295.249    31.712    -1.94   10.44
 -13919.032    33.034     3.51    9.95
 -13542.816    33.935     2.40   10.15
 -13166.601    35.038     2.93   10.10
 -12790.388    36.619     4.20    8.69
 -12414.177    36.320    -0.80    7.99
 -12037.967    35.982    -0.90    7.14
 -11661.758    33.353    -6.99    7.12
 -11285.551    31.511    -4.90    6.64
 -10909.345    30.371    -3.03    5.12
 -10533.140    30.334    -0.10    4.72
 -10156.938    30.248    -0.23    5.41
  -9780.736    30.013    -0.62    5.01
  -9404.536    30.008    -0.01    5.24
  -9028.338    28.800    -3.21    4.53
  -8652.140    27.955    -2.25    5.17
  -8275.945    24.577    -8.98    5.15
  -7899.750    21.442    -8.33    4.84
  -7523.558    21.008    -1.15    4.68
  -7147.366    23.243     5.94    5.97
  -6771.176    26.140     7.70    6.37
  -6394.988    28.307     5.76    5.06
  -6018.801    28.551     0.65    5.70
  -5642.615    27.793    -2.01    5.18
  -5266.431    28.705     2.42    5.40
  -4890.248    29.248     1.44    5.28
  -4514.066    29.910     1.76    5.69
  -4137.886    29.758    -0.40    5.62
  -3761.708    28.406    -3.59    5.82
  -3385.531    26.269    -5.68    6.61
  -3009.355    24.521    -4.65    6.72
  -2633.181    23.961    -1.49    8.88
  -2257.008    21.590    -6.30    8.70
  -1880.836    21.415    -0.47    9.44
  -1504.666    18.036    -8.98   11.67
  -1128.497    12.730   -14.11   11.35
   -752.330     9.474    -8.66   11.20
   -376.164     6.698    -7.38   10.18
      0.000     3.928    -7.36    6.89
    376.164     3.653    -0.73    5.52
    752.325     4.985     3.54    6.23
   1128.486     8.011     8.05    8.43
   1504.645    10.361     6.25    8.22
   1880.802    11.888     4.06    7.61
   2256.958    12.820     2.48    5.82
   2633.113    13.063     0.65    5.42
   3009.266    14.874     4.81    6.74
   3385.418    14.952     0.21    6.01
   3761.569    16.858     5.07    7.28
   4137.718    16.012    -2.25    8.33
   4513.866    15.063    -2.52    8.35
   4890.013    17.982     7.76   10.11
   5266.158    20.442     6.54   10.99
   5642.301    23.958     9.35    9.35
   6018.444    27.538     9.52    6.50
   6394.585    31.091     9.44    6.38
   6770.724    34.248     8.39    8.59
   7146.863    36.958     7.21    8.75
   7522.999    38.320     3.62    7.29
   7899.135    39.577     3.34    8.37
   8275.269    41.363     4.75    8.08
   8651.402    43.458     5.57    7.80
   9027.533    46.758     8.77    7.10
   9403.663    49.199     6.49    6.73
   9779.792    50.119     2.45    6.27
  10155.919    49.089    -2.74    6.52
  10532.045    49.166     0.20    6.55
  10908.170    50.211     2.78    7.39
  11284.293    51.550     3.56    7.76
  11660.415    52.172     1.65    7.55
  12036.536    52.091    -0.22    7.59
  12412.655    51.294    -2.12    7.10
  12788.773    51.361     0.18    7.13
  13164.890    51.705     0.91    6.59
  13541.005    52.932     3.26    7.10
  13917.119    54.833     5.05    6.69
  14293.232    55.658     2.19    4.96
  14669.343    55.210    -1.19    5.69
  15045.453    54.551    -1.75    5.67
  15421.561    54.619     0.18    5.63
  15797.669    54.658     0.10    5.84
  16173.775    56.253     4.24    6.48
  16549.879    55.982    -0.72    6.93
  16925.982    53.551    -6.47    9.07
  17302.084    52.492    -2.81    8.58
  17678.185    53.320     2.20   10.07
  18054.284    58.221    13.03   11.26
  18430.382    64.758    17.38    8.41
  18806.479    65.243     1.29    7.45
  19182.575    63.774    -3.91    8.27
  19558.669    61.642    -5.67    7.52
  19934.761    60.300    -3.57    6.53
  20310.853    62.192     5.03    6.99
  20686.943    64.739     6.77    6.94
  21063.032    65.448     1.89    7.15
  21439.119    66.488     2.77    8.10
  21815.206    65.286    -3.20    8.22
  22191.291    62.036    -8.64    9.37
  22567.374    59.658    -6.32    9.41
  22943.457    58.658    -2.66    9.66
  23319.538    60.874     5.89   10.35
  23695.617    65.091    11.21    9.19
  24071.696    67.888     7.44    8.37
  24447.773    69.011     2.98    7.49
  24823.849    69.253     0.64    6.43
  25199.923    69.576     0.86    5.61
  25575.997    70.116     1.44    4.11
  25952.069    69.090    -2.73    5.91
  26328.140    69.145     0.15    8.19
  26704.209    65.730    -9.08   10.29
  27080.277    65.063    -1.77   10.95
  27456.344    64.653    -1.09   11.36
  27832.410    67.217     6.82    9.73
  28208.474    70.376     8.40    6.82
  28584.537    69.658    -1.91    6.64
  28960.599    69.334    -0.86    6.65
  29336.660    68.253    -2.87    7.29
  29712.719    66.712    -4.10    9.02
  30088.777    64.952    -4.68    8.98
  30464.834    61.879    -8.17   10.07
  30840.889    59.756    -5.65   10.49
  31216.944    56.195    -9.47    9.62
  31592.997    51.511   -12.46    9.47
  31969.048    49.320    -5.83    9.32
  32345.099    50.499     3.14   10.76
  32721.148    50.009    -1.30   11.51
  33097.196    51.346     3.55   11.77
  33473.243    51.508     0.43   11.76
  33849.288    53.705     5.84   12.22
  34225.333    54.195     1.30   12.73
  34601.376    52.063    -5.67   12.51
  34977.417    49.756    -6.14   10.69
  35353.458    51.248     3.97   10.96
  35729.497    52.036     2.10   10.87
  36105.535    53.906     4.97   11.18
  36481.572    56.675     7.36   10.67
  36857.608    59.499     7.51   10.80
  37233.642    61.499     5.32   10.16
  37609.675    60.036    -3.89   11.44
  37985.707    57.679    -6.27   10.76
  38361.738    56.628    -2.80    9.35
  38737.767    56.705     0.20    8.50
  39113.795    60.955    11.30    7.23
  39489.822    61.525     1.51    7.66
  39865.848    62.523     2.65    7.96
  40241.873    63.901     3.67    7.75
  40617.896    65.253     3.59    7.56
  40993.918    64.407    -2.25    8.62
  41369.939    63.884    -1.39    8.18
  41745.959    64.379     1.32    8.08
  42121.977    64.869     1.30    7.47
  42497.994    65.320     1.20    6.56
  42874.010    66.952     4.34    5.55
  43250.025    67.884     2.48    4.98
  43626.039    69.090     3.21    4.66
  44002.051    70.631     4.10    4.91
  44378.063    71.590     2.55    5.15
  44754.073    71.192    -1.06    5.80
  45130.082    70.063    -3.00    6.07
  45506.089    69.091    -2.59    5.97
  45882.096    68.653    -1.16    5.64
  46258.101    67.590    -2.83    6.11
  46634.302    68.523     2.48    6.09
  47010.544    68.496    -0.07    6.48
  47386.784    67.149    -3.58    8.20
  47763.024    65.807    -3.57    9.12
  48139.262    64.813    -2.64    8.38
  48515.499    63.874    -2.50    7.62
  48891.735    62.448    -3.79    7.36
  49267.970    60.897    -4.12    8.21
  49644.204    57.537    -8.93    8.39
  50020.436    55.653    -5.01    8.89
  50396.667    54.327    -3.53    8.69
  50772.897    51.009    -8.82    9.92
  51149.126    47.958    -8.11   10.02
  51525.354    47.813    -0.38   10.70
  51901.581    44.702    -8.27   11.13
  52277.806    42.679    -5.38   11.30
  52654.030    40.537    -5.69    9.81
  53030.253    39.226    -3.49    6.40
  53406.475    39.847     1.65    7.20
  53782.696    44.313    11.87    8.75
  54158.916    48.910    12.22    8.59
  54535.134    52.838    10.44    7.74
  54911.351    55.226     6.35    8.05
  55287.568    59.788    12.13    8.51
  55663.783    63.932    11.01    7.71
  56039.996    66.327     6.37    5.69
  56416.209    66.658     0.88    5.43
  56792.421    66.012    -1.72    4.90
  57168.631    64.009    -5.32    4.58
  57544.840    61.675    -6.21    5.02
  57921.048    59.243    -6.46    5.15
  58297.255    57.675    -4.17    5.74
  58673.461    56.397    -3.40    5.41
  59049.666    56.628     0.61    5.60
  59425.869    57.063     1.16    5.50
  59802.072    57.118     0.14    5.75
  60178.273    55.604    -4.02    7.27
  60554.473    54.631    -2.59    7.24
  60930.672    56.063     3.81    7.58
  61306.870    60.009    10.49    7.86
  61683.067    64.217    11.19    3.84
  62059.263    65.269     2.79    3.78
  62435.457    66.142     2.32    3.73
  62811.651    66.226     0.22    2.35
  63187.843    66.294     0.18    2.68
  63564.034    62.195   -10.90    9.07
  63940.225    55.730   -17.19   11.64
  64316.414    51.379   -11.57   11.51
  64692.601    52.036     1.74   11.69
  65068.788    55.853    10.15   12.29
  65444.974    60.346    11.94   10.34
  65821.158    63.157     7.47    8.54
  66197.342    62.091    -2.84    9.59
  66573.524    64.334     5.96    7.05
  66949.706    64.550     0.57    6.10
  67325.886    61.063    -9.27    9.15
  67702.065    60.063    -2.66    9.17
  68078.243    60.038    -0.07    9.09
  68454.420    60.833     2.11    9.14
  68830.595    60.884     0.14    9.23
  69206.770    57.658    -8.58    9.69
  69582.944    54.987    -7.10   10.96
  69959.116    50.695   -11.41   10.83
  70335.288    46.786   -10.39   10.48
  70711.458    45.766    -2.71    9.43
  71087.627    45.952     0.49    8.61
  71463.795    49.577     9.64    9.14
  71839.963    53.371    10.09    6.01
  72216.129    54.220     2.26    4.79
  72592.294    52.140    -5.53    5.98
  72968.457    49.422    -7.23    6.79
  73344.620    49.119    -0.81    7.34
  73720.782    48.269    -2.26    7.55
  74096.943    47.604    -1.77    6.66
  74473.102    48.499     2.38    5.20
  74849.261    45.774    -7.25    6.89
  75225.418    42.987    -7.41    7.39
  75601.575    42.280    -1.88    7.15
  75977.730    42.448     0.45    7.14
  76353.884    41.988    -1.22    7.16
  76730.038    41.721    -0.71    5.70
  77106.190    42.523     2.13    5.26
  77482.341    42.036    -1.29    4.68
  77858.491    38.496    -9.41    7.60
  78234.640    36.091    -6.39    7.25
  78610.788    33.463    -6.98    6.82
  78986.935    30.413    -8.11    7.77
  79363.081    29.448    -2.57    7.75
  79739.226    27.009    -6.48    5.73
  80115.370    25.551    -3.88    3.64
  80491.513    26.221     1.78    2.76
  80867.654    25.985    -0.63    2.49
  81243.795    24.853    -3.01    4.01
  81619.935    23.935    -2.44    4.39
  81996.073    22.119    -4.83    4.41
  82372.211    20.537    -4.21    4.14
  82748.348    19.088    -3.85    4.77
  83124.483    14.091   -13.29    8.70
  83500.618    10.221   -10.29   10.06
  83876.751     4.847   -14.29   10.21
  84252.884     0.063   -12.72    8.67
  84629.015    -3.072    -8.34    5.89
  85005.146    -2.687     1.02    5.65
  85381.275     1.243    10.45    8.60
  85757.403     6.371    13.63   10.14
  86133.531    10.334    10.54    9.71
  86509.657    15.140    12.78    8.17
  86885.783    17.884     7.29    5.66
  87261.907    19.910     5.39    3.15
  87638.030    20.827     2.44    3.07
  88014.153    21.602     2.06    3.71
  88390.274    22.897     3.44    4.53
  88766.394    24.820     5.11    5.58
  89142.514    26.616     4.77    6.07
  89518.632    29.578     7.87    7.28
  89894.749    31.858     6.06    8.09
  90270.866    34.346     6.61    8.28
  90646.981    34.897     1.47    7.58
  91023.096    35.685     2.10    7.27
  91399.209    35.813     0.34    7.39
  91775.321    34.195    -4.30    7.13
  92151.433    34.738     1.44    7.39
  92527.543    35.766     2.73    6.77
  92903.653    37.115     3.59    6.78
  93279.761    40.695     9.52    5.79
  93655.869    42.379     4.48    6.33
  94031.975    45.658     8.72    6.95
  94408.081    47.763     5.60    7.43
  94784.185    48.874     2.95    6.53
  95160.289    47.820    -2.80    7.00
  95536.391    46.469    -3.59    7.06
  95912.493    48.692     5.91    7.92
  96288.594    50.858     5.76    8.16
  96664.693    53.243     6.34    8.17
  97040.792    53.258     0.04    8.32
  97416.890    51.361    -5.04    8.11
  97792.987    51.307    -0.14    9.11
  98169.083    48.300    -7.99    8.87
  98545.178    45.413    -7.68    9.23
  98921.271    42.982    -6.46    9.27
  99297.364    38.300   -12.45    9.67
  99673.456    34.774    -9.38    8.66
 100049.548    31.499    -8.71    5.67
 100425.638    29.388    -5.61    4.67
 100801.727    30.013     1.66    4.37
 101177.815    29.038    -2.59    4.00
 101553.902    26.847    -5.82    4.73
 101929.989    26.766    -0.22    5.56
 102306.074    28.820     5.46    7.06
 102682.159    30.406     4.22    8.16
 103058.242    31.217     2.16    7.41
 103434.325    30.521    -1.85    7.19
 103810.406    28.602    -5.10    6.52
 104186.487    28.037    -1.50    5.91
 104562.567    30.563     6.72    6.69
 104938.646    31.884     3.51    5.75
 105314.724    32.853     2.58    4.68
 105690.801    33.910     2.81    4.91
 106066.877    34.300     1.04    5.26
 106442.952    35.987     4.48    5.47
 106819.026    38.091     5.60    5.67
 107195.100    41.463     8.97    6.47
 107571.172    45.833    11.62    8.13
 107947.244    50.835    13.30    7.99
 108323.314    53.820     7.94    6.76
 108699.384    55.631     4.82    4.19
 109075.453    53.631    -5.32    5.50
 109451.520    52.958    -1.79    5.71
 109827.587    52.469    -1.30    5.84
 110203.653    53.063     1.58    4.83
 110579.719    53.985     2.45    5.30
 110955.783    55.253     3.37    5.76
 111331.846    56.294     2.77    5.13
 111707.909    57.705     3.75    3.59
 112083.970    57.985     0.74    2.91
 112460.031    57.702    -0.75    3.30
 112836.090    54.935    -7.36    6.54
 113212.149    54.230    -1.88    6.73
 113588.207    53.679    -1.47    6.76
 113964.264    54.294     1.64    6.25
 114340.321    54.521     0.60    5.63
 114716.376    55.063     1.44    4.26
 115092.430    54.820    -0.65    4.11
 115468.484    54.537    -0.75    2.65
 115844.536    54.116    -1.12    2.34
 116220.588    53.341    -2.06    1.75
 116596.639    53.243    -0.26    1.78
 116972.689    53.294     0.14    2.49
 117348.738    54.063     2.05    2.72
 117724.787    54.009    -0.14    4.07
 118100.834    53.906    -0.28    4.97
 118476.880    54.269     0.97    5.37
 118852.926    54.619     0.93    5.41
 119228.971    54.961     0.91    5.23
 119605.015    55.008     0.13    5.22
 119981.058    54.274    -1.95    4.79
 120357.100    53.012    -3.36    4.15
 120733.142    52.688    -0.86    2.93
 121109.182    52.748     0.16    1.66
 121485.251    52.982     0.62    1.38
 121861.473    53.145     0.43    1.34
 122237.694    53.756     1.62    3.00
 122613.914    53.712    -0.12    3.43
 122990.134    53.576    -0.36    3.31
 123366.352    53.474    -0.27    3.35
 123742.570    52.685    -2.10    2.22
 124118.787    52.142    -1.44    1.65
 124495.003    52.448     0.81    2.01
 124871.218    52.602     0.41    2.37
 125247.432    52.820     0.58    2.82
 125623.646    52.853     0.09    3.17
 125999.858    52.901     0.13    4.09
 126376.070    53.550     1.72    4.70
 126752.281    54.253     1.87    3.94
 127128.491    54.282     0.08    3.77
 127504.700    54.089    -0.51    4.86
 127880.909    52.269    -4.84    5.61
 128257.117    51.202    -2.83    6.14
 128633.323    50.705    -1.32    7.57
 129009.529    50.869     0.44    7.34
 129385.735    49.474    -3.71    8.48
 129761.939    46.879    -6.90    9.94
 130138.143    45.550    -3.53   10.39
 130514.345    44.009    -4.09   10.12
 130890.547    44.217     0.55   10.15
 131266.748    43.942    -0.73   10.10
 131642.949    44.313     0.99   11.19
 132019.148    48.807    11.94    9.52
 132395.347    52.009     8.51    7.28
 132771.545    54.523     6.68    4.70
 133147.742    55.415     2.37    3.57
 133523.938    56.321     2.41    2.79
 133900.134    56.551     0.61    2.57
 134276.328    55.863    -1.83    2.88
 134652.522    53.172    -7.16    6.91
 135028.715    49.346   -10.17    8.38
 135404.908    48.091    -3.33    9.11
 135781.099    49.300     3.21    9.09
 136157.290    51.653     6.25    7.49
 136533.480    52.853     3.19    5.97
 136909.669    52.452    -1.06    5.34
 137285.857    51.985    -1.24    4.16
 137662.045    51.588    -1.05    3.23
 138038.232    50.869    -1.91    2.51
 138414.418    49.961    -2.41    2.35
 138790.603    49.721    -0.64    3.52
 139166.787    49.631    -0.24    4.72
 139542.971    49.091    -1.44    5.52
 139919.154    48.036    -2.80    5.78
 140295.336    47.653    -1.02    6.58
 140671.517    46.113    -4.09    6.52
 141047.698    46.577     1.23    5.93
 141423.878    48.563     5.28    4.64
 141800.057    47.590    -2.59    3.92
 142176.235    47.458    -0.35    3.37
 142552.413    47.982     1.39    2.75
 142928.589    48.499     1.37    1.57
 143304.765    48.925     1.13    1.48
 143680.941    49.036     0.30    1.59
 144057.115    48.853    -0.49    1.85
 144433.289    48.591    -0.70    1.83
 144809.462    47.961    -1.68    2.22
 145185.634    47.422    -1.43    2.35
 145561.806    47.063    -0.95    2.15
 145937.976    46.469    -1.58    2.37
 146314.146    46.334    -0.36    2.42
 146690.316    45.523    -2.16    2.95
 147066.484    45.213    -0.82    2.89
 147442.652    44.820    -1.05    2.55
 147818.819    44.458    -0.96    2.55
 148194.985    44.774     0.84    2.35
 148571.151    44.669    -0.28    2.22
 148947.316    45.739     2.85    2.10
 149323.480    46.140     1.07    2.14
 149699.643    46.063    -0.20    2.14
 150075.806    45.869    -0.52    2.14
 150451.968    46.036     0.45    2.10
 150828.129    46.258     0.59    2.29
 151204.290    46.012    -0.65    2.20
 151580.449    46.576     1.50    2.29
 151956.608    46.657     0.22    2.11
 152332.767    46.847     0.51    2.00
 152708.924    46.739    -0.29    2.36
 153085.081    46.118    -1.65    2.28
 153461.237    46.012    -0.28    2.27
 153837.393    46.221     0.56    2.26
 154213.548    46.474     0.67    2.27
 154589.702    46.833     0.95    2.08
 154965.855    46.653    -0.48    1.79
 155342.008    46.118    -1.42    1.94
 155718.159    45.038    -2.87    2.25
 156094.311    44.616    -1.12    2.14
 156470.461    44.063    -1.47    2.33
 156846.611    43.307    -2.01    2.44
 157222.760    42.874    -1.15    2.71
 157598.909    41.766    -2.95    2.59
 157975.056    40.653    -2.96    2.48
 158351.203    40.427    -0.60    2.68
 158727.350    39.638    -2.10    2.44
 159103.496    40.090     1.20    2.79
 159479.641    40.813     1.92    3.25
 159855.785    41.038     0.60    3.53
 160231.928    40.550    -1.30    3.65
 160608.071    39.590    -2.55    3.54
 160984.214    39.458    -0.35    3.80
 161360.355    39.858     1.06    4.31
 161736.496    40.009     0.40    5.01
 162112.636    39.748    -0.70    4.62
 162488.776    39.488    -0.69    4.30
 162864.915    38.758    -1.94    3.76
 163241.053    38.685    -0.19    2.92
 163617.191    39.415     1.94    2.67
 163993.328    39.658     0.65    2.93
 164369.464    40.199     1.44    2.81
 164745.599    40.863     1.77    2.47
 165121.734    41.338     1.26    2.20
 165497.869    40.906    -1.15    2.46
 165874.002    39.712    -3.17    3.80
 166250.135    38.807    -2.41    4.37
 166626.267    37.853    -2.54    4.93
 167002.399    37.248    -1.61    4.83
 167378.530    37.307     0.16    4.47
 167754.660    38.397     2.90    4.05
 168130.790    38.980     1.55    3.28
 168506.919    39.616     1.69    2.96
 168883.047    40.438     2.19    2.62
 169259.175    40.828     1.04    2.06
 169635.302    39.827    -2.66    2.94
 170011.429    38.172    -4.40    3.15
 170387.555    37.280    -2.37    3.26
 170763.680    36.172    -2.95    2.39
 171139.804    36.091    -0.21    2.52
 171515.928    35.679    -1.10    2.77
 171892.052    35.987     0.82    2.87
 172268.174    35.982    -0.01    2.89
 172644.296    37.140     3.08    3.13
 173020.418    37.807     1.77    2.41
 173396.539    38.192     1.02    2.24
 173772.659    38.685     1.31    2.41
 174148.778    38.371    -0.83    2.55
 174524.897    38.119    -0.67    2.56
 174901.016    37.550    -1.51    2.62
 175277.133    36.874    -1.80    2.25
 175653.250    36.001    -2.32    2.61
 176029.367    35.217    -2.08    2.31
 176405.483    34.511    -1.88    2.27
 176781.598    33.702    -2.15    2.26
 177157.713    34.982     3.40    3.01
 177533.827    35.869     2.36    3.40
 177909.940    37.221     3.60    3.56
 178286.053    38.294     2.85    2.84
 178662.165    38.036    -0.69    3.08
 179038.277    38.011    -0.07    3.31
 179414.388    37.243    -2.04    3.14
 179790.498    36.590    -1.74    3.41
 180166.608    37.442     2.27    3.80
 180542.718    37.713     0.72    3.46
 180918.826    38.226     1.36    2.93
 181294.934    38.036    -0.50    2.46
 181671.042    37.982    -0.14    2.93
 182047.149    38.122     0.37    3.72
 182423.255    37.756    -0.97    4.99
 182799.361    36.730    -2.73    6.04
 183175.466    35.786    -2.51    6.61
 183551.571    34.274    -4.02    6.47
 183927.675    34.119    -0.41    6.74
 184303.778    33.793    -0.87    6.42
 184679.881    33.397    -1.05    7.03
 185055.983    33.469     0.19    6.08
 185432.085    35.511     5.43    3.92
 185808.186    35.537     0.07    3.44
 186184.287    35.038    -1.33    3.85
 186560.387    33.523    -4.03    4.38
 186936.486    31.788    -4.61    5.42
 187312.585    30.422    -3.63    5.81
 187688.684    29.869    -1.47    5.26
 188064.781    30.577     1.88    4.93
 188440.879    32.928     6.25    3.07
 188816.975    33.300     0.99    2.12
 189193.071    33.448     0.39    1.68
 189569.167    32.897    -1.47    1.84
 189945.262    33.213     0.84    2.41
 190321.356    33.774     1.49    2.35
 190697.450    34.425     1.73    2.29
 191073.544    34.642     0.58    2.43
 191449.637    34.012    -1.68    2.33
 191825.729    32.800    -3.22    2.89
 192201.821    31.925    -2.33    3.29
 192577.912    31.628    -0.79    3.08
 192954.003    31.702     0.20    3.59
 193330.093    32.788     2.89    3.60
 193706.182    33.576     2.09    3.28
 194082.271    33.452    -0.33    2.93
 194458.360    33.199    -0.67    2.66
 194834.448    32.496    -1.87    2.23
 195210.536    31.958    -1.43    2.44
 195586.623    32.063     0.28    2.22
 195962.709    32.388     0.86    2.03
 196338.795    32.463     0.20    2.54
 196714.933    32.602     0.37    2.42
 197091.122    32.169    -1.15    2.52
 197467.312    31.523    -1.72    2.24
 197843.501    30.551    -2.58    2.40
 198219.689    30.089    -1.23    1.94
 198595.877    30.286     0.52    2.14
 198972.064    30.115    -0.45    2.29
 199348.251    30.480     0.97    2.63
 199724.437    30.616     0.36    2.68
 200100.623    30.679     0.17    3.19
 200476.808    31.282     1.60    2.77
 200852.993    30.766    -1.37    2.52
 201229.177    31.036     0.72    2.36
 201605.361    31.124     0.23    2.82
 201981.544    31.230     0.28    2.91
