# NaN NaN NaN ;Mean Elev.(m), Avg Gradient(m/km), RMS Gradient(m/km) - SRTM1     
# NaN NaN NaN ;Mean Elev.(m), Avg Gradient(m/km), RMS Gradient(m/km) - ASTER GDEM
#  294.318  -0.107   2.261 ;Mean Elev.(m), Avg Gradient(m/km), RMS Gradient(m/km) - GMTED2010 
  6   296.307 52441.86833195 52.53  17.539736  -0.789746 24.032
  6   296.297 52441.86833260 50.63  17.539006  -0.786446 24.032
  6   296.491 52441.86833324 52.54  17.538286  -0.783136 24.032
  6   296.515 52441.86833389 49.62  17.537556  -0.779836 24.032
  6   296.502 52441.86833453 51.18  17.536826  -0.776526 24.032
  7   296.058 52476.86832873 50.87  17.543566  -0.785387 27.432
  7   296.056 52476.86832937 49.21  17.542846  -0.782077 27.432
  7   295.984 52476.86833002 51.04  17.542116  -0.778777 27.432
  7   296.086 52476.86833066 53.00  17.541386  -0.775467 27.432
  8   296.375 52511.86827783 50.82  17.553785  -0.774357 47.602
  8   296.317 52511.86827847 54.40  17.553055  -0.771047 47.602
  8   296.488 52511.86827912 52.95  17.552325  -0.767747 47.602
  8   296.536 52511.86827976 51.35  17.551605  -0.764437 47.602
  8   296.532 52511.86828041 50.56  17.550875  -0.761137 47.602
  9   297.395 52546.86830635 36.14  17.548464  -0.781900 19.170
  9   297.310 52546.86830699 33.61  17.547744  -0.778600 19.170
  9   297.079 52546.86830764 25.90  17.547014  -0.775290 19.170
 10   298.242 52581.86832112 45.20  17.548632  -0.780619 20.945
 10   298.234 52581.86832177 37.75  17.547902  -0.777309 20.945
 10   298.207 52581.86832241 33.65  17.547172  -0.774009 20.945
 10   298.312 52581.86832306 38.32  17.546452  -0.770699 20.945
 11   298.788 52616.86829165 51.16  17.545025  -0.785360 22.479
 11   298.815 52616.86829229 50.57  17.544305  -0.782050 22.479
 11   298.850 52616.86829294 52.42  17.543575  -0.778740 22.479
 11   298.880 52616.86829358 48.33  17.542845  -0.775440 22.479
 12   298.505 52651.86826896 49.47  17.554076  -0.775911 40.779
 12   298.513 52651.86826960 52.88  17.553346  -0.772601 40.779
 12   298.371 52651.86827025 52.71  17.552616  -0.769301 40.779
 12   298.382 52651.86827089 52.50  17.551896  -0.765991 40.779
 12   298.395 52651.86827154 50.74  17.551166  -0.762691 40.779
 13   296.595 52686.86826293 49.84  17.550007  -0.777612 24.753
 13   296.538 52686.86826357 49.04  17.549277  -0.774302 24.753
 13   296.565 52686.86826422 41.84  17.548547  -0.771002 24.753
 13   296.622 52686.86826486 33.50  17.547827  -0.767692 24.753
 14   295.958 52721.86831049 50.09  17.547838  -0.783153 32.021
 14   296.177 52721.86831114 49.51  17.547108  -0.779853 32.021
 14   296.122 52721.86831178 50.27  17.546388  -0.776553 32.021
 14   296.078 52721.86831243 50.74  17.545658  -0.773243 32.021
 15   295.977 52756.86833127 48.16  17.538633  -0.793326 11.755
 15   296.005 52756.86833191 41.01  17.537903  -0.790016 11.755
 15   295.997 52756.86833255 34.68  17.537183  -0.786716 11.755
 15   295.815 52756.86833320 28.80  17.536453  -0.783406 11.755
 15   295.629 52756.86833384 26.03  17.535723  -0.780106 11.755
 17   296.472 52826.86835371 52.88  17.550771  -0.776415 47.251
 17   296.585 52826.86835436 51.86  17.550041  -0.773115 47.251
 17   296.575 52826.86835500 52.06  17.549321  -0.769805 47.251
 17   296.576 52826.86835565 49.06  17.548591  -0.766505 47.251
 18   296.790 52861.86839933 51.34  17.552140  -0.775042 47.759
 18   296.748 52861.86839998 53.54  17.551410  -0.771742 47.759
 18   296.862 52861.86840062 52.37  17.550690  -0.768432 47.759
 18   296.944 52861.86840127 50.31  17.549960  -0.765132 47.759
 19   297.561 52896.86842774 51.93  17.546576  -0.784085 37.596
 19   297.583 52896.86842838 49.63  17.545846  -0.780785 37.596
 19   297.567 52896.86842902 53.27  17.545126  -0.777475 37.596
 19   297.540 52896.86842967 51.24  17.544396  -0.774175 37.596
 20   298.030 52931.86837473 51.23  17.545584  -0.784637 34.990
 20   298.069 52931.86837538 48.66  17.544854  -0.781327 34.990
 20   298.063 52931.86837602 52.37  17.544124  -0.778027 34.990
 20   298.089 52931.86837666 52.53  17.543404  -0.774717 34.990
 21   298.400 52966.86837656 52.53  17.549729  -0.778291 24.040
 21   298.422 52966.86837720 52.42  17.548997  -0.774985 46.596
 21   298.453 52966.86837784 54.11  17.548277  -0.771675 46.596
 21   298.483 52966.86837849 53.90  17.547547  -0.768375 46.596
 22   298.076 53001.86840249 52.06  17.542653  -0.787532 44.117
 22   298.116 53001.86840314 51.29  17.541933  -0.784232 44.117
 22   298.003 53001.86840378 53.93  17.541203  -0.780922 44.117
 22   298.070 53001.86840443 52.85  17.540473  -0.777622 44.117
 23   296.811 53036.86835273 50.34  17.545120  -0.783397 49.251
 23   296.818 53036.86835338 51.64  17.544390  -0.780097 49.251
 23   296.836 53036.86835402 54.19  17.543670  -0.776787 49.251
 24   295.934 53071.86837623 50.86  17.547440  -0.782747 47.552
 24   295.827 53071.86837687 47.91  17.546720  -0.779437 47.552
 24   295.973 53071.86837752 51.73  17.545990  -0.776137 47.552
 25   295.608 53106.86835285 52.12  17.545542  -0.785911 23.546
 25   295.552 53106.86835350 49.28  17.544812  -0.782601 23.546
 25   295.580 53106.86835414 50.94  17.544082  -0.779301 23.546
 25   295.490 53106.86835479 47.44  17.543362  -0.775991 23.546
 26   296.125 53141.86838498 41.73  17.548040  -0.780775 17.679
 26   295.931 53141.86838563 31.47  17.547310  -0.777475 17.679
 26   295.770 53141.86838627 30.77  17.546590  -0.774165 17.679
 27   295.745 53176.86841129 50.66  17.549225  -0.782269 23.016
 27   295.613 53176.86841194 48.41  17.548495  -0.778969 23.016
 27   295.730 53176.86841258 46.95  17.547775  -0.775659 23.016
 27   295.656 53176.86841322 49.44  17.547045  -0.772359 23.016
 27   295.819 53176.86841387 49.41  17.546325  -0.769049 23.016
 28   295.421 53211.86843084 25.78  17.546199  -0.782425 17.082
 28   295.210 53211.86843148 17.92  17.545469  -0.779125 17.082
 28   295.528 53211.86843213 22.51  17.544749  -0.775815 17.082
 29   296.688 53246.86839956 49.94  17.548746  -0.779722 41.776
 29   296.569 53246.86840021 52.27  17.548026  -0.776412 41.776
 29   296.694 53246.86840085 51.45  17.547296  -0.773112 41.776
 29   296.597 53246.86840150 52.05  17.546576  -0.769802 41.776
 30   296.700 53281.86838631 43.00  17.545999  -0.784291 17.973
 30   296.809 53281.86838696 46.11  17.545269  -0.780981 17.973
 30   296.659 53281.86838760 30.97  17.544539  -0.777681 17.973
 30   296.885 53281.86838825 31.87  17.543819  -0.774371 17.973
 31   297.951 53316.86839418 52.26  17.549876  -0.780410 53.834
 31   297.954 53316.86839482 51.39  17.549156  -0.777110 53.834
 31   297.949 53316.86839547 52.00  17.548426  -0.773800 53.834
 31   297.961 53316.86839611 54.08  17.547696  -0.770500 53.834
 31   297.965 53316.86839676 51.05  17.546976  -0.767190 53.834
 32   298.164 53351.86836067 53.37  17.551316  -0.775313 54.481
 32   298.172 53351.86836131 53.62  17.550596  -0.772003 54.481
 32   298.182 53351.86836196 52.68  17.549866  -0.768703 54.481
 32   298.193 53351.86836260 50.74  17.549146  -0.765393 54.481
 33   297.200 53386.86834823 51.35  17.548000  -0.782991 46.061
 33   297.255 53386.86834887 49.63  17.547270  -0.779681 46.061
 33   297.283 53386.86834952 50.59  17.546540  -0.776381 46.061
 33   297.181 53386.86835016 51.28  17.545820  -0.773071 46.061
 34   295.781 53421.86835231 52.09  17.553552  -0.772532 21.591
 34   295.651 53421.86835295 43.59  17.552832  -0.769222 21.591
 34   295.521 53421.86835360 32.25  17.552102  -0.765922 21.591
 34   295.767 53421.86835424 31.01  17.551372  -0.762612 21.591
 35   295.627 53456.86835700 50.94  17.551283  -0.776453 48.507
 35   295.534 53456.86835764 50.86  17.550553  -0.773153 48.507
 35   295.613 53456.86835829 52.06  17.549833  -0.769843 48.507
 35   295.684 53456.86835893 52.06  17.549103  -0.766543 48.507
 36   295.689 53491.86844033 53.05  17.542218  -0.788467 47.689
 36   295.868 53491.86844098 47.86  17.541488  -0.785157 47.689
 36   295.794 53491.86844162 51.50  17.540758  -0.781857 47.689
 36   295.730 53491.86844227 51.93  17.540038  -0.778547 47.689
 37   296.230 53526.86842408 53.25  17.551169  -0.775546 49.365
 37   296.162 53526.86842472 53.28  17.550439  -0.772246 49.365
 37   296.319 53526.86842537 53.17  17.549719  -0.768936 49.365
 37   296.362 53526.86842601 48.56  17.548989  -0.765636 49.365
 38   296.193 53561.86845062 51.39  17.542778  -0.787628 48.260
 38   296.117 53561.86845127 50.54  17.542048  -0.784318 48.260
 38   296.163 53561.86845191 52.86  17.541318  -0.781018 48.260
 38   296.282 53561.86845256 53.30  17.540598  -0.777708 48.260
 39   296.153 53596.86839164 50.99  17.551620  -0.775743 39.399
 39   296.203 53596.86839229 51.11  17.550890  -0.772443 39.399
 39   296.078 53596.86839293 53.25  17.550170  -0.769133 39.399
 39   296.202 53596.86839358 51.81  17.549440  -0.765833 39.399
 40   296.895 53631.86838479 50.41  17.544582  -0.786026 54.802
 40   296.912 53631.86838544 48.53  17.543862  -0.782726 54.802
 40   296.942 53631.86838608 53.74  17.543132  -0.779416 54.802
 40   296.957 53631.86838673 53.49  17.542402  -0.776116 54.802
 41   297.384 53666.86840752 48.39  17.544546  -0.784774 26.875
 41   297.388 53666.86840816 49.06  17.543816  -0.781474 26.875
 41   297.386 53666.86840881 52.86  17.543096  -0.778164 26.875
 42   298.223 53701.86835662 52.43  17.551476  -0.778457 55.965
 42   298.241 53701.86835726 52.99  17.550746  -0.775157 55.965
 42   298.251 53701.86835791 51.36  17.550026  -0.771847 55.965
 42   298.269 53701.86835855 53.84  17.549296  -0.768547 55.965
 42   298.272 53701.86835920 49.82  17.548576  -0.765237 55.965
 43   297.161 53736.86826698 52.93  17.552470  -0.776998 46.738
 43   297.129 53736.86826762 54.05  17.551750  -0.773688 46.738
 43   297.117 53736.86826827 54.74  17.551020  -0.770388 46.738
 43   297.179 53736.86826891 53.01  17.550290  -0.767078 46.738
 43   297.253 53736.86826956 47.26  17.549570  -0.763778 46.738
 44   296.011 53771.86827453 48.81  17.553117  -0.775795 19.339
 44   295.979 53771.86827517 48.71  17.552397  -0.772495 19.339
 44   295.954 53771.86827582 46.10  17.551667  -0.769185 19.339
 44   295.926 53771.86827646 48.43  17.550937  -0.765885 19.339
 45   295.668 53806.86826401 52.38  17.551295  -0.777625 38.553
 45   295.692 53806.86826465 51.66  17.550575  -0.774315 38.553
 45   295.817 53806.86826530 50.86  17.549845  -0.771015 38.553
 45   295.839 53806.86826594 52.31  17.549125  -0.767705 38.553
 47   295.739 53876.86833217 49.86  17.550496  -0.779285 44.251
 47   295.765 53876.86833281 52.82  17.549766  -0.775975 44.251
 47   295.717 53876.86833346 52.70  17.549036  -0.772675 44.251
 47   295.874 53876.86833410 50.52  17.548316  -0.769365 44.251
 47   295.805 53876.86833475 50.89  17.547586  -0.766065 44.251
 48   296.163 53911.86838162 49.68  17.542938  -0.785528 21.463
 48   296.176 53911.86838227 46.16  17.542218  -0.782218 21.463
 48   296.143 53911.86838291 48.83  17.541488  -0.778918 21.463
 48   296.050 53911.86838356 50.45  17.540758  -0.775608 21.463
 49   295.910 53946.86839796 49.39  17.540710  -0.787967 35.969
 49   295.858 53946.86839860 52.14  17.539980  -0.784667 35.969
 49   295.770 53946.86839925 51.70  17.539260  -0.781357 35.969
 49   295.891 53946.86839989 53.44  17.538530  -0.778047 35.969
 50   296.613 53981.86834213 53.43  17.547389  -0.783405 38.320
 50   296.568 53981.86834278 50.12  17.546659  -0.780105 38.320
 50   296.540 53981.86834342 52.28  17.545939  -0.776795 38.320
 50   296.608 53981.86834407 52.03  17.545209  -0.773495 38.320
 51   297.313 54016.86836736 51.12  17.550209  -0.780995 52.206
 51   297.316 54016.86836800 50.97  17.549479  -0.777685 52.206
 51   297.297 54016.86836865 53.21  17.548759  -0.774385 52.206
 51   297.284 54016.86836929 51.46  17.548029  -0.771075 52.206
 51   297.274 54016.86836993 52.91  17.547299  -0.767775 52.206
 52   298.015 54051.86836585 52.26  17.554755  -0.772889 55.897
 52   298.026 54051.86836650 52.94  17.554035  -0.769579 55.897
 52   298.040 54051.86836714 53.57  17.553305  -0.766269 55.897
 52   298.049 54051.86836779 52.89  17.552575  -0.762969 55.897
 52   298.058 54051.86836843 53.82  17.551855  -0.759659 55.897
 52   298.078 54051.86836908 50.71  17.551125  -0.756359 55.897
 53   298.654 54086.86835635 53.22  17.549386  -0.779918 47.563
 53   298.685 54086.86835700 51.76  17.548666  -0.776618 47.563
 53   298.709 54086.86835764 54.03  17.547936  -0.773308 47.563
 53   298.739 54086.86835829 52.15  17.547206  -0.770008 47.563
 54   297.434 54121.86828092 51.14  17.548694  -0.782151 38.144
 54   297.449 54121.86828157 54.45  17.547964  -0.778851 38.144
 54   297.532 54121.86828221 53.71  17.547234  -0.775541 38.144
 54   297.556 54121.86828286 53.27  17.546514  -0.772231 38.144
 55   296.136 54156.86831690 48.84  17.548216  -0.783142 32.261
 55   296.239 54156.86831755 52.36  17.547496  -0.779842 32.261
 55   296.280 54156.86831819 50.97  17.546766  -0.776532 32.261
 55   296.300 54156.86831883 51.50  17.546036  -0.773232 32.261
 56   296.001 54191.86827915 46.03  17.549130  -0.783033 18.244
 56   295.889 54191.86827979 53.07  17.548400  -0.779733 18.244
 56   296.022 54191.86828044 53.56  17.547670  -0.776423 18.244
 56   296.041 54191.86828108 52.78  17.546951  -0.773116 49.291
 56   296.021 54191.86828173 53.03  17.546221  -0.769816 49.291
 57   295.465 54226.86832873 22.27  17.547894  -0.781259 14.541
 57   295.285 54226.86832937 19.60  17.547165  -0.777954  7.415
 57   295.514 54226.86833002 16.91  17.546445  -0.774644  7.415
 58   296.443 54261.86834836 51.31  17.549142  -0.782629 14.205
 58   296.360 54261.86834901 50.52  17.548414  -0.779322 38.588
 58   296.433 54261.86834965 53.94  17.547684  -0.776022 38.588
 58   296.532 54261.86835029 51.44  17.546964  -0.772712 38.588
 58   296.560 54261.86835094 52.17  17.546234  -0.769402 38.588
 59   296.329 54296.86835320 51.83  17.548957  -0.779572 17.581
 59   296.329 54296.86835384 52.12  17.548230  -0.776265 50.674
 59   296.254 54296.86835449 52.52  17.547500  -0.772955 50.674
 59   296.211 54296.86835513 52.58  17.546780  -0.769655 50.674
 60   296.792 54331.86834405 52.52  17.549773  -0.779019 15.528
 60   296.874 54331.86834470 51.55  17.549049  -0.775712 47.135
 60   296.827 54331.86834534 51.73  17.548319  -0.772412 47.135
 60   296.781 54331.86834599 52.37  17.547599  -0.769102 47.135
 61   297.290 54366.86828563 36.78  17.548997  -0.782741 12.016
 61   297.357 54366.86828628 30.75  17.548267  -0.779431 12.016
 61   297.001 54366.86828692 28.91  17.547547  -0.776124 11.558
 61   297.199 54366.86828757 25.55  17.546817  -0.772824 11.558
 61   297.349 54366.86828821 27.09  17.546087  -0.769514 11.558
 62   298.329 54401.86828620 49.61  17.549610  -0.780730 12.752
 62   298.334 54401.86828685 49.98  17.548884  -0.777423 23.597
 62   298.353 54401.86828749 51.48  17.548154  -0.774113 23.597
 62   298.356 54401.86828813 48.80  17.547434  -0.770813 23.597
 62   298.374 54401.86828878 45.97  17.546704  -0.767503 23.597
 63   298.665 54436.86824274 43.33  17.548764  -0.783466 15.248
 63   298.702 54436.86824339 43.39  17.548034  -0.780166 15.248
 63   298.626 54436.86824403 34.89  17.547312  -0.776859 10.811
 63   298.605 54436.86824468 33.52  17.546582  -0.773549 10.811
 64   298.391 54471.86827161 52.55  17.550257  -0.777495 39.837
 64   298.288 54471.86827225 52.84  17.549527  -0.774185 39.837
 64   298.340 54471.86827290 51.40  17.548807  -0.770885 39.837
 64   298.443 54471.86827354 48.49  17.548077  -0.767575 39.837
 65   296.935 54506.86825514 51.68  17.549163  -0.781777 48.465
 65   297.169 54506.86825578 50.77  17.548433  -0.778477 48.465
 65   297.006 54506.86825643 52.54  17.547713  -0.775167 48.465
 65   297.147 54506.86825707 52.79  17.546983  -0.771867 48.465
 65   297.100 54506.86825772 50.58  17.546263  -0.768557 48.465
 66   295.849 54541.86828557 50.27  17.550008  -0.780362 13.053
 66   296.057 54541.86828621 52.02  17.549281  -0.777057 45.203
 66   296.065 54541.86828685 52.05  17.548551  -0.773747 45.203
 66   296.078 54541.86828750 51.54  17.547831  -0.770447 45.203
 66   296.072 54541.86828814 48.46  17.547101  -0.767137 45.203
 67   296.018 54576.86825731 52.53  17.549016  -0.781929 38.072
 67   296.029 54576.86825795 51.96  17.548286  -0.778629 38.072
 67   296.065 54576.86825860 53.30  17.547566  -0.775319 38.072
 67   296.136 54576.86825924 51.01  17.546836  -0.772019 38.072
 67   296.215 54576.86825989 49.86  17.546106  -0.768709 38.072
 68   296.054 54611.86827739 50.44  17.549307  -0.781208 41.374
 68   295.997 54611.86827803 50.41  17.548587  -0.777898 41.374
 68   295.984 54611.86827868 53.77  17.547857  -0.774598 41.374
 68   296.151 54611.86827932 53.01  17.547127  -0.771288 41.374
 68   296.158 54611.86827997 49.06  17.546407  -0.767988 41.374
 69   296.310 54646.86828388 52.41  17.548504  -0.782484 43.823
 69   296.288 54646.86828452 51.00  17.547774  -0.779184 43.823
 69   296.447 54646.86828517 52.40  17.547044  -0.775874 43.823
 69   296.494 54646.86828581 50.50  17.546324  -0.772574 43.823
 70   296.020 54681.86828469 48.32  17.548901  -0.783236 44.264
 70   295.996 54681.86828533 52.79  17.548171  -0.779936 44.264
 70   296.094 54681.86828598 52.05  17.547451  -0.776626 44.264
 70   296.026 54681.86828662 52.60  17.546721  -0.773326 44.264
 71   297.283 54716.86823423 51.03  17.549274  -0.779648 30.797
 71   297.257 54716.86823488 53.15  17.548544  -0.776348 30.797
 71   297.199 54716.86823552 51.37  17.547824  -0.773038 30.797
 71   297.161 54716.86823617 53.17  17.547094  -0.769738 30.797
 72   297.466 54751.86825688 52.94  17.548338  -0.781278 30.090
 72   297.451 54751.86825752 52.73  17.547618  -0.777968 30.090
 72   297.551 54751.86825816 50.91  17.546888  -0.774668 30.090
 73   298.109 54786.86822300 51.22  17.548986  -0.781715 54.876
 73   298.117 54786.86822364 51.39  17.548266  -0.778405 54.876
 73   298.130 54786.86822429 56.03  17.547536  -0.775105 54.876
 73   298.135 54786.86822493 51.88  17.546816  -0.771795 54.876
 73   298.150 54786.86822558 50.94  17.546086  -0.768495 54.876
 74   298.217 54821.86825078 53.54  17.549231  -0.780466 51.541
 74   298.237 54821.86825142 52.47  17.548511  -0.777156 51.541
 74   298.242 54821.86825207 54.25  17.547781  -0.773856 51.541
 74   298.255 54821.86825271 52.86  17.547051  -0.770546 51.541
 75   296.486 54856.86822018 38.52  17.549078  -0.779025 18.015
 75   296.216 54856.86822082 29.95  17.548358  -0.775715 18.015
 75   296.113 54856.86822147 26.07  17.547628  -0.772415 18.015
 75   295.629 54856.86822211 23.37  17.546898  -0.769105 18.015
 76   296.456 54891.86825317 50.55  17.547830  -0.783581 36.816
 76   296.492 54891.86825382 52.04  17.547100  -0.780281 36.816
 76   296.498 54891.86825446 54.72  17.546380  -0.776971 36.816
 76   296.535 54891.86825511 53.82  17.545650  -0.773671 36.816
 77   295.886 54926.86821758 52.22  17.547337  -0.781832 47.238
 77   295.815 54926.86821823 51.87  17.546607  -0.778532 47.238
 77   295.924 54926.86821887 51.59  17.545887  -0.775222 47.238
 78   296.361 54961.86825318 51.32  17.547583  -0.781462 27.295
 78   296.577 54961.86825382 49.60  17.546863  -0.778152 27.295
 78   296.530 54961.86825447 48.98  17.546133  -0.774852 27.295
 79   296.606 54996.86827349 50.06  17.546982  -0.785156 25.232
 79   296.587 54996.86827413 49.24  17.546252  -0.781856 25.232
 79   296.746 54996.86827478 52.07  17.545532  -0.778546 25.232
 79   296.789 54996.86827542 50.29  17.544802  -0.775246 25.232
 80   296.337 55031.86826307 49.18  17.548396  -0.783107 43.850
 80   296.285 55031.86826371 52.50  17.547666  -0.779807 43.850
 80   296.222 55031.86826436 51.52  17.546946  -0.776497 43.850
 80   296.358 55031.86826500 53.32  17.546216  -0.773197 43.850
 81   296.114 55066.86825332 52.24  17.549067  -0.779563 44.092
 81   296.261 55066.86825396 51.61  17.548347  -0.776253 44.092
 81   296.252 55066.86825461 51.85  17.547617  -0.772953 44.092
 81   296.178 55066.86825525 53.92  17.546887  -0.769643 44.092
 82   296.875 55101.86819339 52.87  17.547145  -0.781425 25.179
 82   297.047 55101.86819403 49.45  17.546415  -0.778125 25.179
 82   296.965 55101.86819468 50.94  17.545695  -0.774815 25.179
 83   297.717 55136.86819826 49.83  17.549335  -0.782690 28.368
 83   297.722 55136.86819890 53.07  17.548605  -0.779390 28.368
 83   297.723 55136.86819955 47.02  17.547885  -0.776080 28.368
 83   297.721 55136.86820019 46.55  17.547155  -0.772780 28.368
 83   297.645 55136.86820084 35.86  17.546425  -0.769470 28.368
 84   298.439 55171.86816054 49.62  17.549217  -0.781768 49.401
 84   298.407 55171.86816119 54.84  17.548487  -0.778468 49.401
 84   298.387 55171.86816183 53.02  17.547767  -0.775158 49.401
 84   298.490 55171.86816247 50.65  17.547037  -0.771858 49.401
 84   298.491 55171.86816312 52.31  17.546307  -0.768548 49.401
 85   297.581 55206.86819295 50.57  17.548648  -0.780951 48.193
 85   297.570 55206.86819360 52.72  17.547928  -0.777641 48.193
 85   297.563 55206.86819424 50.86  17.547198  -0.774341 48.193
 85   297.553 55206.86819489 53.49  17.546468  -0.771031 48.193
 86   296.756 55241.86816583 49.68  17.547935  -0.781253 26.007
 86   296.873 55241.86816647 53.60  17.547205  -0.777953 26.007
 86   296.957 55241.86816711 52.80  17.546485  -0.774643 26.007
 87   296.464 55276.86818602 50.91  17.548616  -0.782618 46.825
 87   296.516 55276.86818667 48.92  17.547886  -0.779318 46.825
 87   296.446 55276.86818731 52.62  17.547166  -0.776008 46.825
 87   296.445 55276.86818796 52.69  17.546436  -0.772708 46.825
 88   296.988 55311.86815116 49.74  17.548898  -0.781685 45.545
 88   296.963 55311.86815180 52.82  17.548168  -0.778385 45.545
 88   296.930 55311.86815245 55.61  17.547438  -0.775075 45.545
 88   296.928 55311.86815309 52.74  17.546718  -0.771775 45.545
 88   296.974 55311.86815374 48.95  17.545988  -0.768465 45.545
 89   296.846 55346.86815657 49.35  17.549606  -0.781968 34.664
 89   296.918 55346.86815722 52.12  17.548876  -0.778658 34.664
 89   296.998 55346.86815786 52.03  17.548156  -0.775358 34.664
 89   297.015 55346.86815850 50.60  17.547426  -0.772048 34.664
 89   297.036 55346.86815915 49.92  17.546706  -0.768748 34.664
 90   296.593 55381.86814765 49.48  17.548997  -0.782851 25.654
 90   296.683 55381.86814830 51.27  17.548267  -0.779551 25.654
 90   296.695 55381.86814894 52.40  17.547547  -0.776241 25.654
 90   296.629 55381.86814958 51.94  17.546817  -0.772941 25.654
 91   296.692 55416.86817589 35.35  17.548948  -0.780246 17.310
 91   296.381 55416.86817653 25.87  17.548228  -0.776936 17.310
 91   296.481 55416.86817718 22.35  17.547498  -0.773636 17.310
 91   296.840 55416.86817782 27.89  17.546768  -0.770326 17.310
 92   296.765 55451.86815914 50.67  17.549081  -0.778991 36.079
 92   296.807 55451.86815979 53.99  17.548361  -0.775681 36.079
 92   296.853 55451.86816043 51.43  17.547631  -0.772381 36.079
 92   296.847 55451.86816108 52.15  17.546901  -0.769071 36.079
 93   297.355 55486.86808150 51.03  17.549695  -0.779877 39.403
 93   297.344 55486.86808215 50.79  17.548965  -0.776577 39.403
 93   297.321 55486.86808279 50.50  17.548245  -0.773267 39.403
 93   297.301 55486.86808344 47.96  17.547515  -0.769967 39.403
