#  340.998  -6.164  16.079 ;Mean Elev.(m), Avg Gradient(m/km), RMS Gradient(m/km) - SRTM1     
#  332.356  -6.440  16.116 ;Mean Elev.(m), Avg Gradient(m/km), RMS Gradient(m/km) - ASTER GDEM
#  341.148  -5.984  17.320 ;Mean Elev.(m), Avg Gradient(m/km), RMS Gradient(m/km) - GMTED2010 
  8  21.448857   2.098836   339.493   339.458  7 52504.35801818 51.363
  9  21.453867   2.101847   340.074   340.077  7 52539.35800102 51.339
 10  21.447070   2.099465   340.175   340.216  7 52574.35804512 51.154
 11  21.451428   2.100946   341.356   341.346  7 52609.35800440 39.875
 12  21.450330   2.100163   341.357   341.348  7 52644.35799675 51.700
 13  21.455754   2.100569   340.165   340.160  7 52679.35797546 51.997
 15  21.439299   2.095082   339.739   339.746  9 52749.35804670 48.289
 16  21.449200   2.099369   339.763   339.793  7 52784.35798711 23.562
 17  21.449305   2.100429   339.638   339.638  7 52819.35806323 51.500
 18  21.452811   2.099817   339.692   339.672  7 52854.35811209 50.444
 20  21.449961   2.101380   340.400   340.427  7 52924.35809913 50.589
 21  21.457504   2.100155   340.408   340.364  7 52959.35806605 25.971
 22  21.452202   2.100464   340.900   340.958  6 52994.35809726 32.853
 23  21.453132   2.101200   340.250   340.265  7 53029.35806093 51.859
 24  21.456559   2.102258   339.507   339.498  7 53064.35806838 15.663
 25  21.445395   2.098597   339.441   339.469  7 53099.35807994 51.949
 26  21.458346   2.101625   340.274   340.285  7 53134.35806733 50.326
 28  21.449681   2.101266   338.255   338.262  7 53204.35813920 27.717
 29  21.456590   2.101481   339.376   339.386  7 53239.35810710 52.141
 30  21.453279   2.100599   339.222   339.229  6 53274.35807087 51.647
 31  21.446190   2.098375   339.858   339.860  8 53309.35812440 51.617
 32  21.450894   2.099654   340.903   340.921  7 53344.35809034 48.506
 33  21.454672   2.099206   340.503   340.486  7 53379.35803706 51.792
 34  21.456551   2.102212   339.770   339.785  7 53414.35806647 48.607
 35  21.452540   2.101536   339.202   339.190  7 53449.35805790 21.427
 37  21.452673   2.100168   339.667   339.644  7 53519.35814041 49.433
 38  21.443588   2.097875   339.303   339.306  8 53554.35816405 50.524
 39  21.456657   2.100206   339.090   339.122  7 53589.35810923 48.080
 40  21.444289   2.098027   338.752   338.658  8 53624.35808689 22.439
 41  21.448772   2.098922   339.480   339.483  7 53659.35811360 47.880
 42  21.449827   2.099355   340.688   340.723  7 53694.35809046 43.059
 43  21.454465   2.101902   340.318   339.906  7 53729.35801282 15.869
 44  21.458294   2.100746   339.485   339.487  7 53764.35797607 50.519
 45  21.454871   2.099629   339.432   339.430  7 53799.35798319 50.030
 46  21.452622   2.099300   339.873   339.886  7 53834.35798135 46.914
 47  21.449632   2.099156   339.465   339.507  7 53869.35804430 50.839
 48  21.448986   2.099061   339.381   339.398  7 53904.35807794 51.635
 49  21.440341   2.097159   338.925   338.888  9 53939.35811262 50.621
 50  21.447881   2.099555   339.321   339.345  8 53974.35807218 41.064
 51  21.453020   2.099692   339.662   339.656  7 54009.35806535 51.268
 52  21.456967   2.100620   340.605   340.633  7 54044.35808526 51.465
 53  21.451041   2.100565   342.014   342.029  7 54079.35807878 51.482
 54  21.450935   2.100297   340.897   340.888  7 54114.35801467 51.028
 56  21.451108   2.100435   340.115   340.164  6 54184.35800512 48.394
 57  21.450191   2.100194   340.139   340.144  7 54219.35803383 49.843
 58  21.450594   2.099423   339.634   339.690  7 54254.35805841 16.890
 59  21.453281   2.101054   339.593   339.607  7 54289.35806162 49.028
 60  21.453212   2.100926   339.789   339.743  7 54324.35805892 41.672
 61  21.452678   2.101877   340.075   340.031  7 54359.35801364 50.692
 62  21.452252   2.099780   340.895   340.906  7 54394.35799954 51.476
 63  21.453195   2.101696   341.201   341.166  7 54429.35796414 52.304
 64  21.452789   2.100019   341.153   341.159  7 54464.35797868 51.485
 65  21.452700   2.100409   340.668   340.687  7 54499.35797516 51.072
 66  21.452986   2.099953   339.404   339.529  7 54534.35799288 29.293
 67  21.452154   2.099442   339.852   339.843  7 54569.35797837 46.826
 68  21.451188   2.100322   339.564   339.555  7 54604.35798719 49.302
 69  21.450704   2.100906   339.735   339.704  7 54639.35799771 47.930
 70  21.450526   2.101342   339.224   339.213  7 54674.35799990 48.840
 71  21.453930   2.101917   339.748   339.764  7 54709.35795720 51.237
 72  21.451224   2.100120   339.932   339.965  7 54744.35796721 51.392
 73  21.453016   2.101003   340.504   340.613  7 54779.35794122 29.727
 74  21.452101   2.101343   340.728   340.700  7 54814.35795982 51.612
 75  21.451778   2.099711   339.944   339.951  7 54849.35794041 51.528
 76  21.450289   2.100164   340.194   340.200  6 54884.35796427 51.270
 77  21.449526   2.101475   486.226   486.208  7 54919.35794182 42.758
 78  21.450841   2.101184   340.203   340.159  7 54954.35795798 39.700
 79  21.448487   2.099167   340.694   341.014  7 54989.35798283 14.680
 80  21.452855   2.100888   339.663   339.656  7 55024.35797397 41.131
 81  21.451742   2.099377   339.185   339.163  7 55059.35796857 51.401
 82  21.450792   2.099233   339.493   339.496  7 55094.35792213 51.414
 83  21.451396   2.100824   340.396   340.460  7 55129.35791040 21.613
 84  21.452032   2.099424   341.150   341.164  7 55164.35788365 46.260
 85  21.450709   2.099390   340.877   340.886  7 55199.35790200 51.667
 86  21.450527   2.099225   340.338   340.344  7 55234.35788932 50.141
 87  21.451441   2.099470   340.857   340.848  7 55269.35789644 49.191
 88  21.453070   2.100884   341.168   341.153  7 55304.35786848 50.768
 89  21.451735   2.100226   340.801   340.836  7 55339.35786863 49.752
 90  21.452612   2.101786   340.201   340.165  7 55374.35786005 22.190
 91  21.453196   2.100755   339.860   339.892  7 55409.35788127 36.035
 92  21.452002   2.099343   339.512   339.509  7 55444.35787739 51.007
 93  21.453029   2.101406   339.600   339.614  7 55479.35781404 48.017
