#    4.046  -9.687  27.119 ;Mean Elev.(m), Avg Gradient(m/km), RMS Gradient(m/km) - SRTM1     
#   13.113  -6.992  27.865 ;Mean Elev.(m), Avg Gradient(m/km), RMS Gradient(m/km) - ASTER GDEM
#   13.993 -10.451  27.179 ;Mean Elev.(m), Avg Gradient(m/km), RMS Gradient(m/km) - GMTED2010 
  9     7.534 52535.37752188 16.45  13.228010  -5.861992  6.011
  9     7.352 52535.37752253 26.35  13.227280  -5.865292  6.011
 15     7.482 52745.37755647 28.82  13.224115  -5.860537 13.115
 15     7.649 52745.37755712 30.79  13.223385  -5.863837 13.115
 16     4.644 52780.37749318 34.50  13.228861  -5.861953 10.128
 16     7.749 52780.37749383 25.70  13.228131  -5.865263 10.128
 20   106.022 52920.37761911  0.77  13.231175  -5.865083  9.489
 20    66.052 52920.37761975  3.46  13.230445  -5.868393  9.489
 24     6.452 53060.37757306 31.92  13.239450  -5.860804 10.284
 24     5.271 53060.37757370 33.10  13.238720  -5.864104 10.284
 24     7.992 53060.37757434 27.48  13.237990  -5.867414 10.284
 25     6.507 53095.37760594 39.39  13.225758  -5.858683  6.911
 25     7.614 53095.37760659 36.75  13.225028  -5.861983  6.911
 25     7.538 53095.37760723 39.30  13.224298  -5.865283  6.911
 26     9.124 53130.37757815 36.48  13.237639  -5.861775  8.169
 26     8.732 53130.37757880 37.16  13.236909  -5.865075  8.169
 26     9.046 53130.37757944 39.84  13.236179  -5.868385  8.169
 28     8.579 53200.37765116 23.99  13.231106  -5.860250 11.405
 28     7.237 53200.37765181 34.06  13.230376  -5.863560 11.405
 28     8.712 53200.37765245 38.34  13.229646  -5.866860 11.405
 29    64.138 53235.37762168  9.79  13.238667  -5.866133  8.582
 29    63.264 53235.37762233  9.75  13.237927  -5.869433  8.582
 30   102.710 53270.37758331  2.75  13.231033  -5.861209  2.893
 30    69.209 53270.37758460 10.91  13.229568  -5.867816  7.340
 31     8.947 53305.37764593 11.32  13.224510  -5.859132  4.100
 31     8.547 53305.37764658 19.84  13.223780  -5.862442  4.100
 33     9.840 53375.37754558 13.30  13.234077  -5.866176  4.515
 33    10.123 53375.37754623 23.19  13.233347  -5.869476  4.515
 35     6.732 53445.37757139 21.25  13.232451  -5.861636 11.156
 35     6.983 53445.37757204 30.76  13.231721  -5.864946 11.156
 35     4.616 53445.37757268 37.75  13.230991  -5.868246 11.156
 37     6.991 53515.37765845 36.66  13.231772  -5.860371 10.652
 37     1.962 53515.37765910 34.15  13.231042  -5.863681 10.652
 37     9.175 53515.37765974 28.61  13.230302  -5.866981 10.652
 38     8.389 53550.37767854 41.71  13.226033  -5.860429  8.798
 38     5.785 53550.37767919 47.64  13.225303  -5.863739  8.798
 39     5.800 53585.37763851 43.95  13.233454  -5.862954 13.233
 39     7.284 53585.37763915 43.34  13.232724  -5.866264 13.233
 39     5.551 53585.37763980 42.00  13.231994  -5.869564 13.233
 41     5.742 53655.37762473 39.86  13.229883  -5.860930  9.634
 41     5.634 53655.37762537 46.02  13.229143  -5.864240  9.634
 41     7.238 53655.37762602 39.51  13.228413  -5.867540  9.634
 43     9.318 53725.37754115 40.48  13.234309  -5.862851  5.627
 43     8.147 53725.37754180 46.35  13.233579  -5.866161  5.627
 44     6.535 53760.37748705 45.27  13.238145  -5.862461 12.710
 44     8.524 53760.37748770 42.56  13.237405  -5.865761 12.710
 44     8.173 53760.37748834 43.85  13.236675  -5.869061 12.710
 45     8.304 53795.37750369 26.39  13.235595  -5.861063  7.692
 45     8.305 53795.37750434 27.38  13.234865  -5.864373  7.692
 45     8.137 53795.37750498 28.23  13.234135  -5.867673  7.692
 47     5.898 53865.37756038 34.18  13.228122  -5.862973  8.374
 47     7.929 53865.37756103 33.73  13.227392  -5.866273  8.374
 48     6.849 53900.37758671 40.53  13.230960  -5.860911 11.577
 48     7.865 53900.37758735 41.63  13.230220  -5.864211 11.577
 48     7.199 53900.37758800 42.21  13.229490  -5.867511 11.577
 49   105.063 53935.37762916  9.52  13.221131  -5.862297  7.855
 49   133.014 53935.37762980  6.30  13.220401  -5.865597  7.855
 55     9.139 54145.37753892 11.09  13.230703  -5.862461  6.661
 55     9.292 54145.37753956 17.26  13.229973  -5.865761  6.661
 55     7.556 54145.37754021 28.84  13.229243  -5.869071  6.661
 56     6.302 54180.37752862 20.62  13.231254  -5.861802  6.175
 56     7.022 54180.37752927 24.89  13.230524  -5.865102  6.175
 56     5.834 54180.37752991 24.63  13.229794  -5.868412  6.175
 57     9.708 54215.37754643 30.64  13.230008  -5.862391  9.821
 57     6.576 54215.37754707 41.23  13.229278  -5.865691  9.821
 58     8.203 54250.37757320 20.90  13.230776  -5.860884  9.984
 58     7.256 54250.37757385 28.35  13.230046  -5.864184  9.984
 58     7.811 54250.37757449 38.09  13.229316  -5.867484  9.984
 59     5.926 54285.37758070 13.06  13.232684  -5.862099  7.115
 59     8.153 54285.37758135 20.23  13.231954  -5.865399  7.115
 59     8.373 54285.37758199 27.91  13.231224  -5.868709  7.115
 60     6.265 54320.37757784 20.09  13.232819  -5.862943  6.949
 60     6.383 54320.37757848 28.61  13.232089  -5.866243  6.949
 60     5.053 54320.37757913 31.93  13.231359  -5.869553  6.949
 61    12.555 54355.37753944 20.54  13.233153  -5.862034  7.218
 61     5.633 54355.37754009 19.88  13.232423  -5.865334  7.218
 61     6.259 54355.37754073 18.56  13.231693  -5.868634  7.218
 62     8.151 54390.37751874 24.06  13.231876  -5.863886  4.884
 62     7.871 54390.37751939 34.48  13.231146  -5.867196  4.884
 64     9.920 54460.37749478 13.85  13.231810  -5.863283  5.432
 64     8.879 54460.37749543 21.00  13.231080  -5.866593  5.432
 65     9.583 54495.37749576 12.45  13.232752  -5.862517 10.126
 65     8.866 54495.37749641 21.58  13.232022  -5.865827 10.126
 65     8.371 54495.37749705 28.02  13.231292  -5.869127 10.126
 66     4.336 54530.37750733 29.38  13.233365  -5.861836 10.389
 66     8.101 54530.37750797 39.37  13.232635  -5.865136 10.389
 66     7.747 54530.37750862 43.50  13.231905  -5.868436 10.389
 67     6.900 54565.37750132 23.46  13.232392  -5.861463  7.387
 67     6.511 54565.37750197 22.60  13.231662  -5.864763  7.387
 67     6.824 54565.37750261 21.18  13.230922  -5.868073  7.387
 68     8.775 54600.37750297 13.71  13.230941  -5.863645  8.545
 68     8.803 54600.37750362 22.13  13.230211  -5.866955  8.545
 69     4.175 54635.37751518 20.35  13.230188  -5.861699 10.346
 69     6.815 54635.37751583 30.03  13.229458  -5.864999 10.346
 69     6.257 54635.37751647 34.74  13.228728  -5.868299 10.346
 70     5.635 54670.37751903 16.45  13.230758  -5.861480  6.075
 70     5.454 54670.37751967 15.01  13.230028  -5.864780  6.075
 70     5.943 54670.37752032 15.27  13.229298  -5.868090  6.075
 71     7.306 54705.37748150 37.41  13.233184  -5.863611 10.497
 71     3.506 54705.37748215 43.48  13.232444  -5.866911 10.497
 72     6.161 54740.37748255 16.08  13.231967  -5.860050  5.854
 72     6.998 54740.37748319 13.05  13.231237  -5.863350  5.854
 72     6.992 54740.37748384 12.74  13.230507  -5.866650  5.854
 76     8.526 54880.37747961 29.97  13.230284  -5.860556  9.803
 76     7.562 54880.37748025 39.88  13.229554  -5.863856  9.803
 76     5.792 54880.37748090 39.46  13.228824  -5.867166  9.803
 77     7.167 54915.37746528 13.32  13.230049  -5.862232  7.810
 77     7.716 54915.37746593 21.83  13.229319  -5.865542  7.810
 79     8.047 54985.37749698 11.48  13.229474  -5.860915  8.236
 79     3.055 54985.37749763 21.32  13.228744  -5.864215  8.236
 79     7.687 54985.37749827 28.38  13.228014  -5.867515  8.236
 80     4.607 55020.37749127 28.87  13.232982  -5.861710 10.448
 80     6.166 55020.37749192 33.99  13.232252  -5.865020 10.448
 80     8.434 55020.37749256 31.52  13.231522  -5.868320 10.448
 81     4.805 55055.37748791 20.55  13.232467  -5.863407  9.016
 81     4.480 55055.37748855 20.95  13.231737  -5.866717  9.016
 82     5.841 55090.37744711 34.32  13.231416  -5.861940 10.767
 82     6.558 55090.37744775 30.74  13.230676  -5.865240 10.767
 82     7.414 55090.37744840 30.43  13.229946  -5.868550 10.767
 83     5.008 55125.37742662 22.95  13.231980  -5.862516  8.071
 83     6.077 55125.37742727 19.44  13.231250  -5.865816  8.071
 83     5.757 55125.37742791 20.42  13.230520  -5.869126  8.071
 85   134.796 55195.37741633  0.46  13.231284  -5.860370  2.485
 85   135.870 55195.37741697  4.07  13.230554  -5.863670  2.485
 85   137.023 55195.37741762  4.93  13.229824  -5.866970  2.485
 86     6.670 55230.37741156 17.04  13.230744  -5.862738  7.339
 86     7.572 55230.37741220 20.34  13.230014  -5.866038  7.339
 86     6.788 55230.37741285 21.74  13.229284  -5.869338  7.339
 87     7.329 55265.37741196 34.91  13.231703  -5.863464  8.487
 87     7.061 55265.37741260 33.35  13.230973  -5.866764  8.487
 88     8.884 55300.37739269 28.54  13.232745  -5.863065 11.014
 88     8.361 55300.37739333 38.03  13.232015  -5.866375 11.014
 88     5.269 55300.37739398 39.51  13.231275  -5.869675 11.014
 89     8.362 55335.37738804 41.44  13.231030  -5.861748 11.410
 89     8.445 55335.37738868 40.19  13.230300  -5.865048 11.410
 89     6.944 55335.37738932 42.26  13.229570  -5.868358 11.410
 90     7.684 55370.37737862 41.67  13.232644  -5.861031 15.684
 90     6.265 55370.37737927 43.79  13.231914  -5.864341 15.684
 90     7.082 55370.37737991 42.90  13.231184  -5.867641 15.684
 91     6.355 55405.37739623 12.54  13.232867  -5.860680 10.195
 91     5.886 55405.37739687 20.70  13.232137  -5.863990 10.195
 91     5.662 55405.37739752 22.51  13.231407  -5.867290 10.195
 92     5.482 55440.37739733 19.19  13.232740  -5.862904  9.432
 92     5.424 55440.37739797 18.65  13.232010  -5.866214  9.432
 92     6.119 55440.37739862 17.51  13.231280  -5.869514  9.432
 93     7.466 55475.37734182 33.92  13.233390  -5.861207 13.771
 93     8.659 55475.37734247 29.90  13.232650  -5.864507 13.771
 93     5.600 55475.37734311 31.36  13.231920  -5.867817 13.771
