-322360.117    66.595     0.00   13.59
-321983.930    64.079    -6.69   13.72
-321607.744    62.188    -5.03   14.34
-321231.559    59.791    -6.37   15.23
-320855.374    55.399   -11.67   15.40
-320479.189    53.669    -4.60   13.74
-320103.005    48.891   -12.70   12.22
-319726.822    43.881   -13.32    9.74
-319350.639    41.573    -6.13    7.69
-318974.457    42.235     1.76    9.14
-318598.275    41.913    -0.86    8.50
-318222.093    41.791    -0.32    7.21
-317845.912    40.949    -2.24    6.44
-317469.732    36.991   -10.52    6.18
-317093.552    34.615    -6.32    5.42
-316717.373    32.137    -6.59    4.62
-316341.194    30.001    -5.68    2.92
-315965.015    29.001    -2.66    2.83
-315588.837    27.426    -4.19    2.31
-315212.660    27.066    -0.96    1.89
-314836.483    27.291     0.60    1.96
-314460.307    26.940    -0.93    3.12
-314084.131    27.129     0.50    3.80
-313707.955    26.177    -2.53    3.89
-313331.780    24.855    -3.51    4.06
-312955.605    23.368    -3.95    3.00
-312579.431    21.763    -4.27    3.17
-312203.258    20.318    -3.84    2.53
-311827.084    19.831    -1.29    2.65
-311450.912    19.750    -0.22    2.62
-311074.740    20.791     2.77    3.15
-310698.568    20.696    -0.25    2.37
-310322.397    20.238    -1.22    2.44
-309946.226    19.528    -1.89    2.94
-309570.055    18.932    -1.58    2.71
-309193.885    17.967    -2.57    3.09
-308817.716    18.166     0.53    3.10
-308441.547    17.009    -3.08    4.90
-308065.378    14.958    -5.45    6.63
-307689.210    13.669    -3.42    6.38
-307313.043    13.534    -0.36    6.13
-306936.876    15.183     4.38    5.15
-306560.709    15.752     1.51    5.11
-306184.543    16.069     0.84    4.73
-305808.377    16.163     0.25    4.11
-305432.211    16.633     1.25    3.31
-305056.046    15.985    -1.72    3.18
-304679.882    15.932    -0.14    3.14
-304303.718    16.958     2.73    2.69
-303927.554    17.791     2.22    2.59
-303551.391    17.696    -0.25    3.27
-303175.228    17.599    -0.26    3.48
-302799.066    17.399    -0.53    3.47
-302422.904    17.317    -0.22    3.33
-302046.742    17.741     1.13    3.43
-301670.581    18.377     1.69    3.46
-301294.421    19.021     1.71    4.32
-300918.260    20.940     5.10    5.65
-300542.101    21.967     2.73    6.43
-300165.941    24.159     5.83    6.44
-299789.782    26.624     6.55    6.27
-299413.624    30.691    10.81    6.72
-299037.466    33.607     7.75    5.26
-298661.308    34.426     2.18    4.53
-298285.151    34.599     0.46    5.13
-297908.994    33.528    -2.85    5.10
-297532.837    32.212    -3.50    5.74
-297156.681    30.804    -3.74    6.05
-296780.525    27.804    -7.98    6.53
-296404.370    25.652    -5.72    5.42
-296028.215    23.624    -5.39    4.20
-295652.061    23.624     0.00    3.33
-295275.907    26.135     6.67    4.98
-294899.753    28.940     7.46    6.63
-294523.600    31.886     7.83    6.33
-294147.447    32.426     1.44    5.46
-293771.294    32.804     1.01    5.84
-293395.142    33.374     1.51    5.81
-293018.990    36.573     8.50    7.10
-292642.839    39.778     8.52    8.19
-292266.688    42.501     7.24    7.43
-291890.538    44.712     5.88    5.58
-291514.387    41.778    -7.80    7.52
-291138.237    36.778   -13.29    7.77
-290762.088    33.318    -9.20    6.87
-290385.939    32.009    -3.48    5.67
-290009.790    31.534    -1.26    4.42
-289633.642    34.212     7.12    6.15
-289257.494    38.054    10.21    6.60
-288881.346    40.447     6.36    5.01
-288505.199    39.573    -2.32    5.04
-288129.052    38.765    -2.15    5.40
-287752.906    39.402     1.69    5.38
-287376.760    41.881     6.59    5.41
-287000.614    43.874     5.30    5.63
-286624.469    44.881     2.68    5.09
-286248.323    45.449     1.51    4.56
-285872.179    43.183    -6.02    6.94
-285496.034    39.396   -10.07    7.61
-285119.890    37.599    -4.78    6.97
-284743.747    35.881    -4.57    6.90
-284367.604    35.763    -0.31    6.85
-283991.461    36.844     2.87    7.08
-283615.318    37.318     1.26    6.43
-283239.176    37.399     0.22    5.78
-282863.034    37.994     1.58    6.17
-282486.892    37.173    -2.18    6.69
-282110.751    34.291    -7.66    6.91
-281734.610    31.881    -6.41    7.51
-281358.470    27.791   -10.87    6.02
-280982.329    24.804    -7.94    3.45
-280606.189    23.930    -2.32    2.03
-280230.050    24.344     1.10    1.94
-279853.911    23.855    -1.30    2.71
-279477.772    23.554    -0.80    2.69
-279101.633    23.659     0.28    3.48
-278725.495    25.445     4.75    5.12
-278349.357    28.141     7.17    6.11
-277973.219    32.210    10.82    6.82
-277597.082    33.676     3.90    6.42
-277220.945    35.561     5.01    6.23
-276844.808    36.913     3.59    5.65
-276468.672    37.669     2.01    5.43
-276092.536    38.902     3.28    5.34
-275716.400    39.107     0.54    5.48
-275340.265    37.866    -3.30    5.96
-274964.130    38.652     2.09    5.76
-274587.995    39.491     2.23    5.48
-274211.860    39.554     0.17    6.62
-273835.726    39.054    -1.33    6.53
-273459.592    37.528    -4.06    6.86
-273083.459    35.028    -6.65    5.80
-272707.325    34.402    -1.66    5.26
-272331.192    37.513     8.27    7.56
-271955.060    42.240    12.57    8.13
-271578.927    44.520     6.06    6.44
-271202.795    44.599     0.21    6.55
-270826.663    43.701    -2.39    7.63
-270450.532    43.048    -1.74    8.23
-270074.400    43.777     1.94    8.33
-269698.269    46.777     7.98    8.92
-269322.139    51.086    11.45    8.51
-268946.008    53.265     5.79    7.06
-268569.878    54.129     2.30    4.98
-268193.748    52.111    -5.36    6.25
-267817.618    48.501    -9.60    6.91
-267441.489    46.186    -6.16    7.00
-267065.360    42.642    -9.42    6.90
-266689.231    40.881    -4.68    6.28
-266313.103    38.633    -5.98    6.06
-265936.974    36.735    -5.05    5.03
-265560.846    36.449    -0.76    4.59
-265184.719    35.791    -1.75    3.76
-264808.591    34.983    -2.15    3.64
-264432.464    35.701     1.91    4.27
-264056.337    37.614     5.09    4.98
-263680.210    38.507     2.37    5.39
-263304.084    38.669     0.43    4.75
-262927.958    36.669    -5.32    4.56
-262551.832    34.829    -4.89    4.14
-262175.706    34.102    -1.93    3.99
-261799.581    33.804    -0.79    4.03
-261423.455    33.060    -1.98    4.25
-261047.331    32.035    -2.73    4.44
-260671.206    29.994    -5.43    4.98
-260295.081    27.941    -5.46    4.50
-259918.957    26.028    -5.09    3.45
-259542.833    24.874    -3.07    3.06
-259166.709    25.399     1.40    3.78
-258790.586    25.680     0.75    3.69
-258414.463    25.399    -0.75    4.48
-258038.340    25.804     1.08    4.04
-257662.217    25.947     0.38    3.95
-257286.094    26.712     2.03    4.38
-256909.972    26.923     0.56    4.56
-256533.850    26.596    -0.87    4.48
-256157.728    25.163    -3.81    4.34
-255781.606    23.237    -5.12    3.96
-255405.484    20.752    -6.61    3.66
-255029.363    19.344    -3.75    2.76
-254653.227    18.475    -2.31    2.33
-254277.063    17.183    -3.44    2.27
-253900.900    16.238    -2.51    2.73
-253524.736    14.445    -4.77    2.54
-253148.573    12.819    -4.32    2.18
-252772.410    12.021    -2.12    2.00
-252396.247    10.669    -3.59    2.54
-252020.085     8.048    -6.97    4.32
-251643.923     4.588    -9.20    5.36
-251267.760     1.262    -8.84    4.82
-250891.598    -1.334    -6.90    2.70
-250515.437    -1.788    -1.21    2.29
-250139.275    -0.277     4.02    3.32
-249763.114     1.855     5.67    4.25
-249386.953     4.028     5.78    4.55
-249010.792     5.896     4.97    4.09
-248634.631     5.159    -1.96    4.32
-248258.470     6.265     2.94    4.77
-247882.310     7.069     2.14    5.57
-247506.149     8.633     4.16    6.35
-247129.989    10.116     3.94    6.55
-246753.830    12.062     5.17    5.09
-246377.670    13.021     2.55    4.25
-246001.510    13.480     1.22    3.91
-245625.351    14.831     3.59    2.82
-245249.192    16.156     3.52    2.55
-244873.033    16.985     2.21    2.21
-244496.874    15.599    -3.69    4.22
-244120.715    13.159    -6.48    5.69
-243744.557    10.210    -7.84    6.31
-243368.398     7.423    -7.41    5.46
-242992.240     5.445    -5.26    3.70
-242616.082     4.547    -2.39    2.78
-242239.924     4.102    -1.18    1.66
-241863.767     3.829    -0.72    1.21
-241487.609     4.208     1.01    1.44
-241111.452     4.501     0.78    1.40
-240735.295     4.712     0.56    1.20
-240359.138     5.197     1.29    1.35
-239982.981     6.265     2.84    1.88
-239606.824     7.501     3.29    2.15
-239230.667     8.596     2.91    1.92
-238854.511     9.480     2.35    1.76
-238478.354     9.652     0.46    1.84
-238102.198     9.686     0.09    1.91
-237726.042     8.906    -2.07    1.99
-237349.886     8.318    -1.56    2.34
-236973.731     7.727    -1.57    2.14
-236597.575     6.752    -2.59    2.25
-236221.419     7.188     1.16    2.54
-235845.264     7.399     0.56    2.93
-235469.109     7.191    -0.55    3.56
-235092.954     7.886     1.85    3.70
-234716.799     9.237     3.59    4.34
-234340.644    12.669     9.13    7.27
-233964.489    17.634    13.20    6.63
-233588.335    20.060     6.45    5.59
-233212.180    21.291     3.27    5.35
-232836.026    20.235    -2.81    5.54
-232459.871    18.159    -5.52    5.15
-232083.717    16.902    -3.34    4.24
-231707.563    16.238    -1.76    5.64
-231331.409    16.009    -0.61    6.13
-230955.256    15.345    -1.76    6.03
-230579.102    13.765    -4.20    5.16
-230202.948    14.554     2.10    4.66
-229826.795    13.906    -1.72    3.48
-229450.641    13.831    -0.20    4.30
-229074.488    14.419     1.56    4.05
-228698.335    14.368    -0.14    4.51
-228322.182    14.534     0.44    3.52
-227946.029    15.453     2.44    4.53
-227569.876    18.777     8.84    6.83
-227193.723    21.975     8.50    6.92
-226817.570    23.778     4.79    7.11
-226441.418    25.262     3.95    6.87
-226065.265    26.240     2.60    7.66
-225689.113    27.238     2.65    8.79
-225312.961    30.458     8.56    8.52
-224936.808    33.265     7.46    7.61
-224560.656    35.111     4.91    7.13
-224184.504    37.580     6.56    7.97
-223808.352    39.554     5.25    6.86
-223432.200    41.342     4.75    5.39
-223056.048    41.374     0.09    5.00
-222679.896    40.341    -2.75    5.56
-222303.745    35.547   -12.74    8.73
-221927.593    29.520   -16.03    9.27
-221551.441    26.318    -8.51    7.49
-221175.290    26.561     0.65    7.30
-220799.138    30.858    11.42    8.49
-220422.987    36.738    15.63    8.76
-220046.836    40.642    10.38    7.50
-219670.684    43.216     6.84    3.83
-219294.533    43.240     0.06    4.35
-218918.382    39.777    -9.20    6.94
-218542.231    34.028   -15.29    9.19
-218166.080    29.599   -11.77    8.15
-217789.929    25.607   -10.61    4.79
-217413.778    25.735     0.34    5.39
-217037.627    29.829    10.88    7.30
-216661.476    33.235     9.05    7.45
-216285.325    37.188    10.51    6.22
-215909.175    39.804     6.95    5.29
-215533.024    43.135     8.86    6.34
-215156.873    46.588     9.18    4.31
-214780.722    46.129    -1.22    4.59
-214404.572    43.210    -7.76    7.36
-214028.421    38.580   -12.31    8.18
-213652.271    37.124    -3.87    7.40
-213276.120    34.009    -8.28    6.37
-212899.970    34.342     0.89    6.66
-212523.819    36.291     5.18    7.23
-212147.669    39.075     7.40    7.36
-211771.518    42.396     8.83    5.84
-211395.368    40.624    -4.71    7.85
-211019.218    37.485    -8.34    8.04
-210643.067    37.906     1.12    7.88
-210266.917    38.958     2.79    7.61
-209890.767    39.607     1.73    7.71
-209514.616    41.188     4.20    7.24
-209138.466    39.541    -4.38    7.28
-208762.316    40.009     1.24    6.77
-208386.166    41.804     4.77    5.92
-208010.015    42.846     2.77    5.13
-207633.865    44.393     4.11    5.29
-207257.715    44.777     1.02    5.09
-206881.565    43.265    -4.02    6.10
-206505.414    39.778    -9.27    8.60
-206129.264    34.159   -14.94    8.22
-205753.114    30.633    -9.37    5.74
-205376.964    29.240    -3.70    3.76
-205000.813    32.727     9.27    7.09
-204624.663    37.399    12.42    9.00
-204248.513    42.186    12.73    8.83
-203872.363    47.858    15.08    6.72
-203496.212    50.480     6.97    5.73
-203120.062    50.886     1.08    5.41
-202743.912    48.947    -5.15    6.46
-202367.761    43.009   -15.79    9.42
-201991.611    37.060   -15.81    8.66
-201615.461    31.958   -13.57    5.38
-201239.310    30.752    -3.20    3.60
-200863.160    31.485     1.95    4.17
-200487.009    34.212     7.25    6.17
-200110.859    35.791     4.20    6.63
-199734.708    38.445     7.06    6.30
-199358.558    41.129     7.14    7.06
-198982.407    42.844     4.56    7.05
-198606.257    44.111     3.37    7.87
-198230.106    44.124     0.03    7.91
-197853.955    44.396     0.72    7.38
-197477.805    46.156     4.68    8.48
-197101.654    49.291     8.33    9.12
-196725.503    50.886     4.24    8.47
-196349.352    51.777     2.37    8.09
-195973.201    52.778     2.66    8.58
-195597.051    54.241     3.89    8.24
-195220.900    54.458     0.58    8.02
-194844.749    53.881    -1.53    8.17
-194468.597    51.238    -7.02    8.91
-194092.446    50.470    -2.04    8.34
-193716.295    51.829     3.61    8.37
-193340.144    54.265     6.48    7.69
-192963.993    55.652     3.69    6.73
-192587.841    56.528     2.33    5.67
-192211.690    56.701     0.46    5.40
-191835.538    55.920    -2.08    5.45
-191459.387    53.265    -7.06    7.29
-191083.235    49.949    -8.82    8.29
-190707.083    49.669    -0.74    8.61
-190330.932    49.156    -1.37   10.25
-189954.780    49.075    -0.22   10.30
-189578.628    49.752     1.80    8.34
-189202.476    47.086    -7.09    8.37
-188826.324    46.723    -0.96    8.88
-188450.172    48.727     5.33    8.08
-188074.019    50.186     3.88    7.44
-187697.867    48.633    -4.13    7.52
-187321.715    48.804     0.46    8.06
-186945.562    47.466    -3.56    9.11
-186569.410    48.475     2.68    9.55
-186193.257    50.075     4.25    9.12
-185817.104    50.534     1.22    7.25
-185440.951    47.930    -6.92    7.05
-185064.798    45.111    -7.49    7.58
-184688.645    42.445    -7.09    7.02
-184312.492    39.148    -8.76    7.08
-183936.339    34.264   -12.98    8.34
-183560.186    31.237    -8.05    7.86
-183184.032    29.318    -5.10    6.93
-182807.879    27.766    -4.13    4.63
-182431.725    27.615    -0.40    4.33
-182055.571    28.028     1.10    4.69
-181679.417    28.923     2.38    5.12
-181303.263    27.752    -3.11    4.63
-180927.109    27.642    -0.29    3.64
-180550.955    27.891     0.66    3.68
-180174.801    27.791    -0.27    3.68
-179798.646    28.235     1.18    3.62
-179422.505    28.156    -0.21    4.24
-179046.369    29.902     4.64    6.48
-178670.233    32.501     6.91    7.25
-178294.097    32.958     1.21    7.17
-177917.961    33.114     0.42    7.50
-177541.825    30.107    -8.00    7.52
-177165.689    27.723    -6.34    6.36
-176789.552    26.235    -3.96    6.82
-176413.416    25.496    -1.97    7.56
-176037.279    24.028    -3.90    8.04
-175661.142    21.009    -8.03    6.68
-175285.005    18.522    -6.61    5.31
-174908.868    16.214    -6.14    3.29
-174532.731    15.346    -2.31    3.13
-174156.594    14.983    -0.97    3.55
-173780.456    14.470    -1.36    3.89
-173404.319    14.374    -0.26    4.42
-173028.181    15.102     1.93    5.06
-172652.043    16.129     2.73    4.72
-172275.905    16.615     1.29    4.52
-171899.766    18.949     6.20    6.54
-171523.628    20.862     5.09    7.22
-171147.489    20.041    -2.18    7.53
-170771.351    21.186     3.04    7.21
-170395.212    22.021     2.22    6.86
-170019.073    22.522     1.33    6.44
-169642.934    23.528     2.67    6.57
-169266.794    21.975    -4.13    6.01
-168890.655    20.831    -3.04    6.21
-168514.515    18.342    -6.62    6.30
-168138.375    15.402    -7.82    4.38
-167762.235    12.906    -6.64    3.46
-167386.095    11.816    -2.90    2.74
-167009.954    12.091     0.73    2.94
-166633.814    12.453     0.96    2.66
-166257.673    13.534     2.87    2.73
-165881.532    14.723     3.16    2.02
-165505.391    16.913     5.82    4.11
-165129.250    20.235     8.83    6.20
-164753.108    24.240    10.65    7.33
-164376.966    26.804     6.82    6.08
-164000.824    26.777    -0.07    5.42
-163624.682    24.001    -7.38    6.16
-163248.540    21.765    -5.95    5.23
-162872.398    20.163    -4.26    3.65
-162496.255    19.669    -1.31    2.83
-162120.112    19.676     0.02    2.59
-161743.969    20.180     1.34    3.10
-161367.826    22.701     6.70    5.15
-160991.683    25.765     8.14    5.88
-160615.539    28.041     6.05    5.38
-160239.395    28.265     0.60    5.02
-159863.251    26.075    -5.82    5.90
-159487.107    24.048    -5.39    5.08
-159110.962    21.831    -5.89    2.44
-158734.818    22.208     1.00    3.03
-158358.673    24.265     5.47    4.95
-157982.528    26.701     6.48    5.96
-157606.382    30.291     9.54    5.43
-157230.237    33.317     8.04    6.01
-156854.091    35.291     5.25    5.39
-156477.945    36.009     1.91    5.50
-156101.799    36.985     2.60    6.75
-155725.652    39.214     5.92    7.39
-155349.506    42.967     9.98    6.92
-154973.359    45.102     5.68    5.27
-154597.212    44.345    -2.01    5.28
-154221.064    43.416    -2.47    5.49
-153844.917    44.188     2.05    5.48
-153468.769    45.528     3.56    5.91
-153092.621    48.208     7.12    5.13
-152716.472    47.393    -2.16    6.33
-152340.324    44.485    -7.73    7.46
-151964.175    40.107   -11.64    6.39
-151588.026    38.035    -5.51    3.65
-151211.877    38.723     1.83    4.94
-150835.727    40.001     3.40    5.95
-150459.577    40.881     2.34    5.92
-150083.427    42.624     4.64    5.70
-149707.277    43.615     2.63    6.31
-149331.127    45.727     5.61    7.06
-148954.976    47.445     4.57    6.96
-148578.825    46.708    -1.96    6.89
-148202.673    45.156    -4.13    5.99
-147826.522    45.735     1.54    5.91
-147450.370    49.163     9.11    7.33
-147074.218    49.060    -0.27    7.87
-146698.066    48.791    -0.72    7.98
-146321.913    48.752    -0.10    7.84
-145945.760    48.624    -0.34    8.18
-145569.607    51.075     6.51    8.41
-145193.453    52.738     4.42    7.33
-144817.300    52.580    -0.42    7.48
-144441.146    52.345    -0.63    6.87
-144064.991    50.777    -4.17    6.30
-143688.837    48.291    -6.61    6.94
-143312.682    48.763     1.26    6.86
-142936.527    50.616     4.93    7.73
-142560.372    54.107     9.28    8.04
-142184.216    57.096     7.95    5.53
-141808.060    55.588    -4.01    7.24
-141431.904    50.846   -12.61    9.17
-141055.747    45.423   -14.42    8.24
-140679.590    42.855    -6.83    6.14
-140303.433    43.940     2.88    7.38
-139927.276    46.941     7.98    8.37
-139551.118    48.163     3.25    8.05
-139174.960    51.396     8.60    6.81
-138798.802    51.156    -0.64    6.77
-138422.643    51.086    -0.19    6.55
-138046.484    51.423     0.90    7.06
-137670.325    48.708    -7.22    8.19
-137294.165    45.855    -7.58    8.27
-136918.005    42.235    -9.62    7.21
-136541.845    41.163    -2.85    5.50
-136165.685    42.829     4.43    6.51
-135789.524    45.655     7.51    7.52
-135413.363    48.615     7.87    7.37
-135037.201    52.237     9.63    8.18
-134661.040    55.480     8.62    8.94
-134284.878    58.817     8.87    7.94
-133908.715    59.763     2.51    5.72
-133532.553    56.932    -7.53    7.33
-133156.389    53.214    -9.88    6.87
-132780.226    49.870    -8.89    6.20
-132404.062    46.048   -10.16    7.15
-132027.898    42.659    -9.01    7.25
-131651.734    39.137    -9.36    6.00
-131275.569    37.041    -5.57    4.84
-130899.404    35.932    -2.95    2.83
-130523.239    37.263     3.54    3.38
-130147.073    38.975     4.55    5.10
-129770.907    42.086     8.27    6.48
-129394.741    44.322     5.95    6.23
-129018.574    47.291     7.89    6.00
-128642.407    49.686     6.37    5.78
-128266.239    51.534     4.91    6.10
-127890.072    51.906     0.99    5.64
-127513.904    50.048    -4.94    6.45
-127137.735    51.393     3.58    5.71
-126761.566    51.368    -0.07    5.18
-126385.397    50.159    -3.21    6.14
-126009.227    45.791   -11.61    8.30
-125633.058    40.829   -13.19    7.26
-125256.887    36.659   -11.09    4.85
-124880.717    34.374    -6.07    2.03
-124504.546    34.318    -0.15    2.24
-124128.374    35.041     1.92    2.67
-123752.202    36.048     2.68    2.61
-123376.030    37.507     3.88    2.75
-122999.858    38.885     3.66    3.34
-122623.685    41.060     5.78    4.52
-122247.512    44.214     8.38    5.80
-121871.338    47.513     8.77    5.55
-121495.164    50.855     8.88    5.13
-121118.990    51.831     2.60    4.93
-120742.815    50.423    -3.75    6.30
-120366.640    46.370   -10.77    7.55
-119990.464    42.163   -11.18    6.38
-119614.288    39.102    -8.14    5.01
-119238.112    37.501    -4.25    2.94
-118861.936    36.991    -1.36    1.96
-118485.758    37.708     1.91    2.10
-118109.581    37.817     0.29    2.13
-117733.403    37.750    -0.18    1.97
-117357.225    38.426     1.80    3.44
-116981.046    40.994     6.83    6.27
-116604.867    45.069    10.83    7.43
-116228.688    48.086     8.02    5.99
-115852.508    49.573     3.95    4.86
-115476.328    48.453    -2.98    5.11
-115100.147    46.342    -5.61    5.24
-114723.966    43.994    -6.24    5.43
-114347.784    43.633    -0.96    5.33
-113971.602    42.659    -2.59    4.74
-113595.420    41.958    -1.87    4.57
-113219.237    43.374     3.77    5.95
-112843.054    45.317     5.16    8.08
-112466.871    47.111     4.77    8.65
-112090.687    48.834     4.58    7.77
-111714.502    50.983     5.71    7.82
-111338.317    53.021     5.42    8.04
-110962.132    54.237     3.23    8.25
-110585.946    51.372    -7.62    8.95
-110209.760    47.291   -10.85    8.62
-109833.574    47.599     0.82    8.19
-109457.387    46.169    -3.80    7.91
-109081.199    45.453    -1.90    6.85
-108705.011    45.470     0.05    5.68
-108328.823    43.580    -5.02    3.79
-107952.634    42.212    -3.64    3.08
-107576.445    41.886    -0.87    3.09
-107200.256    41.216    -1.78    3.04
-106824.066    39.831    -3.68    2.91
-106447.875    39.291    -1.44    2.98
-106071.684    39.669     1.01    5.36
-105695.493    40.069     1.06    6.59
-105319.301    40.906     2.23    7.46
-104943.109    41.932     2.73    7.50
-104566.916    42.977     2.78    6.60
-104190.818    43.129     0.40    6.61
-103814.720    43.642     1.37    7.13
-103438.621    43.554    -0.23    6.69
-103062.522    43.166    -1.03    6.24
-102686.422    42.967    -0.53    5.77
-102310.322    44.817     4.92    5.53
-101934.221    44.028    -2.10    5.82
-101558.120    40.829    -8.50    6.38
-101182.018    38.913    -5.10    6.34
-100805.916    39.791     2.34    6.15
-100429.814    43.370     9.52    8.03
-100053.711    48.846    14.56    6.46
 -99677.607    50.723     4.99    4.92
 -99301.503    48.763    -5.21    7.09
 -98925.399    46.035    -7.25    8.01
 -98549.294    44.086    -5.18    6.72
 -98173.189    43.434    -1.73    7.26
 -97797.083    42.449    -2.62    7.46
 -97420.976    38.913    -9.40    7.31
 -97044.870    38.096    -2.17    7.31
 -96668.762    37.086    -2.69    7.16
 -96292.654    34.080    -7.99    7.85
 -95916.546    30.676    -9.05    7.06
 -95540.437    27.133    -9.42    3.09
 -95164.328    26.491    -1.71    2.68
 -94788.218    26.723     0.62    3.33
 -94412.108    26.991     0.71    4.12
 -94035.997    26.445    -1.45    4.07
 -93659.886    24.319    -5.65    2.96
 -93283.774    24.264    -0.15    2.87
 -92907.662    23.723    -1.44    2.62
 -92531.549    23.264    -1.22    2.76
 -92155.435    23.344     0.21    2.59
 -91779.322    22.846    -1.32    2.73
 -91403.207    22.445    -1.07    2.13
 -91027.092    21.870    -1.53    2.43
 -90650.977    20.430    -3.83    3.34
 -90274.861    19.676    -2.01    3.77
 -89898.745    18.712    -2.56    3.83
 -89522.628    18.028    -1.82    4.08
 -89146.510    16.777    -3.32    4.43
 -88770.392    16.188    -1.57    4.35
 -88394.274    14.615    -4.18    4.78
 -88018.155    14.163    -1.20    5.18
 -87642.035    15.291     3.00    5.57
 -87265.915    16.205     2.43    5.85
 -86889.794    17.534     3.53    4.46
 -86513.673    18.426     2.37    2.75
 -86137.551    17.723    -1.87    2.30
 -85761.429    16.886    -2.23    2.14
 -85385.306    16.985     0.27    1.62
 -85009.183    17.066     0.21    1.76
 -84633.059    16.932    -0.36    1.80
 -84256.935    17.129     0.52    1.52
 -83880.810    17.001    -0.34    1.89
 -83504.684    16.633    -0.98    2.21
 -83128.558    16.624    -0.02    2.18
 -82752.432    16.858     0.62    2.46
 -82376.304    16.599    -0.69    2.30
 -82000.177    16.958     0.95    1.99
 -81624.048    16.881    -0.20    2.41
 -81247.920    16.932     0.14    2.48
 -80871.790    16.541    -1.04    2.20
 -80495.660    16.881     0.90    2.17
 -80119.530    15.669    -3.22    4.46
 -79743.399    12.588    -8.19    7.97
 -79367.267     8.967    -9.63    9.10
 -78991.135     8.180    -2.09    9.35
 -78615.002     9.393     3.23    9.35
 -78238.869    10.727     3.54    9.45
 -77862.735    10.858     0.35    9.36
 -77486.600    11.419     1.49    9.33
 -77110.465    10.881    -1.43    9.28
 -76734.330    10.470    -1.09    8.87
 -76358.193    10.858     1.03    8.56
 -75982.056    11.624     2.04    8.11
 -75605.919    14.210     6.87    6.49
 -75229.781    15.449     3.29    5.87
 -74853.643    17.102     4.39    3.73
 -74477.503    17.635     1.42    2.80
 -74101.364    18.111     1.27    2.64
 -73725.223    18.580     1.25    2.48
 -73349.082    18.763     0.49    1.89
 -72972.941    18.342    -1.12    1.90
 -72596.799    17.930    -1.10    2.06
 -72220.656    17.958     0.07    1.88
 -71844.513    17.423    -1.42    1.85
 -71468.369    17.318    -0.28    1.85
 -71092.224    17.396     0.21    1.66
 -70716.079    17.240    -0.42    1.72
 -70339.933    17.416     0.47    1.99
 -69963.787    17.831     1.10    1.89
 -69587.640    17.727    -0.28    1.90
 -69211.492    17.738     0.03    1.66
 -68835.344    17.561    -0.47    1.57
 -68459.195    17.480    -0.22    2.03
 -68083.046    17.405    -0.20    2.17
 -67706.896    17.393    -0.03    2.20
 -67330.745    17.491     0.26    2.02
 -66954.594    17.152    -0.90    2.09
 -66578.442    17.470     0.85    1.89
 -66202.290    17.735     0.70    2.01
 -65826.136    17.738     0.01    2.00
 -65449.983    18.035     0.79    1.86
 -65073.828    18.028    -0.02    1.67
 -64697.673    18.001    -0.07    1.77
 -64321.518    18.133     0.35    1.91
 -63945.361    17.891    -0.64    1.82
 -63569.204    17.426    -1.24    1.89
 -63193.047    16.391    -2.75    2.37
 -62816.888    16.107    -0.76    2.29
 -62440.730    16.183     0.20    2.46
 -62064.570    16.696     1.37    2.69
 -61688.410    17.819     2.98    2.20
 -61312.249    17.932     0.30    1.86
 -60936.088    17.991     0.16    1.80
 -60559.926    17.777    -0.57    2.08
 -60183.763    17.616    -0.43    2.15
 -59807.599    18.475     2.28    2.69
 -59431.435    15.686    -7.42    7.05
 -59055.271    14.372    -3.49    7.83
 -58679.105    12.547    -4.85    7.59
 -58302.939    12.156    -1.04    6.28
 -57926.772    14.930     7.37    3.82
 -57550.605    15.317     1.03    1.69
 -57174.437    14.930    -1.03    1.51
 -56798.268    14.291    -1.70    1.76
 -56422.099    13.368    -2.45    1.66
 -56045.929    13.634     0.71    1.88
 -55669.758    13.940     0.81    2.00
 -55293.587    14.372     1.15    1.83
 -54917.415    14.588     0.57    1.73
 -54541.242    14.547    -0.11    2.05
 -54165.069    14.345    -0.54    2.00
 -53788.895    15.163     2.17    2.00
 -53412.720    15.804     1.70    1.86
 -53036.544    16.554     1.99    2.14
 -52660.368    16.858     0.81    1.98
 -52284.191    17.111     0.67    1.96
 -51908.014    17.291     0.48    1.86
 -51531.836    17.291     0.00    1.94
 -51155.657    18.396     2.94    2.53
 -50779.477    19.346     2.53    2.86
 -50403.297    20.265     2.44    2.68
 -50027.116    20.855     1.57    2.56
 -49650.934    21.135     0.74    2.64
 -49274.752    21.021    -0.30    2.56
 -48898.569    21.264     0.65    2.57
 -48522.385    20.075    -3.16    4.32
 -48146.200    18.163    -5.08    4.40
 -47770.015    18.345     0.48    4.58
 -47393.829    18.932     1.56    4.93
 -47017.642    20.009     2.86    4.29
 -46641.455    19.547    -1.23    3.89
 -46265.267    18.858    -1.83    3.76
 -45889.078    18.573    -0.76    3.24
 -45512.889    18.528    -0.12    2.59
 -45136.699    19.152     1.66    3.50
 -44760.508    18.886    -0.71    3.71
 -44384.316    17.819    -2.84    4.08
 -44008.124    17.372    -1.19    3.88
 -43631.930    17.342    -0.08    3.10
 -43255.737    18.010     1.77    2.92
 -42879.542    18.393     1.02    2.47
 -42503.347    18.855     1.23    2.33
 -42127.151    19.541     1.82    2.27
 -41750.954    19.932     1.04    2.10
 -41374.756    20.723     2.10    2.08
 -40998.558    21.547     2.19    1.85
 -40622.359    21.870     0.86    1.80
 -40246.159    22.035     0.44    2.10
 -39869.959    21.858    -0.47    1.97
 -39493.758    21.975     0.31    1.71
 -39117.556    22.366     1.04    1.79
 -38741.353    23.148     2.08    1.82
 -38365.150    23.858     1.89    1.76
 -37988.945    24.561     1.87    1.87
 -37612.740    25.886     3.52    2.51
 -37236.535    27.156     3.38    3.19
 -36860.328    28.462     3.47    3.18
 -36484.121    29.091     1.67    3.01
 -36107.913    29.240     0.40    3.27
 -35731.704    29.588     0.93    3.39
 -35355.495    29.932     0.91    3.64
 -34979.284    30.528     1.58    3.32
 -34603.073    31.896     3.64    3.04
 -34226.862    32.844     2.52    3.16
 -33850.649    33.804     2.55    3.87
 -33474.436    35.346     4.10    3.69
 -33098.222    35.844     1.32    3.38
 -32722.007    36.419     1.53    2.80
 -32345.791    37.234     2.17    2.46
 -31969.574    37.624     1.04    3.15
 -31593.357    38.723     2.92    3.50
 -31217.139    40.291     4.17    3.87
 -30840.920    40.994     1.87    4.16
 -30464.701    41.846     2.27    4.95
 -30088.480    42.804     2.54    5.89
 -29712.259    44.541     4.62    7.52
 -29336.086    45.534     2.64    7.71
 -28960.014    48.091     6.80    8.45
 -28583.942    49.317     3.26    9.09
 -28207.869    49.496     0.48    8.55
 -27831.795    49.817     0.85    9.94
 -27455.720    50.291     1.26    9.78
 -27079.645    51.596     3.47    9.95
 -26703.568    55.264     9.75   10.60
 -26327.491    62.102    18.18    9.22
 -25951.413    66.120    10.68    5.82
 -25575.335    67.676     4.14    5.47
 -25199.255    69.701     5.39    5.29
 -24823.175    71.513     4.82    5.61
 -24447.094    74.913     9.04    6.21
 -24071.012    79.208    11.42    6.76
 -23694.929    84.054    12.89    6.01
 -23318.846    89.591    14.72    6.54
 -22942.761    94.129    12.07    6.18
 -22566.676    96.804     7.11    5.02
 -22190.590    96.844     0.11    5.54
 -21814.503    93.633    -8.54    6.94
 -21438.416    90.102    -9.39    6.11
 -21062.327    86.766    -8.87    7.31
 -20686.238    81.817   -13.16    7.94
 -20310.148    77.696   -10.96    8.27
 -19934.057    73.913   -10.06    7.55
 -19557.965    71.691    -5.91    7.49
 -19181.872    69.547    -5.70    7.71
 -18805.779    68.111    -3.82    6.40
 -18429.684    66.291    -4.84    9.54
 -18053.589    60.967   -14.16    9.90
 -17677.493    55.750   -13.87   10.46
 -17301.396    50.238   -14.66    9.67
 -16925.299    44.166   -16.15   10.16
 -16549.200    37.561   -17.56    8.55
 -16173.101    31.370   -16.46    8.17
 -15797.000    26.633   -12.59    6.80
 -15420.899    24.163    -6.57    4.24
 -15044.797    23.858    -0.81    3.63
 -14668.695    24.716     2.28    3.57
 -14292.591    25.547     2.21    2.33
 -13916.486    26.021     1.26    2.28
 -13540.381    25.210    -2.16    2.64
 -13164.275    24.021    -3.16    2.99
 -12788.168    22.896    -2.99    2.54
 -12412.060    22.727    -0.45    2.10
 -12035.951    22.662    -0.17    2.09
 -11659.841    22.906     0.65    2.21
 -11283.731    22.765    -0.38    2.20
 -10907.619    22.124    -1.70    2.02
 -10531.507    21.188    -2.49    2.45
 -10155.394    20.265    -2.45    2.21
  -9779.280    20.107    -0.42    1.92
  -9403.165    20.102    -0.01    2.18
  -9027.049    19.855    -0.66    2.10
  -8650.932    19.069    -2.09    2.82
  -8274.814    17.416    -4.39    3.72
  -7898.696    15.317    -5.58    4.79
  -7522.577    12.177    -8.35    4.93
  -7146.456    10.129    -5.44    4.15
  -6770.335     7.831    -6.11    5.24
  -6394.213     5.156    -7.11    5.36
  -6018.090     4.844    -0.83    4.54
  -5641.966     5.124     0.75    4.59
  -5265.842     7.891     7.36    4.97
  -4889.716    10.186     6.10    3.96
  -4513.590    11.048     2.29    3.49
  -4137.462    10.855    -0.51    3.00
  -3761.334     9.291    -4.16    2.90
  -3385.205     8.396    -2.38    2.66
  -3009.074     8.069    -0.87    2.73
  -2632.943     6.727    -3.57    3.82
  -2256.811     6.430    -0.79    4.75
  -1880.678     5.342    -2.89    5.12
  -1504.545     4.188    -3.07    5.62
  -1128.410     2.385    -4.80    6.09
   -752.274     0.183    -5.85    5.78
   -376.138    -0.952    -3.02    4.88
     -0.000    -0.033     2.44    4.92
    376.138     2.975     8.00    4.65
    752.277     5.372     6.37    2.78
   1128.418     5.752     1.01    1.96
   1504.559     5.470    -0.75    3.03
   1880.701     5.238    -0.62    3.47
   2256.844     2.844    -6.37    4.43
   2632.988     0.686    -5.74    4.37
   3009.133    -1.171    -4.94    3.93
   3385.279    -2.844    -4.45    2.25
   3761.425    -3.119    -0.73    1.45
   4137.573    -3.126    -0.02    1.52
   4513.722    -2.889     0.63    1.92
   4889.871    -3.017    -0.34    1.52
   5266.022    -3.365    -0.93    0.75
   5642.173    -3.068     0.79    3.06
   6018.326     0.318     9.00    6.99
   6394.479     4.291    10.56    8.28
   6770.633     8.111    10.16    6.73
   7146.789    10.930     7.49    2.83
   7522.945    10.676    -0.68    2.54
   7899.102    10.086    -1.57    2.60
   8275.260     9.642    -1.18    3.02
   8651.419     8.449    -3.17    4.38
   9027.580     7.137    -3.49    5.60
   9403.741     5.804    -3.54    5.95
   9779.903     5.886     0.22    6.36
  10156.066     6.580     1.85    6.14
  10532.230     6.669     0.24    6.22
  10908.394     6.237    -1.15    6.45
  11284.560     7.264     2.73    6.57
  11660.727     8.635     3.64    5.82
  12036.895    11.522     7.67    3.48
  12413.064    12.727     3.20    3.77
  12789.234    13.680     2.53    4.07
  13165.404    14.393     1.90    3.12
  13541.576    13.569    -2.19    3.64
  13917.749    12.906    -1.76    3.26
  14293.923    12.054    -2.27    3.64
  14670.097    11.994    -0.16    3.63
  15046.273    13.075     2.87    3.78
  15422.450    13.573     1.32    3.57
  15798.627    14.141     1.51    3.61
  16174.806    15.264     2.99    2.46
  16550.986    15.522     0.69    1.55
  16927.166    15.750     0.61    1.26
  17303.348    15.453    -0.79    1.21
  17679.531    15.426    -0.07    1.13
  18055.714    15.205    -0.59    1.25
  18431.899    15.086    -0.32    1.34
  18808.084    14.966    -0.32    1.61
  19184.271    14.561    -1.08    1.95
  19560.459    14.214    -0.92    1.87
  19936.648    14.124    -0.24    2.04
  20312.837    14.317     0.51    1.59
  20689.028    14.496     0.48    1.73
  21065.220    14.291    -0.55    2.49
  21441.412    14.596     0.81    2.69
  21817.606    14.817     0.59    3.04
  22193.801    14.091    -1.93    3.51
  22569.997    14.763     1.79    3.59
  22946.194    15.496     1.95    3.78
  23322.391    16.712     3.23    3.13
  23698.590    17.264     1.47    2.81
  24074.790    17.588     0.86    2.75
  24450.991    17.596     0.02    2.48
  24827.193    16.137    -3.88    3.41
  25203.396    15.066    -2.85    3.12
  25579.600    15.453     1.03    3.07
  25955.805    15.716     0.70    3.11
  26332.011    16.554     2.23    3.14
  26708.219    17.001     1.19    3.12
  27084.427    16.913    -0.24    3.30
  27460.636    17.317     1.07    3.74
  27836.846    18.102     2.09    3.45
  28213.058    19.069     2.57    3.46
  28589.270    19.528     1.22    3.17
  28965.484    20.319     2.10    2.61
  29341.698    20.676     0.95    2.23
  29717.914    20.906     0.61    2.60
  30094.130    21.062     0.41    2.64
  30470.348    18.858    -5.86    4.85
  30846.567    18.345    -1.36    5.16
  31222.786    19.075     1.94    5.04
  31599.007    20.166     2.90    5.00
  31975.229    22.264     5.58    2.57
  32351.452    22.212    -0.14    1.94
  32727.676    22.727     1.37    2.12
  33103.901    23.370     1.71    2.12
  33480.127    23.588     0.58    1.84
  33856.355    23.522    -0.18    2.06
  34232.583    23.054    -1.24    2.03
  34608.812    22.291    -2.03    2.10
  34985.043    21.886    -1.08    2.06
  35361.275    21.791    -0.25    2.06
  35737.507    22.238     1.19    2.12
  36113.741    23.496     3.34    2.40
  36489.976    24.041     1.45    2.23
  36866.212    23.048    -2.64    3.27
  37242.449    21.940    -2.95    4.06
  37618.687    20.669    -3.38    3.98
  37994.926    20.522    -0.39    4.21
  38371.166    20.183    -0.90    4.27
  38747.408    20.804     1.65    4.10
  39123.650    22.188     3.68    3.70
  39499.894    22.906     1.91    2.88
  39876.138    23.264     0.95    2.30
  40252.384    23.086    -0.47    2.24
  40628.631    23.186     0.27    2.02
  41004.879    22.958    -0.61    2.28
  41381.128    22.588    -0.98    2.44
  41757.378    22.485    -0.27    2.98
  42133.629    22.102    -1.02    3.04
  42509.882    22.009    -0.25    2.86
  42886.135    22.322     0.83    2.18
  43262.390    22.342     0.05    1.57
  43638.646    22.163    -0.48    1.63
  44014.902    22.235     0.19    1.80
  44391.160    22.291     0.15    1.75
  44767.420    22.318     0.07    1.66
  45143.680    21.701    -1.64    1.74
  45519.941    21.580    -0.32    1.77
  45896.060    21.881     0.80    2.10
  46272.098    22.426     1.45    2.14
  46648.138    22.870     1.18    1.75
  47024.178    23.016     0.39    1.72
  47400.219    23.205     0.50    1.63
  47776.262    22.967    -0.63    1.96
  48152.306    22.750    -0.57    1.80
  48528.351    22.858     0.29    2.13
  48904.397    22.831    -0.07    2.02
  49280.444    23.069     0.63    1.62
  49656.493    23.516     1.19    1.95
  50032.542    23.342    -0.46    2.05
  50408.593    23.507     0.44    2.10
  50784.644    24.009     1.33    2.24
  51160.697    24.186     0.47    2.22
  51536.752    24.975     2.10    2.13
  51912.807    25.712     1.96    2.23
  52288.863    26.522     2.15    2.21
  52664.921    27.319     2.12    1.63
  53040.979    28.028     1.89    1.95
  53417.039    28.316     0.77    1.79
  53793.100    28.320     0.01    1.49
  54169.163    28.547     0.60    1.63
  54545.226    28.615     0.18    1.80
  54921.290    28.994     1.01    1.54
  55297.356    29.183     0.50    1.49
  55673.423    29.402     0.58    1.60
  56049.491    29.393    -0.02    1.71
  56425.560    29.591     0.53    1.68
  56801.631    29.804     0.57    1.56
  57177.702    29.932     0.34    1.55
  57553.775    29.932     0.00    1.53
  57929.849    30.009     0.20    1.52
  58305.924    30.396     1.03    1.89
  58682.000    31.522     2.99    3.78
  59058.078    36.485    13.20    8.97
  59434.156    42.183    15.15   11.43
  59810.236    49.923    20.58   12.18
  60186.317    58.762    23.50    6.92
  60562.399    61.855     8.23    5.27
  60938.483    66.080    11.24    7.36
  61314.567    71.708    14.96   10.83
  61690.653    81.615    26.34   12.43
  62066.740    90.846    24.55   11.01
  62442.828    99.186    22.17    9.02
  62818.918   105.966    18.03    6.39
  63195.008   109.777    10.13    4.96
  63571.100   112.163     6.34    3.68
  63947.193   112.554     1.04    4.30
  64323.288   109.712    -7.56    7.04
  64699.383   107.399    -6.15    7.72
  65075.480   107.316    -0.22    7.80
  65451.578   109.102     4.75    8.36
  65827.677   112.183     8.19    7.16
  66203.777   114.480     6.11    5.18
  66579.878   113.291    -3.16    5.22
  66955.981   110.778    -6.68    6.21
  67332.085   106.240   -12.07    6.81
  67708.190   101.013   -13.90    7.14
  68084.297    93.370   -20.32    8.37
  68460.404    85.735   -20.30    9.02
  68836.513    78.396   -19.51    9.05
  69212.623    71.041   -19.56    7.48
  69588.735    64.615   -17.08    7.54
  69964.847    56.686   -21.08   10.38
  70340.961    49.212   -19.87    9.22
  70717.076    42.804   -17.04    8.47
  71093.192    37.534   -14.01    6.26
  71469.310    36.086    -3.85    5.08
  71845.429    35.009    -2.86    3.30
  72221.549    35.156     0.39    2.86
  72597.670    35.237     0.22    2.53
  72973.792    34.183    -2.80    3.09
  73349.916    33.028    -3.07    2.80
  73726.041    33.778     1.99    3.12
  74102.167    35.148     3.64    2.61
  74478.295    35.676     1.40    2.25
  74854.423    35.528    -0.39    2.41
  75230.553    34.541    -2.62    3.71
  75606.685    33.752    -2.10    3.68
  75982.817    33.368    -1.02    3.61
  76358.951    33.265    -0.27    3.40
  76735.086    33.633     0.98    3.01
  77111.222    34.216     1.55    3.60
  77487.360    35.541     3.52    3.57
  77863.499    36.641     2.92    3.53
  78239.639    37.778     3.02    3.15
  78615.780    38.834     2.81    2.69
  78991.923    39.237     1.07    2.50
  79368.067    39.264     0.07    2.68
  79744.212    39.913     1.72    2.33
  80120.359    40.028     0.31    1.84
  80496.507    39.642    -1.02    1.74
  80872.656    37.866    -4.72    3.12
  81248.806    37.212    -1.74    2.97
  81624.958    37.291     0.21    3.41
  82001.111    37.342     0.14    3.35
  82377.265    37.855     1.36    3.33
  82753.420    38.080     0.60    3.07
  83129.577    38.430     0.93    3.19
  83505.735    38.445     0.04    3.65
  83881.895    38.346    -0.26    4.01
  84258.055    38.778     1.15    3.58
  84634.217    39.881     2.93    3.05
  85010.381    41.205     3.52    2.36
  85386.545    41.669     1.23    2.34
  85762.711    41.940     0.72    2.39
  86138.878    42.080     0.37    2.54
  86515.047    41.870    -0.56    2.86
  86891.217    41.930     0.16    2.62
  87267.388    41.991     0.16    2.56
  87643.560    42.163     0.46    2.54
  88019.734    42.048    -0.31    3.05
  88395.909    41.501    -1.45    3.72
  88772.085    40.975    -1.40    4.23
  89148.263    40.599    -1.00    4.25
  89524.442    40.453    -0.39    4.32
  89900.623    40.317    -0.36    4.25
  90276.804    39.346    -2.58    4.17
  90652.987    39.419     0.19    4.05
  91029.172    39.240    -0.48    3.57
  91405.357    38.135    -2.94    3.47
  91781.544    38.501     0.97    2.98
  92157.733    38.886     1.02    2.66
  92533.922    39.480     1.58    2.78
  92910.113    39.738     0.69    2.93
  93286.306    39.372    -0.97    2.94
  93662.499    38.650    -1.92    2.73
  94038.694    38.650     0.00    3.03
  94414.891    38.183    -1.24    3.25
  94791.089    37.650    -1.42    3.92
  95167.288    37.906     0.68    4.64
  95543.488    38.393     1.30    4.55
  95919.690    38.453     0.16    4.77
  96295.893    38.855     1.07    4.15
  96672.097    39.345     1.30    2.97
  97048.303    39.129    -0.57    2.64
  97424.510    38.886    -0.65    2.71
  97800.719    38.635    -0.67    2.82
  98176.929    38.522    -0.30    2.67
  98553.140    39.554     2.74    2.97
  98929.353    40.402     2.25    2.65
  99305.567    40.163    -0.64    2.77
  99681.782    40.652     1.30    3.01
 100057.999    40.291    -0.96    2.84
 100434.217    40.607     0.84    2.73
 100810.437    41.453     2.25    2.62
 101186.657    42.475     2.72    2.50
 101562.880    43.163     1.83    2.20
 101939.103    43.416     0.67    2.10
 102315.328    43.569     0.41    1.65
 102691.555    43.291    -0.74    1.64
 103067.782    43.133    -0.42    1.88
 103444.012    43.372     0.64    1.95
 103820.242    42.858    -1.36    2.50
 104196.474    41.834    -2.72    2.88
 104572.707    42.599     2.03    3.03
 104948.942    43.341     1.97    3.00
 105325.178    44.596     3.34    2.53
 105701.416    45.701     2.94    2.28
 106077.654    47.096     3.71    2.96
 106453.895    48.186     2.89    3.78
 106830.136    50.522     6.21    4.15
 107206.380    52.396     4.98    4.93
 107582.624    58.896    17.28   10.35
 107958.870    66.137    19.25   12.15
 108335.117    74.016    20.94   10.29
 108711.366    77.831    10.14    6.52
 109087.616    73.741   -10.87   10.72
 109463.868    68.423   -14.14   11.53
 109840.120    63.426   -13.28   10.21
 110216.375    57.183   -16.59    8.57
 110592.631    54.180    -7.98    6.11
 110968.888    52.791    -3.69    4.75
 111345.146    51.191    -4.25    3.44
 111721.406    51.180    -0.03    3.18
 112097.668    50.941    -0.63    2.97
 112473.931    51.133     0.51    3.30
 112850.195    51.396     0.70    4.20
 113226.461    51.765     0.98    5.00
 113602.728    51.855     0.24    4.90
 113978.997    51.738    -0.31    4.40
 114355.267    52.624     2.35    3.88
 114731.538    53.932     3.48    3.42
 115107.811    54.374     1.18    3.74
 115484.085    55.137     2.03    4.11
 115860.361    55.932     2.11    4.02
 116236.638    56.708     2.06    4.14
 116612.917    56.237    -1.25    5.10
 116989.197    57.041     2.14    4.86
 117365.479    57.554     1.36    5.14
 117741.762    58.419     2.30    4.31
 118118.046    59.831     3.75    4.11
 118494.332    63.141     8.80    7.19
 118870.619    66.137     7.96    9.05
 119246.908    67.870     4.61    9.10
 119623.199    70.075     5.86    9.94
 119999.490    72.906     7.53   12.68
 120375.783    77.163    11.31   13.69
 120752.078    84.430    19.31   13.23
 121128.105    90.419    15.93   11.85
 121504.118    95.180    12.66    7.56
 121880.133    94.317    -2.29    9.86
 122256.149    87.445   -18.28   14.42
 122632.167    79.010   -22.43   13.67
 123008.186    74.967   -10.75   10.63
 123384.207    74.291    -1.80    9.99
 123760.229    74.453     0.43    7.62
 124136.253    77.342     7.68    8.23
 124512.278    80.930     9.54   10.36
 124888.305    85.419    11.94   10.94
 125264.333    89.624    11.18   12.48
 125640.362    97.137    19.98   13.74
 126016.393   106.372    24.56   10.29
 126392.426   114.238    20.92    6.14
 126768.460   117.449     8.54    5.65
 127144.496   119.402     5.19    5.51
 127520.533   117.831    -4.18    6.76
 127896.571   112.021   -15.45   10.26
 128272.611   106.028   -15.94   12.36
 128648.653    95.470   -28.08   14.92
 129024.696    84.478   -29.23   14.04
 129400.740    74.949   -25.34   12.44
 129776.786    67.317   -20.29    7.42
 130152.834    63.041   -11.37    5.42
 130528.883    60.676    -6.29    4.71
 130904.933    60.129    -1.45    4.88
 131280.985    60.262     0.36    4.50
 131657.039    60.791     1.41    4.08
