-217483.338    16.356     0.00    6.00
-217107.214    17.159     2.13    6.12
-216731.090    17.627     1.25    5.94
-216354.968    14.602    -8.04    8.20
-215978.847     9.315   -14.06    7.51
-215602.727     5.473   -10.21    5.53
-215226.608     2.899    -6.85    4.53
-214850.490     1.730    -3.11    4.36
-214474.373     3.550     4.84    6.18
-214098.257     5.548     5.31    8.61
-213722.142    11.434    15.65    9.95
-213346.028    13.204     4.71    7.77
-212969.915    12.055    -3.05    8.04
-212593.803     7.704   -11.57    7.89
-212217.692     5.109    -6.90    5.75
-211841.582     5.422     0.83    6.54
-211465.473     7.961     6.75    6.97
-211089.365    10.832     7.64    7.77
-210713.258    14.272     9.14    7.39
-210337.152    16.243     5.24    5.16
-209961.047    16.441     0.53    5.02
-209584.942    15.010    -3.81    4.67
-209208.839    12.893    -5.63    4.62
-208832.737    11.380    -4.02    3.66
-208456.636    10.866    -1.37    2.87
-208080.536    11.037     0.46    2.24
-207704.436    12.017     2.60    1.64
-207328.338    11.884    -0.35    1.54
-206952.241    11.191    -1.84    1.75
-206576.144    10.593    -1.59    2.17
-206200.049    11.140     1.45    3.29
-205823.954    12.461     3.51    4.71
-205447.861    13.704     3.31    5.27
-205071.769    13.967     0.70    5.60
-204695.677    12.678    -3.43    5.04
-204319.586    10.839    -4.89    4.32
-203943.497     9.448    -3.70    2.10
-203567.408     9.576     0.34    2.18
-203191.320     9.426    -0.40    2.80
-202815.233    11.785     6.27    4.70
-202439.148    13.596     4.81    4.69
-202063.063    12.893    -1.87    5.02
-201686.979    11.299    -4.24    4.91
-201310.896     9.792    -4.01    3.18
-200934.814     9.329    -1.23    1.97
-200558.733     9.627     0.79    1.69
-200182.652     9.843     0.57    1.84
-199806.573     9.986     0.38    1.95
-199430.495    10.542     1.48    2.40
-199054.417    12.046     4.00    3.79
-198678.341    14.362     6.16    3.84
-198302.266    15.525     3.09    4.01
-197926.191    16.812     3.42    4.18
-197550.117    16.783    -0.08    4.70
-197174.045    15.379    -3.73    4.82
-196797.973    12.818    -6.81    4.00
-196421.902    12.257    -1.49    2.53
-196045.832    13.272     2.70    2.41
-195669.763    14.028     2.01    2.63
-195293.695    15.380     3.59    3.10
-194917.627    15.760     1.01    3.50
-194541.561    14.525    -3.28    5.51
-194165.496    13.217    -3.48    6.94
-193789.431     9.758    -9.20    6.84
-193413.368     7.755    -5.33    7.11
-193037.305     9.499     4.64    6.81
-192661.243    10.499     2.66    5.72
-192285.182    12.758     6.01    4.63
-191909.122    14.550     4.77    3.86
-191533.063    16.343     4.77    4.96
-191157.005    16.336    -0.02    5.28
-190780.948    15.884    -1.20    5.64
-190404.891    14.704    -3.14    5.88
-190028.836    12.371    -6.20    3.93
-189652.781    11.028    -3.57    2.47
-189276.728    10.760    -0.71    2.11
-188900.675    11.515     2.01    1.76
-188524.623    11.954     1.17    1.76
-188148.572    11.388    -1.50    1.86
-187772.522    11.143    -0.65    2.05
-187396.472    10.218    -2.46    2.58
-187020.424     8.499    -4.57    3.19
-186644.376     6.573    -5.12    3.44
-186268.330     5.653    -2.45    3.63
-185892.214     4.001    -4.39    4.33
-185515.993     0.754    -8.63    7.27
-185139.773    -2.863    -9.62    8.25
-184763.553    -7.188   -11.49    6.28
-184387.335   -10.053    -7.61    3.56
-184011.117   -11.010    -2.55    1.99
-183634.900   -10.398     1.63    2.04
-183258.684   -10.065     0.89    1.78
-182882.469    -9.796     0.72    1.54
-182506.255   -10.539    -1.98    1.30
-182130.041   -11.046    -1.35    1.18
-181753.829   -11.533    -1.29    1.05
-181377.617   -11.946    -1.10    0.74
-181001.406   -12.134    -0.50    0.50
-180625.196   -12.296    -0.43    0.00
-180248.987   -12.296     0.00    0.00
-179872.779   -12.296     0.00    0.00
-179496.571   -12.296     0.00    0.00
-179120.365   -12.296     0.00    0.00
-178744.159   -12.296     0.00    0.00
-178367.954   -12.296     0.00    0.00
-177991.750   -12.296     0.00    0.00
-177615.547   -12.296     0.00    0.00
-177239.344   -12.296     0.00    0.00
-176863.143   -12.296     0.00    0.00
-176486.942   -12.296     0.00    0.00
-176110.742   -12.296     0.00    0.00
-175734.543   -12.296     0.00    0.00
-175358.345   -12.296     0.00    0.00
-174982.147   -12.296     0.00    0.00
-174605.951   -12.296     0.00    0.00
-174229.755   -12.296     0.00    0.00
-173853.560   -12.296     0.00    0.00
-173477.366   -12.296     0.00    0.00
-173101.173   -12.296     0.00    0.00
-172724.980   -12.296     0.00    0.00
-172348.789   -12.296     0.00    0.00
-171972.598   -12.296     0.00    0.00
-171596.408   -12.296     0.00    0.00
-171220.218   -12.296     0.00    0.00
-170844.030   -12.296     0.00    0.00
-170467.842   -12.296     0.00    0.00
-170091.656   -12.296     0.00    0.00
-169715.469   -12.296     0.00    0.00
-169339.284   -12.296     0.00    0.00
-168963.100   -12.296     0.00    0.00
-168586.916   -12.296     0.00    0.00
-168210.733   -12.296     0.00    0.00
-167834.551   -12.296     0.00    0.00
-167458.370   -11.963     0.89    1.33
-167082.190   -11.091     2.32    2.12
-166706.010    -8.629     6.54    4.19
-166329.831    -5.142     9.27    6.08
-165953.653    -0.860    11.38    6.32
-165577.476     3.675    12.05    4.81
-165201.299     6.812     8.34    3.32
-164825.123     8.677     4.96    2.82
-164448.948     9.785     2.95    2.74
-164072.774    10.164     1.01    2.67
-163696.601    10.399     0.62    2.49
-163320.428    11.229     2.21    2.47
-162944.256    11.730     1.33    2.83
-162568.085    11.407    -0.86    2.33
-162191.915    11.020    -1.03    2.28
-161815.745    11.046     0.07    2.58
-161439.577    10.704    -0.91    2.48
-161063.409    11.353     1.72    2.46
-160687.241    11.909     1.48    1.45
-160311.075    12.010     0.27    1.55
-159934.909    13.012     2.66    2.58
-159558.744    13.499     1.30    2.64
-159182.580    13.423    -0.20    2.59
-158806.416    14.243     2.18    3.24
-158430.254    15.055     2.16    2.98
-158054.092    16.380     3.52    3.90
-157677.930    17.336     2.54    4.30
-157301.770    19.121     4.75    5.78
-156925.610    21.217     5.57    7.60
-156549.451    23.935     7.23    8.70
-156173.293    25.380     3.84    8.25
-155797.135    28.217     7.54    7.66
-155420.979    30.294     5.52    6.74
-155044.823    30.807     1.36    6.15
-154668.667    29.623    -3.15    7.58
-154292.513    27.909    -4.56    7.75
-153916.359    25.731    -5.79    7.69
-153540.206    24.245    -3.95    6.53
-153164.053    23.569    -1.80    5.24
-152787.902    22.923    -1.72    5.45
-152411.751    24.371     3.85    7.09
-152035.601    24.888     1.38    7.26
-151659.451    24.037    -2.26    6.73
-151283.302    22.089    -5.18    6.83
-150907.154    19.649    -6.49    5.24
-150531.007    18.140    -4.01    4.36
-150154.860    16.336    -4.80    2.24
-149778.715    16.137    -0.53    2.68
-149402.569    17.441     3.47    4.01
-149026.425    19.114     4.45    5.19
-148650.281    21.753     7.01    6.42
-148274.138    25.326     9.50    6.37
-147897.996    26.319     2.64    6.07
-147521.854    27.520     3.19    5.91
-147145.713    27.326    -0.52    6.86
-146769.573    27.218    -0.29    6.33
-146393.433    27.047    -0.45    5.90
-146017.294    25.268    -4.73    7.12
-145641.156    21.554    -9.87    7.84
-145265.019    19.434    -5.64    7.75
-144888.882    16.576    -7.60    6.33
-144512.746    17.065     1.30    5.97
-144136.611    18.099     2.75    5.29
-143760.476    22.140    10.74    6.25
-143384.342    23.362     3.25    5.67
-143008.209    21.371    -5.29    5.54
-142632.076    20.599    -2.05    5.13
-142255.944    18.529    -5.50    3.10
-141879.813    17.871    -1.75    1.98
-141503.682    17.319    -1.47    2.65
-141127.552    19.388     5.50    6.22
-140751.423    22.380     7.95    7.99
-140375.294    27.650    14.01    7.62
-139999.166    31.371     9.89    4.32
-139623.039    30.755    -1.64    6.20
-139246.912    29.154    -4.26    8.44
-138870.786    27.515    -4.36    9.62
-138494.661    26.929    -1.56    9.77
-138118.536    25.099    -4.87    9.30
-137742.412    23.599    -3.99    7.22
-137366.289    21.650    -5.18    4.77
-136990.167    20.832    -2.17    3.66
-136614.045    20.677    -0.41    4.11
-136237.923    20.315    -0.96    5.20
-135861.803    19.651    -1.76    6.22
-135485.683    18.260    -3.70    6.95
-135109.563    17.422    -2.23    6.28
-134733.444    18.730     3.48    6.60
-134357.326    21.204     6.58    8.22
-133981.209    23.028     4.85    7.34
-133605.092    24.326     3.45    6.21
-133228.976    25.785     3.88    6.10
-132852.860    25.304    -1.28    4.78
-132476.745    25.785     1.28    4.72
-132100.631    25.651    -0.36    4.99
-131724.517    24.362    -3.43    5.11
-131348.404    25.230     2.31    6.28
-130972.292    26.785     4.13    5.91
-130596.180    26.884     0.26    5.41
-130220.069    27.625     1.97    5.70
-129843.959    27.510    -0.31    6.42
-129467.849    29.299     4.76    7.31
-129091.740    31.482     5.80    7.63
-128715.631    33.546     5.49    6.77
-128339.523    36.448     7.71    4.96
-127963.416    37.142     1.84    3.96
-127587.309    33.488    -9.71    7.40
-127211.203    28.164   -14.16    7.90
-126835.097    25.164    -7.98    7.46
-126458.992    23.396    -4.70    5.01
-126082.888    22.178    -3.24    2.96
-125706.784    22.191     0.04    2.81
-125330.681    21.371    -2.18    2.96
-124954.578    20.037    -3.55    2.81
-124578.476    19.191    -2.25    2.62
-124202.375    19.473     0.75    2.82
-123826.274    19.888     1.10    2.52
-123450.174    20.204     0.84    2.14
-123074.075    20.353     0.40    2.57
-122697.976    21.010     1.75    4.87
-122321.877    22.028     2.71    6.76
-121945.780    23.858     4.86    8.18
-121569.682    23.522    -0.89    7.20
-121193.586    21.730    -4.77    6.72
-120817.490    20.046    -4.48    5.95
-120441.394    18.260    -4.75    3.89
-120065.299    17.781    -1.27    2.55
-119689.205    17.920     0.37    3.00
-119313.111    18.653     1.95    3.01
-118937.018    18.599    -0.14    3.40
-118560.926    18.602     0.01    3.49
-118184.834    19.920     3.51    5.71
-117808.742    21.336     3.76    7.36
-117432.652    22.229     2.38    7.67
-117056.561    20.204    -5.38    6.25
-116680.472    18.109    -5.57    4.80
-116304.382    16.055    -5.46    2.74
-115928.294    15.650    -1.08    2.66
-115552.206    16.515     2.30    3.63
-115176.118    17.333     2.17    4.43
-114800.031    16.304    -2.73    2.55
-114423.945    15.757    -1.46    2.79
-114047.859    15.164    -1.58    3.73
-113671.774    15.986     2.19    5.11
-113295.689    17.625     4.36    6.70
-112919.605    19.546     5.11    6.40
-112543.522    19.488    -0.16    5.76
-112167.438    18.063    -3.79    5.15
-111791.356    17.704    -0.95    5.48
-111415.274    17.546    -0.42    5.99
-111039.193    17.579     0.09    6.72
-110663.031    15.704    -4.98    6.63
-110286.841    15.573    -0.35    6.55
-109910.652    16.137     1.50    6.27
-109534.463    16.947     2.16    5.70
-109158.275    17.920     2.59    4.98
-108782.088    16.593    -3.53    4.63
-108405.901    15.204    -3.69    3.98
-108029.714    13.909    -3.44    2.47
-107653.528    12.434    -3.92    2.39
-107277.343    12.204    -0.61    2.06
-106901.158    12.012    -0.51    2.12
-106524.973    12.448     1.16    2.15
-106148.789    13.109     1.76    1.88
-105772.606    13.294     0.49    3.38
-105396.423    13.371     0.20    3.67
-105020.240    14.596     3.26    4.84
-104644.059    17.915     8.82    8.33
-104267.877    22.673    12.65    8.99
-103891.696    26.012     8.88    8.48
-103515.516    30.046    10.72    7.05
-103139.336    28.260    -4.75    9.00
-102763.157    24.272   -10.60    9.44
-102386.978    22.815    -3.87    9.12
-102010.800    23.888     2.85    9.15
-101634.622    25.602     4.55    9.35
-101258.444    25.299    -0.81   10.87
-100882.267    21.283   -10.67   10.79
-100506.091    18.807    -6.58    8.99
-100129.915    22.257     9.17   11.19
 -99753.740    29.893    20.30   12.19
 -99377.565    31.504     4.28   10.90
 -99001.391    31.353    -0.40   11.34
 -98625.217    27.407   -10.49   12.04
 -98249.043    24.731    -7.11   11.16
 -97872.870    25.145     1.10   11.99
 -97496.698    25.986     2.24   11.71
 -97120.526    26.191     0.55   11.19
 -96744.354    26.093    -0.26    9.85
 -96368.183    26.704     1.62    8.63
 -95992.013    26.760     0.15    8.76
 -95615.842    22.461   -11.43   10.78
 -95239.673    17.576   -12.99    9.88
 -94863.504    13.623   -10.51    6.11
 -94487.335    11.573    -5.45    1.73
 -94111.167    11.757     0.49    2.09
 -93734.999    12.254     1.32    2.68
 -93358.832    11.731    -1.39    3.49
 -92982.665    12.029     0.79    4.68
 -92606.498    12.166     0.36    4.97
 -92230.332    13.565     3.72    6.26
 -91854.167    15.920     6.26    7.44
 -91478.002    18.758     7.54    8.64
 -91101.837    20.862     5.59    8.76
 -90725.673    22.243     3.67    8.18
 -90349.510    22.621     1.01    6.72
 -89973.346    26.904    11.39    9.32
 -89597.184    29.520     6.95    8.27
 -89221.021    32.232     7.21    6.39
 -88844.859    30.625    -4.27    6.75
 -88468.698    28.653    -5.24    6.22
 -88092.537    26.757    -5.04    5.38
 -87716.376    26.926     0.45    7.19
 -87340.216    28.499     4.18    7.73
 -86964.056    30.082     4.21    7.68
 -86587.897    30.004    -0.21    7.30
 -86211.738    30.602     1.59    7.29
 -85835.580    29.790    -2.16    6.02
 -85459.422    27.866    -5.11    4.92
 -85083.264    25.704    -5.75    4.85
 -84707.107    24.230    -3.92    4.88
 -84330.950    22.473    -4.67    4.26
 -83954.794    21.947    -1.40    4.32
 -83578.638    20.879    -2.84    3.79
 -83202.483    22.602     4.58    6.62
 -82826.327    23.299     1.85    6.88
 -82450.173    24.245     2.51    6.97
 -82074.019    24.757     1.36    7.93
 -81697.865    22.935    -4.84    6.94
 -81321.711    22.176    -2.02    7.10
 -80945.558    23.063     2.36    6.06
 -80569.406    21.371    -4.50    4.54
 -80193.253    20.525    -2.25    4.50
 -79817.102    19.422    -2.93    3.15
 -79440.950    18.923    -1.33    3.59
 -79064.799    22.272     8.90    6.75
 -78688.649    26.569    11.42    8.14
 -78312.498    28.515     5.17    7.57
 -77936.348    27.151    -3.62    8.29
 -77560.199    22.839   -11.46    6.96
 -77184.050    19.858    -7.93    3.18
 -76807.901    20.345     1.30    4.61
 -76431.753    22.602     6.00    7.21
 -76055.605    27.191    12.20    8.82
 -75679.458    29.294     5.59    7.43
 -75303.310    29.037    -0.68    7.58
 -74927.164    27.899    -3.03    7.78
 -74551.017    27.467    -1.15    6.94
 -74174.871    29.028     4.15    7.69
 -73798.726    30.218     3.16    7.25
 -73422.580    28.396    -4.84    7.12
 -73046.436    24.673    -9.90    5.12
 -72670.291    20.704   -10.55    4.66
 -72294.147    19.371    -3.54    4.49
 -71918.003    18.982    -1.03    4.06
 -71541.860    18.243    -1.97    3.43
 -71165.717    19.164     2.45    3.01
 -70789.574    19.037    -0.34    3.03
 -70413.432    20.178     3.03    4.62
 -70037.290    20.178     0.00    6.45
 -69661.148    20.028    -0.40    5.64
 -69285.007    21.037     2.68    5.24
 -68908.866    21.254     0.58    4.41
 -68532.725    21.315     0.16    4.24
 -68156.585    19.137    -5.79    5.72
 -67780.445    17.839    -3.45    6.30
 -67404.306    17.515    -0.86    7.64
 -67028.166    20.137     6.97    8.47
 -66652.028    21.586     3.85    7.04
 -66275.889    22.371     2.09    6.17
 -65899.751    21.012    -3.61    6.66
 -65523.613    18.287    -7.24    4.81
 -65147.476    18.345     0.15    5.91
 -64771.338    21.176     7.53    9.18
 -64395.202    26.178    13.30   10.68
 -64019.065    27.494     3.50   10.52
 -63642.929    23.935    -9.46   11.19
 -63266.793    19.272   -12.40    8.96
 -62890.658    15.178   -10.88    4.62
 -62514.522    13.858    -3.51    1.98
 -62138.387    13.815    -0.11    2.49
 -61762.253    14.941     2.99    3.26
 -61386.119    15.920     2.60    4.21
 -61009.985    15.677    -0.65    4.29
 -60633.851    15.326    -0.93    3.94
 -60257.718    14.704    -1.65    3.84
 -59881.585    15.781     2.86    5.16
 -59505.452    17.154     3.65    5.87
 -59129.320    17.093    -0.16    6.25
 -58753.188    16.884    -0.56    6.90
 -58377.056    16.520    -0.97    6.28
 -58000.925    15.627    -2.37    5.47
 -57624.794    15.757     0.34    4.24
 -57248.663    16.243     1.29    2.39
 -56872.532    15.287    -2.54    2.69
 -56496.402    15.245    -0.11    3.40
 -56120.272    14.832    -1.10    3.53
 -55744.142    14.247    -1.56    3.66
 -55368.013    14.268     0.06    4.49
 -54991.884    13.730    -1.43    4.28
 -54615.755    12.121    -4.28    4.33
 -54239.627    12.596     1.26    5.08
 -53863.498    14.623     5.39    5.47
 -53487.370    15.994     3.64    6.14
 -53111.243    16.579     1.56    5.54
 -52735.115    15.137    -3.84    5.57
 -52358.988    13.781    -3.60    4.83
 -51982.862    11.520    -6.01    2.32
 -51606.735    11.046    -1.26    1.15
 -51230.609    11.218     0.46    1.22
 -50854.483    11.529     0.83    1.93
 -50478.357    12.520     2.63    2.32
 -50102.232    12.974     1.21    2.49
 -49726.106    13.866     2.37    1.92
 -49349.982    14.133     0.71    1.87
 -48973.857    13.935    -0.53    1.78
 -48597.732    13.114    -2.18    1.86
 -48221.608    12.076    -2.76    2.06
 -47845.484    11.569    -1.35    2.02
 -47469.361    11.920     0.93    2.14
 -47093.237    12.407     1.29    2.01
 -46717.114    13.029     1.65    1.97
 -46340.991    13.812     2.08    1.66
 -45964.869    14.520     1.88    1.74
 -45588.747    15.073     1.47    1.72
 -45212.624    15.730     1.75    2.06
 -44836.503    16.731     2.66    2.02
 -44460.381    17.554     2.19    1.64
 -44084.260    18.283     1.94    1.80
 -43708.138    18.593     0.82    1.70
 -43332.017    19.109     1.37    1.38
 -42955.897    19.537     1.14    1.54
 -42579.776    19.515    -0.06    1.54
 -42203.656    19.499    -0.04    1.52
 -41827.536    19.761     0.70    1.43
 -41451.416    20.012     0.67    1.52
 -41075.297    19.888    -0.33    1.66
 -40699.178    19.510    -1.01    1.60
 -40323.059    19.268    -0.64    1.37
 -39946.940    19.257    -0.03    1.31
 -39570.821    19.140    -0.31    1.45
 -39194.703    19.272     0.35    1.46
 -38818.584    19.191    -0.21    1.59
 -38442.467    19.677     1.29    1.66
 -38066.349    20.114     1.16    1.37
 -37690.231    20.345     0.61    1.27
 -37314.114    20.649     0.81    1.24
 -36937.997    20.704     0.15    1.31
 -36561.880    21.191     1.29    1.71
 -36185.763    21.623     1.15    1.82
 -35809.644    21.836     0.57    1.74
 -35433.485    22.287     1.20    1.46
 -35057.326    22.079    -0.55    1.41
 -34681.168    21.625    -1.21    1.55
 -34305.010    21.109    -1.37    1.71
 -33928.852    20.576    -1.42    1.84
 -33552.694    19.915    -1.76    1.68
 -33176.537    19.388    -1.40    1.89
 -32800.379    18.812    -1.53    1.91
 -32424.222    18.499    -0.83    1.87
 -32048.065    18.482    -0.05    1.93
 -31671.908    18.063    -1.11    2.17
 -31295.752    17.781    -0.75    1.97
 -30919.595    17.234    -1.46    1.96
 -30543.439    17.137    -0.26    2.24
 -30167.283    17.731     1.58    2.41
 -29791.127    18.299     1.51    2.07
 -29414.971    18.434     0.36    2.16
 -29038.816    18.815     1.01    1.77
 -28662.660    18.599    -0.58    1.93
 -28286.505    18.345    -0.67    1.78
 -27910.350    18.336    -0.03    1.92
 -27534.195    19.230     2.38    1.96
 -27158.041    19.653     1.12    1.93
 -26781.886    19.986     0.89    1.65
 -26405.732    20.109     0.33    1.52
 -26029.577    19.730    -1.01    1.37
 -25653.423    19.482    -0.66    1.35
 -25277.269    19.140    -0.91    1.68
 -24901.116    19.020    -0.32    1.74
 -24524.962    19.360     0.91    1.66
 -24148.809    19.114    -0.65    1.52
 -23772.655    18.888    -0.60    1.41
 -23396.502    18.488    -1.06    1.57
 -23020.349    18.020    -1.24    1.47
 -22644.196    17.732    -0.77    1.36
 -22268.044    17.627    -0.28    1.48
 -21891.891    17.730     0.27    1.48
 -21515.739    17.812     0.22    1.49
 -21139.587    17.653    -0.42    1.56
 -20763.434    17.422    -0.61    1.61
 -20387.282    17.268    -0.41    1.60
 -20011.131    17.399     0.35    1.43
 -19634.979    17.550     0.40    1.53
 -19258.827    17.380    -0.45    1.83
 -18882.676    17.380     0.00    1.76
 -18506.524    17.191    -0.50    1.98
 -18130.373    17.007    -0.49    1.81
 -17754.222    17.037     0.08    1.81
 -17378.071    16.546    -1.31    1.98
 -17001.920    16.121    -1.13    1.86
 -16625.769    15.755    -0.97    1.78
 -16249.619    15.537    -0.58    1.73
 -15873.468    15.073    -1.24    1.72
 -15497.318    14.858    -0.57    1.71
 -15121.168    15.055     0.53    1.69
 -14745.018    15.573     1.37    1.76
 -14368.867    15.345    -0.60    1.80
 -13992.718    15.029    -0.84    1.86
 -13616.568    14.109    -2.44    2.19
 -13240.418    13.371    -1.96    1.94
 -12864.268    13.020    -0.93    1.82
 -12488.119    12.569    -1.20    1.70
 -12111.969    13.028     1.22    2.15
 -11735.820    13.371     0.91    2.46
 -11359.671    13.178    -0.51    2.60
 -10983.522    12.429    -1.99    2.95
 -10607.373    12.037    -1.04    2.88
 -10231.224    11.089    -2.52    2.73
  -9855.075    10.596    -1.31    2.12
  -9478.926    10.731     0.36    1.86
  -9102.777    11.573     2.24    2.20
  -8726.629    13.046     3.92    2.73
  -8350.480    14.245     3.19    3.01
  -7974.332    13.299    -2.51    3.76
  -7598.183    11.704    -4.24    5.00
  -7222.035     9.926    -4.73    6.36
  -6845.887     7.479    -6.51    6.76
  -6469.738     4.994    -6.61    7.04
  -6093.590     2.732    -6.01    5.60
  -5717.442     1.272    -3.88    4.41
  -5341.294     0.204    -2.84    3.68
  -4965.147    -0.757    -2.56    4.63
  -4588.999    -1.322    -1.50    5.06
  -4212.851    -1.134     0.50    4.97
  -3836.703    -0.771     0.96    4.57
  -3460.556     0.319     2.90    3.79
  -3084.408     1.862     4.10    4.87
  -2708.261     6.055    11.15    9.50
  -2332.113     9.730     9.77   11.02
  -1955.966    10.994     3.36   10.26
  -1579.818     9.482    -4.02    9.75
  -1203.671     7.089    -6.36    8.68
   -827.524     2.871   -11.21    5.28
   -451.377     0.781    -5.56    1.92
    -75.229     0.422    -0.95    1.69
    300.918     0.401    -0.06    1.76
    677.065     0.515     0.30    2.04
   1053.212     0.407    -0.29    1.93
   1429.359     0.191    -0.57    1.61
   1805.506     0.268     0.21    1.60
   2181.653     1.109     2.24    2.91
   2557.800     4.037     7.78    5.88
   2933.947     8.345    11.45    7.54
   3310.093    12.755    11.72    7.30
   3686.240    15.893     8.34    4.11
   4062.387    16.862     2.58    3.49
   4438.534    16.704    -0.42    2.84
   4814.680    16.732     0.07    3.22
   5190.827    17.109     1.00    3.42
   5566.974    16.596    -1.37    3.91
   5943.121    15.862    -1.95    4.32
   6319.267    15.781    -0.22    3.63
   6695.414    16.673     2.37    3.49
   7071.560    17.230     1.48    2.88
   7447.707    18.515     3.41    1.73
   7823.854    18.621     0.28    1.56
   8200.000    18.319    -0.80    1.50
   8576.147    18.055    -0.70    1.51
   8952.293    17.935    -0.32    1.25
   9328.440    17.807    -0.34    1.33
   9704.587    17.994     0.50    1.37
  10080.733    18.178     0.49    1.45
  10456.880    17.755    -1.12    1.81
  10833.026    17.961     0.55    1.79
  11209.173    18.315     0.94    1.64
  11585.320    18.191    -0.33    1.80
  11961.466    18.434     0.65    1.61
  12337.613    17.839    -1.58    1.72
  12713.759    17.434    -1.08    1.57
  13089.906    16.939    -1.31    1.60
  13466.053    16.354    -1.56    1.63
  13842.199    15.832    -1.39    1.79
  14218.346    15.787    -0.12    1.84
  14594.493    16.268     1.28    2.07
  14970.640    16.866     1.59    1.77
  15346.786    17.520     1.74    2.17
  15722.933    18.309     2.10    2.06
  16099.080    18.755     1.19    1.82
  16475.227    19.028     0.73    1.67
  16851.374    18.862    -0.44    1.73
  17227.521    18.304    -1.48    1.81
  17603.668    18.161    -0.38    1.79
  17979.815    17.758    -1.07    1.96
  18355.962    17.515    -0.65    1.68
  18732.109    17.353    -0.43    1.75
  19108.256    17.109    -0.65    1.72
  19484.403    17.065    -0.12    1.53
  19860.550    17.191     0.34    1.70
  20236.697    17.832     1.70    1.72
  20612.845    17.839     0.02    2.24
  20988.992    17.345    -1.31    2.60
  21365.139    16.862    -1.28    2.49
  21741.287    16.140    -1.92    2.11
  22117.434    15.920    -0.58    1.58
  22493.582    15.473    -1.19    1.75
  22869.729    15.093    -1.01    1.66
  23245.877    14.809    -0.75    1.71
  23622.025    14.986     0.47    1.81
  23998.172    14.763    -0.59    1.65
  24374.320    14.243    -1.38    1.86
  24750.468    13.947    -0.78    1.72
  25126.616    13.343    -1.61    1.68
  25502.764    12.947    -1.05    1.74
  25878.912    12.871    -0.20    1.86
  26255.060    12.520    -0.93    2.04
  26631.209    12.529     0.02    2.07
  27007.357    12.542     0.03    1.91
  27383.505    12.832     0.77    1.75
  27759.654    13.099     0.71    1.41
  28135.803    12.915    -0.49    1.40
  28511.951    12.812    -0.27    1.49
  28888.100    12.379    -1.15    1.49
  29264.249    12.299    -0.21    1.52
  29640.398    12.109    -0.50    1.89
  30016.547    12.191     0.22    1.98
  30392.696    11.790    -1.07    1.93
  30768.845    11.909     0.32    1.79
  31144.994    11.832    -0.20    1.70
  31521.144    11.982     0.40    1.63
  31897.293    12.353     0.99    1.80
  32273.443    12.621     0.71    1.83
  32649.592    12.362    -0.69    1.85
  33025.742    12.054    -0.82    1.85
  33401.892    11.893    -0.43    1.79
  33778.042    11.546    -0.92    1.76
  34154.192    11.678     0.35    1.92
  34530.342    11.986     0.82    1.76
  34906.493    11.650    -0.89    1.76
  35282.643    10.804    -2.25    2.00
  35658.794    10.520    -0.76    1.78
  36034.944    10.515    -0.01    1.78
  36411.095    10.596     0.22    1.63
  36787.246    10.954     0.95    1.73
  37163.397    11.499     1.45    1.63
  37539.548    11.858     0.95    1.68
  37915.699    12.361     1.34    1.70
  38291.851    12.807     1.18    1.70
  38668.002    13.353     1.45    1.77
  39044.154    13.649     0.79    1.84
  39420.295    14.268     1.65    2.11
  39796.422    14.967     1.86    2.06
  40172.549    15.396     1.14    2.15
  40548.675    16.309     2.43    2.09
  40924.802    16.807     1.32    1.96
  41300.929    17.371     1.50    1.88
  41677.057    17.179    -0.51    2.21
  42053.184    16.396    -2.08    2.49
  42429.312    15.590    -2.14    2.41
  42805.439    14.677    -2.43    1.91
  43181.567    13.461    -3.23    1.83
  43557.695    12.461    -2.66    2.68
  43933.823    12.415    -0.12    3.09
  44309.951    12.542     0.34    3.94
  44686.080    12.781     0.64    3.96
  45062.208    13.704     2.45    3.50
  45438.337    14.055     0.93    3.15
  45814.466    14.422     0.97    2.87
  46190.595    15.283     2.29    2.69
  46566.724    16.178     2.38    1.56
  46942.854    15.843    -0.89    1.79
  47318.983    14.858    -2.62    2.01
  47695.113    13.704    -3.07    2.43
  48071.243    13.243    -1.23    2.48
  48447.373    13.473     0.61    2.57
  48823.503    14.522     2.79    3.09
  49199.634    16.272     4.65    3.11
  49575.764    16.812     1.44    2.94
  49951.895    17.283     1.25    3.23
  50328.026    17.941     1.75    4.12
  50704.157    18.510     1.51    4.59
  51080.288    19.037     1.40    4.40
  51456.420    18.473    -1.50    4.34
  51832.551    17.893    -1.54    3.53
  52208.683    17.488    -1.08    2.52
  52584.815    17.336    -0.40    2.17
  52960.948    17.832     1.32    2.18
  53337.080    18.434     1.60    2.22
  53713.213    19.448     2.70    2.99
  54089.346    20.871     3.78    3.75
  54465.479    21.499     1.67    4.44
  54841.612    21.986     1.30    4.30
  55217.745    23.017     2.74    4.53
  55593.879    24.063     2.78    3.76
  55970.013    25.028     2.57    3.54
  56346.147    24.623    -1.08    3.83
  56722.281    21.832    -7.42    6.59
  57098.415    17.947   -10.33    9.12
  57474.550    13.422   -12.03    9.08
  57850.685     9.576   -10.23    8.36
  58226.820     6.839    -7.28    6.86
  58602.955     6.625    -0.57    6.93
  58979.091     7.499     2.32    8.40
  59355.227     9.345     4.91    8.81
  59731.363    11.974     6.99    9.08
  60107.499    15.336     8.94    8.54
  60483.635    17.055     4.57    8.90
  60859.772    18.515     3.88    8.01
  61235.909    16.245    -6.04    9.95
  61612.046    11.642   -12.24   10.70
  61988.183     7.217   -11.76    8.38
  62364.321     6.140    -2.86    6.32
  62740.459     9.093     7.85    7.09
  63116.597    10.191     2.92    7.04
  63492.735     9.176    -2.70    7.35
  63868.874     7.653    -4.05    6.87
  64245.013     5.178    -6.58    5.30
  64621.152     7.758     6.86    7.37
  64997.291     9.785     5.39    8.21
  65373.430    15.012    13.90    9.83
  65749.570    18.265     8.65    8.98
  66125.710    20.537     6.04    8.31
  66501.850    21.283     1.98    7.50
  66877.991    19.785    -3.98    7.83
  67254.132    17.839    -5.17    7.30
  67630.273    14.785    -8.12    8.28
  68006.414    11.647    -8.34    8.30
  68382.556     9.704    -5.17    7.13
  68758.697     7.279    -6.45    5.83
  69134.839     7.569     0.77    6.81
  69510.982     7.576     0.02    7.34
  69887.124     8.510     2.48    8.02
  70263.267     7.783    -1.93    6.78
  70639.410     9.140     3.61    6.62
  71015.554     9.678     1.43    6.89
  71391.698    11.871     5.83    7.44
  71767.842    12.651     2.08    7.37
  72143.986    11.063    -4.22    7.58
  72520.130     9.426    -4.35    7.25
  72896.275     9.166    -0.69    6.41
  73272.420     8.546    -1.65    5.09
  73648.566     9.137     1.57    5.67
  74024.711    10.407     3.38    5.83
  74400.857     7.893    -6.68    5.59
  74777.003     6.627    -3.37    5.46
  75153.150     6.329    -0.79    5.76
  75529.297     7.461     3.01    6.62
  75905.444     9.422     5.21    7.78
  76281.591    11.888     6.56    8.32
  76657.739    13.099     3.22    8.42
  77033.887    15.812     7.21    8.57
  77410.035    18.954     8.35    7.38
  77786.184    22.783    10.18    3.84
  78162.333    22.704    -0.21    4.77
  78538.482    20.941    -4.69    5.25
  78914.632    21.149     0.55    3.69
  79290.781    20.166    -2.61    3.68
  79666.932    18.884    -3.41    3.84
  80043.082    18.847    -0.10    3.99
  80419.233    18.758    -0.24    3.13
  80795.384    19.893     3.02    3.12
  81171.535    20.515     1.65    2.62
  81547.687    21.704     3.16    3.33
  81923.839    22.353     1.72    3.08
  82299.991    22.073    -0.74    3.77
  82676.144    21.836    -0.63    3.60
  83052.297    19.884    -5.19    4.41
  83428.451    19.758    -0.33    5.07
  83804.604    19.129    -1.67    5.53
  84180.758    19.730     1.60    5.90
  84556.913    19.843     0.30    6.54
  84933.067    20.055     0.56    6.75
  85309.222    20.926     2.32    5.60
  85685.378    21.573     1.72    4.66
  86061.533    22.012     1.17    4.71
  86437.689    24.068     5.47    3.03
  86813.846    24.836     2.04    2.33
  87190.002    25.137     0.80    1.76
  87566.160    24.482    -1.74    1.62
  87942.317    23.858    -1.66    2.24
  88318.475    23.704    -0.41    2.21
  88694.633    23.268    -1.16    3.01
  89070.791    23.037    -0.61    4.15
  89446.950    23.362     0.86    4.46
  89823.109    23.164    -0.53    4.13
  90199.269    24.986     4.85    2.53
  90575.429    25.935     2.52    2.17
  90951.589    26.287     0.94    2.31
  91327.750    26.596     0.82    2.92
  91703.911    27.326     1.94    3.16
  92080.072    27.947     1.65    3.08
  92456.234    27.546    -1.07    3.06
  92832.396    26.616    -2.47    3.27
  93208.558    24.604    -5.35    3.44
  93584.721    23.678    -2.46    2.89
  93960.884    22.871    -2.15    2.93
  94337.048    22.653    -0.58    3.15
  94713.212    23.151     1.33    3.44
  95089.376    23.651     1.33    3.53
  95465.541    24.494     2.24    3.86
  95841.706    24.550     0.15    3.51
  96217.871    24.488    -0.17    3.33
  96594.037    25.020     1.41    3.34
  96970.204    26.504     3.95    3.08
  97346.370    27.504     2.66    2.71
  97722.537    27.353    -0.40    2.52
  98098.705    27.028    -0.86    2.72
  98474.872    26.272    -2.01    3.05
  98851.041    25.218    -2.80    3.11
  99227.209    24.760    -1.22    3.17
  99603.378    25.089     0.87    3.55
  99979.548    26.125     2.76    3.45
 100355.718    26.461     0.89    2.95
 100731.888    26.884     1.12    2.67
 101108.059    27.125     0.64    2.32
 101484.230    27.627     1.33    2.33
 101860.401    27.272    -0.95    2.89
 102236.573    27.499     0.60    2.97
 102612.745    27.787     0.77    3.03
 102988.918    27.309    -1.27    2.77
 103365.091    27.415     0.28    2.51
 103741.265    27.017    -1.06    2.16
 104117.438    26.499    -1.38    2.53
 104493.613    26.407    -0.25    2.50
 104869.788    26.565     0.42    2.37
 105245.963    27.326     2.02    3.01
 105622.139    27.704     1.01    3.08
 105998.315    27.283    -1.12    3.59
 106374.491    27.217    -0.18    3.58
 106750.668    26.920    -0.79    3.39
 107126.845    27.089     0.45    3.31
 107503.023    27.371     0.75    2.90
 107879.202    26.704    -1.77    3.09
 108255.380    25.785    -2.44    3.18
 108631.559    24.781    -2.67    3.08
 109007.739    24.920     0.37    3.47
 109383.919    24.920     0.00    3.08
 109760.099    25.839     2.44    3.07
 110136.280    26.485     1.72    2.25
 110512.462    26.525     0.10    2.09
 110888.643    26.858     0.89    2.29
 111264.826    27.149     0.77    2.45
 111641.008    26.704    -1.18    2.55
 112017.192    25.954    -1.99    3.01
 112393.375    24.230    -4.58    5.38
 112769.559    22.473    -4.67    6.33
 113145.744    22.839     0.97    7.44
 113521.929    24.730     5.03    7.44
 113898.114    25.520     2.10    7.62
 114274.300    27.678     5.74    6.54
 114650.424    28.839     3.09    6.40
 115026.525    29.422     1.55    6.57
 115402.627    30.599     3.13    5.08
 115778.730    31.028     1.14    2.77
 116154.832    30.677    -0.93    2.25
 116530.936    29.537    -3.03    2.82
 116907.040    29.191    -0.92    3.04
 117283.144    29.243     0.14    3.06
 117659.249    29.104    -0.37    3.28
 118035.354    29.678     1.53    3.08
 118411.460    30.037     0.95    2.80
 118787.566    30.426     1.03    2.89
 119163.672    30.755     0.87    2.93
 119539.780    31.677     2.45    3.05
 119915.887    32.230     1.47    2.63
 120291.995    32.204    -0.07    2.32
 120668.104    32.054    -0.40    2.44
 121044.213    32.109     0.15    2.30
 121420.323    30.979    -3.01    4.03
 121796.433    30.473    -1.34    5.05
 122172.544    27.593    -7.66    6.96
 122548.655    25.272    -6.17    7.47
 122924.766    25.515     0.65    7.08
 123300.879    26.204     1.83    7.27
 123676.991    27.729     4.05    6.22
 124053.104    30.055     6.19    3.51
 124429.218    29.329    -1.93    6.50
 124805.332    29.467     0.37    6.28
 125181.447    29.494     0.07    7.53
 125557.562    27.230    -6.02   10.94
 125933.678    25.396    -4.88   11.91
 126309.794    22.467    -7.79   12.63
 126685.911    19.426    -8.09   12.71
 127062.028    16.602    -7.51   11.97
 127438.146    13.815    -7.41   11.12
 127814.264    12.104    -4.55    9.13
 128190.383    10.371    -4.61    6.81
 128566.503     8.790    -4.20    5.66
 128942.623     7.569    -3.25    4.57
 129318.743     6.866    -1.87    3.60
 129694.864     8.994     5.66    6.47
 130070.986     9.576     1.55    6.56
 130447.108    10.760     3.15    6.85
 130823.230    12.858     5.58    8.29
 131199.354    15.499     7.02   10.28
 131575.477    18.020     6.70   11.72
 131951.602    22.704    12.45   10.59
 132327.726    26.704    10.63    8.41
 132703.852    30.243     9.41    4.28
 133079.978    29.954    -0.77    5.29
 133456.104    29.909    -0.12    3.73
 133832.231    29.510    -1.06    5.89
 134208.358    28.809    -1.86    6.24
 134584.487    26.935    -4.98    6.73
 134960.615    25.704    -3.27    7.54
 135336.744    26.758     2.80    6.72
 135712.874    28.073     3.49    6.37
 136089.005    29.461     3.69    6.15
 136465.136    31.268     4.81    4.33
 136841.267    32.785     4.03    3.07
 137217.399    33.371     1.56    2.57
 137593.532    33.602     0.61    2.50
 137969.665    33.781     0.48    2.55
 138345.799    34.461     1.81    2.88
 138721.933    35.473     2.69    2.44
 139098.068    34.268    -3.20    2.65
 139474.203    33.649    -1.65    2.50
 139850.339    32.920    -1.94    3.00
 140226.476    32.650    -0.72    2.63
 140602.613    32.758     0.29    2.61
 140978.751    33.230     1.26    2.38
 141354.889    33.579     0.93    1.68
 141731.028    33.704     0.33    1.88
 142107.168    33.550    -0.41    2.10
 142483.308    33.343    -0.55    1.91
 142859.449    32.704    -1.70    2.24
 143235.590    31.515    -3.16    2.62
 143611.732    29.576    -5.16    3.56
 143987.875    27.678    -5.05    4.22
 144364.018    25.967    -4.55    3.91
 144740.162    24.812    -3.07    3.06
 145116.306    25.114     0.80    2.84
 145492.451    25.529     1.10    2.68
 145868.597    25.399    -0.35    2.16
 146244.743    25.677     0.74    2.14
 146620.889    26.082     1.08    2.46
 146997.037    26.055    -0.07    2.47
 147373.185    26.164     0.29    2.73
 147749.333    26.047    -0.31    3.09
 148125.483    25.254    -2.11    2.71
 148501.633    25.037    -0.58    2.62
 148877.783    24.542    -1.32    2.23
 149253.934    24.037    -1.34    2.13
 149630.086    23.862    -0.47    1.81
 150006.238    23.309    -1.47    1.70
 150382.391    22.888    -1.12    1.80
 150758.545    22.807    -0.22    1.80
 151134.699    22.593    -0.57    1.72
 151510.854    22.651     0.16    1.80
 151887.009    22.345    -0.81    1.80
 152263.165    21.676    -1.78    1.96
 152639.322    21.576    -0.26    1.92
 153015.480    21.569    -0.02    1.97
 153391.638    21.839     0.72    2.08
 153767.796    21.785    -0.14    2.01
 154143.956    21.676    -0.29    1.83
 154520.116    21.294    -1.02    1.60
 154896.276    21.279    -0.04    1.62
 155272.438    21.191    -0.24    1.61
 155648.600    20.979    -0.56    1.77
 156024.762    20.967    -0.03    1.87
 156400.925    20.935    -0.09    1.65
 156777.089    21.055     0.32    1.60
 157153.254    20.935    -0.32    1.71
 157529.419    20.649    -0.76    1.57
 157905.585    20.947     0.79    1.74
 158281.751    21.388     1.17    1.90
 158657.918    21.561     0.46    1.88
 159034.086    21.781     0.58    1.88
 159410.255    22.114     0.89    1.68
 159786.424    22.121     0.02    1.87
 160162.594    23.082     2.56    1.98
 160538.764    24.055     2.59    1.90
 160914.936    24.573     1.37    2.11
 161291.107    25.704     3.01    1.62
 161667.280    26.326     1.65    1.42
 162043.453    26.678     0.94    1.39
 162419.627    27.178     1.33    1.06
 162795.802    27.388     0.56    1.04
 163171.977    28.001     1.63    1.29
 163548.153    28.504     1.34    1.34
 163924.330    29.046     1.44    1.38
 164300.507    29.434     1.03    1.54
 164676.685    29.623     0.50    1.44
 165052.864    29.704     0.22    1.50
 165429.043    30.294     1.57    1.41
 165805.223    30.602     0.82    1.39
 166181.404    31.322     1.91    1.23
 166557.586    32.380     2.81    1.72
 166933.768    33.272     2.37    2.10
 167309.951    34.488     3.23    2.04
 167686.134    35.499     2.69    1.70
 168062.319    35.974     1.26    1.56
 168438.504    35.627    -0.92    1.61
 168814.689    35.178    -1.19    1.54
 169190.876    34.499    -1.80    1.56
 169567.063    33.704    -2.11    1.13
 169943.251    33.802     0.26    1.37
 170319.439    33.550    -0.67    1.58
 170695.629    33.676     0.34    1.87
 171071.819    34.028     0.94    1.94
 171448.009    34.191     0.43    1.71
 171824.201    34.407     0.57    1.75
 172200.393    34.012    -1.05    2.61
 172576.586    33.410    -1.60    3.27
 172952.780    33.037    -0.99    3.21
 173328.974    33.573     1.42    3.26
 173705.169    34.232     1.75    2.41
 174081.365    34.550     0.85    1.68
 174457.562    34.272    -0.74    1.80
 174833.759    33.915    -0.95    1.71
 175209.957    33.625    -0.77    1.51
 175586.156    33.807     0.48    1.43
 175962.355    33.866     0.16    1.40
 176338.556    33.884     0.05    1.55
 176714.757    33.654    -0.61    1.68
 177090.958    33.010    -1.71    1.82
 177467.161    33.028     0.05    1.72
 177843.364    32.920    -0.29    1.53
 178219.568    33.245     0.86    1.41
 178595.773    33.704     1.22    1.51
 178971.978    34.018     0.84    1.47
 179348.185    34.479     1.22    1.40
 179724.392    34.388    -0.24    1.44
 180100.599    34.218    -0.45    1.17
 180476.808    34.140    -0.21    1.17
 180853.017    34.046    -0.25    1.38
 181229.227    34.020    -0.07    1.44
 181605.438    33.812    -0.55    1.66
 181981.650    33.858     0.12    1.60
 182357.862    34.010     0.40    1.62
 182734.075    34.448     1.16    1.52
 183110.289    34.627     0.48    1.48
 183486.504    34.860     0.62    1.57
 183862.720    35.488     1.67    1.36
 184238.936    35.866     1.01    1.69
 184615.153    35.947     0.22    1.86
 184991.371    35.866    -0.22    1.62
 185367.589    35.815    -0.14    1.51
 185743.809    35.467    -0.92    1.26
 186120.029    35.345    -0.32    1.09
 186496.250    35.082    -0.70    1.23
 186872.471    34.915    -0.45    1.23
 187248.694    34.602    -0.83    1.17
 187624.917    34.319    -0.75    1.35
 188001.141    34.218    -0.27    1.50
 188377.366    34.217    -0.00    1.67
 188753.592    34.082    -0.36    1.95
 189129.819    33.515    -1.51    2.11
 189506.036    33.309    -0.55    1.82
 189882.106    33.235    -0.20    1.85
 190258.177    33.166    -0.19    2.00
 190634.249    32.967    -0.53    1.81
 191010.321    33.232     0.70    1.48
 191386.394    32.650    -1.55    2.22
 191762.469    32.482    -0.45    2.53
 192138.543    32.073    -1.09    2.78
 192514.619    31.499    -1.53    3.15
 192890.696    31.055    -1.18    2.97
 193266.773    29.935    -2.98    2.88
 193642.851    29.653    -0.75    2.62
 194018.930    28.986    -1.77    2.36
 194395.010    28.569    -1.11    1.92
 194771.090    28.779     0.56    2.03
 195147.172    28.704    -0.20    2.54
 195523.254    29.164     1.22    2.63
 195899.337    29.055    -0.29    2.61
 196275.421    29.431     1.00    2.50
 196651.506    30.499     2.84    2.18
 197027.591    31.217     1.91    2.35
 197403.678    31.871     1.74    2.10
 197779.765    32.422     1.47    1.65
 198155.853    32.565     0.38    1.66
 198531.942    32.467    -0.26    1.57
 198908.032    32.550     0.22    1.79
 199284.122    32.704     0.41    1.97
 199660.214    33.125     1.12    1.60
 200036.306    33.627     1.33    1.31
 200412.399    33.704     0.20    1.57
 200788.493    33.785     0.22    1.66
 201164.588    33.961     0.47    1.55
 201540.684    33.986     0.07    1.36
 201916.780    34.121     0.36    1.23
 202292.878    34.109    -0.03    1.32
 202668.976    34.037    -0.19    1.51
 203045.075    33.704    -0.89    1.58
 203421.175    33.554    -0.40    1.63
 203797.276    33.371    -0.49    1.60
 204173.378    33.279    -0.24    1.50
 204549.480    33.299     0.05    1.44
 204925.584    33.109    -0.50    1.57
 205301.688    33.230     0.32    1.43
 205677.794    33.283     0.14    1.41
 206053.900    33.353     0.19    1.42
 206430.007    33.974     1.65    1.28
 206806.114    34.345     0.99    1.40
 207182.223    34.343    -0.01    1.40
 207558.333    34.054    -0.77    1.55
 207934.443    33.441    -1.63    1.77
 208310.555    33.149    -0.78    1.56
 208686.667    32.758    -1.04    1.47
 209062.780    32.482    -0.73    1.69
 209438.894    32.319    -0.43    1.65
 209815.009    32.832     1.36    1.81
 210191.125    33.245     1.10    1.52
 210567.242    33.429     0.49    1.52
 210943.359    33.961     1.41    1.23
 211319.478    33.836    -0.33    1.28
 211695.597    33.839     0.01    1.34
 212071.718    33.704    -0.36    1.32
 212447.839    33.473    -0.61    1.37
 212823.961    33.232    -0.64    1.46
 213200.084    32.730    -1.34    1.63
 213576.208    32.232    -1.32    1.90
 213952.333    31.986    -0.65    1.86
 214328.459    32.089     0.27    1.82
 214704.586    32.250     0.43    2.03
 215080.713    33.001     2.00    1.93
 215456.842    33.677     1.80    1.62
 215832.971    33.839     0.43    1.55
 216209.101    33.627    -0.56    1.55
 216585.233    33.272    -0.95    1.61
 216961.365    33.089    -0.49    1.66
 217337.498    33.012    -0.20    1.66
 217713.632    33.576     1.50    1.49
 218089.767    33.434    -0.38    1.52
 218465.903    33.757     0.86    1.52
 218842.040    34.257     1.33    1.75
 219218.178    34.760     1.34    1.74
 219594.317    35.028     0.71    1.60
 219970.456    35.461     1.15    1.52
 220346.597    36.046     1.56    1.60
 220722.738    36.294     0.66    1.46
 221098.881    36.735     1.17    1.26
 221475.024    36.678    -0.15    1.35
 221851.169    36.046    -1.68    1.71
 222227.314    35.871    -0.47    1.78
 222603.460    35.525    -0.92    1.73
 222979.608    35.326    -0.53    1.71
 223355.756    35.319    -0.02    1.83
 223731.905    35.448     0.34    1.80
 224108.055    34.967    -1.28    2.51
 224484.206    33.888    -2.87    2.52
 224860.358    33.037    -2.26    2.53
 225236.511    32.151    -2.36    2.23
 225612.665    31.149    -2.67    2.79
 225988.820    29.839    -3.48    3.30
 226364.976    27.920    -5.10    3.18
 226741.133    26.731    -3.16    2.80
 227117.290    26.596    -0.36    2.59
 227493.449    28.329     4.61    3.20
 227869.609    30.884     6.79    2.84
 228245.770    32.602     4.57    2.43
 228621.931    33.399     2.12    1.72
 228998.094    33.140    -0.69    2.02
 229374.258    32.542    -1.59    2.03
 229750.422    32.336    -0.55    1.42
 230126.588    32.994     1.75    1.78
 230502.754    34.396     3.73    2.61
 230878.922    36.082     4.48    2.94
 231255.091    37.362     3.40    2.26
 231631.260    38.079     1.91    1.63
 232007.431    38.218     0.37    1.84
 232383.602    38.028    -0.50    1.49
 232759.775    37.515    -1.37    1.85
 233135.948    36.812    -1.87    2.13
 233512.123    35.704    -2.95    1.83
 233888.298    35.260    -1.18    1.52
 234264.475    35.504     0.65    1.52
 234640.653    35.550     0.12    1.46
 235016.831    35.596     0.12    1.43
 235393.011    35.525    -0.19    1.60
 235769.191    35.441    -0.22    1.39
 236145.373    35.851     1.09    1.62
 236521.555    36.104     0.67    1.83
