#  314.188  -0.742   2.139 ;Mean Elev.(m), Avg Gradient(m/km), RMS Gradient(m/km) - SRTM1     
#  302.869  -1.242   3.947 ;Mean Elev.(m), Avg Gradient(m/km), RMS Gradient(m/km) - ASTER GDEM
#  314.412  -0.382   1.703 ;Mean Elev.(m), Avg Gradient(m/km), RMS Gradient(m/km) - GMTED2010 
  7  18.568303   1.095021   311.867   311.914  3 52473.86470184 48.928
  8  18.572875   1.103535   311.991   312.029  3 52508.86466954 53.018
  9  18.576441   1.106999   312.313   312.313  2 52543.86466302 28.395
 10  18.569415   1.097029   313.194   313.204  3 52578.86470497 51.960
 11  18.569363   1.097706   313.839   313.836  4 52613.86467118 41.049
 12  18.573504   1.104675   314.384   314.370  3 52648.86465364 51.593
 13  18.576884   1.106487   312.841   312.841  2 52683.86463276 53.064
 14  18.569736   1.099632   312.072   312.109  3 52718.86468668 53.524
 16  18.570792   1.100226   312.850   312.854  3 52788.86465841 50.109
 17  18.572174   1.102777   312.270   312.264  4 52823.86472963 51.516
 18  18.573962   1.105138   312.374   312.390  3 52858.86477639 52.018
 19  18.569527   1.096879   313.069   313.069  3 52893.86480623 51.318
 20  18.569438   1.098844   313.197   313.291  3 52928.86475685 46.213
 21  18.575459   1.105351   313.978   313.975  3 52963.86474053 50.393
 22  18.567669   1.095308   313.905   313.935  3 52998.86477566 51.999
 23  18.569592   1.100576   312.808   312.819  4 53033.86472978 51.911
 24  18.572808   1.102633   312.009   312.009  3 53068.86474513 52.958
 25  18.569429   1.097905   311.845   311.881  4 53103.86473089 47.789
 26  18.573654   1.103746   312.599   312.599  2 53138.86475027 54.713
 27  18.570521   1.100135   311.621   311.611  4 53173.86478989 52.618
 28  18.569814   1.100385   310.555   310.512  3 53208.86480628 37.856
 29  18.573684   1.101933   312.129   312.048  3 53243.86477393 50.896
 30  18.570831   1.100944   311.519   311.534  3 53278.86475209 45.894
 31  18.570695   1.099558   312.831   312.838  4 53313.86477761 49.843
 32  18.573831   1.103845   313.475   313.475  2 53348.86474399 52.261
 33  18.571833   1.102209   313.274   313.255  3 53383.86471583 52.711
 34  18.578632   1.107684   312.459   312.459  2 53418.86472440 48.547
 35  18.573476   1.104365   311.629   311.673  3 53453.86472904 53.665
 37  18.573978   1.103973   312.258   312.258  2 53523.86480226 52.699
 39  18.577337   1.106917   311.519   311.519  2 53593.86476625 51.979
 40  18.566714   1.095403   311.641   311.654  3 53628.86475652 48.100
 41  18.569224   1.097278   312.218   312.216  3 53663.86478098 47.932
 42  18.572902   1.102434   313.617   313.618  3 53698.86474133 51.261
 43  18.575719   1.105287   312.498   312.498  2 53733.86466422 53.709
 44  18.576307   1.107398   311.696   311.696  2 53768.86464689 53.429
 45  18.575406   1.104280   311.796   311.909  3 53803.86464283 43.387
 46  18.570875   1.100310   312.270   312.288  4 53838.86466054 51.252
 47  18.572539   1.102001   311.951   311.910  3 53873.86470821 52.779
 48  18.567827   1.095972   311.572   311.561  3 53908.86475111 41.806
 50  18.570220   1.099743   311.971   311.919  4 53978.86472510 31.600
 51  18.572779   1.103633   312.365   312.374  3 54013.86473839 51.791
 52  18.577686   1.106538   313.026   313.026  2 54048.86474514 50.395
 54  18.572241   1.101872   313.891   313.905  4 54118.86466602 51.649
 55  18.570745   1.101446   312.836   312.846  3 54153.86469211 48.711
 56  18.572219   1.102401   312.605   312.597  4 54188.86466098 50.527
 57  18.570698   1.101127   312.576   312.578  4 54223.86470219 51.598
 58  18.571731   1.102252   312.645   312.643  4 54258.86472421 50.827
 59  18.572441   1.103552   312.218   312.218  3 54293.86472723 51.900
 60  18.573271   1.105170   312.562   312.559  3 54328.86472174 51.345
 61  18.572081   1.102775   312.885   312.882  4 54363.86466850 49.907
 62  18.573532   1.102921   313.614   313.600  3 54398.86466163 50.998
 63  18.573093   1.103610   314.016   314.016  3 54433.86461945 51.499
 64  18.574135   1.102551   314.164   314.164  3 54468.86464436 52.614
 65  18.572506   1.103487   313.084   313.082  3 54503.86463479 51.178
 66  18.573302   1.103495   312.308   312.308  4 54538.86465975 50.893
 67  18.572769   1.104088   312.456   312.461  3 54573.86463577 51.868
 68  18.571760   1.102483   312.008   312.012  4 54608.86465309 49.617
 69  18.571634   1.101663   312.258   312.254  3 54643.86466067 47.895
 70  18.570972   1.102098   311.788   311.803  3 54678.86466246 53.179
 71  18.573471   1.103675   312.337   312.341  3 54713.86461508 51.812
 72  18.571149   1.102217   312.540   312.557  4 54748.86463216 50.913
 73  18.572789   1.104206   313.471   313.453  3 54783.86460207 52.042
 74  18.572390   1.102337   313.833   313.827  3 54818.86462435 51.874
 75  18.572897   1.102902   312.215   312.216  3 54853.86459933 20.861
 76  18.570851   1.100609   312.702   312.702  3 54888.86462869 44.047
 77  18.570869   1.101383   312.361   312.376  3 54923.86459835 52.051
 78  18.570777   1.100796   313.034   313.031  4 54958.86462660 51.857
 79  18.569752   1.099780   313.008   312.992  3 54993.86464864 47.934
 80  18.572131   1.101832   312.136   312.127  3 55028.86463868 51.702
 81  18.572549   1.102287   311.744   311.777  3 55063.86463080 51.823
 82  18.571112   1.101878   312.037   312.045  4 55098.86457607 52.184
 83  18.571958   1.101297   313.014   313.009  3 55133.86457432 53.445
 84  18.573407   1.103318   313.671   313.654  3 55168.86453930 50.995
 85  18.571709   1.100855   313.796   313.804  3 55203.86456742 51.545
 86  18.571641   1.102118   313.053   313.045  4 55238.86454636 50.916
 87  18.571774   1.102258   313.373   313.388  3 55273.86456099 51.266
 88  18.572762   1.102682   313.974   313.957  3 55308.86452992 51.597
 89  18.573265   1.101710   313.596   313.586  3 55343.86452998 44.545
 90  18.572429   1.102475   312.866   312.865  3 55378.86452435 49.576
 91  18.572399   1.101943   312.705   312.700  3 55413.86454938 50.457
 92  18.573011   1.102561   312.119   312.083  3 55448.86453796 20.058
 93  18.573675   1.102190   312.125   312.093  3 55483.86446443 51.133
