# NaN NaN NaN ;Mean Elev.(m), Avg Gradient(m/km), RMS Gradient(m/km) - SRTM1     
# NaN NaN NaN ;Mean Elev.(m), Avg Gradient(m/km), RMS Gradient(m/km) - ASTER GDEM
#  304.099  -0.447   2.616 ;Mean Elev.(m), Avg Gradient(m/km), RMS Gradient(m/km) - GMTED2010 
  7   301.136 52475.36647564 21.59  18.062066  -0.217940 20.067
  7   300.919 52475.36647628 19.64  18.061346  -0.221240 20.067
  7   300.817 52475.36647693 15.55  18.060616  -0.224550 20.067
  7   301.039 52475.36647757 14.82  18.059886  -0.227850 20.067
  7   301.197 52475.36647821 14.66  18.059166  -0.231160 20.067
  7   301.527 52475.36647886 15.34  18.058436  -0.234470 20.067
  7   301.534 52475.36647950 18.40  18.057706  -0.237770 20.067
  7   301.675 52475.36648015 20.17  18.056986  -0.241080 20.067
  8   301.033 52510.36642989 18.93  18.074681  -0.203559  8.745
  8   301.046 52510.36643054 19.16  18.073951  -0.206869  8.745
  8   301.198 52510.36643118 23.17  18.073231  -0.210179  8.745
  8   301.210 52510.36643183 23.56  18.072501  -0.213479  8.745
  8   301.108 52510.36643247 27.42  18.071771  -0.216789  8.745
  8   301.491 52510.36643312 21.07  18.071051  -0.220089  8.745
  8   302.033 52510.36643376 17.97  18.070321  -0.223399  8.745
  9   302.292 52545.36644165 52.62  18.072961  -0.205026 31.670
  9   302.253 52545.36644230 53.28  18.072241  -0.208326 31.670
  9   302.238 52545.36644294 51.65  18.071511  -0.211636 31.670
  9   302.210 52545.36644358 52.72  18.070781  -0.214936 31.670
  9   302.189 52545.36644423 52.33  18.070061  -0.218246 31.670
  9   302.184 52545.36644487 55.18  18.069331  -0.221556 31.670
  9   302.169 52545.36644552 53.95  18.068601  -0.224856 31.670
 10   302.947 52580.36647290 51.74  18.066675  -0.212603 52.124
 10   302.940 52580.36647355 52.14  18.065945  -0.215903 52.124
 10   302.935 52580.36647419 52.91  18.065225  -0.219213 52.124
 10   302.926 52580.36647484 52.67  18.064495  -0.222523 52.124
 10   302.920 52580.36647548 52.20  18.063775  -0.225823 52.124
 10   302.911 52580.36647613 52.67  18.063045  -0.229133 52.124
 11   303.678 52615.36644222 50.95  18.063753  -0.215799 49.344
 11   303.676 52615.36644286 51.59  18.063033  -0.219109 49.344
 11   303.657 52615.36644351 50.78  18.062303  -0.222419 49.344
 11   303.607 52615.36644415 51.53  18.061583  -0.225719 49.344
 11   303.589 52615.36644480 51.50  18.060853  -0.229029 49.344
 11   303.587 52615.36644544 51.16  18.060123  -0.232329 49.344
 11   303.569 52615.36644609 50.60  18.059403  -0.235639 26.182
 11   303.535 52615.36644673 50.71  18.058673  -0.238939 26.182
 12   303.841 52650.36641791 32.34  18.074751  -0.204160 37.624
 12   303.810 52650.36641856 33.18  18.074021  -0.207470 37.624
 12   303.820 52650.36641920 36.65  18.073301  -0.210770 37.624
 12   303.867 52650.36641985 43.59  18.072571  -0.214080 37.624
 12   303.920 52650.36642049 46.10  18.071841  -0.217380 37.624
 12   303.856 52650.36642113 45.49  18.071121  -0.220690 37.624
 13   302.246 52685.36640403 51.42  18.074813  -0.203404 50.024
 13   302.233 52685.36640467 50.14  18.074083  -0.206714 50.024
 13   302.224 52685.36640532 49.41  18.073353  -0.210024 50.024
 13   302.211 52685.36640596 51.71  18.072633  -0.213324 50.024
 13   302.189 52685.36640661 51.07  18.071903  -0.216634 50.024
 13   302.093 52685.36640725 50.71  18.071173  -0.219934 50.024
 13   302.118 52685.36640790 49.95  18.070453  -0.223244 50.024
 14   301.398 52720.36645743 52.29  18.066909  -0.211719 36.238
 14   301.379 52720.36645808 52.27  18.066189  -0.215019 36.238
 14   301.337 52720.36645872 53.56  18.065459  -0.218329 36.238
 14   301.314 52720.36645937 53.19  18.064729  -0.221629 36.238
 14   301.301 52720.36646001 53.29  18.064009  -0.224939 36.238
 14   301.260 52720.36646066 52.25  18.063279  -0.228239 36.238
 15   301.149 52755.36648286 24.61  18.054629  -0.219526 26.412
 15   301.358 52755.36648350 29.26  18.053909  -0.222826 26.412
 15   301.421 52755.36648415 35.25  18.053179  -0.226136 26.412
 15   301.441 52755.36648479 39.79  18.052449  -0.229436 26.412
 15   301.452 52755.36648544 45.32  18.051728  -0.232747 17.159
 15   301.482 52755.36648608 39.38  18.050998  -0.236047 17.159
 15   301.053 52755.36648673 29.75  18.050278  -0.239357 17.159
 15   301.042 52755.36648737 25.85  18.049548  -0.242657 17.159
 15   301.211 52755.36648802 30.74  18.048818  -0.245967 17.159
 15   301.106 52755.36648866 31.10  18.048098  -0.249277 17.159
 16   302.280 52790.36642908 50.08  18.069181  -0.209976 48.398
 16   302.266 52790.36642972 51.41  18.068451  -0.213276 48.398
 16   302.221 52790.36643037 53.77  18.067721  -0.216586 48.398
 16   302.148 52790.36643101 51.31  18.067001  -0.219896 48.398
 16   302.164 52790.36643165 50.49  18.066271  -0.223196 48.398
 16   302.151 52790.36643230 51.51  18.065541  -0.226506 48.398
 17   301.668 52825.36649858 52.86  18.071568  -0.208763 54.481
 17   301.600 52825.36649922 52.13  18.070848  -0.212073 54.481
 17   301.570 52825.36649987 52.13  18.070118  -0.215373 54.481
 17   301.538 52825.36650051 54.09  18.069388  -0.218683 54.481
 17   301.520 52825.36650116 52.82  18.068668  -0.221993 54.481
 17   301.501 52825.36650180 52.96  18.067938  -0.225293 54.481
 18   301.408 52860.36654395 21.23  18.073922  -0.206489 12.436
 18   301.337 52860.36654460 23.27  18.073192  -0.209789 12.436
 18   301.435 52860.36654524 21.25  18.072472  -0.213099 12.436
 18   301.667 52860.36654589 20.43  18.071742  -0.216409 12.436
 18   302.079 52860.36654653 19.11  18.071012  -0.219709 12.436
 18   302.299 52860.36654717 20.19  18.070292  -0.223019 12.436
 19   302.259 52895.36657592 29.67  18.065927  -0.212312 15.289
 19   302.134 52895.36657657 22.70  18.065207  -0.215622 15.289
 19   301.675 52895.36657721 22.14  18.064477  -0.218922 15.289
 19   301.511 52895.36657786 20.68  18.063747  -0.222232 15.289
 19   301.646 52895.36657850 19.66  18.063027  -0.225542 15.289
 19   301.922 52895.36657915 16.35  18.062297  -0.228842 15.289
 19   301.942 52895.36657979 15.24  18.061577  -0.232152 15.289
 19   301.922 52895.36658044 14.97  18.060847  -0.235452 15.289
 20   302.642 52930.36652521 49.52  18.064909  -0.214110 40.852
 20   302.638 52930.36652586 45.74  18.064189  -0.217410 40.852
 20   302.633 52930.36652650 48.03  18.063459  -0.220720 40.852
 20   302.605 52930.36652715 46.28  18.062729  -0.224030 40.852
 20   302.599 52930.36652779 45.22  18.062009  -0.227330 40.852
 20   302.526 52930.36652844 44.09  18.061279  -0.230640 40.852
 20   302.457 52930.36652908 41.52  18.060559  -0.233940 40.852
 20   302.437 52930.36652973 44.18  18.059829  -0.237250 40.852
 21   303.179 52965.36651575 50.26  18.073029  -0.206304 51.120
 21   303.168 52965.36651639 49.49  18.072309  -0.209614 51.120
 21   303.155 52965.36651704 49.25  18.071579  -0.212914 51.120
 21   303.138 52965.36651768 51.80  18.070849  -0.216224 51.120
 21   303.077 52965.36651833 52.49  18.070129  -0.219524 51.120
 21   303.038 52965.36651897 51.42  18.069398  -0.222832 13.978
 22   303.235 53000.36655219 53.23  18.059869  -0.219855 46.682
 22   303.225 53000.36655283 51.00  18.059139  -0.223155 46.682
 22   303.200 53000.36655348 50.04  18.058414  -0.226465 29.214
 22   303.166 53000.36655412 51.22  18.057684  -0.229765 29.214
 22   303.161 53000.36655477 53.38  18.056964  -0.233075 29.214
 22   303.151 53000.36655541 51.85  18.056234  -0.236375 29.214
 22   303.109 53000.36655606 52.96  18.055504  -0.239685 29.214
 22   303.009 53000.36655670 51.54  18.054784  -0.242985 29.214
 23   302.334 53035.36650030 50.66  18.065164  -0.214103 47.574
 23   302.332 53035.36650094 49.78  18.064444  -0.217413 47.574
 23   302.327 53035.36650159 49.70  18.063714  -0.220723 47.574
 23   302.295 53035.36650223 50.04  18.062984  -0.224023 47.574
 23   302.208 53035.36650288 46.02  18.062264  -0.227333 47.574
 23   302.150 53035.36650352 42.72  18.061534  -0.230633 47.574
 23   302.169 53035.36650417 41.61  18.060814  -0.233942 16.612
 23   302.080 53035.36650481 41.40  18.060084  -0.237242 16.612
 24   301.367 53070.36651886 48.43  18.069139  -0.209461 49.183
 24   301.352 53070.36651951 48.07  18.068409  -0.212761 49.183
 24   301.338 53070.36652015 46.24  18.067689  -0.216071 49.183
 24   301.323 53070.36652080 47.89  18.066959  -0.219371 49.183
 24   301.312 53070.36652144 50.66  18.066232  -0.222680 17.445
 24   301.300 53070.36652209 52.12  18.065502  -0.225980 17.445
 25   301.013 53105.36650193 42.00  18.064263  -0.215867 44.875
 25   300.998 53105.36650258 44.90  18.063543  -0.219167 44.875
 25   300.993 53105.36650322 46.76  18.062813  -0.222477 44.875
 25   300.989 53105.36650387 48.78  18.062093  -0.225777 44.875
 25   300.965 53105.36650451 40.19  18.061363  -0.229087 44.875
 25   300.885 53105.36650516 38.99  18.060633  -0.232387 44.875
 25   300.816 53105.36650580 49.51  18.059915  -0.235699 14.839
 26   301.841 53140.36652456 51.79  18.070659  -0.208456 50.490
 26   301.823 53140.36652520 50.88  18.069929  -0.211756 50.490
 26   301.788 53140.36652585 52.28  18.069209  -0.215066 50.490
 26   301.749 53140.36652649 51.09  18.068479  -0.218366 50.490
 26   301.717 53140.36652714 52.28  18.067750  -0.221675 19.218
 26   301.700 53140.36652778 53.28  18.067020  -0.224975 19.218
 27   301.015 53175.36655866 29.31  18.068502  -0.210929 15.756
 27   300.778 53175.36655930 26.19  18.067782  -0.214239 15.756
 27   300.832 53175.36655994 25.54  18.067052  -0.217539 15.756
 27   300.573 53175.36656059 18.69  18.066322  -0.220849 15.756
 27   300.463 53175.36656123 17.09  18.065602  -0.224159 15.756
 27   300.779 53175.36656188 19.59  18.064872  -0.227459 15.756
 28   300.333 53210.36657729 51.91  18.066204  -0.212849 43.910
 28   300.313 53210.36657794 48.96  18.065484  -0.216159 43.910
 28   300.293 53210.36657858 46.02  18.064754  -0.219469 43.910
 28   300.289 53210.36657923 41.44  18.064024  -0.222769 43.910
 28   300.289 53210.36657987 43.29  18.063304  -0.226079 43.910
 28   300.288 53210.36658052 41.46  18.062574  -0.229379 43.910
 28   300.207 53210.36658116 40.38  18.061849  -0.232688 15.269
 28   300.200 53210.36658181 47.08  18.061119  -0.235988 15.269
 29   301.530 53245.36654387 50.36  18.071043  -0.207195 49.871
 29   301.531 53245.36654451 51.49  18.070323  -0.210505 49.871
 29   301.499 53245.36654516 50.58  18.069593  -0.213815 49.871
 29   301.459 53245.36654580 53.14  18.068873  -0.217115 49.871
 29   301.441 53245.36654645 54.14  18.068143  -0.220425 49.871
 29   301.359 53245.36654709 54.71  18.067413  -0.223725 49.871
 29   301.358 53245.36654774 51.95  18.066693  -0.227035 49.871
 30   301.462 53280.36652803 51.95  18.066454  -0.213201 44.663
 30   301.426 53280.36652868 50.32  18.065734  -0.216501 44.663
 30   301.426 53280.36652932 52.17  18.065002  -0.219809 22.946
 30   301.400 53280.36652997 50.99  18.064282  -0.223109 22.946
 30   301.385 53280.36653061 49.85  18.063552  -0.226419 22.946
 30   301.329 53280.36653126 50.61  18.062822  -0.229719 22.946
 30   301.310 53280.36653190 54.44  18.062102  -0.233029 22.946
 30   301.289 53280.36653255 50.39  18.061372  -0.236339 22.946
 31   302.641 53315.36654392 50.81  18.069293  -0.208857 50.984
 31   302.634 53315.36654457 51.07  18.068573  -0.212167 50.984
 31   302.609 53315.36654521 53.29  18.067843  -0.215477 50.984
 31   302.578 53315.36654586 52.18  18.067123  -0.218777 50.984
 31   302.530 53315.36654650 51.99  18.066393  -0.222087 50.984
 31   302.532 53315.36654715 52.24  18.065663  -0.225387 50.984
 32   302.940 53350.36650899 30.22  18.073435  -0.205980 10.359
 32   302.796 53350.36650964 30.13  18.072715  -0.209280 10.359
 32   302.791 53350.36651028 29.94  18.071985  -0.212590 10.359
 32   302.998 53350.36651093 31.06  18.071255  -0.215900 10.359
 32   303.067 53350.36651157 33.41  18.070535  -0.219200 10.359
 32   303.086 53350.36651222 35.60  18.069805  -0.222510 10.359
 33   302.743 53385.36649036 48.91  18.068456  -0.211289 49.020
 33   302.717 53385.36649100 52.36  18.067726  -0.214589 49.020
 33   302.708 53385.36649165 53.64  18.067006  -0.217889 49.020
 33   302.666 53385.36649229 50.41  18.066276  -0.221199 49.020
 33   302.651 53385.36649294 50.84  18.065546  -0.224509 49.020
 33   302.640 53385.36649358 52.54  18.064826  -0.227809 49.020
 34   301.268 53420.36649309 38.88  18.078668  -0.201881 33.164
 34   301.014 53420.36649373 30.71  18.077938  -0.205191 33.164
 34   301.071 53420.36649438 29.47  18.077218  -0.208491 33.164
 34   301.163 53420.36649502 41.98  18.076488  -0.211801 33.164
 34   301.192 53420.36649567 37.68  18.075758  -0.215111 33.164
 34   301.082 53420.36649631 35.66  18.075038  -0.218411 33.164
 35   300.925 53455.36649973 23.41  18.072855  -0.206919 15.674
 35   300.812 53455.36650037 24.55  18.072135  -0.210229 15.674
 35   300.894 53455.36650102 26.61  18.071405  -0.213529 15.674
 35   300.984 53455.36650166 41.66  18.070675  -0.216839 15.674
 35   300.992 53455.36650231 48.33  18.069955  -0.220139 15.674
 35   300.880 53455.36650295 47.46  18.069225  -0.223449 15.674
 36   301.115 53490.36658776 30.03  18.058846  -0.221556 25.438
 36   300.915 53490.36658841 26.48  18.058126  -0.224866 25.438
 36   300.928 53490.36658905 24.97  18.057396  -0.228166 25.438
 36   301.042 53490.36658969 25.21  18.056669  -0.231477  8.966
 36   301.017 53490.36659034 24.08  18.055939  -0.234777  8.966
 36   301.157 53490.36659098 25.45  18.055219  -0.238087  8.966
 36   301.131 53490.36659163 30.64  18.054489  -0.241387  8.966
 36   301.176 53490.36659227 40.71  18.053759  -0.244697  8.966
 37   301.655 53525.36656867 53.64  18.073760  -0.205183 54.739
 37   301.641 53525.36656932 53.16  18.073030  -0.208483 54.739
 37   301.624 53525.36656996 52.49  18.072310  -0.211793 54.739
 37   301.605 53525.36657061 52.71  18.071580  -0.215093 54.739
 37   301.599 53525.36657125 51.76  18.070860  -0.218403 54.739
 37   301.590 53525.36657190 53.64  18.070130  -0.221713 54.739
 38   300.645 53560.36660025 19.82  18.059342  -0.221946 22.297
 38   300.720 53560.36660090 18.44  18.058622  -0.225256 22.297
 38   300.877 53560.36660154 19.37  18.057892  -0.228556 22.297
 38   301.086 53560.36660219 19.37  18.057168  -0.231865  9.947
 38   301.114 53560.36660283 21.32  18.056438  -0.235165  9.947
 38   301.175 53560.36660348 24.44  18.055718  -0.238475  9.947
 38   301.037 53560.36660412 27.34  18.054988  -0.241775  9.947
 39   300.946 53595.36653459 16.62  18.076026  -0.204192  8.658
 39   300.781 53595.36653523 15.76  18.075296  -0.207492  8.658
 39   300.714 53595.36653588 16.47  18.074576  -0.210802  8.658
 39   300.739 53595.36653652 19.29  18.073846  -0.214112  8.658
 39   300.678 53595.36653717 22.48  18.073126  -0.217412  8.658
 39   300.570 53595.36653781 21.13  18.072396  -0.220722  8.658
 40   301.384 53630.36653119 53.66  18.061661  -0.218643 49.703
 40   301.385 53630.36653184 52.74  18.060931  -0.221943 49.703
 40   301.383 53630.36653248 52.63  18.060201  -0.225253 49.703
 40   301.376 53630.36653312 49.80  18.059481  -0.228553 49.703
 40   301.366 53630.36653377 51.46  18.058746  -0.231861 19.217
 40   301.366 53630.36653441 51.73  18.058026  -0.235171 19.217
 40   301.363 53630.36653506 51.08  18.057296  -0.238471 19.217
 41   302.040 53665.36655415 49.39  18.063830  -0.215426 48.850
 41   302.040 53665.36655479 52.17  18.063100  -0.218736 48.850
 41   302.021 53665.36655544 51.22  18.062370  -0.222036 48.850
 41   301.987 53665.36655608 51.45  18.061650  -0.225346 48.850
 41   301.950 53665.36655673 53.08  18.060920  -0.228646 48.850
 41   301.851 53665.36655737 52.48  18.060194  -0.231955 17.025
 41   301.897 53665.36655802 53.74  18.059464  -0.235255 17.025
 41   301.888 53665.36655866 50.51  18.058744  -0.238565 17.025
 42   303.283 53700.36650620 52.53  18.072232  -0.206465 45.379
 42   303.263 53700.36650684 51.92  18.071502  -0.209775 45.379
 42   303.247 53700.36650748 52.14  18.070772  -0.213075 45.379
 42   303.220 53700.36650813 52.33  18.070052  -0.216385 45.379
 42   303.168 53700.36650877 50.30  18.069322  -0.219685 45.379
 42   303.149 53700.36650942 51.49  18.068602  -0.222995 45.379
 43   302.140 53735.36642755 26.13  18.075468  -0.203380 27.997
 43   301.943 53735.36642820 26.33  18.074738  -0.206690 27.997
 43   301.960 53735.36642884 26.52  18.074018  -0.209990 27.997
 43   302.188 53735.36642949 27.39  18.073288  -0.213300 27.997
 43   302.248 53735.36643013 41.04  18.072558  -0.216610 27.997
 43   302.269 53735.36643078 44.14  18.071838  -0.219910 27.997
 43   302.301 53735.36643142 46.48  18.071108  -0.223220 27.997
 44   301.047 53770.36641620 22.52  18.076550  -0.202576  8.523
 44   301.040 53770.36641684 22.41  18.075830  -0.205876  8.523
 44   301.115 53770.36641748 21.98  18.075100  -0.209186  8.523
 44   301.059 53770.36641813 22.05  18.074370  -0.212486  8.523
 44   300.941 53770.36641877 21.94  18.073650  -0.215796  8.523
 44   300.713 53770.36641942 21.56  18.072920  -0.219096  8.523
 44   300.485 53770.36642006 21.60  18.072200  -0.222406  8.523
 45   301.187 53805.36640988 53.14  18.074184  -0.205090 56.018
 45   301.171 53805.36641052 53.60  18.073454  -0.208390 56.018
 45   301.133 53805.36641117 52.37  18.072734  -0.211700 56.018
 45   301.104 53805.36641181 54.23  18.072004  -0.215010 56.018
 45   301.090 53805.36641246 52.03  18.071284  -0.218310 56.018
 45   301.074 53805.36641310 52.88  18.070554  -0.221620 56.018
 47   301.277 53875.36647708 51.96  18.071574  -0.207171 53.450
 47   301.262 53875.36647773 52.42  18.070854  -0.210481 53.450
 47   301.248 53875.36647837 51.57  18.070124  -0.213791 53.450
 47   301.188 53875.36647902 54.07  18.069404  -0.217091 53.450
 47   301.126 53875.36647966 51.64  18.068674  -0.220401 53.450
 47   301.096 53875.36648031 50.36  18.067944  -0.223701 53.450
 48   301.294 53910.36652620 47.78  18.061757  -0.217877 34.091
 48   301.275 53910.36652684 49.98  18.061027  -0.221177 34.091
 48   301.245 53910.36652749 50.89  18.060307  -0.224487 34.091
 48   301.198 53910.36652813 50.54  18.059577  -0.227787 34.091
 48   301.116 53910.36652878 49.11  18.058847  -0.231097 34.091
 48   301.030 53910.36652942 46.79  18.058127  -0.234397 34.091
 48   300.997 53910.36653007 45.83  18.057399  -0.237707 15.463
 48   300.972 53910.36653071 48.10  18.056669  -0.241007 15.463
 49   300.760 53945.36654708 34.95  18.057755  -0.220266 39.294
 49   300.592 53945.36654772 28.95  18.057025  -0.223576 39.294
 49   300.662 53945.36654836 28.41  18.056295  -0.226876 39.294
 49   300.454 53945.36654901 30.75  18.055575  -0.230186 39.294
 49   300.519 53945.36654965 28.99  18.054845  -0.233486 39.294
 49   300.392 53945.36655030 26.26  18.054120  -0.236795 11.901
 49   300.488 53945.36655094 37.16  18.053390  -0.240095 11.901
 49   300.605 53945.36655159 37.51  18.052670  -0.243405 11.901
 49   300.603 53945.36655223 43.83  18.051940  -0.246715 11.901
 50   301.131 53980.36649261 29.14  18.066630  -0.213159 18.941
 50   300.780 53980.36649326 23.50  18.065910  -0.216469 18.941
 50   301.119 53980.36649390 23.62  18.065180  -0.219769 18.941
 50   300.818 53980.36649455 19.27  18.064460  -0.223079 18.941
 50   300.732 53980.36649519 21.22  18.063730  -0.226389 18.941
 50   300.823 53980.36649583 24.59  18.063010  -0.229689 18.941
 51   301.800 54015.36651002 52.90  18.071276  -0.208862 54.194
 51   301.792 54015.36651066 52.68  18.070546  -0.212162 54.194
 51   301.774 54015.36651130 53.61  18.069826  -0.215472 54.194
 51   301.762 54015.36651195 51.04  18.069096  -0.218772 54.194
 51   301.762 54015.36651259 53.75  18.068366  -0.222082 54.194
 51   301.752 54015.36651324 52.32  18.067646  -0.225382 54.194
 52   302.286 54050.36651087 21.78  18.078434  -0.201116 24.878
 52   302.179 54050.36651152 22.20  18.077704  -0.204426 24.878
 52   302.239 54050.36651216 21.70  18.076984  -0.207726 24.878
 52   302.468 54050.36651281 22.06  18.076254  -0.211036 24.878
 52   302.501 54050.36651345 22.85  18.075524  -0.214336 24.878
 52   302.441 54050.36651410 20.42  18.074804  -0.217646 24.878
 53   303.834 54085.36650489 49.03  18.069722  -0.210336 32.722
 53   303.765 54085.36650553 47.23  18.068992  -0.213636 32.722
 53   303.751 54085.36650618 47.64  18.068272  -0.216946 32.722
 53   303.687 54085.36650682 47.83  18.067542  -0.220256 32.722
 53   303.652 54085.36650747 45.14  18.066822  -0.223556 32.722
 53   303.624 54085.36650811 45.85  18.066092  -0.226866 32.722
 54   303.044 54120.36643160 52.72  18.069270  -0.210908 50.216
 54   303.038 54120.36643224 50.62  18.068550  -0.214208 50.216
 54   303.034 54120.36643289 53.18  18.067820  -0.217518 50.216
 54   303.017 54120.36643353 52.08  18.067090  -0.220828 50.216
 54   303.002 54120.36643418 49.50  18.066370  -0.224128 50.216
 54   302.991 54120.36643482 51.21  18.065640  -0.227438 50.216
 55   301.805 54155.36646272 51.18  18.068253  -0.210332 47.991
 55   301.796 54155.36646336 50.70  18.067523  -0.213642 47.991
 55   301.778 54155.36646401 51.81  18.066793  -0.216942 47.991
 55   301.760 54155.36646465 53.05  18.066073  -0.220252 47.991
 55   301.733 54155.36646530 52.12  18.065343  -0.223552 47.991
 55   301.701 54155.36646594 52.05  18.064613  -0.226862 47.991
 56   301.597 54190.36642839 51.15  18.069572  -0.209656 31.266
 56   301.588 54190.36642904 50.76  18.068842  -0.212956 31.266
 56   301.559 54190.36642968 52.16  18.068112  -0.216266 31.266
 56   301.487 54190.36643033 52.33  18.067392  -0.219566 31.266
 56   301.486 54190.36643097 51.18  18.066662  -0.222876 31.266
 56   301.454 54190.36643162 52.29  18.065942  -0.226186 31.266
 57   301.844 54225.36647311 51.16  18.068246  -0.210891 29.993
 57   301.838 54225.36647375 52.79  18.067516  -0.214191 29.993
 57   301.836 54225.36647440 51.98  18.066786  -0.217501 29.993
 57   301.804 54225.36647504 51.77  18.066066  -0.220801 29.993
 57   301.765 54225.36647569 52.25  18.065336  -0.224111 29.993
 57   301.723 54225.36647633 52.66  18.064616  -0.227421 29.993
 58   301.755 54260.36649340 22.86  18.069827  -0.209520  9.039
 58   301.638 54260.36649404 21.00  18.069107  -0.212830  9.039
 58   301.478 54260.36649468 20.11  18.068377  -0.216130  9.039
 58   301.178 54260.36649533 21.72  18.067647  -0.219440  9.039
 58   301.663 54260.36649597 19.04  18.066927  -0.222750  9.039
 58   301.842 54260.36649662 19.68  18.066197  -0.226050  9.039
 59   301.711 54295.36649736 45.33  18.070611  -0.207708 15.185
 59   301.619 54295.36649800 39.12  18.069881  -0.211008 15.185
 59   301.581 54295.36649865 36.20  18.069151  -0.214318 15.185
 59   301.401 54295.36649929 28.98  18.068431  -0.217628 15.185
 59   301.122 54295.36649993 26.43  18.067701  -0.220928 15.185
 59   301.019 54295.36650058 24.36  18.066981  -0.224238 15.185
 59   300.959 54295.36650122 24.42  18.066251  -0.227538 15.185
 60   302.012 54330.36648956 49.07  18.071948  -0.207223 27.837
 60   301.958 54330.36649021 46.04  18.071228  -0.210533 27.837
 60   301.771 54330.36649085 36.81  18.070498  -0.213833 27.837
 60   301.946 54330.36649150 42.87  18.069768  -0.217143 27.837
 60   301.947 54330.36649214 44.77  18.069048  -0.220443 27.837
 60   301.823 54330.36649279 37.95  18.068318  -0.223753 27.837
 61   302.295 54365.36643457 48.82  18.069716  -0.209464 27.297
 61   302.296 54365.36643522 50.28  18.068996  -0.212774 27.297
 61   302.284 54365.36643586 51.50  18.068266  -0.216074 27.297
 61   302.258 54365.36643651 50.94  18.067536  -0.219384 27.297
 61   302.231 54365.36643715 52.58  18.066816  -0.222684 27.297
 61   302.151 54365.36643780 50.36  18.066086  -0.225994 27.297
 62   303.057 54400.36643151 37.91  18.071338  -0.207874 23.436
 62   303.040 54400.36643215 38.32  18.070608  -0.211174 23.436
 62   302.850 54400.36643280 32.93  18.069888  -0.214484 23.436
 62   302.978 54400.36643344 43.32  18.069158  -0.217784 23.436
 62   302.939 54400.36643409 43.02  18.068428  -0.221094 23.436
 62   302.791 54400.36643473 33.93  18.067708  -0.224404 23.436
 63   303.698 54435.36638892 50.65  18.070219  -0.207903 34.351
 63   303.700 54435.36638957 53.40  18.069489  -0.211203 34.351
 63   303.621 54435.36639021 50.83  18.068759  -0.214513 34.351
 63   303.633 54435.36639086 53.44  18.068039  -0.217823 34.351
 63   303.582 54435.36639150 51.99  18.067309  -0.221123 34.351
 63   303.548 54435.36639215 52.44  18.066589  -0.224433 34.351
 63   303.514 54435.36639279 51.41  18.065859  -0.227733 34.351
 64   303.738 54470.36641487 53.10  18.072594  -0.206209 30.862
 64   303.722 54470.36641552 50.46  18.071864  -0.209519 30.862
 64   303.708 54470.36641616 51.79  18.071134  -0.212819 30.862
 64   303.696 54470.36641681 52.99  18.070404  -0.216129 30.862
 64   303.683 54470.36641745 50.93  18.069684  -0.219439 30.862
 64   303.665 54470.36641810 49.59  18.068954  -0.222739 30.862
 65   302.471 54505.36640318 52.42  18.069773  -0.210366 52.664
 65   302.457 54505.36640383 52.56  18.069043  -0.213676 52.664
 65   302.444 54505.36640447 53.12  18.068313  -0.216976 52.664
 65   302.434 54505.36640512 53.07  18.067593  -0.220286 52.664
 65   302.424 54505.36640576 51.19  18.066863  -0.223586 52.664
 65   302.411 54505.36640641 52.22  18.066143  -0.226896 14.565
 66   301.438 54540.36642996 25.90  18.071522  -0.207755  7.195
 66   301.513 54540.36643060 24.00  18.070792  -0.211065  7.195
 66   301.257 54540.36643125 21.10  18.070062  -0.214365  7.195
 66   301.065 54540.36643189 20.19  18.069342  -0.217675  7.195
 66   301.037 54540.36643254 18.94  18.068612  -0.220975  7.195
 66   300.959 54540.36643318 18.20  18.067887  -0.224285  2.496
 67   301.692 54575.36640338 53.21  18.070699  -0.208268 51.658
 67   301.685 54575.36640403 52.56  18.069969  -0.211578 51.658
 67   301.673 54575.36640467 53.54  18.069249  -0.214878 51.658
 67   301.664 54575.36640531 51.25  18.068519  -0.218188 51.658
 67   301.664 54575.36640596 50.28  18.067789  -0.221488 51.658
 67   301.656 54575.36640660 49.23  18.067069  -0.224798 51.658
 68   301.385 54610.36642214 45.67  18.070352  -0.207771 41.320
 68   301.368 54610.36642278 44.74  18.069632  -0.211071 41.320
 68   301.332 54610.36642343 43.52  18.068902  -0.214381 41.320
 68   301.246 54610.36642407 43.79  18.068172  -0.217681 41.320
 68   301.257 54610.36642472 50.27  18.067452  -0.220991 41.320
 68   301.233 54610.36642536 48.67  18.066722  -0.224291 41.320
 68   301.203 54610.36642601 46.63  18.065997  -0.227600 11.288
 69   301.670 54645.36643032 43.99  18.068990  -0.209906 28.834
 69   301.728 54645.36643096 40.61  18.068260  -0.213216 28.834
 69   301.588 54645.36643161 39.36  18.067530  -0.216516 28.834
 69   301.516 54645.36643225 49.95  18.066810  -0.219826 28.834
 69   301.562 54645.36643290 49.20  18.066080  -0.223126 28.834
 69   301.570 54645.36643354 34.57  18.065355  -0.226435 12.336
 70   300.940 54680.36643132 33.94  18.068974  -0.210128 22.078
 70   300.834 54680.36643196 28.79  18.068254  -0.213428 22.078
 70   300.758 54680.36643261 38.63  18.067524  -0.216738 22.078
 70   300.898 54680.36643325 23.22  18.066794  -0.220038 22.078
 70   300.461 54680.36643390 17.85  18.066074  -0.223348 22.078
 70   300.425 54680.36643454 17.19  18.065344  -0.226648 22.078
 71   301.593 54715.36638136 24.97  18.071479  -0.207899 10.047
 71   301.378 54715.36638201 24.13  18.070749  -0.211209 10.047
 71   301.277 54715.36638265 24.60  18.070019  -0.214519 10.047
 71   301.033 54715.36638330 25.49  18.069299  -0.217819 10.047
 71   300.885 54715.36638394 23.84  18.068569  -0.221129 10.047
 71   301.240 54715.36638459 22.00  18.067849  -0.224429 10.047
 72   302.002 54750.36640260 50.35  18.068763  -0.209864 44.933
 72   302.004 54750.36640325 51.04  18.068033  -0.213164 44.933
 72   301.998 54750.36640389 51.47  18.067313  -0.216474 44.933
 72   301.998 54750.36640454 47.57  18.066583  -0.219774 44.933
 72   301.993 54750.36640518 50.56  18.065855  -0.223081 15.566
 72   301.989 54750.36640583 51.37  18.065125  -0.226381 15.566
 73   302.869 54785.36637048 53.05  18.070514  -0.207732 53.527
 73   302.858 54785.36637113 52.66  18.069794  -0.211032 53.527
 73   302.826 54785.36637177 52.94  18.069064  -0.214342 53.527
 73   302.805 54785.36637242 54.45  18.068334  -0.217642 53.527
 73   302.786 54785.36637306 51.55  18.067614  -0.220952 53.527
 73   302.777 54785.36637371 52.56  18.066884  -0.224252 53.527
 73   302.757 54785.36637435 52.87  18.066162  -0.227563 16.195
 74   303.694 54820.36639463 37.81  18.070573  -0.207695 19.926
 74   303.496 54820.36639527 32.37  18.069853  -0.211005 19.926
 74   303.319 54820.36639592 29.78  18.069123  -0.214305 19.926
 74   303.614 54820.36639656 40.11  18.068403  -0.217615 19.926
 74   303.589 54820.36639721 45.45  18.067673  -0.220915 19.926
 74   303.488 54820.36639785 47.37  18.066945  -0.224225 20.572
 74   303.367 54820.36639850 45.93  18.066215  -0.227525 20.572
 75   301.952 54855.36636680 50.75  18.071145  -0.206885 51.819
 75   301.937 54855.36636744 51.07  18.070415  -0.210185 51.819
 75   301.930 54855.36636808 53.86  18.069695  -0.213495 51.819
 75   301.920 54855.36636873 51.76  18.068965  -0.216805 51.819
 75   301.913 54855.36636937 53.70  18.068245  -0.220105 51.819
 75   301.909 54855.36637002 50.05  18.067515  -0.223415 51.819
 75   301.901 54855.36637066 52.35  18.066785  -0.226715 51.819
 76   301.969 54890.36640041 25.35  18.067054  -0.213088 11.799
 76   301.682 54890.36640106 23.60  18.066334  -0.216398 11.799
 76   301.624 54890.36640170 22.45  18.065604  -0.219698 11.799
 76   301.693 54890.36640235 21.67  18.064880  -0.223007  9.349
 76   301.675 54890.36640299 21.73  18.064150  -0.226307  9.349
 76   301.901 54890.36640364 24.12  18.063430  -0.229617  9.349
 77   301.325 54925.36636595 28.11  18.068049  -0.210432 12.300
 77   301.224 54925.36636660 25.07  18.067319  -0.213742 12.300
 77   301.025 54925.36636724 23.10  18.066599  -0.217042 12.300
 77   301.099 54925.36636789 23.86  18.065869  -0.220352 12.300
 77   300.885 54925.36636853 28.91  18.065149  -0.223652 12.300
 77   301.053 54925.36636918 31.75  18.064419  -0.226962 12.300
 78   302.159 54960.36639723 51.49  18.068192  -0.210868 49.239
 78   302.147 54960.36639787 50.47  18.067462  -0.214178 49.239
 78   302.128 54960.36639852 52.27  18.066732  -0.217478 49.239
 78   302.073 54960.36639916 48.55  18.066012  -0.220788 49.239
 78   302.063 54960.36639980 50.56  18.065282  -0.224088 49.239
 78   302.048 54960.36640045 51.31  18.064554  -0.227397 13.934
 79   302.215 54995.36642018 31.73  18.065913  -0.214480 19.428
 79   301.959 54995.36642083 26.71  18.065193  -0.217790 19.428
 79   301.530 54995.36642147 22.97  18.064463  -0.221090 19.428
 79   301.352 54995.36642212 22.18  18.063739  -0.224398  7.354
 79   301.722 54995.36642276 19.77  18.063009  -0.227698  7.354
 79   302.143 54995.36642340 19.44  18.062289  -0.231008  7.354
 79   302.213 54995.36642405 23.71  18.061559  -0.234318  7.354
 80   301.584 55030.36640872 49.75  18.069257  -0.209239 48.751
 80   301.585 55030.36640936 51.07  18.068527  -0.212549 48.751
 80   301.581 55030.36641001 49.46  18.067797  -0.215849 48.751
 80   301.573 55030.36641065 52.01  18.067077  -0.219159 48.751
 80   301.547 55030.36641130 50.87  18.066347  -0.222459 48.751
 80   301.522 55030.36641194 49.76  18.065622  -0.225769 15.195
 81   301.031 55065.36639890 24.70  18.070738  -0.208774  9.958
 81   300.913 55065.36639955 23.14  18.070008  -0.212074  9.958
 81   301.169 55065.36640019 28.76  18.069288  -0.215384  9.958
 81   301.085 55065.36640083 31.62  18.068558  -0.218694  9.958
 81   301.114 55065.36640148 21.16  18.067828  -0.221994  9.958
 81   301.511 55065.36640212 18.75  18.067108  -0.225304  9.958
 82   301.757 55100.36634282 52.43  18.067893  -0.211276 48.741
 82   301.752 55100.36634347 51.00  18.067163  -0.214586 48.741
 82   301.747 55100.36634411 51.51  18.066443  -0.217886 48.741
 82   301.732 55100.36634476 52.12  18.065713  -0.221196 48.741
 82   301.704 55100.36634540 51.78  18.064993  -0.224496 48.741
 82   301.681 55100.36634605 51.77  18.064263  -0.227806 48.741
 83   302.561 55135.36634500 51.66  18.069255  -0.210387 48.046
 83   302.525 55135.36634565 51.12  18.068525  -0.213687 48.046
 83   302.461 55135.36634629 51.99  18.067805  -0.216997 48.046
 83   302.474 55135.36634694 52.08  18.067075  -0.220297 48.046
 83   302.450 55135.36634758 51.69  18.066348  -0.223606 18.189
 83   302.422 55135.36634823 51.49  18.065618  -0.226906 18.189
 84   303.265 55170.36630775 52.66  18.070533  -0.209633 53.827
 84   303.260 55170.36630840 53.55  18.069813  -0.212933 53.827
 84   303.244 55170.36630904 53.88  18.069083  -0.216243 53.827
 84   303.233 55170.36630968 52.53  18.068363  -0.219543 53.827
 84   303.221 55170.36631033 51.32  18.067633  -0.222853 53.827
 84   303.204 55170.36631097 51.09  18.066903  -0.226153 53.827
 85   303.044 55205.36633838 54.03  18.068899  -0.211477 51.333
 85   303.029 55205.36633902 51.29  18.068169  -0.214777 51.333
 85   303.022 55205.36633967 52.32  18.067439  -0.218087 51.333
 85   303.012 55205.36634031 51.85  18.066719  -0.221387 51.333
 85   303.000 55205.36634096 50.50  18.065991  -0.224695 16.931
 85   302.991 55205.36634160 51.44  18.065261  -0.227995 16.931
 86   302.440 55240.36631451 51.94  18.068808  -0.209426 49.753
 86   302.430 55240.36631516 52.19  18.068088  -0.212726 49.753
 86   302.419 55240.36631580 52.06  18.067358  -0.216036 49.753
 86   302.418 55240.36631644 53.08  18.066638  -0.219336 49.753
 86   302.358 55240.36631709 50.80  18.065908  -0.222646 49.753
 86   302.330 55240.36631773 49.69  18.065178  -0.225946 49.753
 87   302.237 55275.36633141 50.92  18.069381  -0.208581 48.845
 87   302.235 55275.36633205 53.11  18.068651  -0.211891 48.845
 87   302.232 55275.36633270 52.44  18.067921  -0.215191 48.845
 87   302.231 55275.36633334 51.97  18.067201  -0.218501 48.845
 87   302.213 55275.36633398 49.96  18.066471  -0.221801 48.845
 87   302.194 55275.36633463 49.84  18.065748  -0.225113 15.395
 87   302.161 55275.36633527 51.65  18.065018  -0.228413 15.395
 88   302.876 55310.36629710 50.05  18.070841  -0.207227 52.488
 88   302.854 55310.36629775 53.14  18.070121  -0.210537 52.488
 88   302.780 55310.36629839 52.68  18.069391  -0.213847 52.488
 88   302.729 55310.36629904 54.31  18.068671  -0.217147 52.488
 88   302.704 55310.36629968 51.32  18.067941  -0.220457 52.488
 88   302.675 55310.36630033 52.06  18.067211  -0.223757 52.488
 88   302.646 55310.36630097 52.97  18.066491  -0.227067 52.488
 89   302.612 55345.36630069 53.06  18.070600  -0.209934 34.835
 89   302.601 55345.36630133 53.03  18.069880  -0.213244 34.835
 89   302.589 55345.36630198 53.34  18.069150  -0.216544 34.835
 89   302.581 55345.36630262 53.82  18.068430  -0.219854 34.835
 89   302.582 55345.36630327 52.79  18.067700  -0.223154 34.835
 89   302.568 55345.36630391 50.36  18.066970  -0.226464 34.835
 90   302.167 55380.36629408 49.87  18.069703  -0.209894 49.426
 90   302.164 55380.36629473 49.55  18.068973  -0.213204 49.426
 90   302.161 55380.36629537 50.81  18.068243  -0.216504 49.426
 90   302.141 55380.36629602 50.37  18.067523  -0.219814 49.426
 90   302.082 55380.36629666 49.74  18.066793  -0.223114 49.426
 90   302.088 55380.36629731 51.95  18.066071  -0.226424 18.673
 91   301.754 55415.36631987 20.69  18.070022  -0.209728  7.984
 91   301.575 55415.36632051 20.03  18.069292  -0.213038  7.984
 91   301.505 55415.36632116 19.15  18.068562  -0.216338  7.984
 91   301.421 55415.36632180 19.78  18.067842  -0.219648  7.984
 91   301.501 55415.36632245 18.72  18.067112  -0.222948  7.984
 91   301.741 55415.36632309 18.45  18.066384  -0.226258  7.637
 92   301.146 55450.36630559 23.50  18.070948  -0.208868  7.099
 92   301.069 55450.36630623 24.01  18.070218  -0.212168  7.099
 92   300.925 55450.36630688 21.28  18.069498  -0.215478  7.099
 92   300.761 55450.36630752 20.46  18.068768  -0.218778  7.099
 92   300.590 55450.36630817 20.36  18.068038  -0.222088  7.099
 92   301.427 55450.36630881 17.96  18.067318  -0.225398  7.099
 93   301.685 55485.36623036 49.20  18.071446  -0.207102 51.065
 93   301.682 55485.36623100 53.08  18.070716  -0.210412 51.065
 93   301.675 55485.36623165 49.96  18.069986  -0.213722 51.065
 93   301.655 55485.36623229 51.26  18.069266  -0.217022 51.065
 93   301.635 55485.36623294 51.32  18.068536  -0.220332 51.065
 93   301.606 55485.36623358 50.97  18.067816  -0.223632 51.065
