-177893.697    70.049     0.00    4.95
-177517.642    69.032    -2.70    4.51
-177141.586    68.228    -2.14    4.05
-176765.529    66.364    -4.96    3.86
-176389.470    65.310    -2.80    3.97
-176013.411    63.643    -4.43    4.19
-175637.351    62.441    -3.20    3.83
-175261.290    61.476    -2.57    4.37
-174885.227    62.951     3.92    5.36
-174509.164    65.782     7.53    6.01
-174133.100    66.660     2.33    5.83
-173757.035    67.848     3.16    6.10
-173380.968    66.310    -4.09    6.86
-173004.901    61.553   -12.65   11.84
-172628.833    54.171   -19.63   15.00
-172252.763    47.125   -18.73   12.85
-171876.693    44.335    -7.42   10.94
-171500.622    42.904    -3.81    8.70
-171124.549    46.260     8.92    9.65
-170748.476    50.515    11.31    9.56
-170372.401    54.231     9.88    7.72
-169996.326    56.391     5.74    7.30
-169620.249    56.079    -0.83    7.17
-169244.172    55.053    -2.73    6.60
-168868.093    54.948    -0.28    5.34
-168492.013    57.053     5.60    4.72
-168115.933    59.476     6.44    4.39
-167739.851    61.388     5.08    4.25
-167363.768    62.592     3.20    3.55
-166987.684    64.188     4.25    3.87
-166611.600    64.715     1.40    4.34
-166235.514    65.039     0.86    4.42
-165859.427    66.958     5.10    4.00
-165483.339    66.284    -1.79    4.15
-165107.250    66.032    -0.67    5.05
-164731.160    66.207     0.47    5.15
-164355.068    66.489     0.75    6.10
-163978.976    68.694     5.86    6.58
-163602.883    70.120     3.79    6.14
-163226.789    71.152     2.74    6.37
-162850.693    70.783    -0.98    4.84
-162474.597    70.393    -1.04    5.17
-162098.499    70.769     1.00    5.54
-161722.401    75.499    12.58    7.35
-161346.301    78.546     8.10    8.05
-160970.200    80.848     6.12    7.72
-160594.098    80.091    -2.01    5.86
-160217.996    81.915     4.85    7.32
-159841.892    81.573    -0.91    6.31
-159465.787    80.865    -1.88    5.35
-159089.680    80.310    -1.48    5.07
-158713.573    80.553     0.65    4.77
-158337.465    81.771     3.24    5.53
-157961.356    82.079     0.82    5.80
-157585.245    82.388     0.82    6.45
-157209.134    82.441     0.14    6.38
-156833.021    82.130    -0.83    5.93
-156456.907    82.130     0.00    5.00
-156080.793    81.865    -0.70    4.72
-155704.677    82.418     1.47    4.74
-155328.560    84.580     5.75    5.32
-154952.442    86.904     6.18    6.08
-154576.322    88.607     4.53    5.29
-154200.202    90.340     4.61    5.31
-153824.081    91.010     1.78    4.27
-153447.958    91.079     0.18    4.64
-153071.835    89.143    -5.15    6.31
-152695.710    85.925    -8.56    7.06
-152319.584    83.039    -7.67    5.87
-151943.457    82.836    -0.54    5.89
-151567.329    83.073     0.63    5.91
-151191.200    83.540     1.24    6.24
-150815.070    82.445    -2.91    6.05
-150438.938    81.941    -1.34    5.59
-150062.806    82.960     2.71    6.63
-149686.672    83.367     1.08    6.82
-149310.538    83.850     1.29    6.76
-148934.402    83.796    -0.14    6.12
-148558.265    83.553    -0.65    4.57
-148182.127    84.472     2.44    5.26
-147805.987    85.448     2.60    5.38
-147429.847    85.935     1.29    5.66
-147053.705    88.207     6.04    7.16
-146677.563    89.364     3.07    7.01
-146301.419    90.976     4.29    7.25
-145925.274    91.915     2.50    7.03
-145549.128    90.053    -4.95    7.61
-145172.981    89.688    -0.97    8.42
-144796.832    88.797    -2.37    9.72
-144420.683    89.254     1.22    9.76
-144044.532    92.362     8.26    9.33
-143668.381    93.668     3.47    8.15
-143292.228    94.162     1.31    7.59
-142916.074    94.027    -0.36    7.45
-142539.918    91.201    -7.51    7.74
-142163.762    88.769    -6.47    6.24
-141787.604    91.526     7.33    9.90
-141411.446   102.087    28.08   21.06
-141035.286   106.438    11.57   22.01
-140659.125   120.017    36.10   27.99
-140282.963   131.228    29.80   38.40
-139906.799   159.156    74.24   56.41
-139530.635   188.467    77.92   63.30
-139154.469   221.002    86.49   54.38
-138778.302   249.445    75.61   38.49
-138402.134   262.284    34.13   27.71
-138025.965   256.688   -14.88   25.15
-137649.794   249.877   -18.11   30.15
-137273.623   227.580   -59.27   42.47
-136897.450   214.486   -34.81   32.62
-136521.276   200.668   -36.73   30.04
-136145.101   182.386   -48.60   38.38
-135768.925   164.224   -48.28   49.08
-135392.747   135.093   -77.44   44.57
-135016.569   111.948   -61.53   22.56
-134640.389   102.231   -25.83   17.43
-134264.208   100.860    -3.64   10.91
-133888.026   106.391    14.70   19.11
-133511.842   124.573    48.33   34.24
-133135.658   144.862    53.93   36.46
-132759.472   155.467    28.19   31.84
-132383.285   149.120   -16.87   35.19
-132007.097   130.585   -49.27   39.42
-131630.907   106.967   -62.78   32.20
-131254.717    91.337   -41.55   16.81
-130878.525    84.499   -18.18   10.05
-130502.332    79.698   -12.76    5.78
-130126.137    78.207    -3.96    6.19
-129749.942    77.617    -1.57    6.71
-129373.745    74.338    -8.72    7.08
-128997.547    73.099    -3.29    6.79
-128621.348    72.282    -2.17    5.42
-128245.148    72.921     1.70    4.75
-127868.946    75.079     5.74    5.91
-127492.744    76.120     2.77    6.32
-127116.540    77.899     4.73    6.38
-126740.335    78.783     2.35    6.29
-126364.128    80.925     5.69    6.41
-125987.920    81.931     2.67    7.01
-125611.712    83.135     3.20    7.12
-125235.501    85.540     6.39    6.24
-124859.290    85.087    -1.20    6.74
-124483.078    84.228    -2.28    6.93
-124106.864    88.201    10.56    8.07
-123730.649    91.012     7.47    7.79
-123354.432    91.976     2.56    7.24
-122978.215    91.032    -2.51    7.54
-122601.996    89.156    -4.99    7.33
-122225.776    87.652    -4.00    5.39
-121849.555    93.421    15.33   14.80
-121473.445   113.463    53.29   33.01
-121097.473   129.797    43.44   35.29
-120721.500   137.941    21.66   32.92
-120345.525   137.526    -1.10   32.68
-119969.549   120.412   -45.52   34.16
-119593.573   103.661   -44.55   26.40
-119217.594    94.566   -24.19   17.70
-118841.615    90.310   -11.32    9.39
-118465.634    90.795     1.29   10.07
-118089.652    93.174     6.33    9.90
-117713.669    95.039     4.96   10.58
-117337.685    96.120     2.88   11.04
-116961.699    96.888     2.04   10.87
-116585.712    97.587     1.86   10.41
-116209.723    98.160     1.52    9.90
-115833.734   101.463     8.79   11.93
-115457.743   107.310    15.55   14.37
-115081.751   108.258     2.52   15.44
-114705.758   110.546     6.09   16.32
-114329.763   120.204    25.69   19.68
-113953.767   125.337    13.65   19.81
-113577.770   132.053    17.86   12.35
-113201.771   133.115     2.82   10.15
-112825.771   131.822    -3.44   10.59
-112449.770   133.207     3.68   16.15
-112073.768   138.028    12.82   30.73
-111697.764   137.472    -1.48   37.71
-111321.759   132.201   -14.02   36.31
-110945.753   132.607     1.08   32.41
-110569.746   130.546    -5.48   28.32
-110193.737   126.174   -11.63   27.66
-109817.727   117.771   -22.35   26.19
-109441.715   107.079   -28.44   16.02
-109065.702   101.625   -14.50    9.95
-108689.688    98.915    -7.21   11.23
-108313.673   100.415     3.99   12.01
-107937.656   101.489     2.86   11.93
-107561.638    99.012    -6.59   13.68
-107185.619    99.079     0.18   13.20
-106809.598   105.893    18.12   23.12
-106433.577   117.745    31.52   37.42
-106057.553   131.207    35.80   46.46
-105681.529   148.153    45.07   42.80
-105305.503   143.130   -13.36   41.83
-104929.476   141.796    -3.55   42.86
-104553.447   138.012   -10.06   42.56
-104177.417   128.181   -26.14   44.64
-103801.386   122.742   -14.47   40.64
-103425.354   106.079   -44.31   27.39
-103049.320    98.130   -21.14   18.46
-102673.285    94.472    -9.73   15.65
-102297.248    96.362     5.03   15.66
-101921.211    93.643    -7.23   17.56
-101545.172    88.720   -13.09   16.29
-101169.131    91.093     6.31   17.53
-100793.089    90.967    -0.33   16.69
-100417.046    88.418    -6.78   17.29
-100041.002    86.634    -4.74   14.99
 -99664.956    81.391   -13.94   13.98
 -99288.909    79.466    -5.12   13.67
 -98912.860    75.720    -9.96   13.28
 -98536.810    70.668   -13.43   12.71
 -98160.759    67.810    -7.60   11.38
 -97784.706    64.156    -9.72    9.11
 -97408.652    61.115    -8.09    6.65
 -97032.597    59.335    -4.73    6.19
 -96656.540    61.046     4.55    9.24
 -96280.482    64.257     8.54   12.09
 -95904.423    71.742    19.90   13.12
 -95528.362    76.515    12.69   11.49
 -95152.300    78.578     5.49    9.92
 -94776.237    76.837    -4.63    9.08
 -94400.172    76.152    -1.82    9.34
 -94024.106    75.201    -2.53   10.69
 -93648.038    75.742     1.44   10.88
 -93271.969    75.769     0.07   10.92
 -92895.899    72.624    -8.36   10.62
 -92519.827    69.258    -8.95   10.44
 -92143.754    65.540    -9.89   10.27
 -91767.680    61.255   -11.39    9.96
 -91391.604    57.079   -11.11    9.41
 -91015.527    52.504   -12.16    8.58
 -90639.448    49.178    -8.84    6.54
 -90263.368    47.848    -3.54    6.36
 -89887.287    50.258     6.41    8.13
 -89511.204    54.526    11.35    9.85
 -89135.120    58.388    10.27    9.79
 -88759.034    63.181    12.74    7.51
 -88382.947    62.364    -2.17    7.48
 -88006.859    60.720    -4.37    7.53
 -87630.769    53.931   -18.05   10.39
 -87254.678    45.877   -21.41   10.85
 -86878.585    34.526   -30.18   14.74
 -86502.491    26.254   -21.99   13.46
 -86126.396    21.797   -11.85   12.81
 -85750.299    19.535    -6.01   11.89
 -85374.201    19.282    -0.67   12.15
 -84998.101    22.760     9.24   13.68
 -84622.000    25.862     8.25   13.98
 -84245.898    27.002     3.03   12.18
 -83869.794    31.499    11.96   10.17
 -83493.689    33.438     5.16    9.06
 -83117.582    36.337     7.71    9.26
 -82741.474    39.607     8.69    8.07
 -82365.365    40.967     3.62    7.72
 -81989.254    41.995     2.73    7.75
 -81613.141    40.771    -3.25    7.94
 -81237.028    41.822     2.80    6.23
 -80860.912    42.254     1.15    5.34
 -80484.796    43.201     2.52    5.69
 -80108.678    46.742     9.41    8.30
 -79732.558    46.625    -0.31    9.69
 -79356.437    49.135     6.67   12.10
 -78980.315    49.877     1.97   13.53
 -78604.191    50.079     0.54   14.44
 -78228.066    56.336    16.64   14.72
 -77851.939    55.731    -1.61   14.12
 -77475.811    56.120     1.04   13.15
 -77099.681    53.160    -7.87   12.60
 -76723.550    53.494     0.89   12.04
 -76347.418    54.643     3.06   11.30
 -75971.284    54.769     0.34   12.03
 -75595.148    54.587    -0.48   11.35
 -75219.012    56.822     5.94   11.83
 -74842.873    60.643    10.16   12.07
 -74466.733    64.310     9.75   12.35
 -74090.592    69.120    12.79   15.16
 -73714.450    72.634     9.34   15.68
 -73338.305    75.877     8.62   14.70
 -72962.160    75.960     0.22   14.56
 -72586.013    76.337     1.00   12.49
 -72209.864    78.704     6.29   12.39
 -71833.714    82.415     9.86   11.38
 -71457.563    83.592     3.13   11.61
 -71081.410    85.742     5.72   12.33
 -70705.255    83.960    -4.74   14.04
 -70329.099    82.941    -2.71   14.88
 -69952.942    80.365    -6.85   13.40
 -69576.783    78.850    -4.03   12.90
 -69200.623    76.004    -7.57   13.02
 -68824.461    72.415    -9.54   13.49
 -68448.297    71.822    -1.57   14.34
 -68072.133    73.398     4.19   15.42
 -67695.966    75.412     5.35   16.32
 -67319.799    77.546     5.67   16.07
 -66943.629    77.948     1.07   16.02
 -66567.459    78.463     1.37   14.97
 -66191.286    80.599     5.68   14.45
 -65815.112    81.874     3.39   13.55
 -65438.937    83.822     5.18   11.94
 -65062.760    85.233     3.75   10.80
 -64686.582    86.580     3.58    9.30
 -64310.402    87.284     1.87    8.49
 -63934.221    86.412    -2.32   10.24
 -63558.038    85.032    -3.67   10.68
 -63181.854    84.093    -2.49   10.89
 -62805.668    83.580    -1.37   11.82
 -62429.481    83.742     0.43   12.76
 -62053.292    83.283    -1.22   12.62
 -61677.102    86.395     8.27   12.50
 -61300.910    87.410     2.70    9.95
 -60924.716    85.257    -5.72    9.85
 -60548.522    84.671    -1.56    9.65
 -60172.325    81.694    -7.91    9.03
 -59796.127    81.441    -0.67    9.01
 -59419.928    79.967    -3.92    8.70
 -59043.727    81.731     4.69    8.73
 -58667.524    81.617    -0.30    9.18
 -58291.320    82.093     1.27   10.37
 -57915.115    83.336     3.30    9.38
 -57538.907    81.560    -4.72    8.06
 -57162.699    77.538   -10.69    9.56
 -56786.489    77.850     0.83   10.18
 -56410.277    77.364    -1.29    9.44
 -56034.063    75.120    -5.96   10.08
 -55657.849    73.174    -5.17   11.78
 -55281.632    69.532    -9.68   11.05
 -54905.414    65.585   -10.49   10.69
 -54529.195    61.178   -11.71   10.66
 -54152.974    57.093   -10.86    9.38
 -53776.751    53.027   -10.81    6.95
 -53400.527    50.573    -6.52    5.71
 -53024.301    48.617    -5.20    5.10
 -52648.074    45.472    -8.36    4.46
 -52271.845    40.848   -12.29    7.48
 -51895.615    36.810   -10.73    7.79
 -51519.383    34.941    -4.97    6.79
 -51143.150    35.335     1.05    5.93
 -50766.915    37.128     4.77    6.15
 -50390.678    39.002     4.98    4.34
 -50014.440    40.445     3.83    7.30
 -49638.200    43.931     9.27   10.83
 -49261.959    45.850     5.10   10.90
 -48885.716    44.393    -3.87   11.65
 -48509.471    41.467    -7.78   10.15
 -48133.225    37.438   -10.71    6.36
 -47756.978    36.418    -2.71    4.44
 -47380.729    36.566     0.39    3.90
 -47004.478    37.181     1.64    3.71
 -46628.225    37.156    -0.07    4.73
 -46252.234    37.152    -0.01    4.87
 -45876.301    38.002     2.26    5.39
 -45500.366    38.904     2.40    5.30
 -45124.429    39.904     2.66    4.36
 -44748.491    40.120     0.58    4.54
 -44372.551    39.435    -1.82    5.89
 -43996.610    36.489    -7.83    6.79
 -43620.667    33.967    -6.71    6.03
 -43244.722    31.391    -6.85    4.80
 -42868.776    32.742     3.59    5.88
 -42492.828    36.143     9.05    6.99
 -42116.878    39.994    10.24    7.73
 -41740.927    42.463     6.57    5.86
 -41364.975    41.769    -1.85    6.25
 -40989.021    42.951     3.14    6.96
 -40613.065    47.976    13.37   10.35
 -40237.107    54.515    17.39   13.46
 -39861.148    59.526    13.33   11.61
 -39485.188    64.610    13.52   13.23
 -39109.225    68.228     9.63   15.89
 -38733.261    69.472     3.31   15.69
 -38357.296    72.147     7.12   15.11
 -37981.329    73.839     4.50   12.61
 -37605.360    76.284     6.50    9.95
 -37229.389    74.489    -4.77   11.82
 -36853.417    71.754    -7.27   11.80
 -36477.444    73.130     3.66   14.18
 -36101.468    77.921    12.74   16.11
 -35725.492    86.362    22.45   15.08
 -35349.513    93.822    19.84   11.33
 -34973.533    95.850     5.39    9.95
 -34597.551    96.599     1.99    8.89
 -34221.568    97.617     2.71    8.68
 -33845.583    97.010    -1.62   10.73
 -33469.596    95.310    -4.52   12.79
 -33093.607    92.130    -8.46   12.33
 -32717.617    88.771    -8.93   13.40
 -32341.626    87.976    -2.11   14.34
 -31965.632    84.391    -9.54   16.20
 -31589.638    80.060   -11.52   14.81
 -31213.641    79.797    -0.70   13.33
 -30837.643    83.822    10.71   12.70
 -30461.643    84.726     2.40   12.84
 -30085.641    81.848    -7.65   15.52
 -29709.638    80.143    -4.53   17.18
 -29333.633    77.915    -5.93   16.88
 -28957.627    72.412   -14.63   16.93
 -28581.618    72.073    -0.90   15.13
 -28205.608    74.599     6.72   14.34
 -27829.597    80.073    14.56   13.57
 -27453.584    85.285    13.86    9.33
 -27077.569    86.931     4.38    4.72
 -26701.552    84.835    -5.58    7.56
 -26325.534    82.757    -5.53    8.52
 -25949.514    81.143    -4.29    7.83
 -25573.493    80.012    -3.01    7.48
 -25197.469    77.421    -6.89   10.70
 -24821.444    70.104   -19.46   14.79
 -24445.418    62.235   -20.93   14.31
 -24069.390    56.364   -15.61   11.18
 -23693.360    55.960    -1.07    9.86
 -23317.328    59.888    10.45   11.14
 -22941.295    66.099    16.52   11.97
 -22565.260    74.415    22.11   10.56
 -22189.223    78.976    12.13    9.44
 -21813.184    82.099     8.30    7.24
 -21437.144    80.893    -3.21    9.74
 -21061.102    74.181   -17.85   12.61
 -20685.059    70.837    -8.89   11.03
 -20309.014    71.771     2.48   10.54
 -19932.967    74.310     6.75   10.12
 -19556.918    74.337     0.07   10.29
 -19180.868    72.201    -5.68   10.08
 -18804.816    68.282   -10.42    9.59
 -18428.762    62.915   -14.27   10.59
 -18052.707    59.771    -8.36   12.25
 -17676.650    55.850   -10.43   11.60
 -17300.591    56.899     2.79   12.87
 -16924.530    63.822    18.41   14.89
 -16548.468    71.494    20.40   12.15
 -16172.404    76.742    13.96    7.41
 -15796.338    76.848     0.28    6.60
 -15420.271    75.520    -3.53    7.91
 -15044.201    74.726    -2.11    9.53
 -14668.130    78.181     9.19   10.20
 -14292.058    84.282    16.22   10.45
 -13915.983    88.181    10.37   10.81
 -13539.907    91.053     7.64    9.07
 -13163.829    87.764    -8.75   11.36
 -12787.750    76.877   -28.95   15.88
 -12411.669    69.255   -20.27   11.82
 -12035.586    63.742   -14.66    8.40
 -11659.501    59.079   -12.40    6.51
 -11283.414    58.418    -1.76    6.00
 -10907.326    56.848    -4.17    5.56
 -10531.236    56.233    -1.64    4.85
 -10155.144    57.156     2.45    4.80
  -9779.051    56.877    -0.74    4.88
  -9402.955    57.125     0.66    4.47
  -9026.858    58.020     2.38    2.52
  -8650.760    58.171     0.40    2.52
  -8274.659    58.742     1.52    2.26
  -7898.557    59.364     1.65    1.70
  -7522.453    58.783    -1.54    2.10
  -7146.347    57.848    -2.49    2.93
  -6770.240    53.310   -12.07    8.73
  -6394.130    44.967   -22.18   12.63
  -6018.019    39.850   -13.61   10.85
  -5641.906    38.365    -3.95    8.83
  -5265.792    39.694     3.53    8.93
  -4889.675    44.769    13.49    8.36
  -4513.557    45.027     0.69    9.22
  -4137.437    43.104    -5.11   10.89
  -3761.316    43.310     0.55   10.88
  -3385.192    44.862     4.13    9.67
  -3009.067    45.720     2.28    7.96
  -2632.940    43.643    -5.52    8.24
  -2256.811    40.365    -8.71    7.87
  -1880.680    37.688    -7.12    6.57
  -1504.548    36.228    -3.88    6.86
  -1128.414    31.337   -13.01   12.47
   -752.278    22.099   -24.56   16.59
   -376.140    10.685   -30.35   15.43
     -0.001     2.002   -23.08   10.36
    376.141    -1.947   -10.50    6.35
    752.284    -2.385    -1.16    5.48
   1128.429     4.951    19.50   13.13
   1504.576    13.093    21.65   15.72
   1880.724    22.668    25.46   14.24
   2256.874    31.415    23.25   10.05
   2633.027    36.156    12.60    7.39
   3009.180    39.607     9.17    8.05
   3385.336    42.731     8.30    9.21
   3761.494    46.085     8.92    9.92
   4137.653    49.795     9.86   10.50
   4513.814    52.769     7.91   10.30
   4889.977    55.337     6.83    9.65
   5266.142    59.147    10.13    3.42
   5642.309    59.742     1.58    3.94
   6018.477    59.893     0.40    3.49
   6394.647    60.010     0.31    4.36
   6770.820    55.181   -12.84   10.87
   7146.993    52.282    -7.71   11.67
   7523.169    47.720   -12.13   13.05
   7899.347    43.599   -10.95   11.68
   8275.526    44.336     1.96   11.87
   8651.707    45.152     2.17   11.93
   9027.891    49.412    11.33   11.25
   9404.075    51.615     5.86   10.30
   9780.262    53.020     3.73    9.04
  10156.451    55.385     6.29    8.77
  10532.641    60.115    12.57    7.05
  10908.833    62.678     6.81    5.59
  11285.027    65.039     6.28    4.01
  11661.223    66.364     3.52    3.91
  12037.421    67.499     3.02    5.31
  12413.621    68.587     2.89    5.35
  12789.822    68.181    -1.08    5.71
  13166.026    66.181    -5.32    7.20
  13542.231    64.499    -4.47    7.93
  13918.438    61.515    -7.93    8.65
  14294.647    59.704    -4.81    8.70
  14670.858    61.027     3.52    8.73
  15047.070    64.494     9.21    8.98
  15423.285    66.310     4.83    8.94
  15799.501    68.976     7.09    7.80
  16175.719    69.494     1.38    7.06
  16551.939    70.438     2.51    6.77
  16928.161    70.367    -0.19    6.22
  17304.385    67.284    -8.19    7.69
  17680.611    64.951    -6.20    7.88
  18056.838    61.365    -9.53    7.90
  18433.068    57.904    -9.20    7.62
  18809.299    56.865    -2.76    7.92
  19185.532    56.810    -0.15    7.89
  19561.768    55.585    -3.26    7.90
  19938.005    53.688    -5.04    6.84
  20314.243    52.874    -2.16    5.97
  20690.484    53.073     0.53    6.24
  21066.727    54.915     4.90    7.34
  21442.971    56.310     3.71    8.90
  21819.218    52.835    -9.24   10.04
  22195.466    49.985    -7.57   10.75
  22571.716    49.364    -1.65   12.07
  22947.968    48.364    -2.66   12.96
  23324.222    47.615    -1.99   14.91
  23700.478    46.438    -3.13   16.67
  24076.736    43.771    -7.09   15.85
  24452.996    45.024     3.33   15.65
  24829.257    48.985    10.53   15.45
  25205.521    56.364    19.61   15.57
  25581.786    64.599    21.89   13.33
  25958.054    72.735    21.62    7.64
  26334.323    72.715    -0.05    9.60
  26710.594    67.941   -12.69   16.42
  27086.867    63.810   -10.98   20.19
  27463.142    58.643   -13.73   20.19
  27839.419    57.985    -1.75   18.57
  28215.698    60.285     6.11   17.30
  28591.905    64.625    11.54   17.76
  28967.801    70.421    15.42   15.33
  29343.699    75.364    13.15   11.40
  29719.598    76.726     3.62    8.87
  30095.500    76.258    -1.24    5.82
  30471.403    76.284     0.07    6.47
  30847.309    77.938     4.40    5.26
  31223.216    73.877   -10.80    9.60
  31599.125    64.391   -25.24   16.73
  31975.036    56.715   -20.42   16.77
  32350.949    46.489   -27.20   11.37
  32726.864    40.742   -15.29    7.08
  33102.781    38.463    -6.06    5.55
  33478.700    38.204    -0.69    7.26
  33854.621    38.207     0.01   12.04
  34230.544    37.904    -0.81   12.62
  34606.469    40.236     6.20   15.66
  34982.396    42.361     5.65   17.08
  35358.324    43.837     3.93   18.18
  35734.255    45.391     4.13   19.55
  36110.187    47.201     4.82   18.66
  36486.122    45.039    -5.75   16.79
  36862.058    39.822   -13.88   15.84
  37237.997    36.782    -8.09   11.86
  37613.937    37.489     1.88   12.58
  37989.880    41.810    11.49   15.43
  38365.824    43.587     4.73   14.30
  38741.770    45.925     6.22   13.17
  39117.718    45.745    -0.48   12.08
  39493.669    47.258     4.02   13.04
  39869.621    53.757    17.29   14.40
  40245.575    59.079    14.16   13.78
  40621.531    58.039    -2.76   14.25
  40997.489    54.085   -10.52   13.92
  41373.449    44.745   -24.84   10.79
  41749.411    38.171   -17.49    7.88
  42125.375    38.499     0.87   11.30
  42501.341    40.796     6.11   14.04
  42877.309    43.012     5.89   15.60
  43253.279    47.862    12.90   16.53
  43629.251    50.504     7.03   16.92
  44005.225    47.668    -7.54   16.21
  44381.201    44.731    -7.81   13.55
  44757.179    41.147    -9.53    8.72
  45133.159    39.515    -4.34    6.02
  45509.141    38.810    -1.88    5.51
  45885.125    38.810     0.00    6.28
  46261.111    38.198    -1.63    6.88
  46637.099    36.848    -3.59    6.21
  47013.089    36.066    -2.08    4.09
  47389.081    37.079     2.69    4.91
  47765.074    37.668     1.57    6.18
  48141.070    36.024    -4.37    3.71
  48517.068    37.039     2.70    4.66
  48893.068    37.769     1.94    4.65
  49269.070    39.580     4.82    7.49
  49645.074    42.931     8.91    9.53
  50021.080    45.810     7.66   10.89
  50397.088    50.456    12.36   12.48
  50773.098    56.720    16.66   13.82
  51149.110    65.039    22.13   15.85
  51525.124    72.599    20.11   15.56
  51901.141    80.441    20.86   10.82
  52277.159    84.361    10.42    6.36
  52653.179    83.976    -1.02    6.19
  53029.201    83.156    -2.18    5.91
  53405.225    82.560    -1.59    5.95
  53781.251    81.310    -3.32    6.34
  54157.280    80.899    -1.09    6.21
  54533.310    79.435    -3.90    7.51
  54909.342    71.066   -22.25   12.18
  55285.377    68.553    -6.68   12.57
  55661.413    70.904     6.25   14.27
  56037.452    76.731    15.49   13.96
  56413.492    83.499    18.00    7.33
  56789.535    85.899     6.38    2.87
  57165.579    86.617     1.91    3.20
  57541.626    86.941     0.86    3.57
  57917.675    85.228    -4.55    4.94
  58293.726    81.002   -11.24    7.62
  58669.778    73.822   -19.09   12.13
  59045.833    69.039   -12.72   11.83
  59421.890    70.386     3.58   12.45
  59797.949    72.120     4.61   13.72
  60174.010    79.181    18.78   12.23
  60550.073    84.412    13.91    7.39
  60926.139    87.622     8.54    2.76
  61302.206    87.874     0.67    2.74
  61678.275    88.174     0.80    2.71
  62054.347    88.904     1.94    2.92
  62430.420    89.181     0.74    2.94
  62806.496    88.526    -1.74    5.19
  63182.573    88.822     0.79    5.44
  63558.653    88.079    -1.98    5.03
  63934.735    89.445     3.63    2.85
  64310.819    90.231     2.09    2.45
  64686.905    88.617    -4.29    4.89
  65062.993    86.694    -5.11    6.09
  65439.083    86.526    -0.45    6.68
  65815.175    87.257     1.94    7.07
  66191.269    85.580    -4.46    8.80
  66567.366    83.337    -5.96    9.57
  66943.464    80.796    -6.76    8.25
  67319.565    81.716     2.45    8.27
  67695.667    84.438     7.24    6.90
  68071.772    83.079    -3.61    6.40
  68447.879    84.698     4.31    5.61
  68823.988    85.335     1.69    6.54
  69200.099    84.087    -3.32    7.54
  69576.212    85.207     2.98    8.66
  69952.327    87.967     7.34    7.86
  70328.445    89.364     3.71    8.70
  70704.564    93.147    10.06    7.34
  71080.686    95.104     5.20    3.62
  71456.810    94.700    -1.08    4.13
  71832.935    89.976   -12.56    8.88
  72209.063    85.810   -11.08   10.02
  72585.193    83.599    -5.88    9.70
  72961.326    82.904    -1.85    8.68
  73337.460    84.715     4.81    8.64
  73713.596    85.452     1.96    7.76
  74089.735    83.643    -4.81    8.16
  74465.876    82.438    -3.20    7.24
  74842.018    81.504    -2.48    6.36
  75218.163    80.489    -2.70    5.30
  75594.311    80.615     0.34    4.46
  75970.460    79.336    -3.40    4.35
  76346.611    77.156    -5.80    4.96
  76722.765    76.625    -1.41    5.12
  77098.920    74.607    -5.37    4.33
  77475.078    75.386     2.07    4.95
  77851.238    78.510     8.30    7.45
  78227.400    82.093     9.53    7.68
  78603.564    83.994     5.05    6.81
  78979.730    84.850     2.28    6.26
  79355.899    80.472   -11.64    6.77
  79732.070    78.526    -5.17    5.66
  80108.242    77.481    -2.78    5.60
  80484.417    76.885    -1.59    4.95
  80860.595    77.135     0.66    4.42
  81236.774    76.472    -1.76    3.87
  81612.955    75.694    -2.07    2.65
  81989.139    75.125    -1.51    2.99
  82365.325    74.099    -2.73    4.17
  82741.512    72.386    -4.55    5.90
  83117.703    70.573    -4.82    6.15
  83493.895    70.032    -1.44    6.47
  83870.089    70.099     0.18    6.44
  84246.286    71.210     2.95    5.96
  84622.485    72.337     3.00    5.65
  84998.686    72.053    -0.76    5.25
  85374.889    72.941     2.36    4.56
  85751.094    74.850     5.07    3.76
  86127.302    75.526     1.80    3.89
  86503.511    76.976     3.86    4.51
  86879.723    77.566     1.57    5.03
  87255.937    77.660     0.25    4.64
  87632.153    77.688     0.08    4.35
  88008.372    77.085    -1.60    4.39
  88384.592    76.915    -0.45    5.93
  88760.815    75.994    -2.45    7.53
  89137.040    75.823    -0.45    8.23
  89513.267    75.412    -1.09    8.96
  89889.497    75.147    -0.70    9.79
  90265.728    76.282     3.02    9.46
  90641.962    78.284     5.32    9.01
  91018.198    80.560     6.05    7.02
  91394.436    81.361     2.13    6.21
  91770.677    82.668     3.48    4.73
  92146.919    83.171     1.33    3.57
  92523.164    84.255     2.88    3.53
  92899.411    83.282    -2.59    5.98
  93275.660    83.783     1.33    9.71
  93651.912    85.976     5.83   10.33
  94028.165    90.120    11.01   10.73
  94404.421    95.181    13.45    8.68
  94780.679    96.668     3.95    8.49
  95156.940    98.283     4.29    7.55
  95533.202    95.877    -6.39   10.78
  95909.467    90.771   -13.57   13.60
  96285.734    83.941   -18.15   14.38
  96662.003    78.365   -14.82   11.28
  97038.275    75.002    -8.94    7.92
  97414.549    74.504    -1.32    5.95
  97790.824    76.002     3.98    4.65
  98167.103    77.412     3.75    4.10
  98543.383    78.582     3.11    3.55
  98919.666    79.039     1.21    5.74
  99295.951    79.472     1.15    6.19
  99672.238    79.201    -0.72    6.86
 100048.527    79.156    -0.12    6.94
 100424.819    79.560     1.07    5.78
 100801.113    77.592    -5.23    5.11
 101177.409    75.463    -5.66    4.19
 101553.707    73.694    -4.70    4.67
 101930.008    71.850    -4.90    4.83
 102306.311    71.643    -0.55    5.37
 102682.616    71.874     0.61    5.33
 103058.923    72.560     1.82    4.51
 103435.233    74.104     4.11    4.53
 103811.287    75.958     4.93    5.65
 104187.147    77.941     5.28    5.90
 104563.009    79.386     3.85    5.16
 104938.873    80.497     2.95    5.49
 105314.739    80.704     0.55    4.84
 105690.608    79.888    -2.17    4.14
 106066.479    79.174    -1.90    3.70
 106442.352    79.156    -0.05    3.12
 106818.228    79.391     0.63    3.13
 107194.105    80.617     3.26    3.47
 107569.985    81.899     3.41    3.95
 107945.868    82.951     2.80    3.44
 108321.752    83.391     1.17    3.18
 108697.639    84.104     1.90    3.28
 109073.528    84.467     0.97    4.27
 109449.419    84.365    -0.27    4.30
 109825.313    85.418     2.80    4.38
 110201.209    86.201     2.09    4.62
 110577.107    86.742     1.44    3.91
 110953.008    86.951     0.55    3.36
 111328.911    86.716    -0.62    3.18
 111704.816    87.694     2.60    3.32
 112080.723    88.967     3.39    3.66
 112456.633    90.198     3.27    3.40
 112832.545    91.233     2.75    3.11
 113208.459    92.472     3.30    4.09
 113584.376    93.694     3.25    4.67
 113960.295    94.438     1.98    5.37
 114336.216    95.181     1.98    5.71
 114712.140    94.388    -2.11    5.30
 115088.065    94.643     0.68    5.58
 115463.994    94.951     0.82    5.54
 115839.924    95.087     0.36    5.80
 116215.857    96.364     3.40    6.06
 116591.792    97.174     2.16    6.68
 116967.729    96.499    -1.80    7.03
 117343.669    95.580    -2.44    6.17
 117719.611    92.481    -8.24    6.10
 118095.555    89.435    -8.10    7.02
 118471.502    87.310    -5.65    6.94
 118847.451    84.171    -8.35    4.57
 119223.402    87.207     8.08    9.93
 119599.356    91.362    11.05   10.84
 119975.312    91.836     1.26   11.21
 120351.270    92.599     2.03   12.26
 120727.231    86.540   -16.12   11.67
 121103.194    82.228   -11.47    6.04
 121479.159    81.494    -1.95    4.67
 121855.127    81.260    -0.62    4.55
 122231.097    81.567     0.82    4.39
 122607.069    81.255    -0.83    3.93
 122983.044    80.823    -1.15    3.24
 123359.021    81.580     2.01    3.99
 123735.000    81.310    -0.72    4.28
 124110.982    80.995    -0.84    4.11
 124486.966    81.385     1.04    4.64
 124862.953    82.967     4.21    4.90
 125238.941    84.607     4.36    5.07
 125614.932    86.463     4.94    5.96
 125990.926    86.810     0.92    5.93
 126366.922    88.994     5.81   10.29
 126742.920    95.599    17.57   16.32
 127118.921   105.745    26.99   19.87
 127494.924   117.643    31.64   16.63
 127870.929   123.099    14.51   11.16
 128246.937   120.610    -6.62   12.98
 128622.947   113.567   -18.73   14.38
 128998.959   108.553   -13.33   13.45
 129374.974   103.418   -13.66    9.03
 129750.991   102.012    -3.74    7.80
 130127.011   101.418    -1.58    5.38
 130503.032   101.254    -0.44    4.77
 130879.057   102.027     2.06    4.81
 131255.083   104.386     6.27    8.46
 131631.112   106.282     5.04    9.73
 132007.144   112.233    15.82   12.27
 132383.178   117.573    14.20   11.60
 132759.214   121.515    10.48   12.09
 133135.253   123.147     4.34   10.79
 133511.294   122.976    -0.46   10.22
 133887.337   121.726    -3.32    8.40
 134263.383   118.678    -8.11    5.97
 134639.431   118.771     0.25    5.61
 135015.482   117.497    -3.39    4.39
 135391.535   118.643     3.05    4.71
 135767.590   119.093     1.20    4.40
 136143.648   119.255     0.43    4.85
 136519.708   118.931    -0.86    5.42
 136895.771   118.810    -0.32    5.41
 137271.836   118.994     0.49    5.65
 137647.903   119.848     2.27    6.60
 138023.973   120.526     1.80    6.61
 138400.045   120.386    -0.37    5.37
 138776.120   121.540     3.07    5.36
 139152.197   124.027     6.61    6.69
 139528.277   127.147     8.30    7.42
 139904.359   127.617     1.25    7.25
 140280.443   127.201    -1.11    7.03
 140656.530   126.796    -1.08    6.35
 141032.619   127.388     1.58    7.71
 141408.711   131.216    10.18    8.82
 141784.805   130.002    -3.23   11.80
 142160.901   127.099    -7.72   13.17
 142537.000   122.742   -11.59   11.64
 142913.101   118.985    -9.99    7.93
 143289.205   117.865    -2.98    9.08
 143665.312   115.994    -4.98    9.49
 144041.420   114.210    -4.74    9.73
 144417.531   112.174    -5.41    8.13
 144793.645   110.412    -4.69    6.27
 145169.761   108.130    -6.07    7.76
 145545.879   104.592    -9.41    8.23
 145922.000    99.174   -14.40    5.26
 146298.124    96.310    -7.62    4.10
 146674.250    96.066    -0.65    3.74
 147050.378    96.661     1.58    4.33
 147426.509   100.147     9.27    7.14
 147802.642   106.613    17.19   10.21
 148178.778   111.951    14.19   11.13
 148554.916   115.233     8.73    9.86
 148931.056   115.948     1.90    9.05
 149307.199   120.310    11.59    9.91
 149683.345   125.587    14.03    9.31
 150059.493   128.915     8.85    9.59
 150435.643   132.797    10.32   12.03
 150811.796   137.039    11.28   12.11
 151187.952   140.204     8.41   10.42
 151564.109   141.310     2.94    9.36
 151940.270   137.874    -9.13    8.84
 152316.433   135.742    -5.67    7.70
 152692.598   135.785     0.11    8.93
 153068.766   140.310    12.03   10.85
 153444.936   145.310    13.29    9.38
 153821.109   147.012     4.53    8.63
 154197.284   144.615    -6.37   10.13
 154573.462   139.104   -14.65    9.18
 154949.642   134.951   -11.04    9.34
 155325.825   132.698    -5.99   10.15
 155702.010   127.020   -15.10    9.57
 156078.198   121.976   -13.41    7.12
 156454.388   120.310    -4.43    7.36
 156830.580   116.361   -10.50    7.86
 157206.776   115.147    -3.23    7.54
 157582.973   119.125    10.57    9.88
 157959.174   124.888    15.32   11.60
 158335.376   126.985     5.57    9.80
 158711.582   129.066     5.53    9.70
 159087.789   129.335     0.71   10.82
 159464.000   129.848     1.36   10.86
 159840.212   131.850     5.32    9.33
 160216.428   128.120    -9.91   10.38
 160592.645   120.039   -21.48   10.54
 160968.866   113.207   -18.16   11.29
 161345.089   107.361   -15.54    9.01
 161721.314   106.365    -2.65    7.70
 162097.542   110.258    10.35   10.64
 162473.772   117.152    18.32    9.84
 162850.005   122.726    14.82    7.98
 163226.241   124.002     3.39    7.00
 163602.479   121.258    -7.29    7.45
 163978.719   117.002   -11.31    7.13
 164354.962   114.231    -7.37    5.60
 164731.208   116.285     5.46    7.17
 165107.456   117.012     1.93    7.36
 165483.707   116.385    -1.67    7.85
 165859.960   113.668    -7.22    9.05
 166236.216   109.948    -9.89    6.51
 166612.474   108.310    -4.36    6.59
 166988.735   105.526    -7.40    6.31
 167364.998   105.174    -0.93    5.39
 167741.264   105.310     0.36    4.70
 168117.533   106.391     2.87    5.25
 168493.804   109.463     8.17    5.51
 168870.077   113.336    10.29    6.63
 169246.354   118.120    12.72    7.47
 169622.632   121.438     8.82    7.47
 169998.914   124.156     7.22    7.67
 170375.197   127.967    10.13    7.68
 170751.484   130.282     6.15    7.80
 171127.773   131.822     4.09    6.12
 171504.064   133.364     4.10    5.40
 171880.359   134.797     3.81    5.83
 172256.655   137.635     7.54    6.06
 172632.954   139.643     5.34    4.83
 173009.256   139.742     0.26    4.78
 173385.561   139.012    -1.94    4.90
 173761.868   137.769    -3.30    4.78
 174138.177   136.836    -2.48    4.28
 174514.489   138.198     3.62    4.62
 174890.804   140.235     5.41    5.14
 175267.122   142.178     5.16    5.91
 175643.441   143.364     3.15    5.47
 176019.764   144.181     2.17    5.99
 176396.089   143.652    -1.41    5.96
 176772.417   143.652     0.00    5.21
 177148.747   144.769     2.97    5.76
 177525.080   145.053     0.76    5.61
 177901.415   147.796     7.29    6.28
 178277.753   149.643     4.91    7.09
 178654.094   153.160     9.34    7.66
 179029.939   157.710    12.11    7.05
 179405.757   158.418     1.88    7.54
 179781.579   160.066     4.39    7.15
 180157.403   160.391     0.86    5.52
 180533.229   158.661    -4.60    4.36
 180909.058   158.448    -0.57    4.21
 181284.890   156.885    -4.16    3.87
 181660.724   153.848    -8.08    4.74
 182036.561   150.742    -8.26    6.01
 182412.401   147.438    -8.79    5.04
 182788.243   145.467    -5.24    3.24
 183164.088   144.515    -2.54    3.23
 183539.935   144.526     0.03    4.06
 183915.785   143.438    -2.89    4.42
 184291.638   141.782    -4.41    4.54
 184667.493   140.540    -3.30    4.45
 185043.351   140.592     0.14    5.58
 185419.211   140.435    -0.42    6.89
 185795.074   137.093    -8.89    7.99
 186170.940   135.661    -3.81    7.67
 186546.809   139.783    10.97   15.60
 186922.680   144.178    11.69   21.14
 187298.553   147.472     8.76   22.65
 187674.429   146.285    -3.16   21.71
 188050.308   139.386   -18.35   19.47
 188426.190   131.599   -20.72   17.89
 188802.074   122.231   -24.92   13.79
 189177.961   115.874   -16.91    7.74
 189553.850   113.130    -7.30    5.22
 189929.743   112.445    -1.82    5.39
 190305.637   112.899     1.21    5.71
 190681.535   113.893     2.64    6.22
 191057.435   115.720     4.86    6.46
 191433.337   115.848     0.34    6.39
 191809.243   116.341     1.31    4.95
 192185.151   116.694     0.94    4.41
 192561.062   116.796     0.27    5.23
 192936.975   117.661     2.30    6.24
 193312.891   121.053     9.02    8.21
 193688.810   124.499     9.17    9.61
 194064.731   123.002    -3.98    9.48
 194440.655   120.745    -6.00   10.16
 194816.582   119.020    -4.59   10.00
 195192.511   119.364     0.91   11.62
 195568.443   129.463    26.87   19.81
 195944.378   144.386    39.70   23.01
 196320.315   155.310    29.06   17.15
 196696.255   156.258     2.52   15.98
 197072.198   147.958   -22.08   18.41
 197448.143   138.810   -24.34   16.69
 197824.091   129.874   -23.77   14.68
 198200.042   121.060   -23.45   13.31
 198575.995   112.592   -22.52   14.32
 198951.951   106.745   -15.55   15.09
 199327.910    99.985   -17.98   13.59
 199703.872    98.156    -4.87   15.88
 200079.836    98.201     0.12   17.83
 200455.803    93.361   -12.88   13.95
 200831.772    89.540   -10.16   13.00
 201207.745    84.472   -13.48    7.20
 201583.720    81.283    -8.48    4.81
 201959.697    80.874    -1.09    4.02
 202335.678    82.284     3.75    5.58
 202711.661    85.931     9.70    6.59
 203087.646    89.941    10.67    6.72
 203463.635    95.201    13.99    6.61
 203839.626   100.174    13.23    7.44
 204215.620   106.388    16.53    8.68
 204591.617   112.622    16.58    8.34
 204967.616   119.027    17.04    8.67
 205343.618   125.104    16.16    8.69
 205719.623   130.810    15.17    8.94
 206095.630   138.027    19.20   10.24
 206471.641   143.147    13.62    9.94
 206847.654   146.540     9.02   11.01
 207223.669   148.073     4.08   12.63
 207599.688   149.415     3.57   11.12
 207975.709   151.415     5.32   10.96
 208351.733   153.745     6.20   10.64
 208727.759   157.210     9.21   10.12
 209103.789   161.904    12.49   10.58
 209479.821   166.467    12.14   11.95
 209855.855   174.046    20.16   11.84
 210231.893   179.445    14.36   12.03
 210607.933   188.796    24.87   11.82
 210983.976   196.545    20.61   11.55
 211360.022   202.771    16.56    9.93
 211736.070   207.104    11.52    5.44
 212112.122   208.476     3.65    4.44
 212488.176   209.310     2.22    5.90
 212864.232   208.504    -2.14    8.23
 213240.292   206.310    -5.84   11.02
 213616.354   201.257   -13.44   12.96
 213992.419   197.951    -8.79   12.49
 214368.487   198.688     1.96   12.76
 214744.558   203.540    12.90   16.25
 215120.631   203.627     0.23   18.36
 215496.707   202.393    -3.28   19.92
 215872.786   201.174    -3.24   17.80
 216248.867   202.364     3.16   15.82
 216624.952   208.634    16.67   17.08
 217001.039   219.661    29.32   15.45
 217377.129   228.424    23.30   12.13
 217753.221   235.935    19.97   13.72
 218129.317   242.463    17.36   12.95
 218505.415   247.958    14.61   11.05
 218881.516   252.822    12.93    6.98
 219257.620   252.282    -1.44    7.44
 219633.726   251.888    -1.05    7.25
 220009.836   253.783     5.04    9.11
 220385.948   258.258    11.90   10.03
 220762.063   259.282     2.72   12.85
 221138.181   256.130    -8.38   17.95
 221514.301   245.260   -28.90   20.69
 221890.424   229.837   -41.00   17.53
 222266.551   223.388   -17.15   17.66
 222642.679   216.985   -17.02   17.36
 223018.811   214.742    -5.96   15.40
 223394.946   213.391    -3.59   16.67
 223771.083   212.795    -1.58   17.74
 224147.223   209.835    -7.87   20.14
 224523.366   209.560    -0.73   17.75
 224899.512   211.553     5.30   16.55
 225275.660   219.566    21.30   19.82
 225651.812   231.850    32.66   16.91
 226027.966   241.783    26.41   19.32
 226404.123   250.617    23.49   16.93
 226780.282   255.233    12.27   15.34
 227156.445   260.282    13.43   10.53
 227532.610   258.152    -5.66   11.58
 227908.779   249.785   -22.24   19.28
 228284.950   244.958   -12.83   21.76
 228661.124   243.335    -4.31   22.81
 229037.300   248.715    14.30   22.42
 229413.480   258.472    25.94   18.35
 229789.662   262.337    10.27    9.80
 230165.847   260.004    -6.20    9.41
 230542.035   255.207   -12.75   11.53
 230918.226   254.885    -0.86   12.39
 231294.420   258.634     9.97   11.23
 231670.617   260.885     5.98    8.64
 232046.816   263.704     7.50    7.53
 232423.018   263.489    -0.57    7.89
 232799.223   258.745   -12.61    9.31
 233175.431   251.599   -19.00   14.55
 233551.642   239.448   -32.30   19.39
 233927.856   231.862   -20.17   18.84
 234304.072   231.160    -1.87   19.86
 234680.291   239.032    20.93   21.95
 235056.514   248.566    25.34   16.88
 235432.739   258.941    27.58    8.86
 235808.966   263.904    13.19    4.17
 236185.197   263.877    -0.07    6.78
 236561.431   257.282   -17.53   17.36
 236937.667   245.438   -31.48   23.62
 237313.907   227.835   -46.79   25.48
 237690.149   214.120   -36.45   25.90
 238066.394   200.885   -35.18   21.19
 238442.642   194.125   -17.97   14.13
 238818.893   196.362     5.95   16.67
 239195.146   205.520    24.34   19.33
 239571.403   215.797    27.31   20.28
 239947.662   226.796    29.23   21.60
 240323.925   238.448    30.97   19.82
 240700.190   247.207    23.28   15.91
 241076.458   251.254    10.76    9.56
 241452.729   245.566   -15.12   18.63
 241829.003   234.925   -28.28   21.47
 242205.280   231.726    -8.50   17.60
 242581.559   233.742     5.36   16.28
 242957.842   234.607     2.30   16.53
 243334.127   234.152    -1.21   18.39
 243710.415   229.720   -11.78   17.90
 244086.707   225.904   -10.14   14.84
 244463.001   225.385    -1.38    9.47
 244839.298   218.386   -18.60   13.99
 245215.598   205.546   -34.12   21.74
 245591.900   192.958   -33.45   18.41
 245968.206   190.976    -5.27   16.71
 246344.515   196.310    14.17   19.86
 246720.826   207.754    30.41   16.20
 247097.141   209.745     5.29   10.75
 247473.458   206.226    -9.35   12.34
 247849.778   202.233   -10.61   13.27
 248226.102   198.720    -9.34   13.70
 248602.428   200.192     3.91   15.19
 248978.757   204.039    10.22   11.58
 249355.089   199.391   -12.35   15.20
 249731.424   188.362   -29.31   20.30
 250107.761   176.874   -30.53   19.86
 250484.102   167.532   -24.82   18.31
 250860.446   158.485   -24.04   20.65
 251236.792   149.874   -22.88   18.37
 251613.142   142.438   -19.76   15.52
 251989.494   138.931    -9.32   12.03
 252365.850   141.283     6.25   13.00
 252742.208   149.002    20.51   18.24
 253118.569   159.643    28.27   18.69
 253494.933   173.181    35.97   18.01
 253871.111   186.754    36.08   11.84
 254246.899   189.720     7.89   15.56
 254622.690   191.386     4.44   17.25
 254998.484   190.435    -2.53   16.14
 255374.280   192.093     4.41   14.31
 255750.080   197.020    13.11   14.78
 256125.883   201.391    11.63   16.53
 256501.689   209.899    22.64   16.50
 256877.497   218.931    24.03   15.76
 257253.309   228.797    26.25   10.68
 257629.124   232.925    10.99   10.22
 258004.941   234.463     4.09   11.32
 258380.762   228.769   -15.15   13.31
 258756.585   218.130   -28.31   20.83
 259132.411   205.310   -34.11   20.75
 259508.241   195.893   -25.06   16.81
 259884.073   201.361    14.55   18.65
 260259.908   213.255    31.65   20.60
 260635.746   226.862    36.21   18.59
 261011.588   240.156    35.37   15.58
 261387.432   247.903    20.61   11.35
 261763.279   247.283    -1.65   11.44
 262139.129   239.967   -19.47   18.65
 262514.982   228.904   -29.44   20.43
 262890.838   218.258   -28.33   18.14
 263266.697   217.391    -2.31   15.14
 263642.559   220.797     9.06   14.64
 264018.424   229.361    22.79   15.44
 264394.292   236.592    19.24   18.21
 264770.163   248.391    31.39   17.38
 265146.037   257.874    25.23   17.02
 265521.914   261.599     9.91   16.80
 265897.794   259.337    -6.02   19.31
 266273.677   256.066    -8.70   18.73
 266649.563   253.931    -5.68   15.19
 267025.452   254.836     2.41   13.43
 267401.343   258.566     9.92   10.97
 267777.238   262.341    10.04    9.81
 268153.136   266.467    10.98   11.26
 268529.037   272.941    17.22   12.74
 268904.941   283.823    28.95   11.95
 269280.848   293.438    25.58   13.15
 269656.758   302.337    23.67   11.26
 270032.671   307.745    14.39    7.91
 270408.587   310.027     6.07    6.66
 270784.505   311.104     2.86    6.31
 271160.427   313.201     5.58    7.40
 271536.352   315.925     7.25    7.03
 271912.280   314.967    -2.55   11.85
 272288.211   307.837   -18.97   19.04
 272664.145   301.877   -15.86   19.87
 273040.082   293.796   -21.50   19.30
 273416.022   290.120    -9.78   17.78
 273791.966   285.515   -12.25   17.09
 274167.912   279.403   -16.26   14.41
 274543.861   273.441   -15.86   13.82
 274919.813   271.652    -4.76   12.94
 275295.768   277.810    16.38   15.50
 275671.726   285.171    19.58   14.36
 276047.688   292.579    19.71    6.95
