-219853.083    15.651     0.00    6.00
-219476.959    16.454     2.13    6.12
-219100.836    16.922     1.25    5.94
-218724.714    13.897    -8.04    8.20
-218348.593     8.610   -14.06    7.51
-217972.473     4.768   -10.21    5.53
-217596.353     2.194    -6.85    4.53
-217220.235     1.025    -3.11    4.36
-216844.118     2.845     4.84    6.18
-216468.002     4.843     5.31    8.61
-216091.887    10.729    15.65    9.95
-215715.773    12.499     4.71    7.77
-215339.660    11.350    -3.05    8.04
-214963.548     6.999   -11.57    7.89
-214587.437     4.405    -6.90    5.75
-214211.327     4.717     0.83    6.54
-213835.217     7.256     6.75    6.97
-213459.109    10.127     7.64    7.77
-213083.002    13.567     9.14    7.39
-212706.896    15.538     5.24    5.16
-212330.791    15.736     0.53    5.02
-211954.687    14.305    -3.81    4.67
-211578.583    12.188    -5.63    4.62
-211202.481    10.675    -4.02    3.66
-210826.380    10.161    -1.37    2.87
-210450.280    10.332     0.46    2.24
-210074.180    11.312     2.60    1.64
-209698.082    11.179    -0.35    1.54
-209321.984    10.486    -1.84    1.75
-208945.888     9.888    -1.59    2.17
-208569.793    10.435     1.45    3.29
-208193.698    11.756     3.51    4.71
-207817.605    12.999     3.31    5.27
-207441.512    13.262     0.70    5.60
-207065.420    11.973    -3.43    5.04
-206689.330    10.134    -4.89    4.32
-206313.240     8.743    -3.70    2.10
-205937.151     8.871     0.34    2.18
-205561.063     8.721    -0.40    2.80
-205184.977    11.080     6.27    4.70
-204808.891    12.891     4.81    4.69
-204432.806    12.188    -1.87    5.02
-204056.722    10.594    -4.24    4.91
-203680.639     9.087    -4.01    3.18
-203304.557     8.624    -1.23    1.97
-202928.475     8.922     0.79    1.69
-202552.395     9.138     0.57    1.84
-202176.316     9.281     0.38    1.95
-201800.237     9.837     1.48    2.40
-201424.160    11.341     4.00    3.79
-201048.083    13.657     6.16    3.84
-200672.008    14.820     3.09    4.01
-200295.933    16.107     3.42    4.18
-199919.860    16.078    -0.08    4.70
-199543.787    14.674    -3.73    4.82
-199167.715    12.113    -6.81    4.00
-198791.644    11.552    -1.49    2.53
-198415.574    12.567     2.70    2.41
-198039.505    13.323     2.01    2.63
-197663.437    14.675     3.59    3.10
-197287.369    15.055     1.01    3.50
-196911.303    13.820    -3.28    5.51
-196535.237    12.512    -3.48    6.94
-196159.173     9.053    -9.20    6.84
-195783.109     7.050    -5.33    7.11
-195407.047     8.794     4.64    6.81
-195030.985     9.794     2.66    5.72
-194654.924    12.053     6.01    4.63
-194278.864    13.845     4.77    3.86
-193902.805    15.638     4.77    4.96
-193526.746    15.631    -0.02    5.28
-193150.689    15.179    -1.20    5.64
-192774.633    13.999    -3.14    5.88
-192398.577    11.666    -6.20    3.93
-192022.522    10.323    -3.57    2.47
-191646.469    10.055    -0.71    2.11
-191270.416    10.810     2.01    1.76
-190894.364    11.249     1.17    1.76
-190518.313    10.683    -1.50    1.86
-190142.262    10.438    -0.65    2.05
-189766.213     9.513    -2.46    2.58
-189390.165     7.794    -4.57    3.19
-189014.117     5.868    -5.12    3.44
-188638.070     4.948    -2.45    3.63
-188261.955     3.296    -4.39    4.33
-187885.733     0.049    -8.63    7.27
-187509.513    -3.568    -9.62    8.25
-187133.293    -7.893   -11.49    6.28
-186757.075   -10.758    -7.61    3.56
-186380.857   -11.715    -2.55    1.99
-186004.640   -11.103     1.63    2.04
-185628.424   -10.770     0.89    1.78
-185252.209   -10.501     0.72    1.54
-184875.995   -11.244    -1.98    1.30
-184499.781   -11.751    -1.35    1.18
-184123.569   -12.238    -1.29    1.05
-183747.357   -12.651    -1.10    0.74
-183371.146   -12.839    -0.50    0.50
-182994.936   -13.001    -0.43    0.00
-182618.727   -13.001     0.00    0.00
-182242.518   -13.001     0.00    0.00
-181866.311   -13.001     0.00    0.00
-181490.104   -13.001     0.00    0.00
-181113.898   -13.001     0.00    0.00
-180737.693   -13.001     0.00    0.00
-180361.489   -13.001     0.00    0.00
-179985.286   -13.001     0.00    0.00
-179609.084   -13.001     0.00    0.00
-179232.882   -13.001     0.00    0.00
-178856.681   -13.001     0.00    0.00
-178480.481   -13.001     0.00    0.00
-178104.282   -13.001     0.00    0.00
-177728.084   -13.001     0.00    0.00
-177351.886   -13.001     0.00    0.00
-176975.690   -13.001     0.00    0.00
-176599.494   -13.001     0.00    0.00
-176223.299   -13.001     0.00    0.00
-175847.105   -13.001     0.00    0.00
-175470.911   -13.001     0.00    0.00
-175094.719   -13.001     0.00    0.00
-174718.527   -13.001     0.00    0.00
-174342.336   -13.001     0.00    0.00
-173966.146   -13.001     0.00    0.00
-173589.957   -13.001     0.00    0.00
-173213.768   -13.001     0.00    0.00
-172837.581   -13.001     0.00    0.00
-172461.394   -13.001     0.00    0.00
-172085.208   -13.001     0.00    0.00
-171709.022   -13.001     0.00    0.00
-171332.838   -13.001     0.00    0.00
-170956.654   -13.001     0.00    0.00
-170580.471   -13.001     0.00    0.00
-170204.289   -13.001     0.00    0.00
-169828.108   -12.668     0.89    1.33
-169451.928   -11.796     2.32    2.12
-169075.748    -9.334     6.54    4.19
-168699.569    -5.847     9.27    6.08
-168323.391    -1.565    11.38    6.32
-167947.213     2.970    12.05    4.81
-167571.037     6.107     8.34    3.32
-167194.861     7.972     4.96    2.82
-166818.686     9.080     2.95    2.74
-166442.512     9.459     1.01    2.67
-166066.338     9.694     0.62    2.49
-165690.166    10.524     2.21    2.47
-165313.994    11.025     1.33    2.83
-164937.823    10.702    -0.86    2.33
-164561.652    10.315    -1.03    2.28
-164185.483    10.341     0.07    2.58
-163809.314     9.999    -0.91    2.48
-163433.146    10.648     1.72    2.46
-163056.978    11.204     1.48    1.45
-162680.812    11.305     0.27    1.55
-162304.646    12.307     2.66    2.58
-161928.481    12.794     1.30    2.64
-161552.317    12.718    -0.20    2.59
-161176.153    13.538     2.18    3.24
-160799.990    14.350     2.16    2.98
-160423.828    15.675     3.52    3.90
-160047.667    16.631     2.54    4.30
-159671.507    18.416     4.75    5.78
-159295.347    20.512     5.57    7.60
-158919.188    23.230     7.23    8.70
-158543.029    24.675     3.84    8.25
-158166.872    27.512     7.54    7.66
-157790.715    29.589     5.52    6.74
-157414.559    30.102     1.36    6.15
-157038.404    28.918    -3.15    7.58
-156662.249    27.204    -4.56    7.75
-156286.095    25.026    -5.79    7.69
-155909.942    23.540    -3.95    6.53
-155533.790    22.864    -1.80    5.24
-155157.638    22.218    -1.72    5.45
-154781.487    23.666     3.85    7.09
-154405.337    24.183     1.38    7.26
-154029.187    23.332    -2.26    6.73
-153653.038    21.384    -5.18    6.83
-153276.890    18.944    -6.49    5.24
-152900.743    17.435    -4.01    4.36
-152524.596    15.631    -4.80    2.24
-152148.450    15.432    -0.53    2.68
-151772.305    16.736     3.47    4.01
-151396.161    18.409     4.45    5.19
-151020.017    21.048     7.01    6.42
-150643.874    24.621     9.50    6.37
-150267.731    25.615     2.64    6.07
-149891.590    26.815     3.19    5.91
-149515.449    26.621    -0.52    6.86
-149139.308    26.513    -0.29    6.33
-148763.169    26.342    -0.45    5.90
-148387.030    24.563    -4.73    7.12
-148010.892    20.849    -9.87    7.84
-147634.754    18.729    -5.64    7.75
-147258.617    15.871    -7.60    6.33
-146882.481    16.360     1.30    5.97
-146506.346    17.394     2.75    5.29
-146130.211    21.435    10.74    6.25
-145754.077    22.657     3.25    5.67
-145377.943    20.666    -5.29    5.54
-145001.811    19.894    -2.05    5.13
-144625.679    17.824    -5.50    3.10
-144249.547    17.166    -1.75    1.98
-143873.417    16.615    -1.47    2.65
-143497.287    18.683     5.50    6.22
-143121.157    21.675     7.95    7.99
-142745.029    26.945    14.01    7.62
-142368.901    30.666     9.89    4.32
-141992.773    30.050    -1.64    6.20
-141616.647    28.449    -4.26    8.44
-141240.521    26.810    -4.36    9.62
-140864.395    26.224    -1.56    9.77
-140488.271    24.394    -4.87    9.30
-140112.147    22.894    -3.99    7.22
-139736.023    20.945    -5.18    4.77
-139359.901    20.127    -2.17    3.66
-138983.779    19.972    -0.41    4.11
-138607.657    19.610    -0.96    5.20
-138231.537    18.946    -1.76    6.22
-137855.417    17.555    -3.70    6.95
-137479.297    16.717    -2.23    6.28
-137103.178    18.025     3.48    6.60
-136727.060    20.499     6.58    8.22
-136350.943    22.323     4.85    7.34
-135974.826    23.621     3.45    6.21
-135598.710    25.080     3.88    6.10
-135222.594    24.599    -1.28    4.78
-134846.479    25.080     1.28    4.72
-134470.365    24.946    -0.36    4.99
-134094.251    23.657    -3.43    5.11
-133718.138    24.525     2.31    6.28
-133342.026    26.080     4.13    5.91
-132965.914    26.179     0.26    5.41
-132589.803    26.920     1.97    5.70
-132213.692    26.805    -0.31    6.42
-131837.582    28.594     4.76    7.31
-131461.473    30.777     5.80    7.63
-131085.364    32.841     5.49    6.77
-130709.256    35.743     7.71    4.96
-130333.149    36.437     1.84    3.96
-129957.042    32.783    -9.71    7.40
-129580.936    27.459   -14.16    7.90
-129204.830    24.459    -7.98    7.46
-128828.725    22.691    -4.70    5.01
-128452.621    21.473    -3.24    2.96
-128076.517    21.486     0.04    2.81
-127700.414    20.666    -2.18    2.96
-127324.311    19.332    -3.55    2.81
-126948.209    18.486    -2.25    2.62
-126572.108    18.768     0.75    2.82
-126196.007    19.183     1.10    2.52
-125819.907    19.499     0.84    2.14
-125443.807    19.648     0.40    2.57
-125067.708    20.305     1.75    4.87
-124691.610    21.323     2.71    6.76
-124315.512    23.153     4.86    8.18
-123939.415    22.817    -0.89    7.20
-123563.318    21.025    -4.77    6.72
-123187.222    19.341    -4.48    5.95
-122811.127    17.555    -4.75    3.89
-122435.032    17.076    -1.27    2.55
-122058.938    17.215     0.37    3.00
-121682.844    17.948     1.95    3.01
-121306.751    17.894    -0.14    3.40
-120930.658    17.897     0.01    3.49
-120554.566    19.215     3.51    5.71
-120178.475    20.631     3.76    7.36
-119802.384    21.524     2.38    7.67
-119426.293    19.499    -5.38    6.25
-119050.204    17.405    -5.57    4.80
-118674.115    15.350    -5.46    2.74
-118298.026    14.945    -1.08    2.66
-117921.938    15.810     2.30    3.63
-117545.850    16.628     2.17    4.43
-117169.763    15.599    -2.73    2.55
-116793.677    15.052    -1.46    2.79
-116417.591    14.459    -1.58    3.73
-116041.506    15.281     2.19    5.11
-115665.421    16.920     4.36    6.70
-115289.337    18.841     5.11    6.40
-114913.253    18.783    -0.16    5.76
-114537.170    17.358    -3.79    5.15
-114161.088    16.999    -0.95    5.48
-113785.006    16.841    -0.42    5.99
-113408.924    16.874     0.09    6.72
-113032.763    14.999    -4.98    6.63
-112656.573    14.868    -0.35    6.55
-112280.384    15.432     1.50    6.27
-111904.195    16.242     2.16    5.70
-111528.007    17.215     2.59    4.98
-111151.819    15.888    -3.53    4.63
-110775.632    14.499    -3.69    3.98
-110399.445    13.204    -3.44    2.47
-110023.259    11.729    -3.92    2.39
-109647.074    11.499    -0.61    2.06
-109270.889    11.307    -0.51    2.12
-108894.704    11.743     1.16    2.15
-108518.520    12.405     1.76    1.88
-108142.337    12.589     0.49    3.38
-107766.154    12.666     0.20    3.67
-107389.972    13.891     3.26    4.84
-107013.790    17.210     8.82    8.33
-106637.608    21.968    12.65    8.99
-106261.427    25.307     8.88    8.48
-105885.247    29.341    10.72    7.05
-105509.067    27.555    -4.75    9.00
-105132.888    23.567   -10.60    9.44
-104756.709    22.110    -3.87    9.12
-104380.530    23.183     2.85    9.15
-104004.352    24.897     4.55    9.35
-103628.175    24.594    -0.81   10.87
-103251.998    20.578   -10.67   10.79
-102875.822    18.102    -6.58    8.99
-102499.646    21.552     9.17   11.19
-102123.470    29.188    20.30   12.19
-101747.296    30.799     4.28   10.90
-101371.121    30.648    -0.40   11.34
-100994.947    26.702   -10.49   12.04
-100618.774    24.026    -7.11   11.16
-100242.601    24.440     1.10   11.99
 -99866.428    25.281     2.24   11.71
 -99490.256    25.486     0.55   11.19
 -99114.085    25.388    -0.26    9.85
 -98737.914    25.999     1.62    8.63
 -98361.743    26.055     0.15    8.76
 -97985.573    21.756   -11.43   10.78
 -97609.403    16.871   -12.99    9.88
 -97233.234    12.918   -10.51    6.11
 -96857.065    10.868    -5.45    1.73
 -96480.897    11.052     0.49    2.09
 -96104.729    11.549     1.32    2.68
 -95728.562    11.026    -1.39    3.49
 -95352.395    11.324     0.79    4.68
 -94976.229    11.461     0.36    4.97
 -94600.063    12.860     3.72    6.26
 -94223.897    15.215     6.26    7.44
 -93847.732    18.053     7.54    8.64
 -93471.567    20.157     5.59    8.76
 -93095.403    21.538     3.67    8.18
 -92719.240    21.916     1.01    6.72
 -92343.076    26.199    11.39    9.32
 -91966.913    28.815     6.95    8.27
 -91590.751    31.527     7.21    6.39
 -91214.589    29.920    -4.27    6.75
 -90838.428    27.948    -5.24    6.22
 -90462.267    26.052    -5.04    5.38
 -90086.106    26.221     0.45    7.19
 -89709.946    27.794     4.18    7.73
 -89333.786    29.378     4.21    7.68
 -88957.627    29.299    -0.21    7.30
 -88581.468    29.897     1.59    7.29
 -88205.309    29.085    -2.16    6.02
 -87829.151    27.161    -5.11    4.92
 -87452.994    24.999    -5.75    4.85
 -87076.837    23.525    -3.92    4.88
 -86700.680    21.768    -4.67    4.26
 -86324.523    21.242    -1.40    4.32
 -85948.367    20.174    -2.84    3.79
 -85572.212    21.897     4.58    6.62
 -85196.057    22.594     1.85    6.88
 -84819.902    23.540     2.51    6.97
 -84443.748    24.052     1.36    7.93
 -84067.594    22.230    -4.84    6.94
 -83691.441    21.471    -2.02    7.10
 -83315.288    22.358     2.36    6.06
 -82939.135    20.666    -4.50    4.54
 -82562.983    19.820    -2.25    4.50
 -82186.831    18.717    -2.93    3.15
 -81810.679    18.218    -1.33    3.59
 -81434.528    21.567     8.90    6.75
 -81058.378    25.864    11.42    8.14
 -80682.227    27.810     5.17    7.57
 -80306.078    26.446    -3.62    8.29
 -79929.928    22.134   -11.46    6.96
 -79553.779    19.153    -7.93    3.18
 -79177.630    19.640     1.30    4.61
 -78801.482    21.897     6.00    7.21
 -78425.334    26.486    12.20    8.82
 -78049.187    28.589     5.59    7.43
 -77673.039    28.332    -0.68    7.58
 -77296.893    27.194    -3.03    7.78
 -76920.746    26.762    -1.15    6.94
 -76544.600    28.323     4.15    7.69
 -76168.454    29.513     3.16    7.25
 -75792.309    27.691    -4.84    7.12
 -75416.164    23.968    -9.90    5.12
 -75040.020    19.999   -10.55    4.66
 -74663.876    18.666    -3.54    4.49
 -74287.732    18.277    -1.03    4.06
 -73911.588    17.538    -1.97    3.43
 -73535.445    18.459     2.45    3.01
 -73159.303    18.332    -0.34    3.03
 -72783.160    19.473     3.03    4.62
 -72407.018    19.473     0.00    6.45
 -72030.876    19.323    -0.40    5.64
 -71654.735    20.332     2.68    5.24
 -71278.594    20.549     0.58    4.41
 -70902.454    20.610     0.16    4.24
 -70526.313    18.432    -5.79    5.72
 -70150.174    17.134    -3.45    6.30
 -69774.034    16.810    -0.86    7.64
 -69397.895    19.432     6.97    8.47
 -69021.756    20.881     3.85    7.04
 -68645.617    21.666     2.09    6.17
 -68269.479    20.307    -3.61    6.66
 -67893.341    17.582    -7.24    4.81
 -67517.204    17.640     0.15    5.91
 -67141.067    20.471     7.53    9.18
 -66764.930    25.473    13.30   10.68
 -66388.793    26.789     3.50   10.52
 -66012.657    23.230    -9.46   11.19
 -65636.521    18.567   -12.40    8.96
 -65260.386    14.473   -10.88    4.62
 -64884.250    13.153    -3.51    1.98
 -64508.116    13.110    -0.11    2.49
 -64131.981    14.236     2.99    3.26
 -63755.847    15.215     2.60    4.21
 -63379.713    14.972    -0.65    4.29
 -63003.579    14.621    -0.93    3.94
 -62627.446    13.999    -1.65    3.84
 -62251.313    15.076     2.86    5.16
 -61875.180    16.449     3.65    5.87
 -61499.048    16.388    -0.16    6.25
 -61122.916    16.179    -0.56    6.90
 -60746.784    15.815    -0.97    6.28
 -60370.653    14.922    -2.37    5.47
 -59994.521    15.052     0.34    4.24
 -59618.391    15.538     1.29    2.39
 -59242.260    14.582    -2.54    2.69
 -58866.130    14.540    -0.11    3.40
 -58490.000    14.127    -1.10    3.53
 -58113.870    13.542    -1.56    3.66
 -57737.741    13.563     0.06    4.49
 -57361.612    13.025    -1.43    4.28
 -56985.483    11.416    -4.28    4.33
 -56609.354    11.891     1.26    5.08
 -56233.226    13.918     5.39    5.47
 -55857.098    15.289     3.64    6.14
 -55480.971    15.874     1.56    5.54
 -55104.843    14.432    -3.84    5.57
 -54728.716    13.076    -3.60    4.83
 -54352.589    10.815    -6.01    2.32
 -53976.463    10.341    -1.26    1.15
 -53600.336    10.513     0.46    1.22
 -53224.210    10.824     0.83    1.93
 -52848.085    11.815     2.63    2.32
 -52471.959    12.269     1.21    2.49
 -52095.834    13.161     2.37    1.92
 -51719.709    13.428     0.71    1.87
 -51343.584    13.230    -0.53    1.78
 -50967.460    12.409    -2.18    1.86
 -50591.336    11.371    -2.76    2.06
 -50215.212    10.864    -1.35    2.02
 -49839.088    11.215     0.93    2.14
 -49462.965    11.702     1.29    2.01
 -49086.842    12.324     1.65    1.97
 -48710.719    13.107     2.08    1.66
 -48334.596    13.815     1.88    1.74
 -47958.474    14.368     1.47    1.72
 -47582.352    15.025     1.75    2.06
 -47206.230    16.026     2.66    2.02
 -46830.108    16.849     2.19    1.64
 -46453.987    17.578     1.94    1.80
 -46077.866    17.888     0.82    1.70
 -45701.745    18.405     1.37    1.38
 -45325.624    18.832     1.14    1.54
 -44949.504    18.810    -0.06    1.54
 -44573.383    18.794    -0.04    1.52
 -44197.263    19.056     0.70    1.43
 -43821.144    19.307     0.67    1.52
 -43445.024    19.183    -0.33    1.66
 -43068.905    18.805    -1.01    1.60
 -42692.786    18.563    -0.64    1.37
 -42316.667    18.552    -0.03    1.31
 -41940.548    18.435    -0.31    1.45
 -41564.430    18.567     0.35    1.46
 -41188.312    18.486    -0.21    1.59
 -40812.194    18.972     1.29    1.66
 -40436.076    19.409     1.16    1.37
 -40059.958    19.640     0.61    1.27
 -39683.841    19.944     0.81    1.24
 -39307.724    19.999     0.15    1.31
 -38931.607    20.486     1.29    1.71
 -38555.490    20.918     1.15    1.82
 -38179.370    21.131     0.57    1.74
 -37803.212    21.582     1.20    1.46
 -37427.053    21.374    -0.55    1.41
 -37050.895    20.920    -1.21    1.55
 -36674.737    20.405    -1.37    1.71
 -36298.579    19.871    -1.42    1.84
 -35922.421    19.210    -1.76    1.68
 -35546.263    18.683    -1.40    1.89
 -35170.106    18.107    -1.53    1.91
 -34793.949    17.794    -0.83    1.87
 -34417.792    17.777    -0.05    1.93
 -34041.635    17.358    -1.11    2.17
 -33665.478    17.076    -0.75    1.97
 -33289.322    16.529    -1.46    1.96
 -32913.166    16.432    -0.26    2.24
 -32537.010    17.026     1.58    2.41
 -32160.854    17.594     1.51    2.07
 -31784.698    17.729     0.36    2.16
 -31408.542    18.110     1.01    1.77
 -31032.387    17.894    -0.58    1.93
 -30656.232    17.640    -0.67    1.78
 -30280.077    17.631    -0.03    1.92
 -29903.922    18.525     2.38    1.96
 -29527.767    18.948     1.12    1.93
 -29151.613    19.281     0.89    1.65
 -28775.458    19.405     0.33    1.52
 -28399.304    19.025    -1.01    1.37
 -28023.150    18.777    -0.66    1.35
 -27646.996    18.435    -0.91    1.68
 -27270.842    18.315    -0.32    1.74
 -26894.689    18.655     0.91    1.66
 -26518.535    18.409    -0.65    1.52
 -26142.382    18.183    -0.60    1.41
 -25766.229    17.783    -1.06    1.57
 -25390.076    17.315    -1.24    1.47
 -25013.923    17.027    -0.77    1.36
 -24637.770    16.922    -0.28    1.48
 -24261.618    17.025     0.27    1.48
 -23885.465    17.107     0.22    1.49
 -23509.313    16.948    -0.42    1.56
 -23133.161    16.717    -0.61    1.61
 -22757.009    16.563    -0.41    1.60
 -22380.857    16.694     0.35    1.43
 -22004.705    16.845     0.40    1.53
 -21628.554    16.675    -0.45    1.83
 -21252.402    16.675     0.00    1.76
 -20876.251    16.486    -0.50    1.98
 -20500.100    16.302    -0.49    1.81
 -20123.949    16.332     0.08    1.81
 -19747.798    15.841    -1.31    1.98
 -19371.647    15.416    -1.13    1.86
 -18995.496    15.050    -0.97    1.78
 -18619.345    14.832    -0.58    1.73
 -18243.195    14.368    -1.24    1.72
 -17867.044    14.153    -0.57    1.71
 -17490.894    14.350     0.53    1.69
 -17114.744    14.868     1.37    1.76
 -16738.594    14.640    -0.60    1.80
 -16362.444    14.324    -0.84    1.86
 -15986.294    13.405    -2.44    2.19
 -15610.144    12.666    -1.96    1.94
 -15233.995    12.315    -0.93    1.82
 -14857.845    11.864    -1.20    1.70
 -14481.696    12.323     1.22    2.15
 -14105.546    12.666     0.91    2.46
 -13729.397    12.473    -0.51    2.60
 -13353.248    11.724    -1.99    2.95
 -12977.099    11.332    -1.04    2.88
 -12600.950    10.384    -2.52    2.73
 -12224.801     9.891    -1.31    2.12
 -11848.652    10.026     0.36    1.86
 -11472.504    10.868     2.24    2.20
 -11096.355    12.341     3.92    2.73
 -10720.206    13.540     3.19    3.01
 -10344.058    12.594    -2.51    3.76
  -9967.909    10.999    -4.24    5.00
  -9591.761     9.221    -4.73    6.36
  -9215.613     6.774    -6.51    6.76
  -8839.465     4.289    -6.61    7.04
  -8463.317     2.027    -6.01    5.60
  -8087.169     0.567    -3.88    4.41
  -7711.021    -0.501    -2.84    3.68
  -7334.873    -1.462    -2.56    4.63
  -6958.725    -2.027    -1.50    5.06
  -6582.577    -1.839     0.50    4.97
  -6206.430    -1.476     0.96    4.57
  -5830.282    -0.385     2.90    3.79
  -5454.134     1.157     4.10    4.87
  -5077.987     5.350    11.15    9.50
  -4701.839     9.025     9.77   11.02
  -4325.692    10.289     3.36   10.26
  -3949.545     8.777    -4.02    9.75
  -3573.397     6.384    -6.36    8.68
  -3197.250     2.166   -11.21    5.28
  -2821.103     0.076    -5.56    1.92
  -2444.956    -0.283    -0.95    1.69
  -2068.808    -0.304    -0.06    1.76
  -1692.661    -0.190     0.30    2.04
  -1316.514    -0.298    -0.29    1.93
   -940.367    -0.514    -0.57    1.61
   -564.220    -0.437     0.21    1.60
   -188.073     0.405     2.24    2.91
    188.073     3.332     7.78    5.88
    564.220     7.640    11.45    7.54
    940.367    12.050    11.72    7.30
   1316.514    15.188     8.34    4.11
   1692.661    16.157     2.58    3.49
   2068.808    15.999    -0.42    2.84
   2444.954    16.027     0.07    3.22
   2821.101    16.405     1.00    3.42
   3197.248    15.891    -1.37    3.91
   3573.394    15.157    -1.95    4.32
   3949.541    15.076    -0.22    3.63
   4325.688    15.968     2.37    3.49
   4701.834    16.525     1.48    2.88
   5077.981    17.810     3.41    1.73
   5454.127    17.916     0.28    1.56
   5830.274    17.615    -0.80    1.50
   6206.421    17.350    -0.70    1.51
   6582.567    17.230    -0.32    1.25
   6958.714    17.102    -0.34    1.33
   7334.860    17.289     0.50    1.37
   7711.007    17.473     0.49    1.45
   8087.154    17.050    -1.12    1.81
   8463.300    17.256     0.55    1.79
   8839.447    17.610     0.94    1.64
   9215.593    17.486    -0.33    1.80
   9591.740    17.729     0.65    1.61
   9967.887    17.134    -1.58    1.72
  10344.033    16.729    -1.08    1.57
  10720.180    16.234    -1.31    1.60
  11096.327    15.649    -1.56    1.63
  11472.473    15.127    -1.39    1.79
  11848.620    15.082    -0.12    1.84
  12224.767    15.563     1.28    2.07
  12600.913    16.161     1.59    1.77
  12977.060    16.815     1.74    2.17
  13353.207    17.604     2.10    2.06
  13729.354    18.050     1.19    1.82
  14105.501    18.323     0.73    1.67
  14481.647    18.157    -0.44    1.73
  14857.794    17.599    -1.48    1.81
  15233.941    17.456    -0.38    1.79
  15610.088    17.053    -1.07    1.96
  15986.235    16.810    -0.65    1.68
  16362.382    16.648    -0.43    1.75
  16738.529    16.405    -0.65    1.72
  17114.677    16.360    -0.12    1.53
  17490.824    16.486     0.34    1.70
  17866.971    17.127     1.70    1.72
  18243.118    17.134     0.02    2.24
  18619.266    16.640    -1.31    2.60
  18995.413    16.157    -1.28    2.49
  19371.560    15.435    -1.92    2.11
  19747.708    15.215    -0.58    1.58
  20123.855    14.768    -1.19    1.75
  20500.003    14.388    -1.01    1.66
  20876.151    14.104    -0.75    1.71
  21252.298    14.281     0.47    1.81
  21628.446    14.058    -0.59    1.65
  22004.594    13.538    -1.38    1.86
  22380.742    13.242    -0.78    1.72
  22756.890    12.638    -1.61    1.68
  23133.038    12.242    -1.05    1.74
  23509.186    12.166    -0.20    1.86
  23885.334    11.815    -0.93    2.04
  24261.482    11.824     0.02    2.07
  24637.631    11.837     0.03    1.91
  25013.779    12.127     0.77    1.75
  25389.928    12.394     0.71    1.41
  25766.076    12.210    -0.49    1.40
  26142.225    12.107    -0.27    1.49
  26518.374    11.674    -1.15    1.49
  26894.522    11.594    -0.21    1.52
  27270.671    11.405    -0.50    1.89
  27646.820    11.486     0.22    1.98
  28022.969    11.085    -1.07    1.93
  28399.119    11.204     0.32    1.79
  28775.268    11.127    -0.20    1.70
  29151.417    11.277     0.40    1.63
  29527.567    11.648     0.99    1.80
  29903.716    11.916     0.71    1.83
  30279.866    11.657    -0.69    1.85
  30656.016    11.349    -0.82    1.85
  31032.166    11.188    -0.43    1.79
  31408.316    10.841    -0.92    1.76
  31784.466    10.973     0.35    1.92
  32160.616    11.281     0.82    1.76
  32536.766    10.945    -0.89    1.76
  32912.917    10.099    -2.25    2.00
  33289.067     9.815    -0.76    1.78
  33665.218     9.810    -0.01    1.78
  34041.369     9.891     0.22    1.63
  34417.519    10.249     0.95    1.73
  34793.670    10.794     1.45    1.63
  35169.822    11.153     0.95    1.68
  35545.973    11.656     1.34    1.70
  35922.124    12.102     1.18    1.70
  36298.276    12.648     1.45    1.77
  36674.427    12.944     0.79    1.84
  37050.569    13.563     1.65    2.11
  37426.695    14.262     1.86    2.06
  37802.822    14.691     1.14    2.15
  38178.949    15.604     2.43    2.09
  38555.076    16.102     1.32    1.96
  38931.203    16.666     1.50    1.88
  39307.330    16.474    -0.51    2.21
  39683.457    15.691    -2.08    2.49
  40059.585    14.885    -2.14    2.41
  40435.713    13.972    -2.43    1.91
  40811.840    12.756    -3.23    1.83
  41187.968    11.756    -2.66    2.68
  41564.096    11.710    -0.12    3.09
  41940.225    11.837     0.34    3.94
  42316.353    12.076     0.64    3.96
  42692.482    12.999     2.45    3.50
  43068.610    13.350     0.93    3.15
  43444.739    13.717     0.97    2.87
  43820.868    14.578     2.29    2.69
  44196.998    15.473     2.38    1.56
  44573.127    15.138    -0.89    1.79
  44949.256    14.153    -2.62    2.01
  45325.386    12.999    -3.07    2.43
  45701.516    12.538    -1.23    2.48
  46077.646    12.768     0.61    2.57
  46453.776    13.817     2.79    3.09
  46829.907    15.567     4.65    3.11
  47206.037    16.107     1.44    2.94
  47582.168    16.578     1.25    3.23
  47958.299    17.236     1.75    4.12
  48334.430    17.805     1.51    4.59
  48710.561    18.332     1.40    4.40
  49086.693    17.768    -1.50    4.34
  49462.825    17.188    -1.54    3.53
  49838.956    16.783    -1.08    2.52
  50215.088    16.631    -0.40    2.17
  50591.221    17.127     1.32    2.18
  50967.353    17.729     1.60    2.22
  51343.486    18.743     2.70    2.99
  51719.619    20.166     3.78    3.75
  52095.752    20.794     1.67    4.44
  52471.885    21.281     1.30    4.30
  52848.018    22.312     2.74    4.53
  53224.152    23.358     2.78    3.76
  53600.286    24.323     2.57    3.54
  53976.420    23.918    -1.08    3.83
  54352.554    21.127    -7.42    6.59
  54728.688    17.242   -10.33    9.12
  55104.823    12.717   -12.03    9.08
  55480.958     8.871   -10.23    8.36
  55857.093     6.134    -7.28    6.86
  56233.228     5.920    -0.57    6.93
  56609.364     6.794     2.32    8.40
  56985.500     8.640     4.91    8.81
  57361.636    11.269     6.99    9.08
  57737.772    14.631     8.94    8.54
  58113.908    16.350     4.57    8.90
  58490.045    17.810     3.88    8.01
  58866.182    15.540    -6.04    9.95
  59242.319    10.937   -12.24   10.70
  59618.456     6.512   -11.76    8.38
  59994.594     5.435    -2.86    6.32
  60370.732     8.388     7.85    7.09
  60746.870     9.486     2.92    7.04
  61123.008     8.471    -2.70    7.35
  61499.146     6.948    -4.05    6.87
  61875.285     4.473    -6.58    5.30
  62251.424     7.053     6.86    7.37
  62627.563     9.080     5.39    8.21
  63003.703    14.307    13.90    9.83
  63379.843    17.560     8.65    8.98
  63755.983    19.832     6.04    8.31
  64132.123    20.578     1.98    7.50
  64508.263    19.080    -3.98    7.83
  64884.404    17.134    -5.17    7.30
  65260.545    14.080    -8.12    8.28
  65636.687    10.942    -8.34    8.30
  66012.828     8.999    -5.17    7.13
  66388.970     6.574    -6.45    5.83
  66765.112     6.864     0.77    6.81
  67141.254     6.871     0.02    7.34
  67517.397     7.805     2.48    8.02
  67893.540     7.078    -1.93    6.78
  68269.683     8.435     3.61    6.62
  68645.826     8.973     1.43    6.89
  69021.970    11.166     5.83    7.44
  69398.114    11.946     2.08    7.37
  69774.258    10.358    -4.22    7.58
  70150.403     8.721    -4.35    7.25
  70526.547     8.461    -0.69    6.41
  70902.692     7.841    -1.65    5.09
  71278.838     8.432     1.57    5.67
  71654.984     9.702     3.38    5.83
  72031.129     7.188    -6.68    5.59
  72407.276     5.922    -3.37    5.46
  72783.422     5.624    -0.79    5.76
  73159.569     6.756     3.01    6.62
  73535.716     8.717     5.21    7.78
  73911.863    11.183     6.56    8.32
  74288.011    12.394     3.22    8.42
  74664.159    15.107     7.21    8.57
  75040.307    18.249     8.35    7.38
  75416.456    22.078    10.18    3.84
  75792.605    21.999    -0.21    4.77
  76168.754    20.236    -4.69    5.25
  76544.904    20.444     0.55    3.69
  76921.053    19.461    -2.61    3.68
  77297.204    18.179    -3.41    3.84
  77673.354    18.142    -0.10    3.99
  78049.505    18.053    -0.24    3.13
  78425.656    19.188     3.02    3.12
  78801.807    19.810     1.65    2.62
  79177.959    20.999     3.16    3.33
  79554.111    21.648     1.72    3.08
  79930.263    21.368    -0.74    3.77
  80306.416    21.131    -0.63    3.60
  80682.569    19.179    -5.19    4.41
  81058.722    19.053    -0.33    5.07
  81434.876    18.424    -1.67    5.53
  81811.030    19.025     1.60    5.90
  82187.184    19.138     0.30    6.54
  82563.339    19.350     0.56    6.75
  82939.494    20.221     2.32    5.60
  83315.649    20.868     1.72    4.66
  83691.805    21.307     1.17    4.71
  84067.961    23.363     5.47    3.03
  84444.117    24.131     2.04    2.33
  84820.274    24.432     0.80    1.76
  85196.431    23.777    -1.74    1.62
  85572.588    23.153    -1.66    2.24
  85948.746    22.999    -0.41    2.21
  86324.904    22.563    -1.16    3.01
  86701.063    22.332    -0.61    4.15
  87077.221    22.657     0.86    4.46
  87453.381    22.459    -0.53    4.13
  87829.540    24.281     4.85    2.53
  88205.700    25.230     2.52    2.17
  88581.860    25.582     0.94    2.31
  88958.021    25.891     0.82    2.92
  89334.182    26.621     1.94    3.16
  89710.343    27.242     1.65    3.08
  90086.505    26.841    -1.07    3.06
  90462.667    25.911    -2.47    3.27
  90838.829    23.899    -5.35    3.44
  91214.992    22.973    -2.46    2.89
  91591.155    22.166    -2.15    2.93
  91967.319    21.948    -0.58    3.15
  92343.483    22.446     1.33    3.44
  92719.647    22.946     1.33    3.53
  93095.812    23.789     2.24    3.86
  93471.977    23.845     0.15    3.51
  93848.142    23.783    -0.17    3.33
  94224.308    24.315     1.41    3.34
  94600.474    25.799     3.95    3.08
  94976.641    26.799     2.66    2.71
  95352.808    26.648    -0.40    2.52
  95728.976    26.323    -0.86    2.72
  96105.143    25.567    -2.01    3.05
  96481.312    24.513    -2.80    3.11
  96857.480    24.055    -1.22    3.17
  97233.649    24.384     0.87    3.55
  97609.819    25.420     2.76    3.45
  97985.988    25.756     0.89    2.95
  98362.159    26.179     1.12    2.67
  98738.329    26.420     0.64    2.32
  99114.500    26.922     1.33    2.33
  99490.672    26.567    -0.95    2.89
  99866.843    26.794     0.60    2.97
 100243.016    27.082     0.77    3.03
 100619.188    26.604    -1.27    2.77
 100995.362    26.710     0.28    2.51
 101371.535    26.312    -1.06    2.16
 101747.709    25.794    -1.38    2.53
 102123.883    25.702    -0.25    2.50
 102500.058    25.860     0.42    2.37
 102876.233    26.621     2.02    3.01
 103252.409    26.999     1.01    3.08
 103628.585    26.578    -1.12    3.59
 104004.761    26.512    -0.18    3.58
 104380.938    26.215    -0.79    3.39
 104757.116    26.384     0.45    3.31
 105133.293    26.666     0.75    2.90
 105509.472    25.999    -1.77    3.09
 105885.650    25.080    -2.44    3.18
 106261.829    24.076    -2.67    3.08
 106638.009    24.215     0.37    3.47
 107014.189    24.215     0.00    3.08
 107390.369    25.134     2.44    3.07
 107766.550    25.780     1.72    2.25
 108142.732    25.820     0.10    2.09
 108518.913    26.153     0.89    2.29
 108895.096    26.444     0.77    2.45
 109271.278    25.999    -1.18    2.55
 109647.461    25.249    -1.99    3.01
 110023.645    23.525    -4.58    5.38
 110399.829    21.768    -4.67    6.33
 110776.014    22.134     0.97    7.44
 111152.199    24.025     5.03    7.44
 111528.384    24.815     2.10    7.62
 111904.570    26.973     5.74    6.54
 112280.694    28.134     3.09    6.40
 112656.795    28.717     1.55    6.57
 113032.897    29.894     3.13    5.08
 113408.999    30.323     1.14    2.77
 113785.102    29.972    -0.93    2.25
 114161.205    28.832    -3.03    2.82
 114537.309    28.486    -0.92    3.04
 114913.413    28.538     0.14    3.06
 115289.518    28.399    -0.37    3.28
 115665.623    28.973     1.53    3.08
 116041.729    29.332     0.95    2.80
 116417.835    29.721     1.03    2.89
 116793.942    30.050     0.87    2.93
 117170.049    30.972     2.45    3.05
 117546.156    31.525     1.47    2.63
 117922.265    31.499    -0.07    2.32
 118298.373    31.349    -0.40    2.44
 118674.482    31.405     0.15    2.30
 119050.592    30.274    -3.01    4.03
 119426.702    29.768    -1.34    5.05
 119802.813    26.888    -7.66    6.96
 120178.924    24.567    -6.17    7.47
 120555.035    24.810     0.65    7.08
 120931.148    25.499     1.83    7.27
 121307.260    27.024     4.05    6.22
 121683.373    29.350     6.19    3.51
 122059.487    28.624    -1.93    6.50
 122435.601    28.762     0.37    6.28
 122811.716    28.789     0.07    7.53
 123187.831    26.525    -6.02   10.94
 123563.947    24.691    -4.88   11.91
 123940.063    21.762    -7.79   12.63
 124316.180    18.721    -8.09   12.71
 124692.297    15.897    -7.51   11.97
 125068.415    13.110    -7.41   11.12
 125444.533    11.399    -4.55    9.13
 125820.652     9.666    -4.61    6.81
 126196.771     8.085    -4.20    5.66
 126572.891     6.864    -3.25    4.57
 126949.012     6.161    -1.87    3.60
 127325.133     8.289     5.66    6.47
 127701.254     8.871     1.55    6.56
 128077.376    10.055     3.15    6.85
 128453.499    12.153     5.58    8.29
 128829.622    14.794     7.02   10.28
 129205.745    17.315     6.70   11.72
 129581.870    21.999    12.45   10.59
 129957.994    25.999    10.63    8.41
 130334.120    29.538     9.41    4.28
 130710.246    29.249    -0.77    5.29
 131086.372    29.204    -0.12    3.73
 131462.499    28.805    -1.06    5.89
 131838.626    28.104    -1.86    6.24
 132214.755    26.230    -4.98    6.73
 132590.883    24.999    -3.27    7.54
 132967.012    26.053     2.80    6.72
 133343.142    27.368     3.49    6.37
 133719.272    28.756     3.69    6.15
 134095.403    30.563     4.81    4.33
 134471.535    32.080     4.03    3.07
 134847.667    32.666     1.56    2.57
 135223.799    32.897     0.61    2.50
 135599.932    33.076     0.48    2.55
 135976.066    33.756     1.81    2.88
 136352.200    34.768     2.69    2.44
 136728.335    33.563    -3.20    2.65
 137104.471    32.944    -1.65    2.50
 137480.607    32.215    -1.94    3.00
 137856.743    31.945    -0.72    2.63
 138232.881    32.053     0.29    2.61
 138609.018    32.525     1.26    2.38
 138985.157    32.874     0.93    1.68
 139361.296    32.999     0.33    1.88
 139737.435    32.845    -0.41    2.10
 140113.575    32.638    -0.55    1.91
 140489.716    31.999    -1.70    2.24
 140865.857    30.810    -3.16    2.62
 141241.999    28.871    -5.16    3.56
 141618.142    26.973    -5.05    4.22
 141994.285    25.262    -4.55    3.91
 142370.429    24.107    -3.07    3.06
 142746.573    24.409     0.80    2.84
 143122.718    24.824     1.10    2.68
 143498.863    24.694    -0.35    2.16
 143875.009    24.972     0.74    2.14
 144251.156    25.378     1.08    2.46
 144627.304    25.350    -0.07    2.47
 145003.452    25.459     0.29    2.73
 145379.600    25.342    -0.31    3.09
 145755.749    24.549    -2.11    2.71
 146131.899    24.332    -0.58    2.62
 146508.050    23.837    -1.32    2.23
 146884.201    23.332    -1.34    2.13
 147260.352    23.157    -0.47    1.81
 147636.505    22.604    -1.47    1.70
 148012.658    22.183    -1.12    1.80
 148388.811    22.102    -0.22    1.80
 148764.965    21.888    -0.57    1.72
 149141.120    21.946     0.16    1.80
 149517.276    21.640    -0.81    1.80
 149893.432    20.971    -1.78    1.96
 150269.588    20.871    -0.26    1.92
 150645.746    20.864    -0.02    1.97
 151021.904    21.134     0.72    2.08
 151398.062    21.080    -0.14    2.01
 151774.222    20.971    -0.29    1.83
 152150.382    20.589    -1.02    1.60
 152526.542    20.574    -0.04    1.62
 152902.703    20.486    -0.24    1.61
 153278.865    20.274    -0.56    1.77
 153655.028    20.262    -0.03    1.87
 154031.191    20.230    -0.09    1.65
 154407.355    20.350     0.32    1.60
 154783.519    20.230    -0.32    1.71
 155159.685    19.944    -0.76    1.57
 155535.850    20.242     0.79    1.74
 155912.017    20.683     1.17    1.90
 156288.184    20.856     0.46    1.88
 156664.352    21.076     0.58    1.88
 157040.520    21.409     0.89    1.68
 157416.689    21.416     0.02    1.87
 157792.859    22.378     2.56    1.98
 158169.030    23.350     2.59    1.90
 158545.201    23.868     1.37    2.11
 158921.373    24.999     3.01    1.62
 159297.545    25.621     1.65    1.42
 159673.718    25.973     0.94    1.39
 160049.892    26.473     1.33    1.06
 160426.067    26.683     0.56    1.04
 160802.242    27.296     1.63    1.29
 161178.418    27.799     1.34    1.34
 161554.594    28.341     1.44    1.38
 161930.772    28.729     1.03    1.54
 162306.950    28.918     0.50    1.44
 162683.128    28.999     0.22    1.50
 163059.308    29.589     1.57    1.41
 163435.488    29.897     0.82    1.39
 163811.669    30.617     1.91    1.23
 164187.850    31.675     2.81    1.72
 164564.032    32.567     2.37    2.10
 164940.215    33.783     3.23    2.04
 165316.399    34.794     2.69    1.70
 165692.583    35.269     1.26    1.56
 166068.768    34.922    -0.92    1.61
 166444.954    34.473    -1.19    1.54
 166821.140    33.794    -1.80    1.56
 167197.327    32.999    -2.11    1.13
 167573.515    33.097     0.26    1.37
 167949.704    32.845    -0.67    1.58
 168325.893    32.971     0.34    1.87
 168702.083    33.323     0.94    1.94
 169078.273    33.486     0.43    1.71
 169454.465    33.702     0.57    1.75
 169830.657    33.307    -1.05    2.61
 170206.850    32.705    -1.60    3.27
 170583.044    32.332    -0.99    3.21
 170959.238    32.868     1.42    3.26
 171335.433    33.527     1.75    2.41
 171711.629    33.845     0.85    1.68
 172087.825    33.567    -0.74    1.80
 172464.022    33.210    -0.95    1.71
 172840.220    32.920    -0.77    1.51
 173216.419    33.102     0.48    1.43
 173592.619    33.161     0.16    1.40
 173968.819    33.179     0.05    1.55
 174345.020    32.949    -0.61    1.68
 174721.222    32.305    -1.71    1.82
 175097.424    32.323     0.05    1.72
 175473.627    32.215    -0.29    1.53
 175849.831    32.540     0.86    1.41
 176226.036    32.999     1.22    1.51
 176602.241    33.313     0.84    1.47
 176978.448    33.774     1.22    1.40
 177354.655    33.683    -0.24    1.44
 177730.862    33.513    -0.45    1.17
 178107.071    33.435    -0.21    1.17
 178483.280    33.341    -0.25    1.38
 178859.490    33.315    -0.07    1.44
 179235.701    33.107    -0.55    1.66
 179611.913    33.153     0.12    1.60
 179988.125    33.305     0.40    1.62
 180364.338    33.743     1.16    1.52
 180740.552    33.922     0.48    1.48
 181116.766    34.155     0.62    1.57
 181492.982    34.783     1.67    1.36
 181869.198    35.161     1.01    1.69
 182245.415    35.242     0.22    1.86
 182621.633    35.161    -0.22    1.62
 182997.851    35.110    -0.14    1.51
 183374.071    34.762    -0.92    1.26
 183750.291    34.640    -0.32    1.09
 184126.512    34.378    -0.70    1.23
 184502.733    34.210    -0.45    1.23
 184878.956    33.897    -0.83    1.17
 185255.179    33.615    -0.75    1.35
 185631.403    33.513    -0.27    1.50
 186007.628    33.512    -0.00    1.67
 186383.854    33.378    -0.36    1.95
 186760.080    32.810    -1.51    2.11
 187136.298    32.604    -0.55    1.82
 187512.368    32.530    -0.20    1.85
 187888.439    32.461    -0.19    2.00
 188264.510    32.262    -0.53    1.81
 188640.583    32.527     0.70    1.48
 189016.656    31.945    -1.55    2.22
 189392.730    31.777    -0.45    2.53
 189768.805    31.368    -1.09    2.78
 190144.880    30.794    -1.53    3.15
 190520.957    30.350    -1.18    2.97
 190897.034    29.230    -2.98    2.88
 191273.112    28.948    -0.75    2.62
 191649.191    28.281    -1.77    2.36
 192025.271    27.864    -1.11    1.92
 192401.351    28.074     0.56    2.03
 192777.433    27.999    -0.20    2.54
 193153.515    28.459     1.22    2.63
 193529.598    28.350    -0.29    2.61
 193905.682    28.726     1.00    2.50
 194281.766    29.794     2.84    2.18
 194657.852    30.512     1.91    2.35
 195033.938    31.166     1.74    2.10
 195410.025    31.717     1.47    1.65
 195786.113    31.860     0.38    1.66
 196162.202    31.762    -0.26    1.57
 196538.292    31.845     0.22    1.79
 196914.383    31.999     0.41    1.97
 197290.474    32.420     1.12    1.60
 197666.566    32.922     1.33    1.31
 198042.659    32.999     0.20    1.57
 198418.753    33.080     0.22    1.66
 198794.848    33.256     0.47    1.55
 199170.944    33.281     0.07    1.36
 199547.040    33.416     0.36    1.23
 199923.138    33.405    -0.03    1.32
 200299.236    33.332    -0.19    1.51
 200675.335    32.999    -0.89    1.58
 201051.435    32.849    -0.40    1.63
 201427.536    32.666    -0.49    1.60
 201803.637    32.574    -0.24    1.50
 202179.740    32.594     0.05    1.44
 202555.843    32.405    -0.50    1.57
 202931.948    32.525     0.32    1.43
 203308.053    32.578     0.14    1.41
 203684.159    32.648     0.19    1.42
 204060.266    33.269     1.65    1.28
 204436.374    33.640     0.99    1.40
 204812.482    33.638    -0.01    1.40
 205188.592    33.349    -0.77    1.55
 205564.702    32.736    -1.63    1.77
 205940.814    32.444    -0.78    1.56
 206316.926    32.053    -1.04    1.47
 206693.039    31.777    -0.73    1.69
 207069.153    31.615    -0.43    1.65
 207445.268    32.127     1.36    1.81
 207821.384    32.540     1.10    1.52
 208197.500    32.724     0.49    1.52
 208573.618    33.256     1.41    1.23
 208949.737    33.131    -0.33    1.28
 209325.856    33.134     0.01    1.34
 209701.976    32.999    -0.36    1.32
 210078.097    32.768    -0.61    1.37
 210454.219    32.527    -0.64    1.46
 210830.342    32.025    -1.34    1.63
 211206.466    31.527    -1.32    1.90
 211582.591    31.281    -0.65    1.86
 211958.717    31.384     0.27    1.82
 212334.844    31.545     0.43    2.03
 212710.971    32.296     2.00    1.93
 213087.100    32.972     1.80    1.62
 213463.229    33.134     0.43    1.55
 213839.359    32.922    -0.56    1.55
 214215.491    32.567    -0.95    1.61
 214591.623    32.384    -0.49    1.66
 214967.756    32.307    -0.20    1.66
 215343.890    32.871     1.50    1.49
 215720.025    32.729    -0.38    1.52
 216096.161    33.052     0.86    1.52
 216472.297    33.552     1.33    1.75
 216848.435    34.055     1.34    1.74
 217224.574    34.323     0.71    1.60
 217600.713    34.756     1.15    1.52
 217976.854    35.341     1.56    1.60
 218352.995    35.589     0.66    1.46
 218729.138    36.030     1.17    1.26
 219105.281    35.973    -0.15    1.35
 219481.426    35.341    -1.68    1.71
 219857.571    35.166    -0.47    1.78
 220233.717    34.820    -0.92    1.73
 220609.864    34.621    -0.53    1.71
 220986.012    34.615    -0.02    1.83
 221362.161    34.743     0.34    1.80
 221738.311    34.262    -1.28    2.51
 222114.462    33.183    -2.87    2.52
 222490.614    32.332    -2.26    2.53
 222866.767    31.446    -2.36    2.23
 223242.921    30.444    -2.67    2.79
 223619.076    29.134    -3.48    3.30
 223995.232    27.215    -5.10    3.18
 224371.389    26.026    -3.16    2.80
 224747.546    25.891    -0.36    2.59
 225123.705    27.624     4.61    3.20
 225499.865    30.179     6.79    2.84
 225876.025    31.897     4.57    2.43
 226252.187    32.694     2.12    1.72
 226628.350    32.435    -0.69    2.02
 227004.513    31.837    -1.59    2.03
 227380.678    31.631    -0.55    1.42
 227756.843    32.289     1.75    1.78
 228133.010    33.691     3.73    2.61
 228509.177    35.378     4.48    2.94
 228885.346    36.657     3.40    2.26
 229261.516    37.374     1.91    1.63
 229637.686    37.513     0.37    1.84
 230013.857    37.323    -0.50    1.49
 230390.030    36.810    -1.37    1.85
 230766.203    36.107    -1.87    2.13
 231142.378    34.999    -2.95    1.83
 231518.553    34.555    -1.18    1.52
 231894.730    34.799     0.65    1.52
 232270.907    34.845     0.12    1.46
 232647.086    34.891     0.12    1.43
 233023.265    34.820    -0.19    1.60
 233399.446    34.736    -0.22    1.39
 233775.627    35.146     1.09    1.62
 234151.810    35.399     0.67    1.83
