#  281.151  -0.054   0.760 ;Mean Elev.(m), Avg Gradient(m/km), RMS Gradient(m/km) - SRTM1     
#  264.328  -0.113   2.900 ;Mean Elev.(m), Avg Gradient(m/km), RMS Gradient(m/km) - ASTER GDEM
#  281.028  -0.061   0.601 ;Mean Elev.(m), Avg Gradient(m/km), RMS Gradient(m/km) - GMTED2010 
  8  16.179152  -2.245125   282.798   282.789  8 52478.37086333 42.883
  9  16.188134  -2.266294   282.870   282.862 13 52513.37081041 38.260
 11  16.185544  -2.255081   285.204   285.226 11 52583.37084950 51.443
 12  16.181038  -2.244515   286.685   286.686  6 52618.37082268 51.496
 13  16.188201  -2.267726   285.829   285.881 12 52653.37080271 32.843
 14  16.185280  -2.247237   283.754   283.781  7 52688.37079846 41.888
 15  16.184549  -2.244445   282.627   282.594  7 52723.37084427 28.838
 16  16.172318  -2.246774   283.259   283.260  5 52758.37086565 51.265
 17  16.185524  -2.252857   283.470   283.483 11 52793.37081930 49.779
 18  16.186228  -2.258872   283.154   283.151 15 52828.37088816 23.759
 19  16.187325  -2.262140   283.324   283.304 14 52863.37093374 21.905
 20  16.183059  -2.243538   284.205   284.203  6 52898.37095983 53.143
 21  16.181801  -2.244477   284.910   284.932  6 52933.37090541 44.561
 22  16.184912  -2.246047   285.836   285.834  7 52968.37091500 50.726
 23  16.177507  -2.245593   285.348   285.261  7 53003.37093733 29.391
 24  16.180658  -2.244617   284.062   284.064  6 53038.37088626 48.503
 25  16.182594  -2.243069   282.863   282.844  6 53073.37091375 53.458
 26  16.181262  -2.243129   282.718   282.724  6 53108.37088607 52.236
 27  16.183397  -2.244365   283.100   283.159  7 53143.37092323 38.988
 28  16.185057  -2.251862   282.628   282.662 10 53178.37094472 49.675
 29  16.182387  -2.244600   282.354   282.356  6 53213.37096434 29.172
 30  16.185027  -2.245605   283.308   283.318  7 53248.37093348 41.235
 31  16.180432  -2.244218   283.931   283.932  6 53283.37092549 49.821
 32  16.185965  -2.256328   284.980   284.992 13 53318.37092489 51.277
 33  16.186353  -2.260441   285.297   285.310 14 53353.37089200 29.915
 34  16.183232  -2.245519   284.225   284.224  6 53388.37088653 52.737
 35  16.187565  -2.260460   282.818   282.768 14 53423.37088937 25.944
 36  16.186156  -2.258850   282.506   282.505 15 53458.37089414 51.408
 37  16.177266  -2.243779   282.897   282.877  7 53493.37097649 39.938
 38  16.186793  -2.258945   282.930   282.874 14 53528.37095707 27.981
 39  16.177980  -2.245503   282.879   282.877  7 53563.37098495 19.241
 40  16.185672  -2.257128   282.528   282.555 14 53598.37092735 29.116
 41  16.180701  -2.242303   283.574   283.588  6 53633.37092049 18.823
 42  16.179413  -2.245402   284.276   284.250  8 53668.37094330 24.424
 43  16.186644  -2.259066   285.391   285.394 15 53703.37088823 49.789
 44  16.186976  -2.260166   283.997   283.966 14 53738.37079787 28.284
 45  16.187356  -2.259000   282.827   282.774 14 53773.37081202 25.882
 46  16.185809  -2.256595   282.568   282.596 13 53808.37079789 33.244
 48  16.185785  -2.254343   282.591   282.635 12 53878.37086697 36.572
 49  16.178132  -2.244454   283.059   283.058  7 53913.37091858 44.948
 51  16.183883  -2.245216   283.351   283.366  7 53983.37087307 46.671
 52  16.184845  -2.251186   283.637   283.550 10 54018.37090443 27.286
 53  16.188551  -2.267581   284.712   284.705 12 54053.37090079 29.773
 54  16.184883  -2.251424   286.065   286.076 10 54088.37088924 38.104
 55  16.184923  -2.245685   284.729   284.719  6 54123.37081035 51.289
 56  16.183997  -2.245353   283.113   283.120  6 54158.37085187 39.252
 57  16.184693  -2.245929   282.968   282.970  6 54193.37081152 50.538
 58  16.184650  -2.245342   283.195   283.188  7 54228.37086313 51.641
 59  16.185462  -2.244993   283.390   283.442  7 54263.37088198 23.555
 60  16.185255  -2.247537   283.113   283.085  7 54298.37088754 43.027
 61  16.184890  -2.252114   283.282   283.362 10 54333.37087798 32.598
 63  16.185150  -2.246210   285.369   285.379  6 54403.37082052 42.876
 65  16.185094  -2.253639   285.502   285.561 11 54473.37080775 41.163
 66  16.184930  -2.246013   284.011   284.017  7 54508.37078840 51.031
 67  16.184626  -2.252143   282.875   282.909 10 54543.37082169 45.479
 68  16.184922  -2.246032   283.095   283.104  6 54578.37078990 51.836
 69  16.184837  -2.250977   283.024   283.056 10 54613.37081204 38.357
 70  16.184475  -2.244935   283.382   283.369  6 54648.37081815 30.999
 71  16.185067  -2.245649   282.977   283.011  7 54683.37081792 40.098
 72  16.185468  -2.246666   284.008   284.030  7 54718.37076522 33.623
 73  16.184513  -2.245526   284.478   284.492  7 54753.37079153 42.910
 74  16.184460  -2.244662   285.231   285.124  7 54788.37075644 25.688
 75  16.185441  -2.246010   285.685   285.686  7 54823.37078586 45.086
 76  16.185338  -2.246496   283.894   283.896  7 54858.37075204 43.671
 77  16.183663  -2.244635   283.647   283.712  7 54893.37078841 26.057
 78  16.183514  -2.244321   282.937   282.938  6 54928.37074930 52.192
 80  16.182586  -2.244356   283.631   283.650  6 54998.37080840 26.893
 81  16.184226  -2.245588   283.408   283.411  6 55033.37079721 43.016
 82  16.185453  -2.247112   283.049   283.109  7 55068.37078572 32.188
 83  16.183441  -2.244348   284.012   284.009  6 55103.37072434 51.645
 84  16.184894  -2.246199   284.877   284.937  7 55138.37073309 36.695
 85  16.184623  -2.247075   286.128   286.126  7 55173.37069343 49.913
 86  16.184795  -2.245910   284.865   284.896  7 55208.37072760 28.507
 87  16.183836  -2.245153   283.732   283.782  6 55243.37069826 25.789
 88  16.184621  -2.245156   283.396   283.445  7 55278.37072080 29.483
 89  16.184894  -2.245854   283.957   283.964  6 55313.37068349 49.911
 90  16.185352  -2.246520   283.782   283.782  7 55348.37069192 50.406
 91  16.184365  -2.245272   283.564   283.631  6 55383.37068220 30.791
 92  16.185733  -2.245202   283.478   283.435  7 55418.37071013 34.015
 93  16.184446  -2.251843   283.349   283.434 10 55453.37069191 38.355
 94  16.185090  -2.252092   284.092   284.159 10 55488.37061321 35.592
