#  321.922  -0.909   2.120 ;Mean Elev.(m), Avg Gradient(m/km), RMS Gradient(m/km) - SRTM1     
#  326.141  -0.621   2.886 ;Mean Elev.(m), Avg Gradient(m/km), RMS Gradient(m/km) - ASTER GDEM
#  323.818  -0.799   2.038 ;Mean Elev.(m), Avg Gradient(m/km), RMS Gradient(m/km) - GMTED2010 
 10   319.959 52561.36410467 48.65  19.196820   1.649872 43.917
 10   320.000 52561.36410532 53.47  19.196090   1.646562 43.917
 15   319.777 52736.36408796 49.06  19.199914   1.650586 22.529
 15   319.698 52736.36408861 53.09  19.199194   1.647286 22.529
 18   319.686 52841.36417127 49.13  19.197468   1.650219 13.808
 18   319.695 52841.36417191 52.85  19.196738   1.646919 13.808
 20   320.590 52911.36417216 53.28  19.204898   1.654694 23.548
 20   320.475 52911.36417281 54.06  19.204168   1.651394 23.548
 20   320.419 52911.36417345 53.06  19.203448   1.648084 23.548
 20   320.408 52911.36417410 55.63  19.202718   1.644774 23.548
 20   320.380 52911.36417474 53.93  19.201988   1.641474 23.548
 20   320.370 52911.36417539 51.80  19.201268   1.638164 23.548
 28   318.713 53191.36419207 30.58  19.202411   1.652282 38.801
 28   318.531 53191.36419271 33.09  19.201691   1.648982 38.801
 28   318.519 53191.36419336 35.83  19.200961   1.645672 38.801
 28   318.680 53191.36419400 37.47  19.200231   1.642372 38.801
 28   318.658 53191.36419465 40.02  19.199511   1.639062 38.801
 28   318.648 53191.36419529 46.46  19.198781   1.635752 38.801
 29   317.520 53226.36419699 19.38  19.199999   1.650309  9.807
 29   317.585 53226.36419763 20.14  19.199269   1.647009  9.807
 32   320.540 53331.36417637 47.75  19.197416   1.650574 17.027
 32   320.549 53331.36417702 56.12  19.196682   1.647261 43.585
 35   318.587 53436.36413979 40.97  19.198459   1.649850  9.267
 35   318.512 53436.36414044 36.95  19.197729   1.646546 44.013
 41   319.285 53646.36417368 45.66  19.197706   1.650056 10.575
 41   319.287 53646.36417432 45.72  19.196986   1.646744 44.223
 43   320.445 53716.36411738 30.98  19.200341   1.651511 13.524
 43   320.280 53716.36411802 25.15  19.199621   1.648211 13.524
 44   319.315 53751.36403530 50.19  19.203382   1.652325 17.885
 44   319.271 53751.36403594 51.35  19.202652   1.649025 17.885
 44   319.236 53751.36403658 52.23  19.201931   1.645713 49.842
 44   319.186 53751.36403723 52.27  19.201201   1.642413 49.842
 44   319.117 53751.36403787 51.71  19.200471   1.639103 49.842
 44   319.091 53751.36403852 52.25  19.199741   1.635803 49.842
 45   318.694 53786.36406545 43.04  19.201428   1.653030 10.274
 45   318.700 53786.36406609 34.81  19.200708   1.649730 10.274
 48   320.102 53891.36412192 48.51  19.202595   1.651146 15.730
 48   320.050 53891.36412256 45.94  19.201859   1.647832 48.227
 48   320.047 53891.36412321 48.76  19.201139   1.644532 48.227
 48   319.998 53891.36412385 49.21  19.200409   1.641222 48.227
 48   319.843 53891.36412450 51.14  19.199679   1.637922 48.227
 51   318.738 53996.36411083 43.25  19.200130   1.651313 16.180
 51   318.606 53996.36411147 32.05  19.199400   1.648003 16.180
 53   321.154 54066.36415882 51.78  19.199503   1.651269 26.034
 53   321.125 54066.36415946 53.01  19.198773   1.647959 26.034
 55   320.198 54136.36408577 30.62  19.196801   1.649833 13.447
 55   320.158 54136.36408641 31.06  19.196071   1.646533 13.447
 59   319.871 54276.36413878 21.88  19.197327   1.650248  4.132
 59   319.824 54276.36413942 23.99  19.196593   1.646937 34.548
 63   320.891 54416.36406280 45.49  19.196644   1.649773 49.976
 63   320.872 54416.36406344 51.32  19.195924   1.646473 49.976
 66   319.775 54521.36405844 17.71  19.198501   1.651122  9.729
 66   319.504 54521.36405909 16.71  19.197771   1.647822  9.729
 75   319.863 54836.36402615 48.15  19.196928   1.650067 48.231
 75   319.891 54836.36402680 52.36  19.196208   1.646767 48.231
 81   319.175 55046.36404809 17.62  19.197490   1.650006 15.930
 81   318.934 55046.36404873 16.95  19.196770   1.646706 15.930
 83   319.674 55116.36398061 47.68  19.197740   1.650799 40.927
 83   319.693 55116.36398126 51.75  19.197010   1.647489 40.927
 85   320.888 55186.36396628 46.19  19.196251   1.649579 42.002
 85   320.912 55186.36396693 47.97  19.195521   1.646279 42.002
 92   319.472 55431.36395862 18.94  19.198868   1.650965 18.513
 92   319.411 55431.36395927 16.98  19.198133   1.647652  7.070
 93   319.756 55466.36391942 46.99  19.198655   1.651415 18.513
 93   319.753 55466.36392006 52.42  19.197925   1.648115 18.513
