-136719.438    31.448     0.00    2.38
-136343.293    31.500     0.14    2.26
-135967.147    31.838     0.90    2.73
-135591.000    32.389     1.46    2.97
-135214.854    32.816     1.13    2.68
-134838.706    32.100    -1.90    2.75
-134462.558    31.027    -2.85    2.53
-134086.410    30.256    -2.05    1.85
-133710.261    29.474    -2.08    2.15
-133334.111    29.921     1.19    2.70
-132957.961    30.622     1.86    2.97
-132581.811    31.175     1.47    2.93
-132205.660    31.737     1.49    2.78
-131829.508    31.703    -0.09    2.88
-131453.356    31.081    -1.65    3.33
-131077.204    30.286    -2.11    2.78
-130701.051    30.949     1.76    3.10
-130324.897    31.077     0.34    3.15
-129948.743    30.806    -0.72    3.32
-129572.588    30.054    -2.00    3.27
-129196.433    29.108    -2.51    2.81
-128820.277    29.000    -0.29    2.64
-128444.121    30.350     3.59    2.61
-128067.964    31.486     3.02    3.00
-127691.807    32.816     3.53    3.09
-127315.649    34.000     3.15    2.89
-126939.491    34.436     1.16    3.02
-126563.332    34.622     0.49    2.98
-126187.172    35.500     2.34    2.86
-125811.012    35.385    -0.31    2.47
-125434.852    35.083    -0.80    2.73
-125058.691    34.865    -0.58    2.26
-124682.529    34.000    -2.30    2.22
-124306.367    33.162    -2.23    3.33
-123930.204    32.282    -2.34    3.63
-123554.041    31.500    -2.08    3.53
-123177.877    30.795    -1.87    3.18
-122801.713    30.316    -1.27    2.48
-122425.548    30.750     1.15    2.68
-122049.382    30.718    -0.09    2.89
-121673.216    30.846     0.34    3.01
-121297.049    31.605     2.02    2.64
-120920.882    32.054     1.19    2.85
-120544.714    31.795    -0.69    2.87
-120168.546    30.838    -2.54    2.96
-119792.377    30.795    -0.11    2.63
-119416.207    30.650    -0.39    2.37
-119040.037    30.286    -0.97    2.42
-118663.867    29.865    -1.12    2.75
-118287.695    28.838    -2.73    2.67
-117911.524    28.243    -1.58    3.45
-117535.351    25.895    -6.24    5.33
-117159.178    23.750    -5.70    5.45
-116783.005    20.900    -7.58    5.23
-116406.831    19.711    -3.16    4.88
-116030.656    22.730     8.03    6.55
-115654.481    26.615    10.33    6.76
-115278.305    28.816     5.85    5.51
-114902.128    29.684     2.31    4.33
-114525.951    29.595    -0.24    3.94
-114149.773    30.154     1.49    3.12
-113773.595    30.361     0.55    2.81
-113397.416    30.154    -0.55    2.76
-113021.237    29.077    -2.86    4.19
-112645.057    28.031    -2.78    5.47
-112268.922    26.027    -5.33    7.00
-111892.864    22.297    -9.92    7.24
-111516.805    20.297    -5.32    6.27
-111140.746    19.432    -2.30    5.51
-110764.687    22.806     8.97    6.89
-110388.626    25.436     6.99    6.51
-110012.565    28.077     7.02    4.78
-109636.504    28.763     1.82    4.06
-109260.441    30.184     3.78    4.49
-108884.379    32.333     5.71    3.80
-108508.315    30.821    -4.02    6.59
-108132.251    27.432    -9.01    8.22
-107756.186    22.641   -12.74    7.96
-107380.121    20.784    -4.94    6.29
-107004.055    22.868     5.54    6.50
-106627.988    26.263     9.03    7.30
-106251.921    30.625    11.60    5.85
-105875.853    32.231     4.27    4.85
-105499.785    31.816    -1.10    5.56
-105123.716    31.667    -0.40    5.41
-104747.646    28.410    -8.66    6.75
-104371.576    24.444   -10.55    7.32
-103995.505    21.333    -8.27    6.79
-103619.433    17.553   -10.05    2.51
-103243.361    16.865    -1.83    2.25
-102867.288    17.026     0.43    2.15
-102491.214    16.744    -0.75    2.11
-102115.140    16.974     0.61    2.71
-101739.065    18.000     2.73    3.16
-101362.989    19.684     4.48    3.68
-100986.913    21.676     5.30    3.25
-100610.836    22.486     2.16    2.82
-100234.759    21.973    -1.37    2.96
 -99858.680    20.719    -3.33    2.69
 -99482.602    18.205    -6.68    3.03
 -99106.522    16.923    -3.41    2.99
 -98730.442    15.778    -3.05    1.91
 -98354.361    15.308    -1.25    1.52
 -97978.279    15.722     1.10    1.77
 -97602.197    15.842     0.32    1.75
 -97226.114    17.308     3.90    4.33
 -96850.031    20.132     7.51    6.09
 -96473.947    21.919     4.75    6.58
 -96097.862    22.718     2.12    6.34
 -95721.776    20.600    -5.63    4.79
 -95345.690    19.676    -2.46    4.52
 -94969.603    19.842     0.44    4.72
 -94593.516    19.946     0.28    6.01
 -94217.427    19.865    -0.22    6.46
 -93841.338    21.189     3.52    7.40
 -93465.249    19.114    -5.52    6.56
 -93089.158    18.667    -1.19    6.26
 -92713.067    17.000    -4.43    3.12
 -92336.976    17.583     1.55    4.43
 -91960.883    18.872     3.43    5.09
 -91584.790    20.737     4.96    6.15
 -91208.696    21.658     2.45    6.42
 -90832.602    22.128     1.25    6.58
 -90456.506    22.263     0.36    6.82
 -90080.411    22.167    -0.26    6.50
 -89704.314    22.447     0.75    6.70
 -89328.217    23.128     1.81    6.79
 -88952.119    23.361     0.62    6.11
 -88576.020    22.487    -2.32    5.79
 -88199.920    21.553    -2.48    5.92
 -87823.820    19.919    -4.34    5.18
 -87447.719    18.297    -4.31    4.77
 -87071.618    17.514    -2.08    4.11
 -86695.515    18.744     3.27    4.20
 -86319.412    20.077     3.55    4.31
 -85943.309    20.649     1.52    3.97
 -85567.204    18.744    -5.07    4.33
 -85191.099    17.895    -2.26    3.98
 -84814.993    18.132     0.63    4.62
 -84438.886    19.378     3.32    5.35
 -84062.779    21.225     4.91    5.52
 -83686.671    23.368     5.70    4.97
 -83310.562    24.528     3.08    4.95
 -82934.452    26.658     5.66    4.99
 -82558.342    27.944     3.42    3.71
 -82182.231    27.000    -2.51    4.62
 -81806.119    26.282    -1.91    4.65
 -81430.007    24.800    -3.94    4.58
 -81053.893    23.757    -2.77    3.85
 -80677.779    24.459     1.87    2.74
 -80301.665    24.378    -0.22    2.31
 -79925.549    23.750    -1.67    2.48
 -79549.433    23.595    -0.41    2.92
 -79173.316    23.553    -0.11    3.87
 -78797.198    23.026    -1.40    3.98
 -78421.079    23.513     1.29    3.99
 -78044.960    23.514     0.00    3.70
 -77668.840    21.925    -4.22    4.93
 -77292.719    22.158     0.62    5.81
 -76916.598    20.444    -4.56    6.65
 -76540.475    19.541    -2.40    6.68
 -76164.352    18.611    -2.47    6.58
 -75788.228    16.684    -5.12    5.32
 -75412.104    14.821    -4.95    4.68
 -75035.978    12.545    -6.05    1.37
 -74659.852    14.868     6.18    4.94
 -74283.725    17.703     7.54    6.03
 -73907.598    18.972     3.38    5.84
 -73531.469    18.385    -1.56    5.72
 -73155.340    16.842    -4.10    5.71
 -72779.210    14.615    -5.92    4.62
 -72403.079    14.333    -0.75    4.49
 -72026.947    13.868    -1.24    4.17
 -71650.815    14.784     2.43    4.97
 -71274.682    15.205     1.12    5.75
 -70898.548    14.846    -0.95    5.84
 -70522.413    14.722    -0.33    5.31
 -70146.277    15.000     0.74    5.00
 -69770.141    15.838     2.23    4.51
 -69394.004    16.649     2.16    4.10
 -69017.866    16.237    -1.09    2.90
 -68641.727    17.229     2.64    3.75
 -68265.587    18.750     4.04    4.61
 -67889.447    20.079     3.53    4.87
 -67513.306    19.750    -0.87    5.18
 -67137.164    18.231    -4.04    5.99
 -66761.021    16.974    -3.34    5.93
 -66384.878    14.526    -6.51    5.15
 -66008.733    14.895     0.98    5.55
 -65632.588    15.974     2.87    6.32
 -65256.442    16.297     0.86    6.85
 -64880.295    17.368     2.85    6.65
 -64504.148    19.100     4.60    5.80
 -64127.999    19.657     1.48    4.28
 -63751.850    19.730     0.19    3.66
 -63375.700    19.649    -0.22    3.71
 -62999.549    21.622     5.25    4.40
 -62623.397    23.757     5.68    4.41
 -62247.244    24.806     2.79    4.27
 -61871.091    25.000     0.52    3.49
 -61494.937    24.526    -1.26    3.16
 -61118.782    22.946    -4.20    3.64
 -60742.626    21.359    -4.22    3.57
 -60366.469    20.342    -2.70    3.54
 -59990.311    19.410    -2.48    3.30
 -59614.153    18.811    -1.59    3.09
 -59237.994    19.051     0.64    3.47
 -58861.834    19.139     0.23    3.39
 -58485.673    19.263     0.33    3.20
 -58109.511    18.538    -1.93    2.56
 -57733.348    18.812     0.73    2.74
 -57357.185    19.359     1.45    2.42
 -56981.020    19.243    -0.31    2.44
 -56604.855    19.556     0.83    2.29
 -56228.689    18.946    -1.62    1.88
 -55852.522    18.639    -0.82    1.64
 -55476.354    18.658     0.05    1.63
 -55100.186    18.923     0.70    1.84
 -54724.016    18.351    -1.52    2.18
 -54347.846    17.846    -1.34    2.48
 -53971.675    17.385    -1.23    2.45
 -53595.503    16.897    -1.30    2.27
 -53219.330    16.135    -2.03    2.14
 -52843.156    16.128    -0.02    1.98
 -52466.981    15.568    -1.49    2.43
 -52090.806    14.378    -3.16    2.89
 -51714.629    13.595    -2.08    3.35
 -51338.452    11.719    -4.99    3.58
 -50962.274     9.359    -6.27    3.95
 -50586.095     7.395    -5.22    4.04
 -50209.915     5.722    -4.45    3.04
 -49833.734     4.135    -4.22    1.70
 -49457.552     3.444    -1.84    0.97
 -49081.370     3.289    -0.41    1.01
 -48705.186     3.051    -0.63    1.15
 -48329.002     2.730    -0.85    1.15
 -47952.816     2.421    -0.82    1.31
 -47576.630     2.179    -0.64    1.32
 -47200.443     2.205     0.07    1.36
 -46824.255     2.162    -0.11    1.28
 -46448.066     1.949    -0.57    1.21
 -46071.877     1.892    -0.15    1.65
 -45695.686     2.108     0.57    1.82
 -45319.494     2.054    -0.14    1.49
 -44943.302     2.278     0.59    1.97
 -44567.108     2.231    -0.12    1.66
 -44190.914     2.692     1.23    1.98
 -43814.719     3.028     0.89    2.04
 -43438.523     3.684     1.74    1.89
 -43062.326     4.472     2.09    2.49
 -42686.128     4.081    -1.04    2.59
 -42309.929     4.231     0.40    2.69
 -41933.729     4.514     0.75    3.01
 -41557.529     6.079     4.16    3.71
 -41181.327     6.974     2.38    3.48
 -40805.125     8.000     2.73    3.30
 -40428.921     8.189     0.50    2.93
 -40052.717     8.400     0.56    3.13
 -39676.511     9.333     2.48    3.34
 -39300.305     9.778     1.18    3.47
 -38924.098     9.973     0.52    2.93
 -38547.890     9.351    -1.65    3.10
 -38171.681     8.632    -1.91    2.79
 -37795.471     8.513    -0.32    2.37
 -37419.260     8.324    -0.50    2.25
 -37043.185     9.200     2.33    2.31
 -36667.161     8.842    -0.95    2.83
 -36291.136     8.324    -1.38    2.90
 -35915.110     8.895     1.52    3.21
 -35539.083     9.333     1.17    3.18
 -35163.055     9.500     0.44    3.22
 -34787.026     8.972    -1.40    3.57
 -34410.996     7.667    -3.47    3.69
 -34034.965     6.028    -4.36    2.92
 -33658.933     5.450    -1.54    2.40
 -33282.900     5.513     0.17    2.17
 -32906.867     5.400    -0.30    1.63
 -32530.832     5.378    -0.06    1.52
 -32154.796     5.378     0.00    1.48
 -31778.760     4.974    -1.08    1.60
 -31402.722     5.949     2.59    2.96
 -31026.684     6.946     2.65    3.36
 -30650.644     8.805     4.94    3.77
 -30274.604     9.410     1.61    3.24
 -29898.563     9.026    -1.02    3.41
 -29522.520     8.243    -2.08    3.52
 -29146.477     7.128    -2.97    3.16
 -28770.432     6.103    -2.73    2.44
 -28394.387     5.806    -0.79    1.55
 -28018.341     7.026     3.24    3.17
 -27642.294     8.056     2.74    3.81
 -27266.245     9.000     2.51    3.90
 -26890.196     8.897    -0.27    4.24
 -26514.146     7.469    -3.80    3.89
 -26138.095     7.459    -0.02    3.93
 -25762.042     6.263    -3.18    2.66
 -25385.989     5.811    -1.20    1.84
 -25009.935     5.410    -1.07    1.29
 -24633.880     5.973     1.50    2.65
 -24257.824     7.590     4.30    4.58
 -23881.766    10.462     7.64    5.43
 -23505.708    12.410     5.18    5.26
 -23129.649    15.378     7.89    3.97
 -22753.589    16.949     4.18    2.70
 -22377.528    17.333     1.02    2.26
 -22001.465    17.889     1.48    2.14
 -21625.402    17.842    -0.12    2.42
 -21249.338    16.865    -2.60    2.93
 -20873.273    16.514    -0.93    3.04
 -20497.206    17.590     2.86    3.77
 -20121.139    18.969     3.67    3.47
 -19745.071    20.333     3.63    3.02
 -19369.002    21.513     3.14    2.27
 -18992.931    21.333    -0.48    2.56
 -18616.860    21.077    -0.68    2.74
 -18240.788    20.297    -2.07    2.53
 -17864.714    19.897    -1.06    2.19
 -17488.640    19.526    -0.99    2.05
 -17112.564    19.053    -1.26    2.39
 -16736.488    19.081     0.08    2.98
 -16360.410    16.821    -6.01    5.78
 -15984.332    13.795    -8.05    6.54
 -15608.252    10.222    -9.50    6.00
 -15232.172     7.676    -6.77    4.19
 -14856.090     5.568    -5.61    2.44
 -14480.007     4.568    -2.66    1.79
 -14103.924     4.027    -1.44    1.42
 -13727.839     3.618    -1.09    0.92
 -13351.753     3.500    -0.31    0.96
 -12975.666     3.103    -1.06    1.19
 -12599.578     2.750    -0.94    1.05
 -12223.489     2.462    -0.77    1.07
 -11847.399     2.432    -0.08    0.99
 -11471.308     2.289    -0.38    1.09
 -11095.216     1.868    -1.12    1.19
 -10719.123     1.385    -1.29    1.31
 -10343.029     0.838    -1.45    1.21
  -9966.933     0.368    -1.25    0.88
  -9590.837     0.100    -0.71    0.44
  -9214.739     0.000    -0.27    0.00
  -8838.641     0.079     0.21    0.49
  -8462.541     0.432     0.94    1.14
  -8086.441     0.757     0.86    1.72
  -7710.339     1.081     0.86    1.93
  -7334.236     1.139     0.15    1.99
  -6958.132     0.872    -0.71    1.84
  -6582.027     0.615    -0.68    1.43
  -6205.921     0.514    -0.27    1.26
  -5829.814     0.308    -0.55    1.00
  -5453.706     0.237    -0.19    0.91
  -5077.597     0.205    -0.08    0.89
  -4701.487     0.000    -0.55    0.00
  -4325.375     0.000     0.00    0.00
  -3949.263     0.000     0.00    0.00
  -3573.149     0.000     0.00    0.00
  -3197.034     0.000     0.00    0.00
  -2820.919     0.000     0.00    0.00
  -2444.802     0.000     0.00    0.00
  -2068.684     0.000     0.00    0.00
  -1692.565     0.000     0.00    0.00
  -1316.444     0.000     0.00    0.00
   -940.323     0.000     0.00    0.00
   -564.201     0.000     0.00    0.00
   -188.077     0.122     0.32    0.78
    188.047     0.351     0.61    1.40
    564.173     0.179    -0.46    0.68
    940.300     0.263     0.22    0.83
   1316.428     0.179    -0.22    0.79
   1692.557     0.243     0.17    1.04
   2068.687     0.500     0.68    1.54
   2444.818     0.297    -0.54    1.13
   2820.951     0.270    -0.07    1.07
   3197.084     0.189    -0.22    0.57
   3573.219     0.057    -0.35    0.34
   3949.354     0.051    -0.02    0.32
   4325.491     0.000    -0.14    0.00
   4701.629     0.029     0.08    0.17
   5077.768     0.027    -0.00    0.16
   5453.909     0.027     0.00    0.29
   5830.050    -0.079    -0.28    0.43
   6206.193    -0.250    -0.45    0.49
   6582.336    -0.351    -0.27    0.59
   6958.481    -0.474    -0.33    0.56
   7334.627    -0.421     0.14    0.60
   7710.774    -0.333     0.23    0.62
   8086.922    -0.243     0.24    0.49
   8463.072    -0.075     0.45    0.47
   8839.222     0.053     0.34    0.32
   9215.374     0.108     0.15    0.31
   9591.527     0.054    -0.14    0.23
   9967.681    -0.028    -0.22    0.29
  10343.836    -0.103    -0.20    0.45
  10719.992    -0.205    -0.27    0.47
  11096.149    -0.200     0.01    0.47
  11472.308    -0.184     0.04    0.46
  11848.468    -0.108     0.20    0.46
  12224.628    -0.028     0.21    0.38
  12600.790     0.077     0.28    0.35
  12976.954     0.108     0.08    0.31
  13353.118     0.051    -0.15    0.22
  13729.284     0.053     0.00    0.23
  14105.450     0.050    -0.01    0.22
  14481.618     0.000    -0.13    0.00
  14857.787     0.000     0.00    0.00
  15233.958     0.000     0.00    0.00
  15610.129     0.028     0.07    0.17
  15986.301     0.000    -0.07    0.33
  16362.475    -0.135    -0.36    0.48
  16738.650    -0.270    -0.36    0.56
  17114.826    -0.462    -0.51    0.55
  17491.004    -0.600    -0.37    0.50
  17867.182    -0.487     0.30    0.51
  18243.362    -0.289     0.53    0.46
  18619.543    -0.111     0.47    0.32
  18995.725     0.000     0.30    0.00
  19371.908     0.079     0.21    0.49
  19748.092     0.342     0.70    0.97
  20124.278     0.649     0.81    1.25
  20500.465     0.872     0.59    1.32
  20876.653     1.162     0.77    1.40
  21252.842     0.923    -0.64    1.24
  21629.033     0.500    -1.12    0.93
  22005.224     0.171    -0.87    0.51
  22381.417     0.081    -0.24    0.36
  22757.611     0.000    -0.22    0.00
  23133.806     0.027     0.07    0.16
  23510.003     0.351     0.86    1.62
  23886.201     0.444     0.25    1.70
  24262.400     0.325    -0.32    1.51
  24638.600     0.333     0.02    1.51
  25014.801     0.622     0.77    2.71
  25391.004     3.949     8.84    8.64
  25767.207     8.211    11.33   13.79
  26143.412    15.359    19.00   20.05
  26519.619    28.297    34.39   28.26
  26895.826    38.256    26.47   32.73
  27272.035    41.667     9.06   29.59
  27648.245    37.846   -10.16   22.68
  28024.456    30.590   -19.29   14.71
  28400.668    28.094    -6.63   10.21
  28776.882    30.622     6.72   10.33
  29153.097    37.000    16.95   14.23
  29529.313    45.027    21.34   24.16
  29905.530    59.811    39.30   35.10
  30281.749    73.583    36.61   33.67
  30657.969    92.263    49.65   36.09
  31034.190   108.282    42.58   36.55
  31410.412   120.919    33.59   32.86
  31786.636   128.132    19.17   31.00
  32162.860   132.487    11.58   33.85
  32539.086   148.308    42.05   33.53
  32915.314   163.838    41.28   27.52
  33291.542   176.667    34.10   21.10
  33667.772   179.270     6.92   18.35
  34044.003   170.737   -22.68   25.66
  34420.236   148.289   -59.66   39.74
  34796.469   116.750   -83.83   43.21
  35172.704    81.179   -94.54   36.05
  35548.940    57.974   -61.68   16.84
  35925.178    54.194   -10.04   11.53
  36301.416    60.103    15.70   16.65
  36677.656    70.417    27.41   16.16
  37053.897    82.395    31.84   26.91
  37430.140    92.395    26.58   29.69
  37806.362   101.162    23.30   27.28
  38182.346   116.000    39.46   31.23
  38558.332   133.103    45.49   35.22
  38934.320   155.615    59.88   32.78
  39310.308   175.973    54.14   24.82
  39686.298   182.564    17.53   19.39
  40062.289   185.081     6.69   15.72
  40438.282   179.459   -14.95   17.48
  40814.275   166.703   -33.93   19.43
  41190.270   154.000   -33.78   16.48
  41566.267   146.077   -21.07   12.42
  41942.264   145.846    -0.61   11.59
  42318.263   146.639     2.11   11.00
  42694.263   151.923    14.05    9.86
  43070.265   154.083     5.75   11.79
  43446.267   154.184     0.27   16.95
  43822.271   151.487    -7.17   23.68
  44198.277   141.946   -25.38   27.00
  44574.283   130.868   -29.46   26.62
  44950.291   118.051   -34.09   24.16
  45326.301   105.050   -34.58   20.24
  45702.311    94.541   -27.95   14.82
  46078.323    84.513   -26.67   12.71
  46454.336    74.763   -25.93   10.98
  46830.351    69.216   -14.75    9.30
  47206.367    62.811   -17.04    7.45
  47582.384    58.611   -11.17    7.53
  47958.402    52.632   -15.90    8.05
  48334.422    46.800   -15.51    7.47
  48710.443    42.000   -12.77    5.61
  49086.466    37.256   -12.62    4.50
  49462.489    34.541    -7.22    4.02
  49838.514    35.289     1.99    6.35
  50214.541    41.641    16.89   14.52
  50590.569    51.579    26.43   17.82
  50966.598    62.472    28.97   17.37
  51342.628    75.947    35.84   19.18
  51718.660    87.000    29.39   22.89
  52094.693    99.750    33.91   25.13
  52470.727   108.872    24.26   22.69
  52846.763   121.237    32.88   20.72
  53222.800   129.784    22.73   20.03
  53598.839   130.703     2.44   20.38
  53974.879   132.472     4.71   26.22
  54350.920   141.949    25.20   26.56
  54726.962   140.950    -2.66   25.48
  55103.006   133.838   -18.91   23.84
  55479.051   123.200   -28.29   19.95
  55855.098   115.053   -21.67   11.71
  56231.146   116.000     2.52   11.48
  56607.195   118.622     6.97   11.75
  56983.246   122.000     8.98   11.66
  57359.298   127.757    15.31   17.75
  57735.351   135.639    20.96   18.77
  58111.406   147.500    31.54   20.82
  58487.462   165.222    47.13   18.37
  58863.519   172.462    19.25   20.68
  59239.578   183.103    28.30   21.23
  59615.638   193.000    26.32   17.09
  59991.700   197.946    13.15   17.70
  60367.763   199.054     2.95   16.44
  60743.827   202.568     9.34   15.13
  61119.893   204.050     3.94   13.93
  61495.960   206.703     7.05   12.29
  61872.029   211.763    13.46   10.79
  62248.099   217.526    15.32   10.17
  62624.170   228.526    29.25   17.22
  63000.242   242.892    38.20   19.29
  63376.316   256.590    36.42   16.97
  63752.392   266.711    26.91   12.80
  64128.469   272.056    14.21    9.26
  64504.547   274.838     7.40    8.96
  64880.626   279.806    13.21    9.94
  65256.707   283.000     8.49   10.86
  65632.790   290.103    18.89    9.07
  66008.874   294.875    12.69    6.28
  66384.959   293.541    -3.55    6.44
  66761.045   291.784    -4.67    5.91
  67137.133   290.189    -4.24    4.38
  67513.223   292.333     5.70    3.91
  67889.314   295.658     8.84    4.92
  68265.406   298.590     7.80    9.01
  68641.500   296.513    -5.52   18.60
  69017.595   286.949   -25.43   30.74
  69393.691   268.162   -49.95   36.64
  69769.789   251.769   -43.59   37.33
  70145.888   235.816   -42.42   28.80
  70521.989   225.667   -26.99   23.47
  70898.091   222.405    -8.67   22.29
  71274.195   215.000   -19.69   19.79
  71650.300   207.703   -19.40   14.17
  72026.406   201.538   -16.39   12.42
  72402.514   194.303   -19.24   12.49
  72778.623   195.282     2.60   17.49
  73154.734   196.526     3.31   24.05
  73530.846   191.972   -12.11   27.81
  73906.960   190.462    -4.02   30.39
  74283.075   184.135   -16.82   30.68
  74659.191   179.564   -12.15   32.55
  75035.309   181.105     4.10   36.95
  75411.429   181.974     2.31   35.50
  75787.549   175.568   -17.03   33.54
  76163.672   169.842   -15.22   29.71
  76539.795   158.846   -29.24   22.84
  76915.921   146.083   -33.93   17.49
  77292.047   139.135   -18.47   19.48
  77668.175   135.432    -9.84   20.38
  78044.305   130.135   -14.08   21.42
  78420.436   126.378    -9.99   23.21
  78796.568   122.914    -9.21   25.83
  79172.702   124.475     4.15   31.45
  79548.837   125.947     3.91   36.76
  79924.974   134.730    23.35   41.77
  80301.112   139.410    12.44   37.31
  80677.252   135.500   -10.40   35.80
  81053.393   133.263    -5.95   32.99
  81429.536   124.105   -24.35   32.43
  81805.680   116.026   -21.48   35.46
  82181.826    98.806   -45.78   46.71
  82557.973    67.184   -84.07   45.92
  82934.122    43.900   -61.90   29.82
  83310.272    29.171   -39.16   16.92
  83686.423    33.865    12.48   18.79
  84062.576    49.730    42.18   26.31
  84438.731    63.838    37.51   32.16
  84814.887    89.865    69.19   40.53
  85191.044   117.639    73.84   44.09
  85567.203   144.718    71.99   44.75
  85943.364   158.872    37.63   45.96
  86319.525   173.027    37.63   49.10
  86695.689   165.667   -19.57   52.81
  87071.854   159.564   -16.22   48.13
  87448.020   156.128    -9.13   38.38
  87824.188   162.054    15.75   36.07
  88200.358   183.231    56.30   41.51
  88576.529   207.250    63.85   36.50
  88952.701   220.684    35.71   26.83
  89328.875   227.263    17.49   23.58
  89705.050   226.469    -2.11   28.36
  90081.227   226.333    -0.36   29.61
  90457.406   233.081    17.94   28.15
  90833.586   244.056    29.17   25.46
  91209.767   259.108    40.01   18.68
  91585.950   268.667    25.41    9.98
  91962.135   272.395     9.91    8.49
  92338.321   273.425     2.74    8.39
  92714.509   275.514     5.55    8.14
  93090.698   275.462    -0.14    8.40
  93466.888   274.513    -2.52   10.29
  93843.081   271.487    -8.04   13.42
  94219.274   263.838   -20.33   16.96
  94595.469   254.667   -24.38   20.48
  94971.666   244.297   -27.56   24.62
  95347.864   237.378   -18.39   24.90
  95724.064   235.189    -5.82   27.13
  96100.266   247.824    33.58   23.07
  96476.469   255.462    20.30   19.07
  96852.673   253.462    -5.32   17.25
  97228.879   244.222   -24.56   24.19
  97605.086   235.027   -24.44   25.38
  97981.295   229.472   -14.77   29.35
  98357.506   234.368    13.01   30.62
  98733.718   239.256    12.99   24.28
  99109.932   236.541    -7.22   20.26
  99486.147   235.316    -3.26   17.92
  99862.364   236.474     3.08   19.81
 100238.582   246.641    27.03   22.62
 100614.802   260.811    37.66   18.80
 100991.024   267.675    18.25   16.62
 101367.247   269.553     4.99   13.64
 101743.471   265.838    -9.87   15.11
 102119.698   255.324   -27.94   18.93
 102495.925   245.528   -26.04   17.51
 102872.155   242.744    -7.40   18.99
 103248.385   243.769     2.73   20.68
 103624.618   252.771    23.93   15.68
 104000.852   261.395    22.92   18.92
 104377.087   266.162    12.67   14.62
 104753.325   262.167   -10.62   16.54
 105129.563   250.325   -31.47   21.51
 105505.804   239.054   -29.96   22.51
 105882.046   230.605   -22.46   23.24
 106258.289   229.053    -4.13   25.00
 106634.534   224.750   -11.44   22.82
 107010.781   220.757   -10.61   19.97
 107387.029   211.175   -25.47   21.55
 107763.279   198.949   -32.50   20.44
 108139.530   187.639   -30.06   21.21
 108515.783   181.568   -16.14   16.94
 108892.038   185.108     9.41   20.13
 109268.294   199.000    36.92   25.62
 109644.552   218.846    52.75   23.01
 110020.811   233.167    38.06   20.39
 110397.072   247.641    38.47   17.86
 110773.335   257.895    27.25   14.60
 111149.599   268.389    27.89   12.41
 111525.865   276.795    22.34   14.26
 111902.132   281.615    12.81   15.64
 112278.401   293.132    30.61   15.33
 112654.672   301.054    21.06   12.49
 113030.797   307.051    15.94    7.96
 113406.739   311.459    11.73    4.61
 113782.684   312.179     1.92    4.25
 114158.629   313.375     3.18    4.08
 114534.577   313.914     1.43    3.84
 114910.526   314.811     2.38    4.53
 115286.476   315.297     1.29    4.90
 115662.428   315.162    -0.36    4.63
 116038.382   315.737     1.53    4.80
 116414.338   316.833     2.92    4.35
 116790.295   316.707    -0.34    3.66
 117166.254   317.410     1.87    2.94
 117542.214   317.243    -0.44    2.35
 117918.176   317.077    -0.44    2.46
 118294.140   316.500    -1.53    2.68
 118670.105   315.205    -3.44    3.16
 119046.072   314.472    -1.95    3.43
 119422.040   314.154    -0.85    3.14
 119798.010   314.667     1.36    2.15
 120173.982   315.128     1.23    1.67
 120549.956   315.179     0.14    1.65
 120925.931   314.656    -1.39    1.62
 121301.908   314.919     0.70    1.85
 121677.886   314.162    -2.01    2.56
 122053.866   314.027    -0.36    2.61
 122429.848   313.895    -0.35    2.35
 122805.831   313.811    -0.22    2.28
 123181.816   314.282     1.25    1.65
 123557.803   314.256    -0.07    1.60
 123933.791   314.158    -0.26    1.79
 124309.781   313.784    -1.00    1.72
 124685.773   313.447    -0.89    1.86
 125061.766   312.590    -2.28    1.93
 125437.761   311.222    -3.64    2.19
 125813.758   309.897    -3.52    2.40
 126189.756   309.389    -1.35    2.42
 126565.756   309.711     0.86    2.77
 126941.758   311.128     3.77    3.21
 127317.761   313.500     6.31    2.77
 127693.766   315.868     6.30    3.13
 128069.773   317.711     4.90    2.82
 128445.781   319.162     3.86    2.03
 128821.792   319.897     1.96    1.48
 129197.803   320.541     1.71    2.34
 129573.817   322.051     4.02    4.40
 129949.832   321.692    -0.95    5.67
 130325.849   320.105    -4.22    5.99
 130701.867   318.921    -3.15    4.89
 131077.887   318.154    -2.04    3.49
 131453.909   318.462     0.82    3.20
 131829.933   319.351     2.37    2.04
 132205.958   319.474     0.33    2.02
 132581.985   319.568     0.25    1.94
 132958.014   320.000     1.15    1.78
 133334.044   320.368     0.98    1.57
 133710.076   321.250     2.34    1.74
 134086.110   322.154     2.40    1.71
 134462.146   322.897     1.98    1.64
 134838.183   323.583     1.82    1.38
 135214.222   324.154     1.52    1.48
 135590.262   324.676     1.39    1.63
 135966.305   325.333     1.75    1.72
 136342.349   326.053     1.91    1.54
 136718.394   326.316     0.70    1.30
 137094.442   326.324     0.02    1.43
 137470.491   326.333     0.02    1.49
 137846.542   326.625     0.78    1.84
 138222.595   327.500     2.33    2.04
 138598.649   328.216     1.90    2.42
 138974.705   328.892     1.80    2.20
 139350.763   329.081     0.50    2.13
 139726.823   328.811    -0.72    1.79
 140102.884   328.853     0.11    1.74
 140478.947   328.775    -0.21    1.59
 140855.012   328.538    -0.63    1.68
 141231.078   328.333    -0.55    1.43
 141607.147   328.462     0.34    1.54
 141983.217   328.541     0.21    1.64
 142359.288   329.316     2.06    1.69
 142735.362   329.921     1.61    1.99
 143111.437   330.590     1.78    2.06
 143487.514   331.027     1.16    1.83
 143863.593   331.579     1.47    2.04
 144239.673   333.050     3.91    3.18
 144615.756   336.028     7.92    5.08
 144991.840   338.316     6.08    5.44
 145367.925   340.270     5.20    5.31
 145744.013   340.730     1.22    6.83
 146120.102   337.595    -8.34    6.01
 146496.193   336.444    -3.06    5.02
 146872.286   337.256     2.16    5.56
 147248.381   339.000     4.64    5.78
 147624.477   340.297     3.45    5.42
 148000.575   341.641     3.57    4.54
 148376.675   340.974    -1.77    4.41
 148752.776   339.821    -3.07    4.95
 149128.880   338.342    -3.93    4.65
 149504.985   337.769    -1.52    5.33
 149881.092   335.111    -7.07    5.48
 150257.201   333.316    -4.77    4.92
 150633.311   331.051    -6.02    3.07
 151009.424   329.857    -3.18    1.78
 151385.538   330.103     0.65    2.34
 151761.654   330.541     1.16    2.59
 152137.771   331.054     1.37    2.56
 152513.891   330.919    -0.36    2.60
 152890.012   330.139    -2.07    2.34
 153266.135   329.667    -1.26    2.51
 153642.260   329.000    -1.77    2.95
 154018.386   328.243    -2.01    2.82
 154394.515   327.179    -2.83    3.32
 154770.645   325.737    -3.84    3.79
 155146.777   324.632    -2.94    3.69
 155522.911   324.297    -0.89    3.30
 155899.046   324.125    -0.46    3.11
 156275.184   324.135     0.03    2.49
 156651.323   324.486     0.93    2.56
 157027.464   324.216    -0.72    2.37
 157403.607   324.389     0.46    2.18
 157779.752   324.462     0.19    2.05
 158155.898   324.667     0.55    2.26
 158532.047   325.417     1.99    2.16
 158908.197   324.649    -2.04    3.33
 159284.349   322.432    -5.89    5.66
 159660.502   319.789    -7.03    7.17
 160036.658   315.700   -10.87    7.92
 160412.815   309.324   -16.95   13.54
 160788.975   297.658   -31.02   23.36
 161165.136   283.026   -38.90   27.98
 161541.299   259.263   -63.17   33.00
 161917.463   238.081   -56.31   29.82
 162293.630   228.650   -25.07   29.84
 162669.798   209.605   -50.63   38.72
 163045.969   189.946   -52.26   43.63
 163422.141   174.838   -40.16   38.74
 163798.315   164.057   -28.66   41.72
 164174.490   158.692   -14.26   43.61
 164550.668   163.846    13.70   45.95
 164926.847   161.714    -5.67   48.42
 165303.029   168.919    19.15   61.25
 165679.212   181.135    32.47   69.29
 166055.397   177.703    -9.12   64.12
 166431.584   180.300     6.90   65.93
 166807.772   180.000    -0.80   64.10
 167183.963   184.641    12.34   62.86
 167560.155   179.079   -14.79   70.18
 167936.350   178.308    -2.05   70.83
 168312.546   176.514    -4.77   76.45
 168688.744   182.146    14.97   81.69
 169064.944   186.526    11.64   81.39
 169441.145   189.222     7.17   87.12
 169817.349   198.865    25.63   87.61
 170193.554   201.189     6.18   82.00
 170569.762   200.838    -0.93   79.16
 170945.971   213.000    32.33   81.46
 171322.182   233.941    55.66   77.80
 171698.395   239.949    15.97   89.63
 172074.610   244.184    11.26   91.87
 172450.826   239.250   -13.12   84.99
 172827.045   213.949   -67.25   96.82
 173203.266   185.270   -76.23  100.16
 173579.488   139.026  -122.92   85.96
 173955.712   102.385   -97.39   53.88
 174331.938    91.333   -29.37   30.77
 174708.166   109.081    47.17   41.65
 175084.396   145.282    96.22   57.84
 175460.628   193.590   128.40   64.74
 175836.862   246.444   140.49   57.58
 176213.097   284.730   101.76   43.16
 176589.335   313.270    75.86   24.59
 176965.574   327.973    39.08   12.46
 177341.816   335.579    20.22    9.65
 177718.059   340.229    12.36    6.89
 178094.304   343.150     7.76    6.04
 178470.551   345.789     7.02    4.21
 178846.800   347.676     5.01    3.35
 179223.051   349.949     6.04    2.86
 179599.303   351.447     3.98    2.61
 179975.558   352.342     2.38    2.03
 180351.815   353.368     2.73    1.38
 180728.073   353.615     0.66    1.58
 181104.334   354.459     2.24    2.32
 181480.596   355.789     3.53    2.35
 181856.860   357.075     3.42    2.51
 182233.126   358.771     4.51    2.24
 182609.395   359.622     2.26    2.20
 182985.665   360.432     2.15    1.64
 183361.937   360.459     0.07    1.82
 183738.210   360.568     0.29    2.29
 184114.486   360.333    -0.62    2.32
 184490.764   360.500     0.44    2.00
 184867.044   361.079     1.54    2.41
 185243.325   360.973    -0.28    2.85
 185619.609   361.359     1.03    2.78
 185995.894   361.395     0.10    2.86
 186372.182   361.949     1.47    2.93
 186748.471   363.459     4.01    3.37
 187124.763   364.590     3.00    3.68
 187501.056   366.500     5.08    3.53
 187877.351   367.711     3.22    2.86
 188253.336   368.925     3.23    2.47
 188629.248   370.394     3.91    2.86
 189005.162   371.256     2.29    2.88
 189381.078   372.135     2.34    2.73
 189756.995   372.162     0.07    2.37
 190132.915   371.405    -2.01    2.64
 190508.836   370.556    -2.26    3.03
 190884.760   370.000    -1.48    2.55
 191260.685   369.923    -0.20    2.53
 191636.612   369.892    -0.08    1.78
 192012.542   370.564     1.79    1.89
 192388.473   370.615     0.14    1.95
 192764.406   371.077     1.23    1.86
 193140.342   371.351     0.73    1.80
 193516.279   371.846     1.32    1.53
 193892.218   372.459     1.63    1.76
 194268.159   373.378     2.44    2.53
 194644.102   374.132     2.00    2.51
 195020.048   375.312     3.14    2.43
 195395.995   375.974     1.76    2.68
 195771.944   375.553    -1.12    3.26
 196147.895   374.892    -1.76    4.67
 196523.848   372.676    -5.90    7.23
 196899.803   367.944   -12.58   14.11
 197275.760   365.053    -7.69   16.88
 197651.719   361.342    -9.87   17.23
 198027.680   355.541   -15.43   17.33
 198403.643   337.821   -47.13   39.71
 198779.608   312.974   -66.09   54.26
 199155.575   264.564  -128.77   77.94
 199531.544   203.054  -163.61   78.69
 199907.515   151.308  -137.64   76.77
 200283.488    97.703  -142.58   64.86
 200659.463    55.568  -112.07   53.32
 201035.440    20.730   -92.66   39.50
 201411.419    -0.625   -56.80   19.43
 201787.400    -8.205   -20.16    2.85
 202163.383    -5.711     6.64    9.48
 202539.368     3.444    24.35   19.39
 202915.355    22.692    51.19   32.99
 203291.345    45.750    61.33   37.12
 203667.336    68.263    59.88   40.39
 204043.329    99.590    83.32   42.30
 204419.324   125.676    69.38   48.20
 204795.321   159.053    88.77   56.80
 205171.320   176.000    45.07   72.76
 205547.321   194.462    49.10   86.97
 205923.325   199.622    13.72   91.40
 206299.330   195.487   -11.00   93.00
 206675.337   182.316   -35.03   87.51
 207051.347   166.528   -41.99   74.20
 207427.358   166.432    -0.25   65.53
 207803.371   188.028    57.43   77.50
 208179.387   222.513    91.71   93.34
 208555.404   254.641    85.45   95.63
 208931.424   272.111    46.46   93.38
 209307.445   292.077    53.10   85.80
 209683.469   295.083     8.00   82.12
 210059.495   308.105    34.63   69.40
 210435.522   320.077    31.84   62.37
 210811.552   337.211    45.57   51.66
 211187.584   358.000    55.29   35.21
 211563.618   372.949    39.75   16.34
 211939.654   379.150    16.49   10.97
 212315.692   383.054    10.38    5.72
 212691.732   383.875     2.18    6.36
 213067.774   386.026     5.72    4.77
 213443.818   387.611     4.22    2.32
 213819.864   387.838     0.60    2.48
 214195.913   387.889     0.14    2.21
 214571.963   388.421     1.42    2.29
 214948.015   387.775    -1.72    4.14
 215324.070   387.417    -0.95    5.20
 215700.127   386.700    -1.91    6.43
 216076.185   388.108     3.74    5.58
 216452.246   389.946     4.89    4.64
 216828.309   391.895     5.18    3.95
 217204.374   393.658     4.69    2.07
 217580.441   395.108     3.86    1.63
 217956.510   395.919     2.16    1.50
 218332.581   396.625     1.88    1.48
 218708.654   397.222     1.59    1.48
 219084.729   396.225    -2.65    4.32
 219460.807   395.132    -2.91    5.90
 219836.886   395.028    -0.28    6.73
 220212.968   395.027    -0.00    6.62
 220589.051   395.139     0.30    6.31
 220965.137   395.641     1.34    5.57
 221341.225   394.775    -2.30    5.74
 221717.315   394.459    -0.84    5.83
 222093.407   394.550     0.24    5.22
 222469.501   394.789     0.64    4.62
 222845.597   395.026     0.63    3.95
 223221.696   395.432     1.08    2.66
 223597.796   395.462     0.08    3.03
 223973.899   395.324    -0.36    2.68
 224350.004   395.194    -0.35    2.96
 224726.110   395.103    -0.24    3.25
 225102.219   394.917    -0.49    3.43
 225478.330   395.256     0.90    3.45
 225854.444   396.385     3.00    2.65
 226230.559   396.806     1.12    2.33
 226606.676   396.892     0.23    2.25
 226982.796   397.000     0.29    2.19
 227358.918   396.868    -0.35    2.33
 227735.041   397.410     1.44    2.69
 228111.167   398.243     2.21    2.63
 228487.295   399.641     3.72    1.72
 228863.426   400.564     2.45    1.12
 229239.558   400.921     0.95    1.17
 229615.692   401.297     1.00    1.84
 229991.829   401.949     1.73    2.03
 230367.968   402.763     2.17    2.34
 230744.109   403.111     0.93    2.31
 231120.252   403.744     1.68    2.16
 231496.397   404.333     1.57    2.15
 231872.544   404.605     0.72    1.90
 232248.694   405.051     1.19    1.54
 232624.845   405.125     0.20    1.79
 233000.999   405.027    -0.26    1.91
 233377.155   405.432     1.08    2.02
 233753.313   405.162    -0.72    2.67
 234129.473   405.615     1.20    3.02
 234505.636   405.694     0.21    3.58
 234881.800   404.974    -1.91    7.67
 235257.967   401.205   -10.02   16.83
 235634.136   397.385   -10.16   24.62
 236010.307   387.351   -26.67   42.82
 236386.480   381.308   -16.07   36.19
 236762.655   365.211   -42.79   46.82
 237138.833   343.722   -57.12   55.84
 237515.013   308.865   -92.66   73.74
 237891.194   270.622  -101.67   74.65
 238267.378   248.000   -60.14   72.13
 238643.565   232.795   -40.42   81.39
 239019.753   195.188   -99.97   80.96
 239395.944   152.368  -113.83   66.44
 239772.137   118.947   -88.84   42.00
 240148.332   100.919   -47.92   19.41
 240524.529    97.487    -9.12   19.96
 240900.728   105.784    22.05   32.65
 241276.930   112.487    17.82   51.00
 241653.133   129.821    46.08   68.77
 242029.339   153.342    62.53   84.04
 242405.547   141.447   -31.62   76.07
 242781.758   123.564   -47.54   68.91
 243157.970   100.132   -62.29   51.97
 243534.185    84.528   -41.48   42.19
 243910.402    92.270    20.58   62.64
 244286.621   100.189    21.05   78.41
 244662.842   104.486    11.42   82.49
 245039.066   103.949    -1.43   87.85
 245415.291    87.969   -42.48   63.11
 245791.519    73.538   -38.36   46.78
 246167.749    74.282     1.98   41.62
 246543.982    84.556    27.31   56.61
 246920.216    91.538    18.56   65.41
 247296.453    88.135    -9.05   63.78
 247672.692    77.410   -28.51   40.05
 248048.933    68.158   -24.59   23.11
 248425.177    66.308    -4.92   21.54
 248801.423    69.676     8.95   25.83
 249177.671    74.026    11.56   32.35
 249553.921    73.100    -2.46   33.22
 249930.173    69.000   -10.90   34.41
 250306.428    64.676   -11.49   28.92
 250682.684    62.459    -5.89   26.33
 251058.943    57.514   -13.15   23.37
 251435.205    57.270    -0.65   23.65
 251811.468    60.286     8.01   25.64
 252187.734    66.075    15.39   32.68
 252564.002    77.333    29.92   33.05
 252940.272    83.000    15.06   30.45
 253316.545    85.333     6.20   28.40
 253692.820    87.222     5.02   26.02
 254069.097   100.658    35.71   39.32
 254445.376   130.474    79.24   57.87
 254821.657   185.256   145.60   83.69
 255197.941   250.054   172.21   88.12
 255574.227   303.711   142.60   83.50
 255950.515   348.744   119.68   71.59
 256326.806   376.556    73.91   52.59
 256703.099   380.053     9.29   45.25
 257079.394   363.324   -44.46   62.26
 257455.691   346.486   -44.75   70.63
 257831.991   353.676    19.11   62.85
 258208.292   369.771    42.78   53.01
 258584.597   332.538   -98.95   87.09
 258960.903   262.000  -187.46  110.69
 259337.212   189.838  -191.77  104.71
 259713.523   118.744  -188.93   62.79
 260089.836    86.237   -86.39   25.83
 260466.151    77.744   -22.57   20.69
 260842.469    76.154    -4.22   23.76
 261218.789    73.846    -6.13   25.49
 261595.111    61.639   -32.44   21.40
 261971.436    53.921   -20.51   16.39
 262347.763    48.769   -13.69    6.36
 262724.092    47.833    -2.49    5.75
 263100.344    48.103     0.72    5.54
 263476.218    46.789    -3.49    2.74
 263852.093    47.865     2.86    7.47
 264227.971    47.243    -1.65    5.42
 264603.851    48.892     4.39    6.01
 264979.733    51.692     7.45    7.23
 265355.618    54.975     8.73    6.75
 265731.505    57.243     6.03    6.20
 266107.394    60.375     8.33   10.91
 266483.286    63.158     7.40   14.59
 266859.180    61.737    -3.78   12.78
 267235.076    64.622     7.67   16.48
 267610.974    67.077     6.53   19.65
 267986.875    74.583    19.97   24.12
 268362.778    76.865     6.07   24.44
 268738.684    77.289     1.13   22.97
 269114.591    78.771     3.94   20.07
 269490.501    79.154     1.02   19.03
 269866.414    89.308    27.01   18.50
 270242.328   100.083    28.67   12.53
 270618.245   103.351     8.69   13.90
 270994.165   104.081     1.94   19.92
 271370.086   100.711    -8.97   19.58
 271746.010   100.200    -1.36   19.42
 272121.936   102.541     6.23   18.73
 272497.865   116.436    36.96   25.06
 272873.796   126.737    27.40   24.22
 273249.729   140.974    37.87   29.73
 273625.665   154.297    35.44   34.74
 274001.603   163.400    24.21   35.76
 274377.543   170.789    19.66   32.95
 274753.485   162.865   -21.08   36.72
 275129.430   151.081   -31.35   36.88
 275505.378   135.611   -41.15   34.80
 275881.327   125.795   -26.11   35.09
 276257.279   125.615    -0.48   37.47
 276633.233   128.200     6.88   40.39
 277009.190   124.757    -9.16   41.25
 277385.149   113.216   -30.70   38.01
 277761.110   101.211   -31.93   31.61
 278137.074    98.125    -8.21   30.41
 278513.040    93.649   -11.91   22.97
 278889.009    92.605    -2.78   17.04
 279264.979    94.789     5.81   20.67
 279640.952    95.410     1.65   21.77
 280016.928    87.270   -21.65   20.85
 280392.906    78.700   -22.80   14.07
 280768.886    73.184   -14.67    7.40
 281144.869    70.973    -5.88    5.10
 281520.853    71.135     0.43    5.12
 281896.841    70.944    -0.51    4.99
 282272.830    68.846    -5.58    4.63
 282648.823    68.103    -1.98    5.57
 283024.817    66.250    -4.93    3.38
 283400.814    66.838     1.56    5.14
 283776.813    68.703     4.96    8.11
 284152.815    70.811     5.61   13.26
 284528.818    73.425     6.95   14.85
 284904.825    73.892     1.24   15.92
 285280.834    79.500    14.92   21.87
 285656.845    85.026    14.70   23.75
 286032.858    95.615    28.16   32.07
 286408.874    97.243     4.33   33.41
 286784.892    98.317     2.86   31.66
 287160.913   109.231    29.03   35.26
 287536.936   112.528     8.77   37.13
 287912.961   118.378    15.56   37.07
 288288.989   118.595     0.58   36.66
 288665.020   117.026    -4.17   34.22
 289041.052   127.308    27.34   35.32
 289417.087   125.543    -4.69   36.20
 289793.125   116.744   -23.40   38.03
 290169.165    99.919   -44.74   23.18
 290545.207    93.667   -16.63   15.77
 290921.252   112.256    49.44   33.62
 291297.299   128.684    43.69   39.72
 291673.348   148.077    51.57   39.23
 292049.400   151.263     8.47   36.70
 292425.455   138.325   -34.41   39.51
 292801.511   119.324   -50.53   32.24
 293177.571   113.425   -15.69   19.54
 293553.632   120.077    17.69   25.69
 293929.696   137.000    45.00   31.58
 294305.763   137.297     0.79   32.49
 294681.832   140.486     8.48   27.87
 295057.903   145.486    13.30   32.33
 295433.977   153.872    22.30   36.57
 295810.053   159.111    13.93   37.14
 296186.132   158.308    -2.14   38.16
 296562.213   155.868    -6.49   34.01
 296938.296   145.306   -28.09   27.54
 297314.382   151.128    15.48   28.81
 297690.471   149.256    -4.98   27.31
 298066.562   145.333   -10.43   24.37
 298442.655   143.811    -4.05   18.49
 298818.751   148.974    13.73   22.99
 299194.849   152.324     8.91   23.90
 299570.950   150.718    -4.27   22.57
 299947.053   147.300    -9.09   17.71
 300323.158   153.972    17.74   26.11
 300699.266   158.649    12.43   25.69
 301075.377   156.946    -4.53   27.79
 301451.490   152.081   -12.94   29.22
 301827.605   136.605   -41.15   14.43
 302203.723   133.417    -8.48   12.24
 302579.843   137.600    11.12   15.04
 302955.966   145.368    20.66   19.24
 303332.091   147.919     6.78   18.98
 303708.219   155.487    20.12   25.70
 304084.349   160.105    12.28   26.15
 304460.482   161.421     3.50   26.92
 304836.617   163.750     6.19   28.87
 305212.755   162.564    -3.15   26.22
 305588.895   158.270   -11.42   20.49
 305965.037   157.846    -1.13   21.19
 306341.182   165.825    21.21   28.49
 306717.330   171.029    13.83   29.40
 307093.480   175.432    11.71   30.71
 307469.632   182.865    19.76   33.05
 307845.787   183.054     0.50   28.25
 308221.945   191.243    21.77   31.52
 308598.105   202.528    30.00   38.55
 308974.267   211.575    24.05   41.35
 309350.432   220.205    22.94   43.26
 309726.600   220.649     1.18   38.08
 310102.770   224.641    10.61   35.92
 310478.942   225.974     3.54   32.26
 310855.117   221.718   -11.31   23.62
 311231.295   228.297    17.49   21.75
 311607.475   234.205    15.71   18.94
 311983.657   243.917    25.82   17.41
 312359.842   251.179    19.31   15.46
 312736.030   253.795     6.95   19.24
 313112.220   242.844   -29.11   29.92
 313488.412   220.649   -59.00   37.00
 313864.607   198.054   -60.06   28.92
 314240.805   182.132   -42.33   15.31
 314617.005   178.486    -9.69   12.93
 314993.208   176.694    -4.76   11.90
 315369.413   183.974    19.35   16.05
 315745.621   200.410    43.69   25.74
 316121.831   229.895    78.38   53.59
 316498.044   268.605   102.90   63.74
 316874.259   286.706    48.12   59.55
 317250.477   306.087    51.52   60.99
