#  325.975  -1.147   3.960 ;Mean Elev.(m), Avg Gradient(m/km), RMS Gradient(m/km) - SRTM1     
#  324.727  -1.212   4.629 ;Mean Elev.(m), Avg Gradient(m/km), RMS Gradient(m/km) - ASTER GDEM
#  327.370  -1.458   4.010 ;Mean Elev.(m), Avg Gradient(m/km), RMS Gradient(m/km) - GMTED2010 
  7   330.971 52451.85889038 49.72  20.523929   1.993956 31.960
  7   330.951 52451.85889103 50.08  20.523199   1.997256 31.960
  7   330.815 52451.85889167 50.27  20.522480   2.000568 35.673
  7   330.731 52451.85889296 51.49  20.521020   2.007178 35.673
  7   330.756 52451.85889361 51.84  20.520300   2.010478 35.673
  8   330.754 52486.85887284 53.09  20.531424   1.996895 35.992
  8   330.731 52486.85887349 51.53  20.530694   2.000205 35.992
  8   330.569 52486.85887413 48.38  20.529964   2.003505 35.992
  8   330.540 52486.85887478 50.22  20.529234   2.006815 35.992
  9   330.731 52521.85884174 25.82  20.530877   1.994525 26.266
  9   330.782 52521.85884238 30.97  20.530157   1.997825 26.266
  9   330.719 52521.85884303 31.22  20.529427   2.001135 26.266
  9   330.720 52521.85884367 37.31  20.528697   2.004435 26.266
  9   330.797 52521.85884432 44.70  20.527977   2.007745 26.266
 11   331.764 52591.85888631 47.54  20.527225   1.993115 37.979
 11   331.779 52591.85888696 51.88  20.526505   1.996415 37.979
 11   331.829 52591.85888760 52.20  20.525775   1.999725 37.979
 11   331.846 52591.85888889 50.95  20.524325   2.006335 37.979
 11   331.867 52591.85888954 51.55  20.523595   2.009645 37.979
 12   332.669 52626.85880260 50.75  20.540319   1.994745 43.217
 12   332.670 52626.85880324 52.81  20.539589   1.998055 43.217
 12   332.706 52626.85880389 52.03  20.538869   2.001355 43.217
 13   331.518 52661.85884989 35.72  20.530670   1.993144 28.472
 13   331.499 52661.85885053 30.30  20.529950   1.996444 28.472
 13   331.518 52661.85885118 40.46  20.529220   1.999754 28.472
 13   331.534 52661.85885246 47.47  20.527770   2.006364 28.472
 13   331.559 52661.85885311 45.29  20.527040   2.009664 28.472
 14   330.911 52696.85882785 49.01  20.534125   1.994587 32.217
 14   330.880 52696.85882849 48.63  20.533399   1.997898 17.928
 14   330.811 52696.85882913 35.35  20.532669   2.001198 17.928
 14   330.807 52696.85882978 41.81  20.531949   2.004508 17.928
 14   330.794 52696.85883042 42.31  20.531219   2.007808 17.928
 15   331.243 52731.85885225 49.27  20.538396   1.994466 24.787
 15   331.176 52731.85885289 48.45  20.537666   1.997776 24.787
 15   331.183 52731.85885354 51.44  20.536936   2.001076 24.787
 16   331.767 52766.85886156 51.43  20.526638   1.994024 38.351
 16   331.776 52766.85886220 50.56  20.525918   1.997324 38.351
 16   331.828 52766.85886285 50.18  20.525188   2.000634 38.351
 16   331.836 52766.85886414 50.60  20.523738   2.007244 38.351
 16   331.858 52766.85886478 51.18  20.523008   2.010544 38.351
 17   330.846 52801.85886756 51.44  20.532208   1.995051 37.793
 17   330.848 52801.85886820 54.17  20.531478   1.998351 37.793
 17   330.859 52801.85886885 50.84  20.530748   2.001661 37.793
 17   330.866 52801.85886949 51.62  20.530018   2.004971 37.793
 17   330.882 52801.85887014 49.99  20.529298   2.008271 37.793
 18   331.439 52836.85893360 53.10  20.533368   1.996580 34.575
 18   331.309 52836.85893424 53.57  20.532648   1.999880 34.575
 18   331.306 52836.85893488 51.79  20.531918   2.003190 34.575
 18   331.326 52836.85893553 51.30  20.531188   2.006490 34.575
 19   331.076 52871.85897364 49.43  20.533856   1.994894 34.942
 19   331.071 52871.85897428 53.27  20.533126   1.998204 34.942
 19   330.941 52871.85897493 51.55  20.532406   2.001504 34.942
 19   330.937 52871.85897557 52.46  20.531676   2.004814 34.942
 19   330.960 52871.85897622 49.74  20.530946   2.008124 34.942
 20   331.775 52906.85896584 51.50  20.533817   1.994235 37.756
 20   331.806 52906.85896649 54.34  20.533091   1.997547 34.791
 20   331.841 52906.85896713 52.46  20.532361   2.000847 34.791
 20   331.888 52906.85896778 53.27  20.531631   2.004157 34.791
 20   331.927 52906.85896842 51.44  20.530901   2.007457 34.791
 21   331.744 52941.85889596 51.26  20.535298   1.996238 34.707
 21   331.739 52941.85889660 54.16  20.534568   1.999538 34.707
 21   331.689 52941.85889725 51.75  20.533838   2.002848 34.707
 21   331.704 52941.85889789 49.26  20.533108   2.006148 34.707
 23   331.266 53011.85894914 30.37  20.528316   1.992961 20.312
 23   331.292 53011.85894979 31.94  20.527579   1.996272 24.637
 23   331.581 53011.85895043 32.86  20.526859   1.999572 24.637
 23   331.506 53011.85895172 34.87  20.525409   2.006182 24.637
 23   331.539 53011.85895237 44.22  20.524679   2.009492 24.637
 24   331.275 53046.85891566 47.55  20.530228   1.993066 30.239
 24   331.409 53046.85891630 49.62  20.529498   1.996366 30.239
 24   331.262 53046.85891695 51.57  20.528768   1.999676 30.239
 24   331.373 53046.85891824 47.35  20.527318   2.006286 30.239
 24   331.263 53046.85891888 45.82  20.526588   2.009596 30.239
 25   331.088 53081.85895054 49.92  20.524944   1.995501 36.325
 25   331.054 53081.85895119 53.27  20.524214   1.998811 36.325
 25   330.867 53081.85895312 52.67  20.522034   2.008721 36.325
 26   331.023 53116.85892107 51.20  20.526280   1.995927 31.552
 26   331.137 53116.85892172 52.45  20.525550   1.999237 31.552
 26   331.039 53116.85892365 49.99  20.523370   2.009157 31.552
 27   330.739 53151.85896996 52.96  20.525806   1.995232 34.780
 27   330.645 53151.85897061 53.23  20.525076   1.998542 34.780
 27   330.694 53151.85897254 52.19  20.522896   2.008462 34.780
 28   330.405 53186.85895624 50.11  20.539021   1.995431 40.404
 28   330.470 53186.85895689 52.71  20.538291   1.998741 40.404
 28   330.510 53186.85895753 50.26  20.537571   2.002041 40.404
 29   330.136 53221.85898048 52.05  20.532592   1.995405 25.466
 29   330.163 53221.85898113 50.56  20.531872   1.998705 25.466
 29   330.114 53221.85898242 50.23  20.530412   2.005315 25.466
 29   329.971 53221.85898306 50.68  20.529692   2.008625 25.466
 30   329.601 53256.85895676 18.81  20.526930   1.995290 15.576
 30   329.978 53256.85895740 18.65  20.526210   1.998590 15.576
 30   330.124 53256.85895934 36.62  20.524030   2.008510 15.576
 31   330.266 53291.85897309 26.55  20.523056   1.996789 15.023
 31   330.552 53291.85897373 27.06  20.522336   2.000089 15.023
 31   330.897 53291.85897567 41.91  20.520146   2.010009 15.023
 32   331.604 53326.85894693 54.79  20.534121   1.996445 37.909
 32   331.634 53326.85894758 53.35  20.533391   1.999755 37.909
 32   331.671 53326.85894822 53.54  20.532661   2.003055 37.909
 32   331.713 53326.85894887 51.90  20.531941   2.006365 37.909
 33   332.257 53361.85890313 51.51  20.535546   1.995831 27.382
 33   332.104 53361.85890378 50.20  20.534826   1.999131 27.382
 33   332.214 53361.85890442 51.89  20.534096   2.002441 27.382
 33   332.069 53361.85890506 50.95  20.533366   2.005741 27.382
 35   307.961 53431.85891535  3.24  20.534281   1.995045  2.282
 35   327.762 53431.85891600  3.30  20.533561   1.998345  2.282
 35   328.876 53431.85891664  3.06  20.532831   2.001655  2.282
 35   329.482 53431.85891729  2.92  20.532101   2.004955  2.282
 36   331.397 53466.85894871 51.12  20.531298   1.993930 31.736
 36   331.414 53466.85894936 54.57  20.530568   1.997240 31.736
 36   331.372 53466.85895000 51.39  20.529848   2.000540 31.736
 36   331.399 53466.85895064 47.41  20.529118   2.003850 31.736
 36   331.427 53466.85895129 53.35  20.528388   2.007160 31.736
 37   330.850 53501.85900354 42.18  20.525488   1.993448 18.737
 37   330.672 53501.85900419 30.34  20.524758   1.996748 18.737
 37   330.420 53501.85900483 24.32  20.524028   2.000058 18.737
 37   330.639 53501.85900676 47.15  20.521848   2.009978 18.737
 38   330.743 53536.85899554 51.06  20.531546   1.994922 38.548
 38   330.578 53536.85899619 55.14  20.530816   1.998232 38.548
 38   330.592 53536.85899683 51.54  20.530096   2.001532 38.548
 38   330.586 53536.85899748 51.86  20.529366   2.004842 38.548
 38   330.612 53536.85899812 51.47  20.528636   2.008142 38.548
 39   330.228 53571.85900086 52.73  20.526438   1.994165 39.392
 39   330.208 53571.85900151 52.84  20.525718   1.997465 39.392
 39   330.218 53571.85900215 48.65  20.524988   2.000775 39.392
 39   330.106 53571.85900344 47.93  20.523538   2.007385 39.392
 39   330.093 53571.85900408 51.51  20.522808   2.010685 39.392
 40   330.637 53606.85894929 13.78  20.531356   1.994865  9.548
 40   330.524 53606.85894993 13.50  20.530636   1.998165  9.548
 40   330.614 53606.85895058 13.89  20.529906   2.001475  9.548
 40   330.745 53606.85895122 14.56  20.529176   2.004775  9.548
 40   330.782 53606.85895187 15.00  20.528456   2.008085  9.548
 41   330.611 53641.85894957 49.96  20.529379   1.993338 38.039
 41   330.613 53641.85895022 54.03  20.528649   1.996638 38.039
 41   330.628 53641.85895086 51.54  20.527919   1.999948 38.039
 41   330.673 53641.85895215 53.48  20.526469   2.006558 38.039
 41   330.704 53641.85895279 49.99  20.525739   2.009868 38.039
 42   331.610 53676.85896863 52.80  20.526449   1.993516 36.973
 42   331.562 53676.85896928 52.64  20.525719   1.996816 36.973
 42   331.585 53676.85896992 52.46  20.524989   2.000126 36.973
 42   331.602 53676.85897121 41.77  20.523539   2.006736 36.973
 42   331.556 53676.85897186 43.75  20.522809   2.010046 36.973
 43   331.702 53711.85889809 54.71  20.535157   1.996073 35.559
 43   331.704 53711.85889873 53.60  20.534437   1.999373 35.559
 43   331.743 53711.85889937 49.13  20.533707   2.002683 35.559
 43   331.783 53711.85890002 50.96  20.532977   2.005983 35.559
 44   330.901 53746.85880972 51.58  20.534562   1.996389 44.321
 44   330.899 53746.85881036 53.03  20.533832   1.999699 44.321
 44   330.866 53746.85881101 53.07  20.533102   2.002999 44.321
 44   330.735 53746.85881165 52.95  20.532372   2.006309 44.321
 45   330.505 53781.85884074 52.40  20.535344   1.996117 28.866
 45   330.528 53781.85884139 51.01  20.534624   1.999417 28.866
 45   330.583 53781.85884203 51.03  20.533894   2.002727 28.866
 45   330.621 53781.85884268 47.68  20.533164   2.006027 28.866
 46   329.998 53816.85880730 18.47  20.534457   1.996517 19.226
 46   330.260 53816.85880794 19.78  20.533737   1.999827 19.226
 46   330.570 53816.85880859 21.49  20.533007   2.003127 19.226
 46   330.742 53816.85880923 30.16  20.532278   2.006440  9.101
 47   331.364 53851.85887835 37.37  20.527116   1.994552 17.760
 47   330.868 53851.85887900 26.06  20.526392   1.997863 20.485
 47   331.090 53851.85887964 27.25  20.525662   2.001163 20.485
 47   331.188 53851.85888093 48.40  20.524212   2.007773 20.485
 48   331.660 53886.85888385 49.16  20.540459   1.993407 38.047
 48   331.639 53886.85888449 53.51  20.539740   1.996719 38.808
 48   331.599 53886.85888514 49.90  20.539010   2.000019 38.808
 49   329.906 53921.85895644 52.05  20.521850   1.994652 30.088
 49   329.881 53921.85895709 45.54  20.521131   1.997965 31.649
 49   329.899 53921.85895773 50.70  20.520401   2.001265 31.649
 49   329.802 53921.85895967 48.33  20.518221   2.011185 31.649
 50   330.266 53956.85895245 54.06  20.522712   1.997083 31.811
 50   330.237 53956.85895310 50.73  20.521975   2.000397 37.943
 50   330.178 53956.85895503 49.50  20.519795   2.010307 37.943
 51   330.608 53991.85887338 51.56  20.534555   1.995387 41.643
 51   330.506 53991.85887402 54.21  20.533835   1.998697 41.643
 51   330.481 53991.85887466 52.65  20.533105   2.001997 41.643
 51   330.468 53991.85887531 52.53  20.532375   2.005307 41.643
 52   330.787 54026.85893820 34.04  20.532103   1.996497 22.714
 52   330.555 54026.85893884 28.00  20.531379   1.999810 17.687
 52   330.724 54026.85893949 29.49  20.530649   2.003110 17.687
 52   330.791 54026.85894013 35.07  20.529919   2.006420 17.687
 52   330.874 54026.85894078 37.42  20.529199   2.009720 17.687
 53   332.532 54061.85893084 51.80  20.536748   1.995046 37.212
 53   332.510 54061.85893148 51.75  20.536018   1.998346 37.212
 53   332.347 54061.85893213 50.22  20.535290   2.001659 37.671
 53   332.392 54061.85893277 50.67  20.534570   2.004959 37.671
 55   331.611 54131.85885313 51.58  20.531856   1.995605 36.719
 55   331.638 54131.85885377 53.10  20.531131   1.998916 36.390
 55   331.747 54131.85885506 51.23  20.529671   2.005526 36.390
 55   331.719 54131.85885571 51.04  20.528951   2.008826 36.390
 56   331.472 54166.85887545 47.25  20.530319   1.994150 26.706
 56   331.323 54166.85887610 44.60  20.529599   1.997450 26.706
 56   331.370 54166.85887674 43.98  20.528864   2.000763 21.161
 56   331.486 54166.85887803 50.24  20.527414   2.007373 21.161
 57   330.996 54201.85885625 47.47  20.530759   1.996561 34.431
 57   331.058 54201.85885690 53.07  20.530036   1.999871 30.214
 57   331.029 54201.85885819 51.87  20.528576   2.006481 30.214
 57   330.986 54201.85885883 51.40  20.527856   2.009781 30.214
 58   331.578 54236.85889262 52.31  20.532125   1.996876 33.124
 58   331.627 54236.85889326 50.84  20.531395   2.000176 33.124
 58   331.666 54236.85889391 48.96  20.530665   2.003486 33.124
 58   331.696 54236.85889455 50.57  20.529945   2.006786 33.124
 59   331.444 54271.85891275 51.18  20.531901   1.996410 36.068
 59   331.342 54271.85891340 51.61  20.531181   1.999710 36.068
 59   331.320 54271.85891404 51.22  20.530451   2.003020 36.068
 59   331.321 54271.85891469 52.75  20.529731   2.006320 36.068
 59   331.341 54271.85891533 49.76  20.529001   2.009630 36.068
 60   330.616 54306.85891475 51.41  20.531767   1.996433 37.240
 60   330.680 54306.85891540 53.83  20.531047   1.999745 34.354
 60   330.681 54306.85891604 50.22  20.530317   2.003045 34.354
 60   330.624 54306.85891669 52.15  20.529587   2.006355 34.354
 60   330.553 54306.85891733 49.45  20.528867   2.009655 34.354
 61   331.181 54341.85889538 50.89  20.532461   1.997032 35.813
 61   331.223 54341.85889602 50.70  20.531726   2.000345 32.829
 61   331.203 54341.85889667 53.13  20.531006   2.003645 32.829
 61   331.077 54341.85889731 52.40  20.530276   2.006955 32.829
 62   331.094 54376.85884970 53.54  20.531249   1.996747 33.587
 62   331.119 54376.85885034 51.63  20.530519   2.000047 33.587
 62   331.133 54376.85885099 49.10  20.529789   2.003357 33.587
 62   331.173 54376.85885163 50.10  20.529069   2.006657 33.587
 62   331.203 54376.85885228 48.62  20.528339   2.009967 33.587
 63   331.985 54411.85884203 53.00  20.531160   1.995847 36.857
 63   332.036 54411.85884267 51.68  20.530433   1.999160 34.856
 63   332.110 54411.85884396 53.00  20.528973   2.005770 34.856
 63   331.926 54411.85884461 51.05  20.528243   2.009070 34.856
 64   332.268 54446.85881406 52.25  20.531619   1.995124 37.964
 64   332.290 54446.85881470 52.33  20.530895   1.998435 35.098
 64   332.330 54446.85881535 49.21  20.530165   2.001735 35.098
 64   332.369 54446.85881599 52.88  20.529435   2.005045 35.098
 64   332.403 54446.85881664 50.47  20.528715   2.008345 35.098
 66   331.361 54516.85882818 49.04  20.532394   1.996176 35.126
 66   331.402 54516.85882883 49.84  20.531664   1.999486 35.126
 66   331.373 54516.85882947 51.54  20.530934   2.002796 35.126
 66   331.364 54516.85883012 50.52  20.530214   2.006096 35.126
 66   331.304 54516.85883076 48.06  20.529484   2.009406 35.126
 67   331.161 54551.85884660 37.66  20.531614   1.994354  9.117
 67   331.200 54551.85884725 25.18  20.530884   1.997654  9.117
 67   330.827 54551.85884789 25.89  20.530164   2.000964  9.117
 67   330.854 54551.85884854 25.18  20.529434   2.004274  9.117
 67   331.165 54551.85884918 24.80  20.528704   2.007574  9.117
 68   331.280 54586.85882419 49.90  20.531843   1.995031 36.388
 68   331.318 54586.85882484 49.54  20.531113   1.998341 36.388
 68   331.221 54586.85882548 50.19  20.530383   2.001641 36.388
 68   331.262 54586.85882613 51.96  20.529653   2.004951 36.388
 68   331.234 54586.85882677 51.30  20.528933   2.008261 36.388
 69   331.001 54621.85884286 50.15  20.531206   1.995355 36.112
 69   331.051 54621.85884351 49.69  20.530476   1.998665 36.112
 69   331.035 54621.85884480 52.47  20.529016   2.005275 36.112
 69   330.982 54621.85884544 51.41  20.528296   2.008585 36.112
 70   330.214 54656.85885189 48.08  20.530403   1.993026 31.275
 70   330.183 54656.85885253 52.61  20.529683   1.996326 31.275
 70   330.253 54656.85885318 50.20  20.528953   1.999636 31.275
 70   330.230 54656.85885447 49.82  20.527493   2.006246 31.275
 70   330.173 54656.85885511 51.73  20.526773   2.009556 31.275
 71   330.752 54691.85883616 25.97  20.531461   1.995150 12.709
 71   328.521 54691.85883681 22.33  20.530731   1.998450 12.709
 71   330.146 54691.85883745 20.86  20.530011   2.001760 12.709
 71   330.542 54691.85883810 20.74  20.529281   2.005070 12.709
 71   330.587 54691.85883874 19.81  20.528551   2.008370 12.709
 72   330.802 54726.85880456 50.19  20.532496   1.994319 33.652
 72   330.788 54726.85880520 51.99  20.531766   1.997619 33.652
 72   330.740 54726.85880585 51.19  20.531036   2.000929 33.652
 72   330.745 54726.85880649 52.62  20.530316   2.004229 33.652
 72   330.771 54726.85880714 50.99  20.529586   2.007539 33.652
 73   331.363 54761.85881287 50.99  20.530859   1.994656 35.959
 73   331.414 54761.85881352 51.47  20.530139   1.997956 35.959
 73   331.476 54761.85881416 48.55  20.529409   2.001266 35.959
 73   331.479 54761.85881481 50.39  20.528679   2.004566 35.959
 73   331.469 54761.85881545 50.64  20.527949   2.007876 35.959
 74   332.703 54796.85879739 52.36  20.530571   1.995866 40.382
 74   332.726 54796.85879804 53.34  20.529841   1.999176 40.382
 74   332.779 54796.85879933 51.58  20.528381   2.005786 40.382
 74   332.794 54796.85879997 50.95  20.527661   2.009096 40.382
 75   331.402 54831.85881376 45.79  20.531531   1.993510 36.487
 75   331.427 54831.85881440 52.62  20.530811   1.996810 36.487
 75   331.470 54831.85881505 49.61  20.530081   2.000120 36.487
 75   331.556 54831.85881634 52.70  20.528631   2.006730 36.487
 75   331.548 54831.85881698 49.30  20.527901   2.010040 36.487
 76   331.337 54866.85879301 49.95  20.532417   1.994088 37.758
 76   331.385 54866.85879366 51.18  20.531687   1.997398 37.758
 76   331.451 54866.85879430 50.08  20.530957   2.000708 37.758
 76   331.462 54866.85879495 50.74  20.530237   2.004008 37.758
 76   331.477 54866.85879559 52.03  20.529507   2.007318 37.758
 77   331.286 54901.85881222 51.89  20.529841   1.994726 37.486
 77   331.252 54901.85881286 51.73  20.529111   1.998026 37.486
 77   331.241 54901.85881351 47.68  20.528391   2.001336 37.486
 77   331.264 54901.85881480 52.29  20.526931   2.007946 37.486
 78   331.340 54936.85878305 52.41  20.531925   1.996894 34.922
 78   331.201 54936.85878369 50.36  20.531195   2.000204 34.922
 78   331.236 54936.85878434 49.27  20.530465   2.003514 34.922
 78   331.324 54936.85878498 52.75  20.529745   2.006814 34.922
 79   331.590 54971.85881627 49.02  20.531888   1.994094 38.581
 79   331.642 54971.85881692 51.99  20.531158   1.997404 38.581
 79   331.687 54971.85881756 51.63  20.530428   2.000714 38.581
 79   331.729 54971.85881821 51.05  20.529698   2.004014 38.581
 79   331.755 54971.85881885 52.19  20.528978   2.007324 38.581
 80   330.616 55006.85883390 47.42  20.530050   1.993082 35.491
 80   330.624 55006.85883454 52.30  20.529330   1.996382 35.491
 80   330.652 55006.85883519 52.52  20.528600   1.999692 35.491
 80   330.685 55006.85883648 52.45  20.527140   2.006302 35.491
 80   330.692 55006.85883712 50.32  20.526420   2.009602 35.491
 81   330.327 55041.85882302 52.73  20.531785   1.997118 38.446
 81   330.296 55041.85882367 51.30  20.531065   2.000428 38.446
 81   330.286 55041.85882431 51.59  20.530335   2.003738 38.446
 81   330.288 55041.85882496 51.78  20.529605   2.007038 38.446
 82   330.618 55076.85880298 49.01  20.531634   1.994152 36.635
 82   330.571 55076.85880362 53.65  20.530904   1.997452 36.635
 82   330.585 55076.85880427 51.60  20.530184   2.000762 36.635
 82   330.591 55076.85880491 44.30  20.529454   2.004062 36.635
 82   330.634 55076.85880556 51.10  20.528724   2.007372 36.635
 83   331.160 55111.85875553 51.35  20.531452   1.996630 25.581
 83   331.281 55111.85875618 49.99  20.530722   1.999940 25.581
 83   331.086 55111.85875682 47.62  20.529992   2.003240 25.581
 83   331.203 55111.85875747 51.49  20.529272   2.006550 25.581
 83   331.223 55111.85875811 45.66  20.528542   2.009860 25.581
 84   331.623 55146.85875653 49.64  20.530192   1.994680 36.273
 84   331.656 55146.85875717 54.76  20.529472   1.997980 36.273
 84   331.688 55146.85875782 49.17  20.528742   2.001290 36.273
 84   331.734 55146.85875846 49.40  20.528012   2.004590 36.273
 84   331.788 55146.85875910 52.81  20.527282   2.007900 36.273
 85   332.057 55181.85873416 51.45  20.531703   1.994527 38.768
 85   332.096 55181.85873480 55.50  20.530973   1.997837 38.768
 85   332.122 55181.85873545 48.53  20.530243   2.001147 38.768
 85   332.158 55181.85873609 49.80  20.529523   2.004447 38.768
 85   332.194 55181.85873674 52.99  20.528793   2.007757 38.768
 86   331.963 55216.85875122 47.60  20.531638   1.993942 38.235
 86   332.016 55216.85875186 53.19  20.530918   1.997242 38.235
 86   332.064 55216.85875251 51.22  20.530188   2.000552 38.235
 86   332.104 55216.85875315 47.60  20.529458   2.003852 38.235
 86   332.136 55216.85875380 52.59  20.528728   2.007162 38.235
 87   331.399 55251.85873056 46.37  20.533006   1.996283 25.311
 87   331.422 55251.85873121 37.78  20.532276   1.999593 25.311
 87   331.141 55251.85873185 28.11  20.531546   2.002903 25.311
 87   331.340 55251.85873249 32.17  20.530826   2.006203 25.311
 88   332.062 55286.85874482 51.52  20.530444   1.995004 41.387
 88   332.079 55286.85874547 53.44  20.529714   1.998304 41.387
 88   331.947 55286.85874611 50.02  20.528994   2.001614 41.387
 88   331.912 55286.85874676 53.44  20.528264   2.004924 41.387
 88   331.909 55286.85874740 54.84  20.527534   2.008224 41.387
 89   331.844 55321.85872051 49.83  20.529704   1.995014 39.161
 89   331.960 55321.85872116 52.58  20.528974   1.998324 39.161
 89   331.902 55321.85872245 50.53  20.527514   2.004934 39.161
 89   331.827 55321.85872309 53.67  20.526794   2.008244 39.161
 90   331.322 55356.85872014 51.87  20.530428   1.995981 38.438
 90   331.358 55356.85872079 54.00  20.529698   1.999291 38.438
 90   331.420 55356.85872208 50.92  20.528238   2.005901 38.438
 90   331.454 55356.85872272 48.51  20.527518   2.009211 38.438
 91   330.775 55391.85872143 51.27  20.530721   1.995701 38.665
 91   330.796 55391.85872208 54.21  20.529991   1.999011 38.665
 91   330.818 55391.85872337 51.07  20.528531   2.005621 38.665
 91   330.834 55391.85872401 52.56  20.527811   2.008931 38.665
 92   330.886 55426.85873646 50.98  20.532101   1.995376 29.828
 92   330.914 55426.85873710 51.35  20.531381   1.998676 29.828
 92   330.897 55426.85873839 51.41  20.529921   2.005286 29.828
 92   330.855 55426.85873904 53.46  20.529191   2.008596 29.828
 93   331.389 55461.85870266 46.29  20.533025   1.995878 32.743
 93   331.290 55461.85870330 47.55  20.532295   1.999178 32.743
 93   331.333 55461.85870395 51.36  20.531575   2.002488 32.743
 93   331.276 55461.85870459 49.24  20.530845   2.005798 32.743
 93   331.274 55461.85870524 48.73  20.530115   2.009098 32.743
