#  356.095  -0.700   1.385 ;Mean Elev.(m), Avg Gradient(m/km), RMS Gradient(m/km) - SRTM1     
#  362.166   1.307   4.739 ;Mean Elev.(m), Avg Gradient(m/km), RMS Gradient(m/km) - ASTER GDEM
#  357.485  -0.724   3.941 ;Mean Elev.(m), Avg Gradient(m/km), RMS Gradient(m/km) - GMTED2010 
  7  22.852863   1.940605   352.367   352.707  5 52466.35406416 19.104
  8  22.852114   1.939366   351.478   351.498  4 52501.35405767 51.880
  9  22.851812   1.940364   351.888   351.981  5 52536.35404406 38.202
 10  22.851502   1.940257   352.303   352.316  5 52571.35407913 48.256
 11  22.854146   1.939486   353.614   353.628  4 52606.35404410 52.377
 12  22.851382   1.939623   353.381   353.416  5 52641.35403738 52.004
 13  22.854351   1.940455   352.503   352.491  5 52676.35402635 52.563
 14  22.851540   1.939877   351.706   351.690  4 52711.35405327 49.406
 15  22.843946   1.937857   351.808   351.821  6 52746.35408117 46.189
 16  22.851376   1.939717   352.411   352.409  4 52781.35401850 53.615
 17  22.849920   1.938217   351.529   351.636  5 52816.35409949 53.538
 18  22.853839   1.940990   351.690   351.701  5 52851.35415010 24.130
 19  22.848509   1.937576   352.375   352.386  5 52886.35418541 52.025
 20  22.852811   1.939944   352.442   352.441  4 52921.35414046 52.812
 21  22.858820   1.940469   352.908   352.935  5 52956.35410503 52.942
 22  22.858838   1.940975   353.455   353.475  5 52991.35412263 51.061
 23  22.861599   1.941273   352.461   352.459  4 53026.35408850 51.518
 24  22.860897   1.941994   351.745   351.751  4 53061.35409826 40.300
 25  22.846157   1.937870   351.748   351.706  5 53096.35412697 51.325
 26  22.861424   1.941480   352.448   352.461  5 53131.35409833 52.040
 28  22.852138   1.939366   350.560   350.518  5 53201.35417517 49.880
 29  22.860587   1.940691   351.241   351.239  4 53236.35414398 20.956
 30  22.855184   1.939840   351.138   351.139  5 53271.35410338 47.285
 31  22.846593   1.939020   351.752   351.763  6 53306.35416782 52.589
 32  22.852129   1.939061   353.013   352.988  5 53341.35413530 51.830
 33  22.855697   1.939922   352.554   352.533  4 53376.35406612 43.641
 34  22.856724   1.940552   351.851   351.851  4 53411.35410994 46.131
 35  22.852995   1.940543   351.417   351.393  5 53446.35409209 36.464
 36  22.846007   1.937632   351.925   351.938  6 53481.35417797 51.593
 37  22.853530   1.939990   351.859   351.836  5 53516.35418074 53.031
 38  22.846782   1.938931   351.395   351.368  5 53551.35420173 52.317
 39  22.856160   1.940771   350.925   350.912  5 53586.35415753 51.211
 40  22.846490   1.937882   351.290   351.291  6 53621.35412049 51.924
 41  22.851545   1.939729   351.349   351.355  4 53656.35414856 35.932
 42  22.850839   1.939293   353.035   353.080  5 53691.35413716 52.709
 43  22.855519   1.940247   352.177   352.090  5 53726.35406057 51.191
 44  22.861162   1.941841   351.574   351.598  4 53761.35401040 18.033
 45  22.856873   1.940540   351.552   351.523  4 53796.35402510 50.908
 47  22.850638   1.938978   351.542   351.487  5 53866.35408290 20.914
 49  22.842286   1.936833   350.865   350.937  7 53936.35415189 37.171
 50  22.848337   1.938016   351.252   351.094  5 53971.35411818 22.174
 51  22.855933   1.940758   351.856   351.853  4 54006.35409851 50.171
 52  22.857590   1.940996   352.392   352.357  5 54041.35412650 49.411
 53  22.853704   1.940538   354.119   354.117  5 54076.35412095 51.399
 54  22.852064   1.939290   353.126   353.130  5 54111.35406225 52.442
 55  22.852878   1.939385   352.427   352.393  5 54146.35406204 51.669
 56  22.852600   1.940670   352.369   352.397  5 54181.35404919 51.251
 57  22.852149   1.939302   352.394   352.446  5 54216.35406985 51.594
 58  22.852701   1.940789   352.112   352.097  5 54251.35409598 52.020
 59  22.854578   1.939505   351.624   351.597  5 54286.35410252 47.524
 60  22.854676   1.939260   351.701   351.717  5 54321.35409942 20.779
 61  22.854414   1.940014   352.194   352.221  5 54356.35405962 50.547
 62  22.854046   1.939437   353.094   353.083  4 54391.35404024 51.791
 63  22.854121   1.940127   353.207   353.171  5 54426.35400998 50.518
 64  22.854367   1.939696   353.242   353.241  4 54461.35401709 51.002
 65  22.854390   1.939614   352.908   352.907  5 54496.35401709 51.893
 66  22.855512   1.940257   352.084   352.079  4 54531.35402995 51.907
 67  22.853781   1.940731   352.294   352.310  4 54566.35402202 47.742
 68  22.853357   1.940513   351.709   351.729  4 54601.35402514 50.718
 69  22.852142   1.940367   351.990   352.031  5 54636.35403732 51.716
 70  22.852414   1.940139   351.332   351.338  5 54671.35404082 41.079
 71  22.855151   1.940255   351.643   351.634  5 54706.35400148 36.931
 72  22.853602   1.939577   351.924   351.923  4 54741.35400553 41.985
 73  22.855063   1.940889   352.686   352.676  4 54776.35398310 51.117
 74  22.853864   1.940691   352.671   352.659  5 54811.35399839 43.266
 75  22.853289   1.939290   352.247   352.268  5 54846.35398308 51.922
 76  22.852206   1.940002   352.556   352.564  4 54881.35400240 52.459
 77  22.850936   1.938752   351.635   351.623  5 54916.35398626 19.469
 78  22.852218   1.939532   352.379   352.332  5 54951.35399496 47.125
 79  22.850865   1.939250   352.122   352.140  4 54986.35402014 19.254
 80  22.855136   1.940660   351.799   351.845  5 55021.35401258 35.319
 81  22.854480   1.940895   351.285   351.260  5 55056.35400910 52.307
 82  22.852860   1.940469   351.536   351.546  5 55091.35396726 50.847
 83  22.853875   1.939876   352.541   352.566  5 55126.35394905 49.856
 84  22.853072   1.940602   353.366   353.380  5 55161.35392846 52.336
 85  22.853308   1.940041   353.083   353.075  4 55196.35393944 51.709
 86  22.852335   1.940107   352.644   352.645  4 55231.35393229 52.732
 87  22.853775   1.939260   353.231   353.187  5 55266.35393450 51.300
 88  22.854497   1.940177   353.316   353.317  4 55301.35391259 49.586
 89  22.852841   1.939328   353.050   353.017  5 55336.35390982 50.993
 90  22.854343   1.939955   352.394   352.373  5 55371.35389997 46.980
 91  22.855166   1.940435   352.020   352.027  5 55406.35391865 50.149
 92  22.854305   1.939775   351.408   351.404  4 55441.35391869 54.204
 93  22.854612   1.940382   351.725   351.742  4 55476.35386159 52.027
