#  453.287  -2.506  11.506 ;Mean Elev.(m), Avg Gradient(m/km), RMS Gradient(m/km) - SRTM1     
#  476.462  -2.595  11.832 ;Mean Elev.(m), Avg Gradient(m/km), RMS Gradient(m/km) - ASTER GDEM
#  458.690  -2.205  11.611 ;Mean Elev.(m), Avg Gradient(m/km), RMS Gradient(m/km) - GMTED2010 
  8   455.947 52492.34313368 50.08  25.961626  -3.573119 14.683
  8   456.766 52492.34313433 50.89  25.960896  -3.576419 14.683
 10   455.034 52562.34316042 48.68  25.956297  -3.565395 15.899
 10   455.737 52562.34316107 49.77  25.955577  -3.568695 15.899
 10   454.896 52562.34316171 50.39  25.954847  -3.572005 15.899
 12   456.664 52632.34312031 52.76  25.953800  -3.564888 14.389
 12   455.627 52632.34312095 53.14  25.953070  -3.568188 14.389
 12   455.677 52632.34312160 50.44  25.952350  -3.571488 14.389
 13   456.102 52667.34313890 41.58  25.953041  -3.562657 12.150
 13   456.054 52667.34313954 43.63  25.952311  -3.565957 12.150
 13   456.237 52667.34314019 43.68  25.951591  -3.569267 12.150
 14   456.146 52702.34311200 47.94  25.960455  -3.570434 16.715
 14   457.305 52702.34311264 52.32  25.959725  -3.573734 16.715
 14   456.069 52702.34311329 51.93  25.959005  -3.577044 16.715
 15   457.321 52737.34315338 50.39  25.955808  -3.567490 12.191
 15   457.427 52737.34315403 51.16  25.955078  -3.570790 12.191
 15   456.558 52737.34315467 50.46  25.954358  -3.574100 12.191
 16   456.180 52772.34311908 48.96  25.957158  -3.566503 17.697
 16   456.132 52772.34311972 53.18  25.956428  -3.569813 17.697
 16   456.263 52772.34312037 51.72  25.955698  -3.573113 17.697
 17   455.816 52807.34317528 49.09  25.952723  -3.561363 14.137
 17   456.414 52807.34317593 48.24  25.951993  -3.564663 14.137
 17   455.712 52807.34317657 50.53  25.951263  -3.567973 14.137
 18   455.580 52842.34323468 51.65  25.954239  -3.565730 12.063
 18   455.210 52842.34323533 52.32  25.953509  -3.569030 12.063
 18   455.636 52842.34323597 48.95  25.952779  -3.572340 12.063
 19   454.982 52877.34327273 38.76  25.953436  -3.563179  7.749
 19   454.713 52877.34327337 47.28  25.952712  -3.566483 10.860
 19   455.688 52877.34327402 48.94  25.951982  -3.569793 10.860
 20   454.542 52912.34323274 49.12  25.960698  -3.572490 12.705
 20   454.614 52912.34323339 56.37  25.959968  -3.575790 12.705
 21   455.298 52947.34318948 49.74  25.958158  -3.569892 14.916
 21   455.358 52947.34319013 52.07  25.957428  -3.573202 14.916
 23   456.445 53017.34322013 50.83  25.954072  -3.566017 14.299
 23   455.363 53017.34322077 52.69  25.953342  -3.569317 14.299
 24   456.630 53052.34320051 52.18  25.956540  -3.568146 11.441
 24   456.682 53052.34320116 49.40  25.955810  -3.571446 11.441
 24   456.412 53052.34320180 48.90  25.955083  -3.574758  9.743
 25   456.055 53087.34323569 49.74  25.947998  -3.558720 14.012
 25   456.664 53087.34323633 51.19  25.947268  -3.562030 14.012
 25   456.055 53087.34323698 48.25  25.946538  -3.565330 14.012
 26   456.439 53122.34320583 49.08  25.954184  -3.562105 14.481
 26   457.366 53122.34320648 53.29  25.953454  -3.565415 14.481
 26   456.926 53122.34320712 48.91  25.952724  -3.568715 14.481
 26   456.152 53122.34320777 49.80  25.951994  -3.572015 14.481
 27   456.292 53157.34326185 50.13  25.949118  -3.559458 19.913
 27   456.294 53157.34326249 48.38  25.948388  -3.562758 19.913
 27   455.457 53157.34326314 51.68  25.947658  -3.566068 19.913
 28   455.080 53192.34325654 50.61  25.958145  -3.569658 15.263
 28   456.198 53192.34325719 52.40  25.957415  -3.572958 15.263
 29   455.822 53227.34325692 50.18  25.957142  -3.570179 12.854
 29   455.143 53227.34325756 47.36  25.956412  -3.573479 12.854
 30   455.417 53262.34322872 31.12  25.952491  -3.562228 11.014
 30   455.344 53262.34322936 35.70  25.951761  -3.565538 11.014
 30   454.369 53262.34323001 40.91  25.951031  -3.568838 11.014
 31   453.953 53297.34326470 37.74  25.946997  -3.556925 14.866
 31   454.029 53297.34326535 43.53  25.946267  -3.560225 14.866
 31   454.032 53297.34326599 49.53  25.945547  -3.563535 14.866
 32   455.694 53332.34323816 50.23  25.954533  -3.566269 13.578
 32   454.539 53332.34323880 53.30  25.953803  -3.569569 13.578
 32   454.533 53332.34323945 48.81  25.953073  -3.572869 13.578
 33   455.467 53367.34318338 50.71  25.957118  -3.567699 15.393
 33   455.611 53367.34318402 53.15  25.956388  -3.570999 15.393
 33   455.431 53367.34318467 50.81  25.955658  -3.574309 15.393
 34   456.306 53402.34321075 45.17  25.954836  -3.562642 14.734
 34   456.955 53402.34321139 50.64  25.954106  -3.565952 14.734
 34   456.689 53402.34321204 51.75  25.953386  -3.569252 14.734
 34   456.227 53402.34321268 49.53  25.952656  -3.572562 14.734
 35   456.138 53437.34320060 50.82  25.955829  -3.567139 16.322
 35   455.821 53437.34320124 54.21  25.955099  -3.570439 16.322
 35   455.764 53437.34320189 50.58  25.954369  -3.573749 16.322
 36   456.245 53472.34325254 50.58  25.951801  -3.560327 17.933
 36   456.741 53472.34325318 50.02  25.951081  -3.563627 17.933
 36   456.201 53472.34325382 51.61  25.950351  -3.566937 17.933
 36   456.147 53472.34325447 48.40  25.949621  -3.570247 17.933
 37   456.019 53507.34328173 50.00  25.952974  -3.561736 18.482
 37   456.420 53507.34328237 52.96  25.952244  -3.565036 18.482
 37   455.986 53507.34328302 50.84  25.951524  -3.568346 18.482
 38   455.460 53542.34328946 49.85  25.952061  -3.560916 15.621
 38   456.019 53542.34329010 48.87  25.951341  -3.564216 15.621
 38   455.488 53542.34329074 49.94  25.950611  -3.567526 15.621
 40   454.710 53612.34322882 48.39  25.952724  -3.563445 14.856
 40   455.600 53612.34322947 50.65  25.952004  -3.566755 14.856
 40   454.534 53612.34323011 50.79  25.951274  -3.570055 14.856
 41   455.301 53647.34323438 47.28  25.955366  -3.566448 13.726
 41   454.935 53647.34323502 50.22  25.954646  -3.569748 13.726
 41   454.240 53647.34323567 49.26  25.953916  -3.573058 13.726
 42   456.954 53682.34324888 12.98  25.950331  -3.559241  6.145
 42   454.308 53682.34324952 18.57  25.949601  -3.562541  6.145
 42   454.373 53682.34325017 18.97  25.948881  -3.565851  6.145
 43   454.596 53717.34317748 48.30  25.957716  -3.567098 16.644
 43   455.447 53717.34317812 54.56  25.956986  -3.570408 16.644
 43   454.592 53717.34317876 52.21  25.956256  -3.573708 16.644
 44   455.662 53752.34309783 51.31  25.959229  -3.571174 12.892
 44   455.807 53752.34309847 51.22  25.958499  -3.574484 12.892
 45   456.169 53787.34312787 52.93  25.957557  -3.570470 15.969
 45   455.236 53787.34312852 50.11  25.956827  -3.573780 15.969
 46   455.387 53822.34308118 48.71  25.956961  -3.566737 15.778
 46   455.985 53822.34308182 51.57  25.956231  -3.570037 15.778
 46   455.701 53822.34308247 49.94  25.955501  -3.573337 15.778
 47   455.968 53857.34317194 48.90  25.951562  -3.560074 16.129
 47   456.554 53857.34317259 49.79  25.950832  -3.563384 16.129
 47   455.844 53857.34317323 51.36  25.950102  -3.566684 16.129
 47   456.150 53857.34317388 46.24  25.949382  -3.569984 16.129
 48   455.477 53892.34318662 49.53  25.958301  -3.568776 13.617
 48   455.908 53892.34318727 53.82  25.957571  -3.572086 13.617
 48   455.547 53892.34318791 49.62  25.956841  -3.575386 13.617
 49   454.975 53927.34324455 49.28  25.946299  -3.555763 17.777
 49   454.915 53927.34324519 52.88  25.945569  -3.559063 17.777
 49   454.873 53927.34324584 50.14  25.944839  -3.562373 17.777
 50   455.113 53962.34322966 53.02  25.949041  -3.560500 19.087
 50   454.477 53962.34323031 48.31  25.948311  -3.563810 19.087
 50   454.619 53962.34323095 49.00  25.947581  -3.567110 19.087
 51   454.457 53997.34317510 50.40  25.956272  -3.567143 15.952
 51   454.511 53997.34317575 51.71  25.955542  -3.570443 15.952
 51   454.052 53997.34317639 51.95  25.954812  -3.573753 15.952
 52   453.904 54032.34322678 45.59  25.956242  -3.568056 17.271
 52   453.660 54032.34322742 52.83  25.955522  -3.571366 17.271
 52   454.108 54032.34322807 50.15  25.954792  -3.574666 17.271
 54   457.009 54102.34317976 49.39  25.955014  -3.563391 17.909
 54   457.940 54102.34318041 50.88  25.954284  -3.566701 17.909
 54   457.654 54102.34318105 50.61  25.953554  -3.570001 17.909
 55   457.638 54137.34314795 51.62  25.954357  -3.564016 17.708
 55   457.605 54137.34314860 52.75  25.953627  -3.567316 17.708
 55   457.628 54137.34314924 49.60  25.952897  -3.570626 17.708
 56   458.536 54172.34315763 52.71  25.953953  -3.565062 11.248
 56   457.805 54172.34315827 50.81  25.953233  -3.568362 11.248
 56   457.682 54172.34315892 50.49  25.952505  -3.571676 11.095
 57   457.549 54207.34315281 49.04  25.953846  -3.561710 11.723
 57   458.298 54207.34315346 53.37  25.953116  -3.565010 11.723
 57   457.568 54207.34315410 51.12  25.952386  -3.568310 11.723
 57   457.594 54207.34315475 50.30  25.951660  -3.571625  9.958
 58   457.110 54242.34318553 50.68  25.955230  -3.564881 14.235
 58   457.247 54242.34318618 53.16  25.954500  -3.568181 14.235
 58   457.099 54242.34318682 52.16  25.953770  -3.571481 14.235
 59   456.236 54277.34319970 47.47  25.955239  -3.563334 12.706
 59   457.138 54277.34320035 50.90  25.954509  -3.566644 12.706
 59   457.226 54277.34320099 48.64  25.953779  -3.569944 12.706
 60   456.643 54312.34320092 51.91  25.955606  -3.566544 13.059
 60   456.109 54312.34320156 52.45  25.954876  -3.569844 13.059
 60   455.789 54312.34320221 51.78  25.954154  -3.573157 11.313
 61   454.976 54347.34317291 50.68  25.955707  -3.565386 14.203
 61   455.562 54347.34317355 50.85  25.954977  -3.568686 14.203
 61   454.901 54347.34317419 49.69  25.954257  -3.571986 14.203
 62   454.777 54382.34313780 30.14  25.955246  -3.564472  8.784
 62   454.846 54382.34313845 25.97  25.954516  -3.567782  8.784
 62   454.851 54382.34313909 25.48  25.953791  -3.571086  5.561
 63   456.337 54417.34312254 51.26  25.954474  -3.565632 12.438
 63   455.149 54417.34312318 52.71  25.953754  -3.568942 12.438
 63   455.328 54417.34312383 48.87  25.953025  -3.572237 12.265
 64   457.174 54452.34310741 49.23  25.954348  -3.565347 10.421
 64   456.808 54452.34310805 52.08  25.953618  -3.568647 10.421
 64   455.881 54452.34310870 50.16  25.952890  -3.571960 10.677
 65   456.195 54487.34311980 41.21  25.956206  -3.565154 14.705
 65   456.481 54487.34312045 49.65  25.955476  -3.568454 14.705
 65   456.596 54487.34312109 51.77  25.954746  -3.571764 14.705
 66   456.855 54522.34312049 49.31  25.955959  -3.564685 16.598
 66   457.785 54522.34312113 53.51  25.955229  -3.567985 16.598
 66   456.959 54522.34312178 50.82  25.954499  -3.571295 16.598
 67   457.802 54557.34312974 55.54  25.954656  -3.566001 10.282
 67   458.314 54557.34313039 52.15  25.953928  -3.569306 12.409
 67   457.860 54557.34313103 51.62  25.953198  -3.572606 12.409
 68   457.028 54592.34311621 53.34  25.954262  -3.564717 13.905
 68   457.818 54592.34311686 55.14  25.953532  -3.568017 13.905
 68   457.011 54592.34311750 51.08  25.952802  -3.571327 13.905
 69   456.182 54627.34313183 47.04  25.954759  -3.563355 14.900
 69   457.517 54627.34313247 53.58  25.954029  -3.566655 14.900
 69   457.302 54627.34313312 49.68  25.953299  -3.569965 14.900
 70   455.624 54662.34313902 51.02  25.953129  -3.562360 11.888
 70   456.789 54662.34313966 51.33  25.952406  -3.565664 12.492
 70   455.564 54662.34314031 52.00  25.951676  -3.568974 12.492
 71   455.013 54697.34311479 50.57  25.956077  -3.566536 11.109
 71   456.059 54697.34311543 50.56  25.955357  -3.569836 11.109
 71   455.127 54697.34311608 51.06  25.954630  -3.573151 11.414
 72   454.350 54732.34309594 12.79  25.954800  -3.563141  4.709
 72   454.795 54732.34309658 12.97  25.954070  -3.566441  4.709
 72   454.700 54732.34309723 12.76  25.953340  -3.569751  4.709
 73   454.562 54767.34309466 40.44  25.954897  -3.566292 12.700
 73   454.666 54767.34309531 43.30  25.954167  -3.569592 12.700
 73   455.058 54767.34309595 45.70  25.953437  -3.572892 12.700
 74   455.199 54802.34309003 39.52  25.953286  -3.564985 13.481
 74   455.082 54802.34309067 47.01  25.952556  -3.568285 13.481
 74   455.269 54802.34309132 47.88  25.951836  -3.571595 13.481
 75   455.659 54837.34308657 43.83  25.955016  -3.564525  8.468
 75   455.843 54837.34308722 48.70  25.954294  -3.567829 12.324
 75   455.722 54837.34308786 46.19  25.953564  -3.571129 12.324
 76   457.688 54872.34308920 50.91  25.954169  -3.564563 16.953
 76   457.477 54872.34308985 53.39  25.953439  -3.567863 16.953
 76   456.694 54872.34309049 50.88  25.952719  -3.571163 16.953
 77   456.948 54907.34309408 52.32  25.953465  -3.563618  9.102
 77   456.475 54907.34309472 55.40  25.952728  -3.566924 13.485
 77   456.639 54907.34309537 52.01  25.952008  -3.570224 13.485
 78   457.447 54942.34308124 50.53  25.953459  -3.564969 17.645
 78   456.849 54942.34308189 50.39  25.952729  -3.568269 17.645
 78   457.014 54942.34308253 49.26  25.951999  -3.571579 17.645
 79   456.860 54977.34310905 49.64  25.953946  -3.563443 15.280
 79   457.655 54977.34310970 51.96  25.953216  -3.566743 15.280
 79   456.862 54977.34311034 53.23  25.952486  -3.570043 15.280
 80   456.253 55012.34311705 49.08  25.954459  -3.563467  9.256
 80   457.282 55012.34311769 50.94  25.953738  -3.566780 12.506
 80   456.230 55012.34311834 53.94  25.953008  -3.570080 12.506
 81   455.502 55047.34310896 48.74  25.955366  -3.564599 10.087
 81   455.763 55047.34310960 52.93  25.954644  -3.567903 13.606
 81   455.501 55047.34311025 52.50  25.953914  -3.571203 13.606
 82   454.774 55082.34308102 21.53  25.955232  -3.565790  5.509
 82   455.041 55082.34308166 23.20  25.954512  -3.569100  5.509
 82   454.986 55082.34308231 23.88  25.953776  -3.572404  7.209
 83   455.718 55117.34304197 47.41  25.954859  -3.566814 13.984
 83   455.620 55117.34304262 48.62  25.954129  -3.570124 13.984
 84   456.263 55152.34303899 51.16  25.953914  -3.564651 10.699
 84   456.096 55152.34303963 53.28  25.953184  -3.567951 10.699
 84   455.148 55152.34304028 48.30  25.952463  -3.571266 12.664
 85   457.486 55187.34302836 52.33  25.953607  -3.565194 15.995
 85   456.967 55187.34302900 50.28  25.952877  -3.568494 15.995
 85   456.316 55187.34302965 48.61  25.952147  -3.571804 15.995
 86   457.981 55222.34303812 52.87  25.954030  -3.565278 13.071
 86   456.988 55222.34303876 52.64  25.953300  -3.568578 13.071
 86   457.003 55222.34303941 50.27  25.952570  -3.571878 13.071
 87   456.877 55257.34302427 49.49  25.955570  -3.563832 17.199
 87   457.957 55257.34302492 52.35  25.954840  -3.567132 17.199
 87   456.796 55257.34302556 50.56  25.954110  -3.570442 17.199
 88   459.127 55292.34302541 52.33  25.954433  -3.565976 12.713
 88   458.341 55292.34302605 50.88  25.953713  -3.569276 12.713
 88   458.306 55292.34302670 51.27  25.952976  -3.572582 10.499
 89   459.061 55327.34300803 51.44  25.952889  -3.563788  9.420
 89   458.931 55327.34300867 50.12  25.952167  -3.567101 10.542
 89   457.887 55327.34300932 51.14  25.951437  -3.570401 10.542
 90   458.252 55362.34300481 48.66  25.954313  -3.566077 10.522
 90   457.952 55362.34300545 48.94  25.953583  -3.569377 10.522
 90   457.140 55362.34300609 48.89  25.952853  -3.572677 10.522
 91   456.074 55397.34301174 50.56  25.954282  -3.564287 13.995
 91   457.461 55397.34301239 52.13  25.953552  -3.567587 13.995
 91   456.187 55397.34301303 51.50  25.952822  -3.570887 13.995
 92   455.365 55432.34301994 48.85  25.955947  -3.567920  9.740
 92   456.613 55432.34302059 49.13  25.955225  -3.571224  8.534
 93   456.223 55467.34297943 49.46  25.955779  -3.568090 14.755
 93   455.329 55467.34298007 49.71  25.955044  -3.571403  9.971
