#  281.959  -0.248   1.091 ;Mean Elev.(m), Avg Gradient(m/km), RMS Gradient(m/km) - SRTM1     
#  275.051   0.482   4.429 ;Mean Elev.(m), Avg Gradient(m/km), RMS Gradient(m/km) - ASTER GDEM
#  282.054  -2.490   7.813 ;Mean Elev.(m), Avg Gradient(m/km), RMS Gradient(m/km) - GMTED2010 
  7  16.360102  -1.962133   285.011   285.010  7 52444.87209745 31.696
  8  16.364155  -1.954977   284.983   284.934  5 52479.87209141 52.241
  9  16.372407  -1.943326   285.419   285.436  5 52514.87204098 52.172
 10  16.364795  -1.953149   286.358   286.347  5 52549.87208474 50.389
 11  16.372838  -1.941583   287.313   287.306  5 52584.87206863 52.918
 12  16.365715  -1.952371   288.287   288.286  6 52619.87204618 50.367
 13  16.372865  -1.940734   287.737   287.747  5 52654.87203625 51.613
 14  16.367576  -1.949464   285.622   285.651  6 52689.87202864 40.935
 15  16.368617  -1.948251   285.081   285.086  6 52724.87207285 52.729
 16  16.359569  -1.963520   285.214   285.229  8 52759.87208868 51.805
 17  16.371668  -1.944959   285.698   285.651  7 52794.87204802 52.168
 18  16.372457  -1.940735   285.692   285.724  5 52829.87211566 51.568
 19  16.373599  -1.937469   285.862   285.846  4 52864.87216052 52.029
 20  16.366815  -1.951856   286.352   286.362  6 52899.87218697 52.846
 21  16.366041  -1.952817   287.032   287.034  6 52934.87212981 46.623
 22  16.368170  -1.950668   287.731   287.739  6 52969.87214724 50.592
 23  16.363139  -1.956420   287.234   287.258  6 53004.87216367 48.785
 24  16.365396  -1.952049   285.989   285.987  6 53039.87211457 51.272
 25  16.365639  -1.953456   284.800   284.798  5 53074.87214541 52.653
 26  16.363464  -1.955548   284.721   284.724  6 53109.87211494 51.366
 27  16.366373  -1.952386   285.068   285.088  5 53144.87215734 41.245
 28  16.370574  -1.946619   284.745   284.707  7 53179.87217157 52.270
 29  16.366517  -1.951790   284.599   284.592  6 53214.87219246 52.051
 30  16.367612  -1.948732   285.086   285.134  6 53249.87216289 24.722
 31  16.364423  -1.955577   285.939   285.914  5 53284.87215853 51.917
 32  16.373170  -1.941890   287.170   287.206  5 53319.87214666 52.075
 33  16.372194  -1.942136   287.447   287.434  6 53354.87211445 37.699
 34  16.367493  -1.950972   286.204   286.203  6 53389.87211884 52.734
 35  16.372251  -1.943282   284.696   284.700  6 53424.87211815 51.972
 36  16.372382  -1.941404   284.737   284.800  5 53459.87212348 50.535
 37  16.362443  -1.958512   284.848   284.859  7 53494.87220594 50.383
 38  16.372120  -1.940629   285.340   285.336  5 53529.87218412 52.090
 39  16.363367  -1.957523   285.220   285.236  6 53564.87221166 51.228
 40  16.370388  -1.947893   284.990   284.986  7 53599.87215520 50.075
 41  16.365088  -1.952942   285.913   285.911  5 53634.87215111 51.341
 42  16.364298  -1.956108   286.365   286.361  5 53669.87217183 45.224
 43  16.373008  -1.943014   287.424   287.461  5 53704.87211071 47.285
 44  16.372335  -1.946340   286.257   286.261  7 53739.87202078 51.882
 45  16.372431  -1.942187   284.920   284.940  6 53774.87204152 41.492
 46  16.370340  -1.945550   284.760   284.858  7 53809.87202377 21.649
 47  16.366457  -1.952868   284.767   284.770  6 53844.87206551 51.971
 48  16.371630  -1.947265   284.878   284.845  7 53879.87209467 48.244
 49  16.362782  -1.957767   285.059   285.055  5 53914.87214971 52.792
 50  16.361134  -1.959242   284.839   284.838  7 53949.87215944 52.279
 51  16.367971  -1.949837   285.299   285.267  6 53984.87209845 46.319
 52  16.369255  -1.947875   286.208   286.175  6 54019.87213533 52.015
 53  16.374783  -1.937736   287.100   287.113  3 54054.87212770 50.791
 54  16.369402  -1.946973   287.982   287.945  7 54089.87211462 50.998
 55  16.369305  -1.946979   286.456   286.459  7 54124.87204137 48.615
 57  16.368966  -1.947792   284.828   284.799  6 54194.87204283 49.901
 58  16.368473  -1.949405   285.281   285.274  6 54229.87209379 49.482
 59  16.368950  -1.949181   285.597   285.636  7 54264.87211212 52.106
 60  16.369507  -1.947278   285.198   285.211  6 54299.87211614 48.690
 61  16.369207  -1.948629   285.729   285.767  7 54334.87210536 51.488
 63  16.368176  -1.948558   287.354   287.361  6 54404.87204942 51.784
 64  16.368710  -1.947637   287.984   287.991  6 54439.87200698 51.716
 65  16.369767  -1.946393   287.431   287.446  7 54474.87203668 53.372
 66  16.369326  -1.948536   285.916   285.932  7 54509.87202039 51.750
 67  16.368885  -1.947472   285.056   285.056  6 54544.87205070 51.319
 68  16.369202  -1.946749   284.909   284.999  7 54579.87201877 37.983
 69  16.369353  -1.947621   285.252   285.263  6 54614.87204089 52.875
 70  16.367330  -1.950427   285.372   285.383  6 54649.87205121 51.447
 71  16.368304  -1.949028   285.172   285.184  6 54684.87204662 43.545
 72  16.369851  -1.948461   286.017   286.059  7 54719.87199601 38.422
 73  16.368277  -1.948879   286.573   286.572  7 54754.87202053 51.955
 74  16.368148  -1.949604   287.323   287.348  6 54789.87198854 52.221
 75  16.369079  -1.948605   287.571   287.579  7 54824.87201639 51.166
 76  16.369869  -1.948322   285.798   285.828  7 54859.87198253 47.855
 77  16.367445  -1.949926   285.688   285.704  6 54894.87201726 52.044
 78  16.367609  -1.950458   284.922   284.901  6 54929.87198070 52.089
 79  16.367972  -1.949938   285.644   285.643  7 54964.87201820 50.874
 80  16.366343  -1.952090   285.767   285.767  6 54999.87203790 48.322
 81  16.369259  -1.948174   285.495   285.499  7 55034.87202404 51.584
 82  16.368618  -1.949467   285.151   285.103  6 55069.87201415 37.142
 83  16.367688  -1.950241   286.125   286.123  6 55104.87195515 52.088
 84  16.368743  -1.949263   286.858   286.847  6 55139.87196123 46.947
 85  16.369982  -1.947752   287.890   287.897  7 55174.87192205 51.328
 86  16.368451  -1.948824   286.661   286.675  7 55209.87195722 37.204
 87  16.368134  -1.948428   285.747   285.772  6 55244.87192855 52.367
 88  16.367896  -1.949227   285.529   285.561  6 55279.87195044 52.443
 89  16.367856  -1.949635   285.689   285.614  7 55314.87191620 36.041
 90  16.368404  -1.947962   285.839   285.849  6 55349.87192256 51.390
 91  16.367588  -1.949047   285.708   285.731  6 55384.87191506 51.244
 92  16.369222  -1.948568   285.254   285.174  7 55419.87194084 20.504
 93  16.368718  -1.948929   285.663   285.666  6 55454.87191845 50.431
 94  16.369536  -1.947824   286.399   286.414  7 55489.87183717 51.960
