#  339.493  -1.084   4.220 ;Mean Elev.(m), Avg Gradient(m/km), RMS Gradient(m/km) - SRTM1     
#  336.382  -1.173   7.289 ;Mean Elev.(m), Avg Gradient(m/km), RMS Gradient(m/km) - ASTER GDEM
#  341.211  -0.594   4.735 ;Mean Elev.(m), Avg Gradient(m/km), RMS Gradient(m/km) - GMTED2010 
  7  21.224545   2.101570   337.320   337.296  4 52467.85690457 24.605
  8  21.224323   2.102196   337.212   337.223  4 52502.85689454 51.656
  9  21.225637   2.102442   337.861   337.831  4 52537.85687931 51.775
 10  21.222932   2.102048   338.152   338.084  3 52572.85691858 52.575
 11  21.227710   2.104112   339.075   339.077  4 52607.85687658 51.494
 12  21.224369   2.102453   339.444   339.427  4 52642.85687326 52.021
 13  21.228421   2.104357   338.245   338.172  4 52677.85685752 51.585
 14  21.223679   2.101748   337.411   337.416  3 52712.85689293 50.515
 15  21.217111   2.099140   337.519   337.519  4 52747.85691861 51.750
 16  21.223523   2.102053   338.079   338.074  3 52782.85685939 52.819
 17  21.223240   2.100646   337.403   337.372  4 52817.85693739 51.067
 18  21.226367   2.103826   337.762   337.766  3 52852.85698788 50.978
 20  21.225126   2.103325   338.358   338.376  4 52922.85697629 52.392
 21  21.230798   2.105440   338.629   338.641  3 52957.85694225 51.198
 22  21.228693   2.104399   339.133   339.150  3 52992.85696614 51.200
 23  21.230842   2.103551   338.147   338.145  3 53027.85693141 52.240
 24  21.231292   2.105501   337.676   337.601  3 53062.85694021 51.527
 25  21.221050   2.099232   337.227   337.235  4 53097.85695838 33.888
 26  21.232955   2.106123   338.156   338.160  3 53132.85693807 46.409
 28  21.224498   2.102027   336.447   336.430  3 53202.85701348 48.358
 29  21.231842   2.105059   337.248   337.217  3 53237.85698235 51.582
 30  21.227757   2.104424   337.172   337.128  3 53272.85694098 51.491
 31  21.220899   2.099666   337.644   337.676  4 53307.85700148 41.287
 32  21.225386   2.103144   338.561   338.559  3 53342.85696875 52.060
 33  21.229705   2.103242   338.495   338.504  3 53377.85690712 53.145
 34  21.229542   2.104736   337.670   337.682  4 53412.85694485 51.625
 35  21.225499   2.103563   336.916   336.923  4 53447.85693143 45.736
 37  21.226246   2.104244   337.675   337.671  3 53517.85701778 53.303
 38  21.219614   2.100520   337.134   337.051  4 53552.85703858 51.259
 39  21.229661   2.105333   336.802   336.741  3 53587.85699004 52.721
 40  21.219651   2.099682   336.932   336.846  4 53622.85695903 41.477
 41  21.223833   2.102317   337.432   337.333  3 53657.85698688 51.321
 42  21.224689   2.101798   338.724   338.690  3 53692.85696932 52.551
 43  21.228462   2.104911   338.097   338.025  3 53727.85689317 51.678
 44  21.232248   2.105895   337.301   337.301  2 53762.85685009 53.882
 45  21.229465   2.104681   337.154   337.098  4 53797.85686041 45.452
 47  21.223636   2.103003   338.867   338.857  4 53867.85691977 45.983
 48  21.224335   2.102533   337.207   337.148  3 53902.85695100 47.399
 49  21.216119   2.099268   336.807   336.804  3 53937.85698758 53.245
 50  21.222693   2.101413   337.204   337.203  4 53972.85695074 50.018
 51  21.227446   2.102857   337.462   337.551  3 54007.85693850 26.462
 52  21.229937   2.106249   338.311   338.306  3 54042.85696258 51.475
 53  21.225996   2.104134   339.869   339.856  3 54077.85695580 51.200
 54  21.225601   2.103594   338.803   338.802  4 54112.85689456 51.338
 55  21.225140   2.103083   338.223   338.234  3 54147.85689991 49.724
 56  21.225943   2.103305   337.930   337.883  4 54182.85688297 51.947
 57  21.224674   2.102468   337.986   337.980  4 54217.85690811 51.231
 58  21.224875   2.102881   337.942   337.906  4 54252.85693416 50.707
 59  21.227226   2.104572   337.509   337.510  3 54287.85693872 54.005
 60  21.227302   2.103799   337.578   337.668  4 54322.85693553 51.485
 61  21.227494   2.102575   337.850   337.852  3 54357.85689311 42.063
 62  21.226582   2.103983   338.716   338.720  3 54392.85687595 50.940
 63  21.227598   2.102663   339.077   339.092  3 54427.85684302 51.335
 64  21.226872   2.103648   339.272   339.272  3 54462.85685399 51.477
 65  21.227655   2.102544   338.377   338.395  3 54497.85685179 53.880
 66  21.227723   2.103763   337.688   337.755  4 54532.85686737 50.186
 67  21.226919   2.103174   337.967   337.963  3 54567.85685663 50.308
 68  21.225534   2.102827   337.485   337.477  3 54602.85686296 53.016
 69  21.225147   2.102200   337.756   337.748  4 54637.85687357 50.710
 70  21.224947   2.103045   336.981   337.101  4 54672.85687684 51.853
 71  21.228014   2.103366   337.605   337.605  3 54707.85683603 52.584
 72  21.225971   2.103168   337.841   337.853  3 54742.85684245 52.541
 73  21.227963   2.103061   338.494   338.491  3 54777.85681724 52.840
 74  21.226232   2.102969   338.527   338.523  4 54812.85683546 50.223
 75  21.226329   2.103595   337.869   337.802  4 54847.85681788 49.121
 76  21.224908   2.103509   338.132   338.129  3 54882.85683899 51.485
 77  21.224565   2.101937   337.833   337.796  4 54917.85681972 50.354
 78  21.224749   2.103053   338.202   338.200  3 54952.85683346 52.243
 79  21.223385   2.102339   338.083   338.082  3 54987.85685769 52.166
 80  21.227309   2.104474   337.620   337.615  3 55022.85684979 52.532
 81  21.226494   2.103342   337.073   337.053  4 55057.85684556 51.647
 82  21.225906   2.102859   337.395   337.334  3 55092.85680097 50.326
 83  21.226048   2.104036   338.121   338.123  3 55127.85678562 51.262
 84  21.226175   2.104050   338.837   338.824  3 55162.85676213 50.442
 85  21.225310   2.103739   338.781   338.779  3 55197.85677710 50.822
 86  21.225902   2.102044   338.278   338.319  3 55232.85676607 53.808
 87  21.226411   2.103358   338.597   338.599  4 55267.85677121 52.150
 88  21.227530   2.104271   339.226   339.220  3 55302.85674665 50.987
 89  21.225971   2.102655   338.748   338.749  4 55337.85674574 50.810
 90  21.226965   2.104185   338.143   338.143  3 55372.85673585 51.562
 91  21.227404   2.104051   337.810   337.831  3 55407.85675638 51.558
 92  21.226619   2.103576   337.284   337.253  4 55442.85675462 52.666
 93  21.227661   2.104126   337.560   337.560  3 55477.85669412 52.353
