# NaN NaN NaN ;Mean Elev.(m), Avg Gradient(m/km), RMS Gradient(m/km) - SRTM1     
# NaN NaN NaN ;Mean Elev.(m), Avg Gradient(m/km), RMS Gradient(m/km) - ASTER GDEM
#  304.296  -0.782   3.739 ;Mean Elev.(m), Avg Gradient(m/km), RMS Gradient(m/km) - GMTED2010 
  7  18.114389  -0.086249   302.224   302.192  5 52457.86645088 52.596
  8  18.120464  -0.077357   302.302   302.314  5 52492.86642807 48.971
 10  18.116477  -0.080031   303.095   303.175  5 52562.86645030 46.592
 14  18.118982  -0.077529   302.223   302.232  5 52702.86640832 51.789
 16  18.116556  -0.080625   303.226   303.291  5 52772.86640913 29.899
 18  18.113343  -0.081787   302.914   302.919  4 52842.86652887 51.617
 19  18.110721  -0.076631   302.461   302.461  2 52877.86656817 51.889
 20  18.119438  -0.077838   303.099   303.044  5 52912.86652590 14.501
 21  18.117836  -0.078343   303.411   303.433  5 52947.86648335 29.121
 23  18.113925  -0.083675   304.129   304.177  5 53017.86651061 51.862
 24  18.117048  -0.082274   303.019   303.012  5 53052.86649217 51.238
 26  18.114093  -0.086232   302.273   302.329  5 53122.86649835 18.632
 28  18.117348  -0.080041   301.987   301.988  5 53192.86655029 51.606
 33  18.116280  -0.081865   303.894   303.915  4 53367.86647462 51.541
 34  18.114090  -0.083589   302.049   302.044  5 53402.86650364 37.753
 35  18.114961  -0.082090   301.393   301.382  5 53437.86649253 49.518
 41  18.115679  -0.083872   302.842   302.847  5 53647.86652632 52.373
 43  18.116615  -0.080359   303.998   303.999  5 53717.86646917 51.590
 44  18.119672  -0.079246   302.561   302.564  5 53752.86638977 52.394
 45  18.117211  -0.079344   301.950   301.963  5 53787.86641990 46.956
 46  18.116772  -0.079945   302.132   302.096  5 53822.86637458 32.012
 48  18.117045  -0.079146   302.982   302.984  5 53892.86648114 52.363
 51  18.116161  -0.081727   301.916   301.916  6 53997.86646940 50.435
 52  18.116463  -0.083186   302.786   302.792  5 54032.86651885 49.309
 54  18.113371  -0.081902   304.665   304.646  4 54102.86647174 50.449
 55  18.113883  -0.084852   302.849   302.832  4 54137.86644143 52.093
 56  18.113075  -0.082481   302.428   302.401  4 54172.86644947 41.393
 58  18.114051  -0.082808   303.015   303.046  5 54242.86647964 49.673
 59  18.114388  -0.085144   303.055   303.076  4 54277.86649281 50.509
 60  18.115006  -0.081831   302.417   302.406  5 54312.86649345 51.493
 61  18.114639  -0.083536   302.893   302.883  6 54347.86646478 49.819
 62  18.115050  -0.084694   303.474   303.472  4 54382.86643031 52.158
 63  18.114323  -0.085701   304.196   304.208  5 54417.86641352 48.140
 64  18.114496  -0.084592   304.672   304.674  4 54452.86640013 41.378
 65  18.115287  -0.082158   303.917   303.935  5 54487.86641211 52.154
 66  18.115712  -0.084114   302.801   302.803  5 54522.86641322 52.310
 67  18.114440  -0.085727   302.456   302.345  5 54557.86642139 43.069
 68  18.113852  -0.085769   302.782   302.778  5 54592.86640962 51.514
 69  18.113957  -0.085238   302.546   302.530  4 54627.86642468 52.420
 71  18.115056  -0.081757   302.446   302.446  5 54697.86640703 50.986
 72  18.114332  -0.085958   302.543   302.532  5 54732.86638911 47.913
 73  18.114611  -0.082431   303.080   303.163  5 54767.86638589 28.706
 74  18.111324  -0.076317   304.293   304.293  2 54802.86638424 50.261
 75  18.114328  -0.083600   303.696   303.704  5 54837.86637910 48.003
 76  18.114156  -0.085889   302.921   302.932  5 54872.86638183 51.525
 77  18.111046  -0.077089   302.631   302.631  2 54907.86638708 52.380
 80  18.113161  -0.081964   302.400   302.405  4 55012.86640975 50.648
 81  18.114564  -0.083602   301.948   301.943  5 55047.86640203 51.162
 82  18.114059  -0.082861   302.555   302.538  5 55082.86637310 52.321
 83  18.115198  -0.083992   302.737   302.741  4 55117.86633361 52.870
 84  18.113621  -0.085265   303.814   303.815  4 55152.86633034 47.661
 85  18.113567  -0.085467   304.194   304.189  3 55187.86632126 50.336
 86  18.113250  -0.082232   303.481   303.487  4 55222.86633017 48.312
 87  18.115043  -0.083997   302.995   302.987  4 55257.86631698 51.950
 88  18.113912  -0.084634   303.408   303.407  4 55292.86631726 50.033
 90  18.113965  -0.083696   303.091   303.097  5 55362.86629674 48.761
 91  18.113830  -0.084571   302.113   302.239  5 55397.86630482 17.237
 92  18.115668  -0.083081   302.533   302.555  5 55432.86631254 51.902
 93  18.114919  -0.081763   302.866   302.909  5 55467.86627068 52.140
