-337021.216   135.341     0.00    4.86
-336644.857   135.474     0.35    4.97
-336268.500   135.288    -0.49    4.65
-335892.145   134.963    -0.86    4.50
-335515.794   134.596    -0.98    3.88
-335139.444   134.277    -0.85    3.08
-334763.097   135.700     3.78    3.83
-334386.753   136.783     2.88    3.76
-334010.411   138.270     3.95    3.38
-333634.072   139.006     1.96    3.54
-333257.735   139.726     1.92    3.55
-332881.401   139.031    -1.85    3.81
-332505.070   137.006    -5.38    4.24
-332128.740   135.083    -5.11    3.14
-331752.414   134.297    -2.09    2.57
-331376.090   132.775    -4.04    3.31
-330999.768   131.384    -3.70    3.64
-330623.449   130.982    -1.07    3.76
-330247.132   130.054    -2.47    4.07
-329870.818   129.351    -1.87    5.09
-329494.507   128.000    -3.59    5.40
-329118.198   127.596    -1.07    5.52
-328741.891   126.934    -1.76    5.79
-328365.587   128.826     5.03    8.65
-327989.286   127.884    -2.50    9.43
-327612.986   124.399    -9.26    9.85
-327236.690   119.083   -14.13    7.30
-326860.396   115.189   -10.35    5.56
-326484.104   111.929    -8.66    5.17
-326107.815   109.148    -7.39    4.70
-325731.528   107.108    -5.42    4.14
-325355.244   104.542    -6.82    3.37
-324978.963   103.698    -2.24    3.00
-324602.684   103.031    -1.77    2.74
-324226.407   103.677     1.72    3.59
-323850.133   106.189     6.68    6.35
-323473.861   110.297    10.92    8.50
-323097.592   116.486    16.45   11.27
-322721.325   122.702    16.52   12.02
-322345.061   123.592     2.36   11.12
-321968.799   121.996    -4.24   10.85
-321592.539   119.057    -7.81   11.31
-321216.283   113.788   -14.01    7.19
-320840.028   113.134    -1.74    5.41
-320463.776   115.081     5.17    6.48
-320087.527   120.226    13.68   10.99
-319711.280   127.753    20.00   14.21
-319335.035   132.134    11.65   13.11
-318958.793   134.540     6.40   11.78
-318582.553   132.937    -4.26   11.46
-318206.316   128.721   -11.21   12.06
-317830.081   122.982   -15.25   10.71
-317453.849   121.000    -5.27    9.54
-317077.619   123.540     6.75   14.24
-316701.392   128.162    12.28   15.20
-316325.167   127.027    -3.02   13.70
-315948.944   122.038   -13.26   12.93
-315572.724   113.521   -22.64   11.91
-315196.506   107.596   -15.75    7.59
-314820.291   105.594    -5.32    5.43
-314444.079   105.929     0.89    7.32
-314067.868   107.621     4.50    7.76
-313691.660   110.569     7.83    7.67
-313315.455   112.279     4.55    9.59
-312939.252   110.621    -4.41    7.43
-312563.051   108.243    -6.32    7.43
-312186.853   106.858    -3.68    7.05
-311810.657   108.929     5.51    9.52
-311434.464   113.177    11.29   10.25
-311058.273   115.801     6.98    8.22
-310682.084   115.567    -0.62    8.74
-310305.898   113.648    -5.10    9.13
-309929.715   109.513   -10.99    6.92
-309553.533   106.316    -8.50    7.07
-309177.354   102.570    -9.96    6.68
-308801.178    98.796   -10.03    5.60
-308425.004    95.729    -8.15    4.70
-308048.832    93.696    -5.41    5.08
-307672.663    91.569    -5.66    6.08
-307296.496    89.442    -5.65    7.24
-306920.332    86.700    -7.29    8.66
-306544.170    82.467   -11.25    6.73
-306168.010    80.010    -6.53    4.86
-305791.853    80.963     2.53    6.92
-305415.698    82.493     4.07    8.11
-305039.546    85.732     8.61    8.60
-304663.396    88.878     8.36    8.33
-304287.248    93.148    11.35    7.65
-303911.103    96.648     9.31    8.00
-303534.960    99.324     7.11    8.74
-303158.819   100.649     3.52    9.32
-302782.681    99.211    -3.82    7.73
-302406.546    99.572     0.96    5.37
-302030.412   101.135     4.15    6.69
-301654.281   105.771    12.33    8.21
-301278.153   107.595     4.85    6.95
-300902.026   104.253    -8.89    9.56
-300525.903    99.243   -13.32   10.06
-300149.781    97.871    -3.65    7.89
-299773.662    98.648     2.07    7.62
-299397.545   104.162    14.66    9.50
-299021.431   114.648    27.88   15.21
-298645.319   127.149    33.24   18.22
-298269.209   133.288    16.32   16.33
-297893.102   139.237    15.82   11.62
-297516.997   138.232    -2.67   11.84
-297140.894   134.432   -10.10   12.22
-296764.794   132.486    -5.17   12.80
-296388.696   130.753    -4.61   13.02
-296012.601   131.096     0.91   12.74
-295636.507   131.783     1.83   12.05
-295260.417   129.185    -6.91   13.34
-294884.328   123.779   -14.38   13.13
-294508.242   122.595    -3.15   13.28
-294132.158   124.702     5.60   12.76
-293756.077   128.121     9.09    9.81
-293379.998   130.516     6.37    7.63
-293003.921   132.378     4.95    6.91
-292627.846   132.702     0.86    6.29
-292251.774   135.232     6.73    6.15
-291875.705   137.570     6.22    7.31
-291499.637   139.878     6.14    8.24
-291123.572   141.193     3.50    7.92
-290747.509   137.000   -11.15   11.18
-290371.449   134.324    -7.12    8.83
-289995.391   131.783    -6.76    5.89
-289619.335   130.571    -3.22    5.75
-289243.281   126.000   -12.16   10.14
-288867.230   124.332    -4.44   11.10
-288491.181   124.674     0.91   11.63
-288115.135   128.775    10.91   10.20
-287739.090   134.000    13.89    4.06
-287363.048   134.596     1.59    3.79
-286987.009   132.832    -4.69    4.44
-286610.972   132.010    -2.19    3.92
-286234.937   131.567    -1.18    3.68
-285858.904   131.955     1.03    2.95
-285482.873   131.493    -1.23    3.12
-285106.845   130.775    -1.91    3.05
-284730.820   130.907     0.35    3.12
-284354.796   130.148    -2.02    3.29
-283978.775   129.756    -1.04    3.18
-283602.756   128.729    -2.73    4.20
-283226.739   129.083     0.94    5.52
-282850.725   128.243    -2.23    6.83
-282474.713   124.929    -8.81    8.22
-282098.703   123.595    -3.55    9.39
-281722.696   120.519    -8.18   10.22
-281346.691   119.919    -1.60   10.73
-280970.688   121.182     3.36   10.47
-280594.687   122.416     3.28    8.46
-280218.689   123.871     3.87    4.66
-279842.693   122.378    -3.97    3.96
-279466.699   121.243    -3.02    4.35
-279090.707   120.540    -1.87    4.04
-278714.718   121.672     3.01    5.38
-278338.731   123.149     3.93    6.43
-277962.747   127.416    11.35    5.44
-277586.764   132.674    13.98    6.31
-277210.784   136.705    10.72    7.82
-276834.806   137.185     1.28    8.85
-276458.830   136.253    -2.48   10.29
-276082.857   133.108    -8.36   11.61
-275706.886   131.858    -3.33   11.59
-275330.917   131.852    -0.02   10.86
-274954.950   129.946    -5.07   12.34
-274578.986   124.314   -14.98   14.59
-274203.024   114.365   -26.46   15.95
-273827.064   106.010   -22.22   12.51
-273451.106   102.621    -9.01   10.66
-273075.151   101.594    -2.73   10.14
-272699.198    99.675    -5.10    8.33
-272323.247   103.542    10.29   12.38
-271947.298   108.538    13.29   15.17
-271571.352   118.647    26.89   14.92
-271195.408   124.805    16.38    8.92
-270819.466   126.756     5.19    6.80
-270443.526   125.698    -2.81    7.81
-270067.589   124.700    -2.65    7.72
-269691.654   125.648     2.52    8.71
-269315.721   125.216    -1.15    9.60
-268939.790   124.852    -0.97    9.57
-268563.861   125.108     0.68   10.55
-268187.935   124.416    -1.84   11.34
-267812.011   121.096    -8.83   10.37
-267436.089   117.278   -10.16   12.12
-267060.169   113.027   -11.31   11.24
-266684.252   112.567    -1.22   10.50
-266308.337   116.027     9.20   10.64
-265932.424   121.279    13.97    8.37
-265556.513   124.316     8.08    4.86
-265180.604   119.475   -12.88   12.15
-264804.698   114.262   -13.87   14.80
-264428.794   105.702   -22.77   18.94
-264052.892    99.262   -17.13   18.15
-263676.643    92.805   -17.16   18.11
-263300.303    86.955   -15.55   18.24
-262923.964    88.371     3.76   21.64
-262547.628    85.211    -8.40   22.69
-262171.295    78.510   -17.81   23.60
-261794.963    73.698   -12.79   23.34
-261418.634    64.903   -23.37   19.31
-261042.306    56.121   -23.34    7.26
-260665.981    53.027    -8.22    6.18
-260289.658    49.405    -9.62    5.76
-259913.338    47.595    -4.81    5.02
-259537.019    46.810    -2.08    4.64
-259160.703    46.243    -1.51    4.16
-258784.389    44.749    -3.97    3.36
-258408.077    44.083    -1.77    3.73
-258031.767    41.700    -6.33    4.11
-257655.460    38.963    -7.27    4.14
-257279.154    36.237    -7.25    4.25
-256902.851    33.903    -6.20    3.72
-256526.550    33.054    -2.26    3.51
-256150.251    32.006    -2.78    3.48
-255773.955    30.760    -3.31    3.27
-255397.660    30.775     0.04    4.56
-255021.368    32.006     3.27    6.84
-254645.078    33.027     2.72    8.42
-254268.790    32.955    -0.19    8.27
-253892.504    31.405    -4.12    6.83
-253516.220    29.162    -5.96    3.18
-253139.938    28.567    -1.58    1.49
-252763.659    29.232     1.77    2.03
-252387.382    30.963     4.60    3.21
-252011.107    33.672     7.20    3.96
-251634.834    36.946     8.70    4.44
-251258.563    39.980     8.07    4.58
-250882.295    42.544     6.81    4.36
-250506.028    44.749     5.86    4.27
-250129.764    46.594     4.90    3.85
-249753.502    48.672     5.52    3.93
-249377.242    51.027     6.26    4.09
-249000.984    53.384     6.27    4.38
-248624.728    55.081     4.51    4.78
-248248.475    56.121     2.77    5.02
-247872.223    56.108    -0.03    4.84
-247495.974    56.542     1.15    4.39
-247119.727    58.343     4.79    4.67
-246743.482    63.288    13.14    7.89
-246367.239    69.232    15.80    8.92
-245990.998    75.648    17.05    9.25
-245614.759    81.211    14.79    8.27
-245238.523    89.783    22.79   12.17
-244862.288    95.621    15.52   11.15
-244486.056    97.955     6.20    8.82
-244109.826    98.211     0.68    6.97
-243733.598   100.702     6.62    9.82
-243357.372   110.321    25.57   16.03
-242981.148   120.702    27.59   14.16
-242604.926   126.297    14.87   11.67
-242228.706   129.837     9.41   10.44
-241852.489   131.250     3.75    9.88
-241476.274   132.185     2.49    7.37
-241100.060   130.390    -4.77    8.01
-240723.849   122.871   -19.99   14.49
-240347.640   111.416   -30.45   15.99
-239971.433   102.899   -22.64   12.04
-239595.228   104.858     5.21   13.76
-239219.025   107.493     7.00   14.27
-238842.825   106.594    -2.39   15.18
-238466.626   101.042   -14.76   14.14
-238090.429    94.542   -17.28    7.53
-237714.235    99.096    12.11   12.63
-237338.043   109.919    28.77   17.40
-236961.852   119.421    25.26   17.04
-236585.664   131.852    33.05    8.95
-236209.478   137.316    14.52    4.10
-235833.294   138.864     4.12    2.76
-235457.112   137.000    -4.96    6.26
-235080.932   133.016   -10.59    9.96
-234704.755   123.698   -24.77   16.26
-234328.579   115.455   -21.91   18.12
-233952.405   104.421   -29.33   16.63
-233576.234    93.411   -29.27    9.83
-233200.064    88.232   -13.77    6.63
-232823.897    85.069    -8.41    5.81
-232447.731    82.858    -5.88    5.23
-232071.568    79.493    -8.95    6.57
-231695.407    75.226   -11.34    6.53
-231319.248    73.346    -5.00    5.70
-230943.091    74.399     2.80    8.68
-230566.936    77.096     7.17    9.45
-230190.783    79.570     6.58    8.44
-229814.632    77.121    -6.51    8.55
-229438.483    74.405    -7.22    7.14
-229062.336    73.270    -3.02    5.62
-228686.191    76.864     9.56    8.63
-228310.048    81.071    11.18    8.34
-227933.908    84.189     8.29    7.87
-227557.769    88.096    10.39    8.02
-227181.632    91.339     8.62    7.55
-226805.498    95.864    12.03    7.69
-226429.365    95.884     0.05    6.93
-226053.235    94.185    -4.52    7.93
-225677.106    93.937    -0.66    8.38
-225300.980    93.593    -0.91    8.71
-224924.856    98.211    12.28   10.44
-224548.733   103.205    13.28   10.03
-224172.613   106.196     7.95   10.08
-223796.494   109.775     9.52   12.29
-223420.378   114.193    11.75   13.58
-223044.264   125.432    29.88   14.61
-222668.152   135.756    27.45   11.60
-222292.041   141.253    14.61    9.58
-221915.933   147.211    15.84    8.48
-221539.827   153.343    16.31    9.97
-221163.723   160.841    19.93   10.78
-220787.621   168.006    19.05    9.24
-220411.521   175.378    19.60   10.87
-220035.422   181.351    15.88   11.15
-219659.326   187.384    16.04    8.81
-219283.232   185.237    -5.71   15.22
-218907.140   182.066    -8.43   18.38
-218531.050   175.237   -18.16   19.02
-218154.962   160.982   -37.90   19.10
-217778.876   151.390   -25.51   14.61
-217402.791   153.698     6.14   16.48
-217026.709   156.965     8.69   16.86
-216650.629   160.297     8.86   14.43
-216274.551   160.486     0.50   10.91
-215898.475   155.270   -13.87   10.93
-215522.401   147.305   -21.18   11.82
-215146.328   140.405   -18.35   13.00
-214770.258   133.365   -18.72   13.13
-214394.190   130.031    -8.86   11.67
-214018.124   131.878     4.91   11.23
-213642.059   137.081    13.84   10.18
-213265.997   136.801    -0.74   11.88
-212889.937   134.390    -6.41   12.39
-212513.879   129.455   -13.13   15.22
-212137.822   124.596   -12.92   13.69
-211761.768   117.027   -20.13   14.56
-211385.715   108.648   -22.28   14.87
-211009.665   101.262   -19.64   10.26
-210633.616    97.090   -11.10    5.83
-210257.570    98.174     2.88    3.67
-209881.525    99.332     3.08    2.46
-209505.483    98.973    -0.96    2.42
-209129.442    97.980    -2.64    2.90
-208753.403    96.919    -2.82    3.03
-208377.367    96.185    -1.95    3.34
-208001.332    95.621    -1.50    3.63
-207625.299    95.305    -0.84    3.33
-207249.268    95.384     0.21    3.16
-206873.239    95.365    -0.05    3.06
-206497.212    95.826     1.23    3.10
-206121.187    96.427     1.60    3.40
-205745.164    96.226    -0.53    2.95
-205369.143    95.540    -1.83    3.05
-204993.124    95.108    -1.15    3.00
-204617.107    95.919     2.16    3.38
-204241.091    96.965     2.78    3.63
-203865.078    98.031     2.84    2.59
-203489.067    98.852     2.18    1.90
-203113.057    98.510    -0.91    2.14
-202737.049    97.775    -1.95    2.41
-202361.044    96.946    -2.21    4.18
-201985.040    95.185    -4.68    6.56
-201609.038    92.700    -6.61    9.17
-201233.038    90.332    -6.30   11.40
-200857.040    86.189   -11.02   13.60
-200481.044    81.519   -12.42   14.66
-200105.050    75.471   -16.08   15.02
-199729.058    72.510    -7.88   12.94
-199353.068    69.405    -8.26   12.33
-198977.079    67.783    -4.31   13.75
-198601.093    71.000     8.55   14.35
-198225.108    70.810    -0.50   13.25
-197849.126    71.562     2.00   12.83
-197473.145    70.396    -3.10   14.24
-197097.166    67.083    -8.81   14.74
-196721.189    65.702    -3.67   14.13
-196345.214    64.339    -3.63   14.40
-195969.241    60.081   -11.33   14.89
-195593.270    57.437    -7.03   12.71
-195217.300    53.832    -9.59    8.50
-194841.333    47.852   -15.91    6.78
-194465.367    46.729    -2.99    7.50
-194089.404    47.858     3.00    9.24
-193713.442    52.896    13.40   14.91
-193337.482    61.566    23.06   15.46
-192961.524    64.200     7.01   14.95
-192585.568    66.405     5.86   13.55
-192209.614    65.946    -1.22   12.93
-191833.661    59.837   -16.25   14.77
-191457.711    56.927    -7.74   13.88
-191081.762    59.775     7.58   15.54
-190705.815    67.185    19.71   14.59
-190329.871    73.594    17.05   10.10
-189953.928    75.724     5.66    6.70
-189577.986    72.253    -9.23   11.85
-189202.047    63.903   -22.21   14.68
-188826.059    58.459   -14.48   13.37
-188449.748    60.775     6.15   16.37
-188073.439    71.621    28.82   17.96
-187697.131    81.226    25.53   12.89
-187320.826    86.416    13.79    8.24
-186944.523    88.239     4.84    6.17
-186568.221    88.134    -0.28    8.02
-186191.921    89.297     3.09    7.64
-185815.623    91.810     6.68    3.28
-185439.327    91.756    -0.14    3.20
-185063.033    88.343    -9.07    6.52
-184686.740    79.544   -23.38   13.33
-184310.450    69.816   -25.85   14.43
-183934.161    60.324   -25.23   11.93
-183557.874    54.057   -16.65    7.73
-183181.589    56.042     5.28   11.97
-182805.306    64.826    23.34   17.61
-182429.025    73.864    24.02   15.65
-182052.745    74.749     2.35   14.80
-181676.468    70.567   -11.12   15.08
-181300.192    67.108    -9.19   13.79
-180923.918    73.216    16.23   15.35
-180547.646    85.393    32.36   12.41
-180171.376    92.467    18.80    7.71
-179795.107    98.390    15.74    4.66
-179418.840   102.316    10.43    5.94
-179042.576   108.783    17.19    8.20
-178666.313   115.216    17.10    9.05
-178290.051   121.911    17.79    8.74
-177913.792   124.671     7.34    8.37
-177537.535   122.027    -7.03   13.88
-177161.279   119.569    -6.53   15.30
-176785.025   117.069    -6.64   15.50
-176408.773   120.279     8.53   15.88
-176032.523   127.027    17.93   10.93
-175656.274   123.996    -8.05   13.23
-175280.028   114.463   -25.34   17.10
-174903.783   107.121   -19.51   15.81
-174527.540   105.810    -3.48   12.84
-174151.298   106.050     0.64   11.63
-173775.059   108.211     5.74   12.38
-173398.821   114.570    16.90   11.96
-173022.586   118.850    11.38   10.46
-172646.352   122.405     9.45    8.65
-172270.119   122.864     1.22   10.50
-171893.889   120.729    -5.68   11.35
-171517.660   118.647    -5.54   11.27
-171141.433   113.729   -13.07   13.79
-170765.208   107.698   -16.03   13.15
-170388.985   101.569   -16.29   13.78
-170012.764    95.416   -16.35   13.79
-169636.544    95.919     1.34   15.20
-169260.326   100.450    12.05   19.78
-168884.110   105.700    13.95   21.42
-168507.895   116.593    28.96   16.94
-168131.683   123.621    18.68   12.79
-167755.472   124.810     3.16   13.23
-167379.263   123.648    -3.09   14.21
-167003.056   123.365    -0.75   13.56
-166626.850   122.651    -1.90   15.03
-166250.646   119.108    -9.42   15.92
-165874.444   112.779   -16.82   13.78
-165498.244   111.482    -3.45   13.08
-165122.046   118.775    19.39   14.11
-164745.849   124.351    14.82   10.68
-164369.654   125.493     3.04   12.87
-163993.461   128.929     9.13   15.55
-163617.270   134.006    13.50   16.41
-163241.080   135.297     3.43   15.19
-162864.892   133.980    -3.50   14.81
-162488.706   129.672   -11.45   15.04
-162112.522   125.316   -11.58   15.74
-161736.339   123.864    -3.86   14.80
-161360.158   119.837   -10.71   13.98
-160983.979   114.162   -15.09   14.75
-160607.801   103.779   -27.60   13.82
-160231.626    94.935   -23.51   11.85
-159855.452    94.446    -1.30   11.21
-159479.280    97.042     6.90   11.74
-159103.109    99.648     6.93   10.30
-158726.940    96.801    -7.57   13.04
-158350.773    90.226   -17.48   14.30
-157974.608    86.226   -10.63   12.15
-157598.445    88.437     5.88   14.13
-157222.283    96.365    21.08   14.49
-156846.123   106.243    26.26    7.88
-156469.964   110.016    10.03    3.03
-156093.808   110.896     2.34    2.92
-155717.653   110.764    -0.35    3.11
-155341.500   107.621    -8.36    6.57
-154965.348   101.648   -15.88    9.28
-154589.198    96.973   -12.43    9.44
-154213.050    93.648    -8.84    7.88
-153836.904    94.955     3.47    8.50
-153460.759    99.046    10.88    8.92
-153084.616   101.332     6.08    7.12
-152708.475   101.729     1.06    6.73
-152332.336   102.596     2.30    5.30
-151956.198   103.832     3.29    4.82
-151580.062   104.237     1.08    4.57
-151203.927    97.486   -17.95   13.49
-150827.795    89.237   -21.93   14.98
-150451.664    83.510   -15.23   14.29
-150075.534    79.963    -9.43   11.55
-149699.407    85.057    13.54   13.63
-149323.281    92.902    20.86   14.11
-148947.157   103.185    27.34   11.17
-148571.034   109.783    17.54    6.21
-148194.913   111.705     5.11    6.60
-147818.794   114.162     6.53    6.99
-147442.677   116.066     5.06    8.95
-147066.561   111.832   -11.26   13.57
-146690.447   107.211   -12.29   17.20
-146314.334   100.675   -17.38   19.26
-145938.223    93.365   -19.44   16.48
-145562.114    91.698    -4.43   16.96
-145186.007    90.467    -3.27   15.85
-144809.901    89.594    -2.32   14.86
-144433.797    93.185     9.55   13.56
-144057.695    96.081     7.70   12.54
-143681.594    93.946    -5.68   16.06
-143305.495    90.432    -9.34   17.80
-142929.397    84.496   -15.78   16.75
-142553.301    88.647    11.04   19.67
-142177.207    99.569    29.04   16.48
-141801.115   102.038     6.57   11.72
-141425.024    97.756   -11.38   13.39
-141048.935    91.816   -15.80   12.17
-140672.847    92.148     0.88   12.82
-140296.762   101.519    24.92   19.75
-139920.677   115.216    36.42   22.26
-139544.595   123.390    21.74   23.15
-139168.514   123.365    -0.07   27.59
-138792.435   112.801   -28.09   23.26
-138416.357    97.405   -40.94   15.17
-138040.281    90.846   -17.44   14.73
-137664.207    84.513   -16.84   11.49
-137288.134    82.405    -5.61    9.66
-136912.063    81.919    -1.29    9.79
-136535.994    84.827     7.73   10.18
-136159.926    85.698     2.32   10.05
-135783.860    85.775     0.20   10.09
-135407.795    87.205     3.80    8.86
-135031.732    85.083    -5.64    9.81
-134655.671    84.455    -1.67   10.31
-134279.611    83.384    -2.85   10.58
-133903.553    79.647    -9.94   11.11
-133527.497    77.783    -4.96    9.89
-133151.442    76.305    -3.93    7.01
-132775.389    74.542    -4.69    5.36
-132399.337    73.096    -3.85    6.78
-132023.287    69.486    -9.60    8.66
-131647.239    64.339   -13.69    8.37
-131271.192    60.519   -10.16    7.26
-130895.147    56.788    -9.92    4.93
-130519.103    55.378    -3.75    4.51
-130143.062    54.427    -2.53    4.48
-129767.021    53.211    -3.23    4.88
-129390.983    49.621    -9.55    4.76
-129014.945    47.482    -5.69    4.00
-128638.910    45.467    -5.36    3.85
-128262.876    44.343    -2.99    2.85
-127886.844    44.513     0.45    2.64
-127510.813    44.569     0.15    3.20
-127134.784    44.437    -0.35    4.40
-126758.756    41.963    -6.58    6.34
-126382.730    39.324    -7.02    6.53
-126006.706    35.446   -10.31    5.61
-125630.683    32.899    -6.77    4.26
-125254.662    32.521    -1.00    4.31
-124878.642    32.174    -0.92    4.41
-124502.624    31.260    -2.43    4.06
-124126.608    30.027    -3.28    4.94
-123750.593    29.093    -2.48    4.73
-123374.579    28.570    -1.39    4.80
-122998.568    28.621     0.14    4.70
-122622.557    29.108     1.29    4.17
-122246.549    28.146    -2.56    5.10
-121870.542    27.332    -2.17    5.55
-121494.536    28.832     3.99    6.93
-121118.532    31.358     6.72    6.75
-120742.530    32.801     3.84    6.76
-120366.529    35.832     8.06    5.59
-119990.530    36.343     1.36    5.17
-119614.532    36.570     0.60    5.33
-119238.536    37.788     3.24    4.44
-118862.542    37.878     0.24    4.37
-118486.549    40.083     5.86    4.67
-118110.557    40.871     2.10    4.47
-117734.567    38.973    -5.05    5.38
-117358.579    36.486    -6.61    5.76
-116982.592    34.174    -6.15    3.64
-116606.607    34.262     0.24    3.52
-116230.623    34.594     0.88    3.51
-115854.641    35.031     1.16    3.77
-115478.660    36.237     3.21    4.63
-115102.681    36.253     0.04    4.94
-114726.703    35.459    -2.11    5.01
-114350.727    34.903    -1.48    4.24
-113974.753    33.858    -2.78    4.01
-113598.632    33.705    -0.41    3.20
-113222.355    33.569    -0.36    3.65
-112846.078    31.677    -5.03    4.85
-112469.804    30.700    -2.60    4.40
-112093.531    28.211    -6.62    3.77
-111717.259    27.027    -3.15    4.36
-111340.989    28.946     5.10    5.25
-110964.721    30.378     3.81    5.36
-110588.454    31.702     3.52    3.68
-110212.188    30.955    -1.99    2.50
-109835.924    29.567    -3.69    3.03
-109459.662    28.596    -2.58    3.58
-109083.401    26.878    -4.57    5.00
-108707.141    25.083    -4.77    6.41
-108330.883    22.054    -8.05    7.46
-107954.627    19.698    -6.26    7.70
-107578.372    17.858    -4.89    6.80
-107202.119    16.288    -4.17    6.97
-106825.867    15.216    -2.85    5.88
-106449.616    13.405    -4.81    4.28
-106073.368    12.243    -3.09    3.27
-105697.120    11.262    -2.61    3.16
-105320.874     9.934    -3.53    2.24
-104944.630    10.339     1.08    3.91
-104568.387    11.467     3.00    5.34
-104192.145    14.427     7.87    8.48
-103815.905    19.006    12.17   11.35
-103439.667    22.405     9.03   11.32
-103063.430    26.749    11.55    9.48
-102687.195    29.384     7.00    7.94
-102310.961    32.700     8.81    5.36
-101934.728    35.162     6.54    6.77
-101558.497    39.211    10.76    9.82
-101182.267    40.006     2.11   10.57
-100806.039    41.232     3.26   12.14
-100429.813    38.783    -6.51   12.63
-100053.587    36.864    -5.10   12.04
 -99677.364    37.000     0.36   11.39
 -99301.142    36.270    -1.94   10.44
 -98924.921    37.592     3.51    9.95
 -98548.702    38.493     2.40   10.15
 -98172.484    39.596     2.93   10.10
 -97796.267    41.177     4.20    8.69
 -97420.052    40.878    -0.80    7.99
 -97043.839    40.540    -0.90    7.14
 -96667.627    37.911    -6.99    7.12
 -96291.416    36.069    -4.90    6.64
 -95915.207    34.929    -3.03    5.12
 -95539.000    34.891    -0.10    4.72
 -95162.794    34.805    -0.23    5.41
 -94786.589    34.571    -0.62    5.01
 -94410.385    34.566    -0.01    5.24
 -94034.184    33.358    -3.21    4.53
 -93657.983    32.513    -2.25    5.17
 -93281.784    29.135    -8.98    5.15
 -92905.587    26.000    -8.33    4.84
 -92529.391    25.566    -1.15    4.68
 -92153.196    27.801     5.94    5.97
 -91777.003    30.698     7.70    6.37
 -91400.811    32.864     5.76    5.06
 -91024.621    33.108     0.65    5.70
 -90648.432    32.351    -2.01    5.18
 -90272.244    33.262     2.42    5.40
 -89896.058    33.805     1.44    5.28
 -89519.873    34.467     1.76    5.69
 -89143.690    34.316    -0.40    5.62
 -88767.508    32.963    -3.59    5.82
 -88391.328    30.826    -5.68    6.61
 -88015.149    29.078    -4.65    6.72
 -87638.971    28.519    -1.49    8.88
 -87262.795    26.148    -6.30    8.70
 -86886.621    25.973    -0.47    9.44
 -86510.447    22.594    -8.98   11.67
 -86134.275    17.288   -14.11   11.35
 -85758.105    14.031    -8.66   11.20
 -85381.936    11.255    -7.38   10.18
 -85005.768     8.486    -7.36    6.89
 -84629.602     8.211    -0.73    5.52
 -84253.437     9.542     3.54    6.23
 -83877.273    12.569     8.05    8.43
 -83501.111    14.919     6.25    8.22
 -83124.951    16.446     4.06    7.61
 -82748.791    17.378     2.48    5.82
 -82372.633    17.621     0.65    5.42
 -81996.477    19.432     4.81    6.74
 -81620.322    19.510     0.21    6.01
 -81244.168    21.416     5.07    7.28
 -80868.015    20.570    -2.25    8.33
 -80491.864    19.621    -2.52    8.35
 -80115.715    22.540     7.76   10.11
 -79739.567    25.000     6.54   10.99
 -79363.420    28.516     9.35    9.35
 -78987.274    32.096     9.52    6.50
 -78611.130    35.648     9.44    6.38
 -78234.987    38.805     8.39    8.59
 -77858.846    41.516     7.21    8.75
 -77482.706    42.878     3.62    7.29
 -77106.568    44.135     3.34    8.37
 -76730.430    45.921     4.75    8.08
 -76354.294    48.016     5.57    7.80
 -75978.160    51.316     8.77    7.10
 -75602.027    53.756     6.49    6.73
 -75225.895    54.677     2.45    6.27
 -74849.764    53.647    -2.74    6.52
 -74473.635    53.724     0.20    6.55
 -74097.508    54.768     2.78    7.39
 -73721.381    56.108     3.56    7.76
 -73345.256    56.729     1.65    7.55
 -72969.132    56.648    -0.22    7.59
 -72593.010    55.852    -2.12    7.10
 -72216.889    55.919     0.18    7.13
 -71840.769    56.262     0.91    6.59
 -71464.651    57.490     3.26    7.10
 -71088.534    59.390     5.05    6.69
 -70712.419    60.216     2.19    4.96
 -70336.304    59.768    -1.19    5.69
 -69960.191    59.108    -1.75    5.67
 -69584.080    59.177     0.18    5.63
 -69207.969    59.216     0.10    5.84
 -68831.860    60.810     4.24    6.48
 -68455.753    60.540    -0.72    6.93
 -68079.646    58.108    -6.47    9.07
 -67703.542    57.050    -2.81    8.58
 -67327.438    57.878     2.20   10.07
 -66951.336    62.779    13.03   11.26
 -66575.235    69.316    17.38    8.41
 -66199.135    69.801     1.29    7.45
 -65823.036    68.332    -3.91    8.27
 -65446.939    66.200    -5.67    7.52
 -65070.844    64.858    -3.57    6.53
 -64694.749    66.749     5.03    6.99
 -64318.656    69.297     6.77    6.94
 -63942.564    70.006     1.89    7.15
 -63566.474    71.046     2.77    8.10
 -63190.385    69.843    -3.20    8.22
 -62814.297    66.594    -8.64    9.37
 -62438.210    64.216    -6.32    9.41
 -62062.125    63.216    -2.66    9.66
 -61686.041    65.432     5.89   10.35
 -61309.958    69.649    11.21    9.19
 -60933.877    72.446     7.44    8.37
 -60557.796    73.569     2.98    7.49
 -60181.718    73.810     0.64    6.43
 -59805.640    74.134     0.86    5.61
 -59429.564    74.674     1.44    4.11
 -59053.489    73.648    -2.73    5.91
 -58677.415    73.702     0.15    8.19
 -58301.343    70.288    -9.08   10.29
 -57925.272    69.621    -1.77   10.95
 -57549.202    69.211    -1.09   11.36
 -57173.133    71.775     6.82    9.73
 -56797.066    74.934     8.40    6.82
 -56421.000    74.216    -1.91    6.64
 -56044.935    73.891    -0.86    6.65
 -55668.872    72.810    -2.87    7.29
 -55292.810    71.270    -4.10    9.02
 -54916.749    69.510    -4.68    8.98
 -54540.689    66.437    -8.17   10.07
 -54164.631    64.314    -5.65   10.49
 -53788.574    60.753    -9.47    9.62
 -53412.518    56.069   -12.46    9.47
 -53036.463    53.878    -5.83    9.32
 -52660.410    55.057     3.14   10.76
 -52284.358    54.567    -1.30   11.51
 -51908.307    55.903     3.55   11.77
 -51532.257    56.066     0.43   11.76
 -51156.209    58.262     5.84   12.22
 -50780.162    58.753     1.30   12.73
 -50404.116    56.621    -5.67   12.51
 -50028.071    54.314    -6.14   10.69
 -49652.028    55.805     3.97   10.96
 -49275.986    56.594     2.10   10.87
 -48899.945    58.463     4.97   11.18
 -48523.905    61.232     7.36   10.67
 -48147.867    64.057     7.51   10.80
 -47771.830    66.057     5.32   10.16
 -47395.794    64.594    -3.89   11.44
 -47019.759    62.237    -6.27   10.76
 -46643.726    61.185    -2.80    9.35
 -46267.693    61.262     0.20    8.50
 -45891.662    65.513    11.30    7.23
 -45515.633    66.083     1.51    7.66
 -45139.604    67.081     2.65    7.96
 -44763.577    68.459     3.67    7.75
 -44387.551    69.810     3.59    7.56
 -44011.526    68.965    -2.25    8.62
 -43635.502    68.442    -1.39    8.18
 -43259.480    68.937     1.32    8.08
 -42883.458    69.427     1.30    7.47
 -42507.438    69.878     1.20    6.56
 -42131.420    71.510     4.34    5.55
 -41755.402    72.442     2.48    4.98
 -41379.386    73.648     3.21    4.66
 -41003.370    75.189     4.10    4.91
 -40627.356    76.148     2.55    5.15
 -40251.344    75.749    -1.06    5.80
 -39875.332    74.621    -3.00    6.07
 -39499.322    73.648    -2.59    5.97
 -39123.312    73.211    -1.16    5.64
 -38747.304    72.148    -2.83    6.11
 -38371.101    73.081     2.48    6.09
 -37994.856    73.054    -0.07    6.48
 -37618.613    71.707    -3.58    8.20
 -37242.371    70.365    -3.57    9.12
 -36866.130    69.371    -2.64    8.38
 -36489.890    68.432    -2.50    7.62
 -36113.651    67.006    -3.79    7.36
 -35737.414    65.455    -4.12    8.21
 -35361.177    62.095    -8.93    8.39
 -34984.942    60.211    -5.01    8.89
 -34608.708    58.884    -3.53    8.69
 -34232.476    55.567    -8.82    9.92
 -33856.244    52.516    -8.11   10.02
 -33480.014    52.371    -0.38   10.70
 -33103.784    49.260    -8.27   11.13
 -32727.556    47.237    -5.38   11.30
 -32351.329    45.095    -5.69    9.81
 -31975.104    43.783    -3.49    6.40
 -31598.879    44.405     1.65    7.20
 -31222.656    48.871    11.87    8.75
 -30846.433    53.467    12.22    8.59
 -30470.212    57.396    10.44    7.74
 -30093.992    59.783     6.35    8.05
 -29717.774    64.346    12.13    8.51
 -29341.556    68.490    11.01    7.71
 -28965.340    70.884     6.37    5.69
 -28589.124    71.216     0.88    5.43
 -28212.910    70.570    -1.72    4.90
 -27836.697    68.567    -5.32    4.58
 -27460.485    66.232    -6.21    5.02
 -27084.274    63.801    -6.46    5.15
 -26708.065    62.232    -4.17    5.74
 -26331.856    60.955    -3.40    5.41
 -25955.649    61.185     0.61    5.60
 -25579.443    61.621     1.16    5.50
 -25203.238    61.675     0.14    5.75
 -24827.034    60.162    -4.02    7.27
 -24450.831    59.189    -2.59    7.24
 -24074.630    60.621     3.81    7.58
 -23698.429    64.567    10.49    7.86
 -23322.230    68.775    11.19    3.84
 -22946.031    69.826     2.79    3.78
 -22569.834    70.700     2.32    3.73
 -22193.638    70.783     0.22    2.35
 -21817.443    70.852     0.18    2.68
 -21441.250    66.753   -10.90    9.07
 -21065.057    60.288   -17.19   11.64
 -20688.866    55.937   -11.57   11.51
 -20312.675    56.593     1.74   11.69
 -19936.486    60.411    10.15   12.29
 -19560.298    64.903    11.94   10.34
 -19184.111    67.715     7.47    8.54
 -18807.925    66.648    -2.84    9.59
 -18431.740    68.891     5.96    7.05
 -18055.556    69.108     0.57    6.10
 -17679.373    65.621    -9.27    9.15
 -17303.192    64.621    -2.66    9.17
 -16927.011    64.596    -0.07    9.09
 -16550.832    65.390     2.11    9.14
 -16174.654    65.442     0.14    9.23
 -15798.476    62.216    -8.58    9.69
 -15422.300    59.544    -7.10   10.96
 -15046.125    55.253   -11.41   10.83
 -14669.951    51.343   -10.39   10.48
 -14293.779    50.324    -2.71    9.43
 -13917.607    50.510     0.49    8.61
 -13541.436    54.135     9.64    9.14
 -13165.267    57.929    10.09    6.01
 -12789.098    58.777     2.26    4.79
 -12412.931    56.698    -5.53    5.98
 -12036.764    53.980    -7.23    6.79
 -11660.599    53.677    -0.81    7.34
 -11284.435    52.826    -2.26    7.55
 -10908.272    52.162    -1.77    6.66
 -10532.110    53.057     2.38    5.20
 -10155.949    50.332    -7.25    6.89
  -9779.789    47.544    -7.41    7.39
  -9403.630    46.837    -1.88    7.15
  -9027.472    47.006     0.45    7.14
  -8651.315    46.546    -1.22    7.16
  -8275.160    46.278    -0.71    5.70
  -7899.005    47.081     2.13    5.26
  -7522.852    46.594    -1.29    4.68
  -7146.699    43.054    -9.41    7.60
  -6770.548    40.648    -6.39    7.25
  -6394.397    38.021    -6.98    6.82
  -6018.248    34.971    -8.11    7.77
  -5642.100    34.006    -2.57    7.75
  -5265.952    31.567    -6.48    5.73
  -4889.806    30.108    -3.88    3.64
  -4513.661    30.779     1.78    2.76
  -4137.517    30.542    -0.63    2.49
  -3761.374    29.411    -3.01    4.01
  -3385.232    28.493    -2.44    4.39
  -3009.091    26.677    -4.83    4.41
  -2632.951    25.095    -4.21    4.14
  -2256.812    23.646    -3.85    4.77
  -1880.674    18.649   -13.29    8.70
  -1504.537    14.779   -10.29   10.06
  -1128.401     9.405   -14.29   10.21
   -752.266     4.621   -12.72    8.67
   -376.132     1.486    -8.34    5.89
      0.000     1.871     1.02    5.65
    376.132     5.801    10.45    8.60
    752.263    10.929    13.63   10.14
   1128.393    14.891    10.54    9.71
   1504.521    19.698    12.78    8.17
   1880.649    22.442     7.29    5.66
   2256.776    24.467     5.39    3.15
   2632.901    25.384     2.44    3.07
   3009.026    26.160     2.06    3.71
   3385.150    27.455     3.44    4.53
   3761.272    29.378     5.11    5.58
   4137.394    31.174     4.77    6.07
   4513.515    34.135     7.87    7.28
   4889.634    36.416     6.06    8.09
   5265.753    38.903     6.61    8.28
   5641.871    39.455     1.47    7.58
   6017.987    40.243     2.10    7.27
   6394.103    40.371     0.34    7.39
   6770.218    38.753    -4.30    7.13
   7146.331    39.296     1.44    7.39
   7522.444    40.324     2.73    6.77
   7898.556    41.672     3.59    6.78
   8274.666    45.253     9.52    5.79
   8650.776    46.937     4.48    6.33
   9026.885    50.216     8.72    6.95
   9402.993    52.321     5.60    7.43
   9779.099    53.432     2.95    6.53
  10155.205    52.378    -2.80    7.00
  10531.310    51.027    -3.59    7.06
  10907.414    53.250     5.91    7.92
  11283.517    55.416     5.76    8.16
  11659.619    57.801     6.34    8.17
  12035.720    57.816     0.04    8.32
  12411.820    55.919    -5.04    8.11
  12787.919    55.864    -0.14    9.11
  13164.017    52.858    -7.99    8.87
  13540.114    49.971    -7.68    9.23
  13916.210    47.540    -6.46    9.27
  14292.305    42.858   -12.45    9.67
  14668.399    39.332    -9.38    8.66
  15044.493    36.057    -8.71    5.67
  15420.585    33.946    -5.61    4.67
  15796.676    34.571     1.66    4.37
  16172.767    33.596    -2.59    4.00
  16548.856    31.405    -5.82    4.73
  16924.945    31.324    -0.22    5.56
  17301.032    33.378     5.46    7.06
  17677.119    34.963     4.22    8.16
  18053.204    35.775     2.16    7.41
  18429.289    35.078    -1.85    7.19
  18805.373    33.160    -5.10    6.52
  19181.456    32.595    -1.50    5.91
  19557.538    35.121     6.72    6.69
  19933.619    36.442     3.51    5.75
  20309.699    37.411     2.58    4.68
  20685.778    38.467     2.81    4.91
  21061.856    38.858     1.04    5.26
  21437.934    40.544     4.48    5.47
  21814.010    42.649     5.60    5.67
  22190.085    46.021     8.97    6.47
  22566.160    50.390    11.62    8.13
  22942.233    55.393    13.30    7.99
  23318.306    58.378     7.94    6.76
  23694.378    60.189     4.82    4.19
  24070.449    58.189    -5.32    5.50
  24446.519    57.516    -1.79    5.71
  24822.588    57.027    -1.30    5.84
  25198.656    57.621     1.58    4.83
  25574.723    58.542     2.45    5.30
  25950.789    59.810     3.37    5.76
  26326.855    60.852     2.77    5.13
  26702.919    62.262     3.75    3.59
  27078.983    62.542     0.74    2.91
  27455.045    62.260    -0.75    3.30
  27831.107    59.493    -7.36    6.54
  28207.168    58.788    -1.88    6.73
  28583.228    58.237    -1.47    6.76
  28959.287    58.852     1.64    6.25
  29335.346    59.078     0.60    5.63
  29711.403    59.621     1.44    4.26
  30087.459    59.378    -0.65    4.11
  30463.515    59.095    -0.75    2.65
  30839.570    58.674    -1.12    2.34
  31215.623    57.899    -2.06    1.75
  31591.676    57.801    -0.26    1.78
  31967.728    57.852     0.14    2.49
  32343.779    58.621     2.05    2.72
  32719.830    58.567    -0.14    4.07
  33095.879    58.463    -0.28    4.97
  33471.928    58.826     0.97    5.37
  33847.975    59.177     0.93    5.41
  34224.022    59.519     0.91    5.23
  34600.068    59.566     0.13    5.22
  34976.113    58.832    -1.95    4.79
  35352.157    57.570    -3.36    4.15
  35728.201    57.246    -0.86    2.93
  36104.243    57.305     0.16    1.66
  36480.314    57.540     0.62    1.38
  36856.538    57.702     0.43    1.34
  37232.761    58.314     1.62    3.00
  37608.983    58.270    -0.12    3.43
  37985.204    58.134    -0.36    3.31
  38361.425    58.031    -0.27    3.35
  38737.644    57.243    -2.10    2.22
  39113.863    56.700    -1.44    1.65
  39490.081    57.006     0.81    2.01
  39866.298    57.160     0.41    2.37
  40242.514    57.378     0.58    2.82
  40618.730    57.411     0.09    3.17
  40994.944    57.459     0.13    4.09
  41371.158    58.108     1.72    4.70
  41747.371    58.810     1.87    3.94
  42123.583    58.840     0.08    3.77
  42499.794    58.647    -0.51    4.86
  42876.005    56.826    -4.84    5.61
  43252.214    55.760    -2.83    6.14
  43628.423    55.262    -1.32    7.57
  44004.631    55.427     0.44    7.34
  44380.838    54.031    -3.71    8.48
  44757.044    51.437    -6.90    9.94
  45133.250    50.108    -3.53   10.39
  45509.454    48.567    -4.09   10.12
  45885.658    48.775     0.55   10.15
  46261.861    48.499    -0.73   10.10
  46638.063    48.871     0.99   11.19
  47014.265    53.365    11.94    9.52
  47390.465    56.567     8.51    7.28
  47766.665    59.081     6.68    4.70
  48142.864    59.973     2.37    3.57
  48519.062    60.878     2.41    2.79
  48895.259    61.108     0.61    2.57
  49271.456    60.421    -1.83    2.88
  49647.651    57.729    -7.16    6.91
  50023.846    53.903   -10.17    8.38
  50400.040    52.649    -3.33    9.11
  50776.234    53.858     3.21    9.09
  51152.426    56.211     6.25    7.49
  51528.618    57.411     3.19    5.97
  51904.809    57.010    -1.06    5.34
  52280.999    56.542    -1.24    4.16
  52657.189    56.146    -1.05    3.23
  53033.377    55.427    -1.91    2.51
  53409.565    54.519    -2.41    2.35
  53785.752    54.279    -0.64    3.52
  54161.938    54.189    -0.24    4.72
  54538.124    53.648    -1.44    5.52
  54914.308    52.593    -2.80    5.78
  55290.492    52.211    -1.02    6.58
  55666.675    50.671    -4.09    6.52
  56042.858    51.135     1.23    5.93
  56419.039    53.121     5.28    4.64
  56795.220    52.148    -2.59    3.92
  57171.400    52.016    -0.35    3.37
  57547.579    52.540     1.39    2.75
  57923.758    53.057     1.37    1.57
  58299.936    53.482     1.13    1.48
  58676.113    53.593     0.30    1.59
  59052.289    53.411    -0.49    1.85
  59428.464    53.149    -0.70    1.83
  59804.639    52.519    -1.68    2.22
  60180.813    51.980    -1.43    2.35
  60556.986    51.621    -0.95    2.15
  60933.159    51.027    -1.58    2.37
  61309.331    50.891    -0.36    2.42
  61685.502    50.081    -2.16    2.95
  62061.672    49.771    -0.82    2.89
  62437.841    49.378    -1.05    2.55
  62814.010    49.016    -0.96    2.55
  63190.178    49.332     0.84    2.35
  63566.345    49.226    -0.28    2.22
  63942.512    50.297     2.85    2.10
  64318.678    50.698     1.07    2.14
  64694.843    50.621    -0.20    2.14
  65071.007    50.427    -0.52    2.14
  65447.171    50.594     0.45    2.10
  65823.333    50.816     0.59    2.29
  66199.496    50.570    -0.65    2.20
  66575.657    51.134     1.50    2.29
  66951.818    51.215     0.22    2.11
  67327.978    51.405     0.51    2.00
  67704.137    51.297    -0.29    2.36
  68080.295    50.675    -1.65    2.28
  68456.453    50.570    -0.28    2.27
  68832.610    50.779     0.56    2.26
  69208.767    51.031     0.67    2.27
  69584.922    51.390     0.95    2.08
  69961.077    51.211    -0.48    1.79
  70337.232    50.675    -1.42    1.94
  70713.385    49.596    -2.87    2.25
  71089.538    49.174    -1.12    2.14
  71465.690    48.621    -1.47    2.33
  71841.842    47.864    -2.01    2.44
  72217.992    47.432    -1.15    2.71
  72594.142    46.324    -2.95    2.59
  72970.292    45.211    -2.96    2.48
  73346.440    44.985    -0.60    2.68
  73722.588    44.196    -2.10    2.44
  74098.736    44.648     1.20    2.79
  74474.882    45.371     1.92    3.25
  74851.028    45.596     0.60    3.53
  75227.173    45.108    -1.30    3.65
  75603.318    44.148    -2.55    3.54
  75979.462    44.016    -0.35    3.80
  76355.605    44.416     1.06    4.31
  76731.747    44.567     0.40    5.01
  77107.889    44.305    -0.70    4.62
  77484.030    44.046    -0.69    4.30
  77860.171    43.316    -1.94    3.76
  78236.311    43.243    -0.19    2.92
  78612.450    43.973     1.94    2.67
  78988.588    44.216     0.65    2.93
  79364.726    44.756     1.44    2.81
  79740.863    45.421     1.77    2.47
  80116.999    45.896     1.26    2.20
  80493.135    45.463    -1.15    2.46
  80869.270    44.270    -3.17    3.80
  81245.405    43.365    -2.41    4.37
  81621.538    42.411    -2.54    4.93
  81997.672    41.805    -1.61    4.83
  82373.804    41.864     0.16    4.47
  82749.936    42.955     2.90    4.05
  83126.067    43.538     1.55    3.28
  83502.198    44.174     1.69    2.96
  83878.328    44.996     2.19    2.62
  84254.457    45.386     1.04    2.06
  84630.585    44.384    -2.66    2.94
  85006.713    42.729    -4.40    3.15
  85382.841    41.837    -2.37    3.26
  85758.967    40.729    -2.95    2.39
  86135.093    40.649    -0.21    2.52
  86511.219    40.237    -1.10    2.77
  86887.343    40.544     0.82    2.87
  87263.468    40.540    -0.01    2.89
  87639.591    41.698     3.08    3.13
  88015.714    42.365     1.77    2.41
  88391.836    42.749     1.02    2.24
  88767.958    43.243     1.31    2.41
  89144.079    42.929    -0.83    2.55
  89520.199    42.677    -0.67    2.56
  89896.319    42.108    -1.51    2.62
  90272.438    41.432    -1.80    2.25
  90648.557    40.559    -2.32    2.61
  91024.674    39.775    -2.08    2.31
  91400.792    39.069    -1.88    2.27
  91776.908    38.260    -2.15    2.26
  92153.024    39.540     3.40    3.01
  92529.140    40.427     2.36    3.40
  92905.255    41.779     3.60    3.56
  93281.369    42.852     2.85    2.84
  93657.483    42.594    -0.69    3.08
  94033.596    42.569    -0.07    3.31
  94409.708    41.801    -2.04    3.14
  94785.820    41.148    -1.74    3.41
  95161.931    42.000     2.27    3.80
  95538.042    42.271     0.72    3.46
  95914.152    42.783     1.36    2.93
  96290.261    42.594    -0.50    2.46
  96666.370    42.540    -0.14    2.93
  97042.478    42.680     0.37    3.72
  97418.586    42.314    -0.97    4.99
  97794.693    41.288    -2.73    6.04
  98170.800    40.343    -2.51    6.61
  98546.906    38.832    -4.02    6.47
  98923.011    38.677    -0.41    6.74
  99299.116    38.351    -0.87    6.42
  99675.220    37.955    -1.05    7.03
 100051.324    38.027     0.19    6.08
 100427.427    40.069     5.43    3.92
 100803.529    40.095     0.07    3.44
 101179.631    39.596    -1.33    3.85
 101555.732    38.081    -4.03    4.38
 101931.833    36.346    -4.61    5.42
 102307.933    34.980    -3.63    5.81
 102684.033    34.427    -1.47    5.26
 103060.132    35.135     1.88    4.93
 103436.231    37.486     6.25    3.07
 103812.329    37.858     0.99    2.12
 104188.426    38.006     0.39    1.68
 104564.523    37.455    -1.47    1.84
 104940.619    37.771     0.84    2.41
 105316.715    38.332     1.49    2.35
 105692.810    38.982     1.73    2.29
 106068.905    39.200     0.58    2.43
 106444.999    38.570    -1.68    2.33
 106821.092    37.358    -3.22    2.89
 107197.185    36.482    -2.33    3.29
 107573.278    36.185    -0.79    3.08
 107949.370    36.260     0.20    3.59
 108325.461    37.346     2.89    3.60
 108701.552    38.134     2.09    3.28
 109077.642    38.010    -0.33    2.93
 109453.732    37.756    -0.67    2.66
 109829.821    37.054    -1.87    2.23
 110205.910    36.516    -1.43    2.44
 110581.998    36.621     0.28    2.22
 110958.086    36.946     0.86    2.03
 111334.173    37.021     0.20    2.54
 111710.312    37.160     0.37    2.42
 112086.503    36.726    -1.15    2.52
 112462.694    36.081    -1.72    2.24
 112838.884    35.108    -2.58    2.40
 113215.073    34.647    -1.23    1.94
 113591.262    34.843     0.52    2.14
 113967.451    34.672    -0.45    2.29
 114343.639    35.038     0.97    2.63
 114719.826    35.174     0.36    2.68
 115096.013    35.237     0.17    3.19
 115472.200    35.840     1.60    2.77
 115848.385    35.324    -1.37    2.52
 116224.571    35.594     0.72    2.36
 116600.756    35.682     0.23    2.82
 116976.940    35.788     0.28    2.91
