-125250.850   116.074     0.00   19.69
-124874.774   117.546     3.91   20.55
-124498.700   115.588    -5.21   20.24
-124122.628   110.433   -13.71   20.94
-123746.557   103.442   -18.59   17.78
-123370.487    97.185   -16.64   15.00
-122994.419    95.317    -4.97   13.13
-122618.353    93.804    -4.02   14.06
-122242.288    93.679    -0.33   13.26
-121866.224    91.587    -5.56   14.16
-121490.162    88.262    -8.84   12.97
-121114.102    86.837    -3.79   12.68
-120738.043    85.452    -3.68   11.72
-120361.985    86.324     2.32   16.28
-119985.929    93.997    20.40   22.21
-119609.875   101.047    18.75   23.51
-119233.822   111.407    27.55   21.83
-118857.770   118.407    18.61   22.43
-118481.720   125.890    19.90   19.12
-118105.672   136.371    27.87   15.89
-117729.624   141.818    14.48   14.38
-117353.579   147.972    16.36   12.10
-116977.535   155.269    19.40   10.40
-116601.492   158.831     9.47   10.91
-116225.451   161.479     7.04   10.99
-115849.411   162.912     3.81   10.58
-115473.373   162.285    -1.67   10.19
-115097.336   160.751    -4.08    7.73
-114721.301   158.824    -5.12    9.28
-114345.267   155.495    -8.85   10.79
-113969.235   149.546   -15.82   12.17
-113593.204   140.613   -23.76   11.81
-113217.174   132.750   -20.91   12.01
-112841.146   120.942   -31.40   15.42
-112465.120   106.311   -38.91   19.77
-112089.095    90.048   -43.25   21.69
-111713.071    72.858   -45.72   18.72
-111337.049    59.548   -35.40   12.79
-110961.028    55.749   -10.10   10.13
-110585.009    58.303     6.79   13.45
-110208.991    66.561    21.96   17.65
-109832.974    78.128    30.76   15.88
-109456.960    84.912    18.04   14.55
-109080.946    92.966    21.42   13.92
-108704.934    97.331    11.61   11.58
-108328.923    96.624    -1.88   13.07
-107952.914    95.679    -2.51   14.26
-107576.906    95.074    -1.61   12.75
-107200.900    97.638     6.82   13.65
-106824.895   101.074     9.14   14.67
-106448.892   104.995    10.43   16.98
-106072.890   110.885    15.66   17.83
-105696.889   115.536    12.37   16.08
-105320.890   122.074    17.39   13.91
-104944.892   127.627    14.77   16.97
-104568.896   137.024    24.99   15.41
-104192.901   145.927    23.68   10.72
-103816.907   151.337    14.39    8.70
-103440.915   156.777    14.47    6.89
-103064.924   161.831    13.44    6.59
-102688.935   166.696    12.94    5.25
-102312.947   170.741    10.76    5.53
-101936.864   174.715    10.57    5.58
-101560.599   176.792     5.52    4.84
-101184.335   177.258     1.24    4.00
-100808.073   175.442    -4.83    5.32
-100431.812   172.843    -6.91    5.65
-100055.553   167.330   -14.65    8.49
 -99679.295   160.723   -17.56   11.04
 -99303.039   152.100   -22.92   13.07
 -98926.784   140.435   -31.00   15.85
 -98550.530   129.317   -29.55   19.71
 -98174.278   120.600   -23.17   19.28
 -97798.027   114.355   -16.60   17.22
 -97421.777   113.843    -1.36   14.08
 -97045.529   113.416    -1.14   12.67
 -96669.282   118.534    13.60   13.66
 -96293.037   128.939    27.66   13.84
 -95916.793   136.880    21.11    9.05
 -95540.550   143.285    17.02    8.21
 -95164.309   148.510    13.89    7.16
 -94788.069   153.344    12.85    7.60
 -94411.831   159.048    15.16    6.26
 -94035.594   163.433    11.65    7.33
 -93659.358   168.766    14.18    8.18
 -93283.124   172.263     9.29    9.40
 -92906.891   174.899     7.01   10.70
 -92530.659   177.047     5.71   11.67
 -92154.429   182.074    13.36   11.94
 -91778.200   184.966     7.69   11.23
 -91401.973   187.760     7.43   10.10
 -91025.746   190.228     6.56    9.87
 -90649.522   194.279    10.77   10.87
 -90273.298   198.685    11.71   11.59
 -89897.076   205.153    17.19    8.75
 -89520.855   208.574     9.09    5.76
 -89144.636   207.890    -1.82    7.52
 -88768.418   204.766    -8.30    7.60
 -88392.201   202.047    -7.23    6.93
 -88015.986   197.258   -12.73    8.79
 -87639.772   190.390   -18.26   10.45
 -87263.560   181.869   -22.65   12.17
 -86887.348   172.344   -25.32   11.41
 -86511.138   165.818   -17.35   10.81
 -86134.930   157.972   -20.86   11.55
 -85758.723   153.831   -11.01   11.66
 -85382.517   150.912    -7.76   11.09
 -85006.312   149.642    -3.38   10.26
 -84630.109   153.587    10.49    7.67
 -84253.907   156.946     8.93    7.10
 -83877.706   159.617     7.10    5.36
 -83501.507   161.920     6.12    4.02
 -83125.309   159.600    -6.17    6.09
 -82749.113   156.935    -7.08    6.22
 -82372.917   155.416    -4.04    6.30
 -81996.723   153.638    -4.73    6.49
 -81620.531   150.382    -8.66    7.99
 -81244.339   145.390   -13.27    9.27
 -80868.149   138.274   -18.92    9.82
 -80491.961   131.046   -19.21   10.06
 -80115.773   125.774   -14.01   11.07
 -79739.587   122.177    -9.56    9.61
 -79363.402   123.988     4.82   11.13
 -78987.219   127.885    10.36   10.69
 -78611.037   130.696     7.47    8.80
 -78234.856   132.831     5.68    7.79
 -77858.677   135.416     6.87    7.55
 -77482.498   137.723     6.13    8.67
 -77106.321   141.649    10.44    8.02
 -76730.146   144.390     7.29    6.54
 -76353.971   143.723    -1.77    5.50
 -75977.798   142.177    -4.11    6.12
 -75601.627   141.023    -3.07    6.72
 -75225.456   136.153   -12.95    5.80
 -74849.287   132.769    -9.00    6.98
 -74473.119   125.920   -18.21    9.18
 -74096.953   118.546   -19.60   10.87
 -73720.787   111.510   -18.71   11.39
 -73344.623   102.920   -22.84   13.30
 -72968.460    95.474   -19.80   12.04
 -72592.299    89.588   -15.65   11.88
 -72216.139    87.209    -6.32   13.01
 -71839.980    89.258     5.45   14.70
 -71463.822    91.337     5.53   14.91
 -71087.666    93.102     4.69   13.25
 -70711.511    91.774    -3.53   14.02
 -70335.357    89.023    -7.31   13.40
 -69959.204    86.344    -7.12   11.04
 -69583.053    83.317    -8.05    9.30
 -69206.903    79.548   -10.02   10.00
 -68830.754    75.177   -11.62    9.17
 -68454.607    72.669    -6.67    8.24
 -68078.461    72.613    -0.15    9.72
 -67702.316    73.630     2.70   10.49
 -67326.172    74.920     3.43   11.21
 -66950.029    74.202    -1.91   10.01
 -66573.888    73.293    -2.42    7.27
 -66197.748    69.206   -10.87    8.54
 -65821.609    62.561   -17.67    8.24
 -65445.472    56.561   -15.95    9.19
 -65069.336    51.305   -13.97    9.97
 -64693.201    49.317    -5.28    8.78
 -64317.067    49.561     0.65   10.73
 -63940.934    50.972     3.75   11.29
 -63564.803    54.939    10.55    9.38
 -63188.673    58.442     9.31    9.90
 -62812.544    63.151    12.52   11.25
 -62436.417    68.023    12.95   10.94
 -62060.290    70.669     7.03   13.35
 -61684.165    71.972     3.46   15.25
 -61308.041    74.642     7.10   17.74
 -60931.919    77.020     6.32   15.58
 -60555.797    80.993    10.56   12.77
 -60179.677    83.137     5.70   10.69
 -59803.558    87.330    11.15    9.54
 -59427.440    89.356     5.39    6.79
 -59051.324    88.491    -2.30    4.88
 -58675.208    84.382   -10.92    7.03
 -58299.094    77.241   -18.99    9.24
 -57922.981    67.818   -25.05   12.78
 -57546.870    57.337   -27.87   12.07
 -57170.759    50.831   -17.30    9.21
 -56794.650    48.101    -7.26    7.51
 -56418.542    45.074    -8.05    8.57
 -56042.435    44.855    -0.58    8.91
 -55666.329    47.324     6.57   10.65
 -55290.225    53.048    15.22   13.52
 -54914.122    63.206    27.01    9.78
 -54538.020    68.507    14.09    5.15
 -54161.919    68.534     0.07    4.57
 -53785.819    65.560    -7.91    5.70
 -53409.721    61.946    -9.61    5.83
 -53033.623    58.177   -10.02    6.20
 -52657.527    55.491    -7.14    6.17
 -52281.432    55.664     0.46    7.89
 -51905.339    58.213     6.78   10.53
 -51529.246    66.258    21.39   12.67
 -51153.155    76.228    26.51   10.16
 -50777.065    82.442    16.52    7.74
 -50400.976    86.642    11.17    5.08
 -50024.888    88.337     4.51    3.73
 -49648.801    89.199     2.29    3.59
 -49272.716    90.885     4.48    4.32
 -48896.631    92.305     3.78    5.66
 -48520.548    94.750     6.50    5.71
 -48144.466    96.182     3.81    5.18
 -47768.386    93.479    -7.19    6.61
 -47392.306    89.360   -10.95    7.41
 -47016.227    83.382   -15.90    8.72
 -46640.150    76.924   -17.17    7.12
 -46264.074    71.157   -15.33    7.65
 -45887.999    63.099   -21.43    9.78
 -45511.925    58.706   -11.68    9.89
 -45135.853    57.741    -2.57    9.58
 -44759.781    61.101     8.94   12.55
 -44383.711    67.100    15.95   11.49
 -44007.642    71.407    11.45    8.26
 -43631.574    73.020     4.29    6.90
 -43255.507    74.442     3.78    5.87
 -42879.441    78.131     9.81    6.30
 -42503.376    82.741    12.26    7.01
 -42127.313    89.792    18.75    8.14
 -41751.250    94.407    12.27    6.98
 -41375.189    94.696     0.77    7.53
 -40999.129    89.615   -13.51   10.31
 -40623.070    85.995    -9.62    9.73
 -40247.012    85.074    -2.45   11.07
 -39870.956    86.615     4.10   13.23
 -39494.900    89.587     7.90   12.03
 -39118.846    87.074    -6.68   12.60
 -38742.793    81.416   -15.05   11.99
 -38366.740    74.317   -18.88   11.12
 -37990.689    67.649   -17.73   11.36
 -37614.640    59.627   -21.33   10.90
 -37238.591    53.020   -17.57    9.57
 -36862.543    47.561   -14.52    7.90
 -36486.497    44.019    -9.42    6.71
 -36110.451    40.407    -9.60    7.09
 -35734.407    36.048   -11.59    6.12
 -35358.364    33.331    -7.23    4.62
 -34982.321    30.966    -6.29    3.06
 -34606.280    30.993     0.07    3.54
 -34230.241    30.669    -0.86    4.13
 -33854.202    31.549     2.34    4.97
 -33478.164    31.696     0.39    5.25
 -33102.128    33.600     5.07    6.32
 -32726.092    35.732     5.67    6.40
 -32350.058    34.741    -2.64    9.21
 -31974.024    30.885   -10.25   12.20
 -31597.992    26.574   -11.46   13.30
 -31221.961    22.521   -10.78   11.78
 -30845.931    21.546    -2.59    9.76
 -30469.902    21.858     0.83    7.62
 -30093.874    23.713     4.93    5.45
 -29717.848    24.613     2.39    4.30
 -29341.822    24.228    -1.02    2.90
 -28965.798    23.360    -2.31    3.20
 -28589.774    20.997    -6.28    4.28
 -28213.752    18.479    -6.70    4.38
 -27837.730    16.880    -4.25    3.58
 -27461.710    16.305    -1.53    3.50
 -27085.691    16.100    -0.54    2.99
 -26709.527    15.407    -1.84    2.29
 -26333.301    14.574    -2.21    1.97
 -25957.075    13.774    -2.13    1.36
 -25580.850    13.993     0.58    2.42
 -25204.627    15.689     4.51    3.57
 -24828.405    17.766     5.52    4.00
 -24452.183    18.769     2.66    3.59
 -24075.963    17.885    -2.35    3.70
 -23699.744    16.155    -4.60    3.70
 -23323.526    14.182    -5.24    4.22
 -22947.309    13.969    -0.57    4.91
 -22571.093    14.213     0.65    5.20
 -22194.878    13.549    -1.76    6.30
 -21818.664    13.495    -0.14    5.92
 -21442.451    13.963     1.24    4.50
 -21066.239    13.125    -2.23    5.04
 -20690.028    12.179    -2.51    5.09
 -20313.819     9.864    -6.16    6.30
 -19937.610     5.337   -12.03    6.70
 -19561.402     4.459    -2.34    6.68
 -19185.196     7.047     6.88    8.20
 -18808.990    10.459     9.07    7.88
 -18432.786    13.274     7.48    5.09
 -18056.582    13.960     1.82    4.11
 -17680.380    12.993    -2.57    3.41
 -17304.178    12.452    -1.44    2.15
 -16927.978    11.507    -2.51    2.93
 -16551.779     9.588    -5.10    2.91
 -16175.580     8.907    -1.81    2.96
 -15799.383     7.997    -2.42    3.67
 -15423.187     7.972    -0.07    4.66
 -15046.992     8.398     1.13    5.23
 -14670.797     8.382    -0.04    4.80
 -14294.604     9.100     1.91    4.35
 -13918.412    12.407     8.79    4.71
 -13542.221    14.615     5.87    4.43
 -13166.030    15.689     2.86    3.94
 -12789.841    14.991    -1.86    4.61
 -12413.653    12.715    -6.05    4.99
 -12037.466    10.125    -6.88    3.70
 -11661.280     8.012    -5.62    2.14
 -11285.095     6.895    -2.97    2.44
 -10908.911     5.939    -2.54    2.53
 -10532.727     5.046    -2.37    2.08
 -10156.545     4.398    -1.72    1.73
  -9780.364     4.241    -0.42    1.48
  -9404.184     3.890    -0.93    1.39
  -9028.005     3.766    -0.33    1.34
  -8651.827     4.128     0.96    1.08
  -8275.650     4.125    -0.01    1.02
  -7899.473     3.895    -0.61    1.43
  -7523.298     3.818    -0.20    1.55
  -7147.124     3.182    -1.69    1.63
  -6770.951     2.151    -2.74    1.99
  -6394.779     2.479     0.87    2.54
  -6018.607     2.425    -0.14    3.33
  -5642.437     1.912    -1.37    3.45
  -5266.268     1.105    -2.14    3.17
  -4890.100    -0.311    -3.76    2.10
  -4513.932    -0.926    -1.64    0.00
  -4137.766    -0.620     0.81    0.89
  -3761.601    -0.005     1.64    1.42
  -3385.436     0.241     0.65    1.50
  -3009.273     0.258     0.05    1.31
  -2633.110     0.048    -0.56    1.11
  -2256.949    -0.331    -1.01    0.76
  -1880.788    -0.347    -0.04    0.76
  -1504.628    -0.387    -0.11    0.79
  -1128.470     0.382     2.04    1.52
   -752.312     0.696     0.83    1.55
   -376.155     0.484    -0.56    1.60
      0.000     0.020    -1.23    1.58
    376.155     0.452     1.15    4.06
    752.309     3.696     8.62    6.84
   1128.462     7.303     9.59    7.30
   1504.614    11.330    10.71    5.64
   1880.765    12.305     2.59    3.88
   2256.915    12.574     0.72    3.60
   2633.064    13.151     1.53    3.23
   3009.212    14.824     4.45    3.78
   3385.360    16.804     5.26    4.16
   3761.506    18.997     5.83    3.15
   4137.651    20.209     3.22    2.57
   4513.796    20.153    -0.15    2.14
   4889.939    19.311    -2.24    3.26
   5266.082    17.524    -4.75    5.10
   5642.224    17.155    -0.98    5.07
   6018.364    18.174     2.71    4.52
   6394.504    18.766     1.57    3.12
   6770.643    20.213     3.85    2.66
   7146.781    21.507     3.44    2.38
   7522.918    22.398     2.37    2.30
   7899.054    23.364     2.57    1.59
   8275.189    23.949     1.56    1.57
   8651.324    24.574     1.66    1.58
   9027.457    25.674     2.92    1.82
   9403.589    25.942     0.71    1.80
   9779.721    25.627    -0.84    2.30
  10155.852    26.232     1.61    3.00
  10531.981    26.689     1.22    3.28
  10908.110    27.442     2.00    3.17
  11284.238    28.519     2.86    2.51
  11660.365    28.561     0.11    2.92
  12036.491    29.435     2.32    2.95
  12412.616    30.049     1.63    3.33
  12788.741    30.766     1.91    3.79
  13164.864    31.388     1.65    3.72
  13540.987    31.804     1.10    4.07
  13917.108    32.534     1.94    4.39
  14293.229    34.285     4.66    7.44
  14669.349    36.843     6.80    8.41
  15045.468    38.696     4.93    7.92
  15421.586    40.433     4.62    5.68
  15797.703    41.228     2.11    3.96
  16173.820    42.442     3.23    3.43
  16549.935    44.398     5.20    2.78
  16926.050    44.792     1.05    3.21
  17302.163    47.151     6.27    4.86
  17678.276    49.685     6.74    6.90
  18054.388    52.330     7.03    7.80
  18430.499    53.963     4.34    7.57
  18806.609    54.416     1.21    7.22
  19182.719    55.279     2.29    8.34
  19558.827    55.199    -0.21    6.93
  19934.935    62.507    19.43   14.87
  20311.042    72.390    26.28   18.64
  20687.147    79.425    18.71   16.98
  21063.252    82.048     6.97   15.32
  21439.357    82.534     1.29   16.83
  21815.460    83.151     1.64   17.02
  22191.562    82.202    -2.52   18.68
  22567.664    88.151    15.82   19.05
  22943.765    93.777    14.96   16.86
  23319.865    97.382     9.59   17.32
  23695.964   102.232    12.90   16.23
  24072.062   108.907    17.75   15.41
  24448.159   116.074    19.06   12.31
  24824.256   121.804    15.23    9.59
  25200.351   120.939    -2.30   12.69
  25576.446   118.510    -6.46   12.27
  25952.540   116.949    -4.15    7.58
  26328.633   112.689   -11.33   14.16
  26704.726   104.279   -22.36   22.95
  27080.817    98.241   -16.06   23.96
  27456.908    95.074    -8.42   22.55
  27832.998   100.425    14.23   21.84
  28209.087   112.407    31.86   22.35
  28585.175   126.206    36.69   18.69
  28961.262   133.574    19.59   11.84
  29337.349   131.263    -6.14   14.62
  29713.435   115.869   -40.93   25.93
  30089.519    98.254   -46.84   26.96
  30465.604    81.824   -43.69   17.17
  30841.687    79.182    -7.02   15.75
  31217.769    90.669    30.54   22.63
  31593.851   107.479    44.70   22.54
  31969.932   122.534    40.03   18.97
  32346.012   134.251    31.16    9.74
  32722.091   139.374    13.62    8.76
  33098.169   140.356     2.61    8.41
  33474.247   140.074    -0.75    8.89
  33850.324   136.074   -10.64   10.95
  34226.400   130.831   -13.94   12.87
  34602.475   118.548   -32.66   21.14
  34978.549   102.574   -42.47   26.08
  35354.623    91.484   -29.49   22.87
  35730.696    88.588    -7.70   21.23
  36106.768    93.890    14.10   24.05
  36482.839   107.449    36.05   22.65
  36858.909   122.769    40.74   17.79
  37234.979   133.074    27.40   16.59
  37611.048   145.290    32.48   11.47
  37987.116   153.642    22.21   10.58
  38363.183   163.047    25.01   10.07
  38739.250   167.435    11.67    9.04
  39115.315   165.125    -6.14   11.00
  39491.380   156.254   -23.59   17.95
  39867.444   140.209   -42.66   25.25
  40243.508   126.587   -36.22   20.45
  40619.571   120.715   -15.61   20.22
  40995.632   125.972    13.98   24.91
  41371.693   139.232    35.26   21.91
  41747.754   145.356    16.29   17.31
  42123.813   147.963     6.93   15.99
  42499.872   147.364    -1.59   17.00
  42875.930   147.715     0.93   14.55
  43251.987   149.956     5.96    7.81
  43628.044   148.638    -3.51    7.94
  44004.100   140.993   -20.33   13.56
  44380.155   127.796   -35.09   20.62
  44756.209   109.588   -48.42   24.28
  45132.262   101.991   -20.20   19.71
  45508.315   100.206    -4.75   19.66
  45884.367   106.049    15.54   21.99
  46260.418   109.561     9.34   21.65
  46636.469   109.664     0.27   22.17
  47012.519   105.048   -12.28   19.55
  47388.568    96.613   -22.43   19.67
  47764.616    82.507   -37.51   16.73
  48140.670    75.774   -17.90   14.13
  48516.863    72.750    -8.04   12.53
  48893.056    74.128     3.66   16.51
  49269.247    80.479    16.88   19.93
  49645.438    87.531    18.75   24.05
  50021.628    94.305    18.01   25.23
  50397.818   107.484    35.03   20.58
  50774.007   114.074    17.52   15.82
  51150.195   120.885    18.10   13.38
  51526.382   125.380    11.95    9.72
  51902.569   124.442    -2.49    8.39
  52278.754   119.149   -14.07   14.24
  52654.940   110.615   -22.69   17.74
  53031.124    94.837   -41.94   20.89
  53407.308    77.627   -45.75   18.46
  53783.491    65.638   -31.87   17.38
  54159.673    52.723   -34.33   13.25
  54535.855    45.449   -19.34    9.95
  54912.035    43.837    -4.28    7.04
  55288.216    49.020    13.78   11.71
  55664.395    57.209    21.77   11.80
  56040.574    65.157    21.13    6.78
  56416.752    68.177     8.03    3.41
  56792.929    70.638     6.54    7.42
  57169.106    75.274    12.32   10.48
  57545.282    86.484    29.80   16.89
  57921.457   101.317    39.43   17.02
  58297.632   114.769    35.76   16.38
  58673.805   126.459    31.08   10.71
  59049.979   131.890    14.44    9.37
  59426.151   134.254     6.28    8.37
  59802.323   134.127    -0.34    8.77
  60178.494   133.792    -0.89    7.37
  60554.664   129.491   -11.43    8.96
  60930.834   125.674   -10.15   10.66
  61307.003   120.613   -13.46    9.91
  61683.172   115.657   -13.17    7.57
  62059.339   113.750    -5.07    5.47
  62435.506   110.966    -7.40    4.46
  62811.673   106.885   -10.85    5.78
  63187.838   101.574   -14.12    7.04
  63564.003    97.407   -11.08    6.32
  63940.168    95.638    -4.70    5.64
  64316.331    95.285    -0.94    6.01
  64692.494    93.642    -4.37    6.71
  65068.657    91.946    -4.51    6.28
  65444.819    90.127    -4.84    4.05
  65820.980    89.942    -0.49    3.39
  66197.140    90.852     2.42    3.07
  66573.300    86.638   -11.20   12.61
  66949.459    83.769    -7.63   18.23
  67325.617    77.664   -16.23   23.93
  67701.775    74.613    -8.11   25.32
  68077.932    67.692   -18.40   26.89
  68454.088    59.993   -20.47   24.78
  68830.244    51.993   -21.27   20.08
  69206.399    43.209   -23.35   12.55
  69582.554    39.020   -11.14    7.11
  69958.708    37.685    -3.55    4.19
  70334.861    37.843     0.42    3.33
  70711.014    37.587    -0.68    3.49
  71087.166    36.831    -2.01    3.06
  71463.317    37.100     0.72    2.47
  71839.468    37.942     2.24    2.70
  72215.618    36.151    -4.76    4.40
  72591.767    34.425    -4.59    5.83
  72967.916    32.587    -4.89    5.34
  73344.064    30.074    -6.68    4.90
  73720.212    30.920     2.25    5.34
  74096.359    31.279     0.95    5.53
  74472.505    32.793     4.02    5.90
  74848.651    35.484     7.16    7.28
  75224.796    37.642     5.74    9.04
  75600.940    39.723     5.53    8.97
  75977.084    41.792     5.50    8.32
  76353.227    43.435     4.37    7.41
  76729.370    46.664     8.58    7.11
  77105.512    50.613    10.50    6.31
  77481.653    55.750    13.66    4.87
  77857.794    59.151     9.04    4.56
  78233.934    61.330     5.79    3.55
  78610.074    62.048     1.91    2.40
  78986.213    61.344    -1.87    2.33
  79362.351    61.127    -0.58    2.35
  79738.489    60.831    -0.79    4.01
  80114.626    59.858    -2.59    6.38
  80490.763    60.020     0.43    7.20
  80866.899    59.887    -0.35    7.97
  81243.034    61.023     3.02    8.26
  81619.169    62.228     3.20    8.25
  81995.303    65.019     7.42    8.08
  82371.437    66.638     4.31    7.29
  82747.570    66.602    -0.10    7.75
  83123.703    67.741     3.03    7.56
  83499.835    68.337     1.59    7.08
  83875.966    71.344     7.99    4.77
  84252.097    73.561     5.89    4.83
  84628.227    75.997     6.48    4.40
  85004.356    76.416     1.11    4.22
  85380.485    77.155     1.97    3.75
  85756.614    77.228     0.19    3.57
  86132.742    76.723    -1.34    4.10
  86508.869    73.588    -8.34    7.32
  86884.996    65.398   -21.77   12.56
  87261.122    58.474   -18.41    9.80
  87637.248    60.766     6.09   11.40
  88013.373    67.299    17.37   14.30
  88389.497    74.020    17.87   12.64
  88765.621    79.433    14.39    9.04
  89141.745    82.880     9.16    7.81
  89517.867    80.337    -6.76   10.06
  89893.990    82.074     4.62   13.66
  90270.111    84.785     7.21   16.79
  90646.233    85.685     2.39   19.06
  91022.353    91.127    14.47   19.43
  91398.473    90.349    -2.07   17.75
  91774.593    87.963    -6.34   17.79
  92150.712    92.228    11.34   19.36
  92526.830   102.179    26.46   22.08
  92902.948   112.507    27.46   16.53
  93279.066   110.101    -6.40   16.90
  93655.183    94.185   -42.32   26.01
  94031.299    82.664   -30.63   23.10
  94407.415    82.774     0.29   23.58
  94783.530    93.831    29.40   26.24
  95159.645   108.274    38.40   17.90
  95535.759   112.074    10.10   12.32
  95911.872   102.337   -25.89   21.79
  96287.986    91.939   -27.65   21.15
  96664.098    82.715   -24.52   19.43
  97040.210    73.966   -23.26   19.43
  97416.322    67.963   -15.96   17.63
  97792.433    66.574    -3.69   17.61
  98168.544    64.241    -6.20   17.91
  98544.654    66.869     6.99   20.18
  98920.763    63.638    -8.59   18.81
  99296.872    58.407   -13.91   15.87
  99672.981    51.561   -18.20    9.93
 100049.089    52.263     1.87   10.98
 100425.196    56.452    11.14   17.25
 100801.303    61.874    14.42   22.18
 101177.410    65.750    10.30   25.31
 101553.516    67.679     5.13   23.79
 101929.621    70.153     6.58   21.02
 102305.726    65.679   -11.89   14.87
 102681.831    64.696    -2.62   12.76
 103057.935    65.228     1.42   13.07
 103434.038    64.311    -2.44   13.28
 103810.141    65.657     3.58   13.13
 104186.244    66.561     2.40   14.02
 104562.346    67.988     3.80   15.12
 104938.447    69.587     4.25   14.62
 105314.548    68.664    -2.45   14.13
 105690.649    66.983    -4.47   13.23
 106066.749    69.020     5.42   13.75
 106442.849    71.155     5.68   14.40
 106818.948    70.155    -2.66   12.34
 107195.047    70.254     0.26   12.89
 107571.145    71.995     4.63   13.38
 107947.243    71.843    -0.40   13.92
 108323.340    72.177     0.89   15.01
 108699.437    72.561     1.02   14.95
 109075.533    71.669    -2.37   14.60
 109451.629    76.254    12.19   17.65
 109827.724    81.433    13.77   19.00
 110203.819    85.657    11.23   21.43
 110579.914    87.182     4.05   21.53
 110956.008    88.588     3.74   20.70
 111332.101    91.885     8.77   17.73
 111708.194    89.715    -5.77   19.09
 112084.287    83.862   -15.56   16.17
 112460.379    81.561    -6.12   15.30
 112836.471    81.337    -0.60   15.17
 113212.562    88.102    17.99   20.72
 113588.653    98.920    28.77   24.58
 113964.744   111.561    33.61   20.55
 114340.834   122.995    30.40   15.61
 114716.923   126.495     9.31   14.49
 115093.012   128.510     5.36   11.55
 115469.101   127.642    -2.31   11.96
 115845.189   126.587    -2.80   12.28
 116221.277   129.374     7.41   11.18
 116597.364   135.630    16.63   10.60
 116973.451   141.642    15.99    6.53
 117349.538   143.696     5.46    6.95
 117725.624   143.912     0.57    6.66
 118101.709   143.966     0.14    7.62
 118477.795   139.131   -12.86   14.10
 118853.879   124.574   -38.71   24.02
 119229.964   115.600   -23.86   20.54
 119606.048   114.371    -3.27   18.32
 119982.131   120.895    17.35   20.11
 120358.214   127.942    18.74   16.08
 120734.297   131.416     9.24   15.29
 121110.379   137.777    16.91   12.40
 121486.461   141.741    10.54   11.19
 121862.543   146.824    13.52    7.81
 122238.624   148.074     3.32    6.50
 122614.704   144.305   -10.02   10.84
 122990.785   140.605    -9.84   14.97
 123366.895   136.653   -10.51   13.79
 123743.052   135.398    -3.34   12.41
 124119.209   142.380    18.56   10.87
 124495.365   148.020    14.99    9.10
 124871.521   151.657     9.67    7.12
 125247.676   152.100     1.18    7.32
 125623.831   152.407     0.82    7.70
 125999.986   155.074     7.09    9.22
 126376.140   154.997    -0.20    9.69
 126752.294   151.664    -8.86   12.06
 127128.447   142.382   -24.68   16.09
 127504.600   130.534   -31.50   13.78
 127880.753   123.664   -18.26    9.57
 128256.905   118.696   -13.21    9.10
 128633.057   114.398   -11.42    9.37
 129009.208   111.479    -7.76   10.02
 129385.360   109.949    -4.07   10.58
 129761.510   108.023    -5.12   10.22
 130137.661   107.890    -0.35   10.76
 130513.811   106.185    -4.53   10.45
 130889.960   104.074    -5.61    9.65
 131266.110   101.685    -6.35   10.18
 131642.259   100.679    -2.67   10.37
 132018.407    98.484    -5.84    9.43
 132394.555    95.317    -8.42    9.34
 132770.703    92.600    -7.22    9.20
 133146.851    91.895    -1.88    9.22
 133522.998    95.258     8.94   11.62
 133899.144    99.642    11.65   10.67
 134275.291   103.330     9.81    8.28
 134651.437   104.912     4.20    7.62
 135027.582   100.912   -10.63    8.76
 135403.728    98.939    -5.25    9.54
 135779.873    98.788    -0.40    9.70
 136156.017   102.023     8.60   11.16
 136532.162   107.177    13.70    8.96
 136908.306   105.769    -3.74    9.71
 137284.449   104.356    -3.75   10.28
 137660.593   103.407    -2.52   10.11
 138036.735   104.804     3.71   11.62
 138412.878   106.561     4.67   11.93
 138789.020   105.642    -2.44   12.68
 139165.162   105.206    -1.16   11.21
 139541.304   107.521     6.16   10.93
 139917.445   114.899    19.61   10.91
 140293.586   120.371    14.55   10.60
 140669.727   124.274    10.38    8.55
 141045.867   123.664    -1.62   11.61
 141422.007   121.657    -5.33   11.88
 141798.147   120.912    -1.98    9.99
 142174.286   120.435    -1.27    6.90
 142550.425   119.311    -2.99    8.19
 142926.564   115.349   -10.53   12.81
 143302.702   110.630   -12.55   15.15
 143678.840   104.999   -14.97   14.18
 144054.978    98.416   -17.50   12.99
 144431.115    95.600    -7.49   13.90
 144807.253    92.048    -9.45   12.29
 145183.389    90.382    -4.43   12.15
 145559.526    86.179   -11.17   12.11
 145935.662    81.963   -11.21   13.00
 146311.798    76.356   -14.91   13.08
 146687.934    74.352    -5.33   10.11
 147064.069    77.224     7.64   11.82
 147440.204    84.330    18.89   14.35
 147816.339    86.241     5.08   11.73
 148192.473    81.236   -13.31   15.30
 148568.607    70.912   -27.45   13.88
 148944.741    65.285   -14.96    7.86
 149320.875    67.177     5.03   10.05
 149697.008    70.317     8.35   10.63
 150073.141    76.561    16.60   12.54
 150449.274    80.972    11.73   13.71
 150825.406    81.679     1.88   14.26
 151201.539    79.534    -5.70   14.52
 151577.671    76.125    -9.06   12.70
 151953.802    74.792    -3.54   10.32
 152329.933    76.713     5.11   11.31
 152706.065    82.766    16.09   12.55
 153082.195    91.269    22.60   11.15
 153458.326    95.758    11.94    9.55
 153834.456   100.125    11.61   10.54
 154210.586   105.543    14.40   10.81
 154586.716   110.777    13.92   10.10
 154962.845   110.232    -1.45   10.75
 155338.975   109.804    -1.14   11.01
 155715.104   106.997    -7.46   11.74
 156091.232   103.561    -9.14   10.35
 156467.361   104.638     2.87    8.83
 156843.489   105.305     1.77    8.85
 157219.617   104.895    -1.09    9.63
 157595.745   105.750     2.27   10.01
 157971.872   106.177     1.13   13.66
 158347.999   103.706    -6.57   13.18
 158724.126   102.435    -3.38   11.81
 159100.253   102.155    -0.74   11.92
 159476.379   103.101     2.51   12.23
 159852.506   108.047    13.15   14.17
 160228.632   115.664    20.25   12.60
 160604.757   118.855     8.49   11.66
 160980.883   121.613     7.33   10.18
 161357.008   123.664     5.45   10.44
 161733.133   125.741     5.52   10.94
 162109.258   127.536     4.77   14.07
 162485.383   131.263     9.91   13.75
 162861.507   134.766     9.31   14.64
 163237.631   135.153     1.03   13.83
 163613.755   136.442     3.43   13.06
 163989.879   132.182   -11.33   13.61
 164366.002   126.330   -15.56   13.92
 164742.125   121.664   -12.41   12.39
 165118.249   117.646   -10.68   11.38
 165494.371   119.804     5.74   10.09
 165870.494   119.155    -1.72   10.78
 166246.616   116.371    -7.40   11.07
 166622.739   113.750    -6.97   12.15
 166998.861   113.633    -0.31   13.03
 167374.982   116.999     8.95   15.43
 167751.104   121.613    12.27   15.79
 168127.225   122.885     3.38   14.15
 168503.346   124.510     4.32   13.37
 168879.467   126.831     6.17   11.07
 169255.588   123.390    -9.15   11.51
 169631.709   121.206    -5.81   12.43
 170007.829   115.228   -15.89   14.36
 170383.949   108.352   -18.28   12.78
 170760.069   102.258   -16.20   13.60
 171136.189    94.449   -20.76   15.70
 171512.309    88.574   -15.62   14.48
 171888.428    86.074    -6.65   12.87
 172264.547    84.966    -2.95   12.36
 172640.666    88.344     8.98   15.01
 173016.785    91.047     7.19   16.06
 173392.904    96.296    13.96   14.00
 173769.023   101.484    13.79   14.68
 174145.141   103.407     5.11   15.56
 174521.259   107.425    10.68   15.34
 174897.377   105.664    -4.68   17.56
 175273.495    99.153   -17.31   17.61
 175649.613    95.356   -10.09   15.33
 176025.730    86.890   -22.51   14.18
 176401.847    82.741   -11.03   13.87
 176777.964    82.935     0.52   12.90
 177154.081    83.669     1.95   11.91
 177530.198    91.021    19.55    9.54
 177906.315    95.674    12.37    7.02
 178282.432    96.920     3.31    6.60
 178658.548    96.023    -2.39    7.65
 179034.664    92.963    -8.14    8.51
 179410.780    91.155    -4.81    9.15
 179786.896    89.157    -5.31    8.72
 180163.012    84.837   -11.49   10.37
 180539.127    83.799    -2.76   10.13
 180915.243    82.831    -2.57    8.66
 181291.358    87.305    11.90    9.34
 181667.473    92.653    14.22    8.41
 182043.588    97.442    12.73    9.88
 182419.703    99.669     5.92    9.14
 182795.818    98.849    -2.18   10.57
 183171.933    96.209    -7.02    9.99
 183548.047    93.128    -8.19   10.24
 183924.161    91.209    -5.10    8.85
 184300.276    89.074    -5.68    8.67
 184676.390    85.536    -9.41    9.48
 185052.504    85.330    -0.55   10.35
 185428.617    85.463     0.35   10.13
 185804.731    89.047     9.53   10.55
 186180.845    94.290    13.94    8.94
 186556.958    96.732     6.49   10.78
 186933.072    97.899     3.10    9.42
 187309.185    97.344    -1.47   10.22
 187685.298    96.311    -2.75   11.42
 188061.411    92.600    -9.87   12.45
 188437.524    89.279    -8.83   12.64
 188813.637    81.993   -19.37   14.37
 189189.749    76.999   -13.28   12.28
 189565.862    78.433     3.81   14.18
 189941.974    86.182    20.60   18.15
 190318.087   100.155    37.15   17.86
 190694.199   112.912    33.92   11.25
 191070.311   118.600    15.12    7.24
 191446.423   121.382     7.40    5.42
 191822.535   123.017     4.35    5.25
 192198.647   123.561     1.45    7.03
 192574.759   121.179    -6.33   12.92
 192950.870   116.074   -13.57   16.01
 193326.982   107.125   -23.79   19.86
 193703.093    99.510   -20.25   20.51
 194079.205    90.442   -24.11   21.45
 194455.316    86.642   -10.11   22.40
 194831.427    83.561    -8.19   22.39
 195207.538    79.723   -10.21   23.20
 195583.649    77.274    -6.51   20.94
 195959.760    69.946   -19.48   19.86
 196335.871    60.931   -23.97   18.04
 196711.982    50.128   -28.72   18.13
 197088.093    40.507   -25.58   13.73
 197464.204    31.020   -25.22    6.01
 197840.314    30.206    -2.17    5.56
 198216.425    31.185     2.60    5.97
 198592.544    32.830     4.37    5.66
 198968.665    35.228     6.37    4.16
 199344.787    36.723     3.97    2.29
 199720.908    36.920     0.53    2.73
 200097.029    37.706     2.09    2.75
 200473.150    39.100     3.71    2.01
 200849.272    40.269     3.11    2.29
 201225.393    43.433     8.41    5.99
 201601.514    47.157     9.90    6.93
 201977.635    49.997     7.55    6.05
 202353.756    52.356     6.27    3.62
 202729.877    53.387     2.74    2.75
 203105.998    55.750     6.28    3.82
 203482.119    60.263    12.00    6.51
 203858.239    64.479    11.21    7.87
 204234.360    71.653    19.07    9.34
 204610.481    78.452    18.08   10.01
 204986.602    87.843    24.97   11.44
 205362.722    96.664    23.45   10.58
 205738.843   103.864    19.14    9.00
 206114.963   107.804    10.48    7.54
 206491.084   104.330    -9.23   11.74
 206867.204    97.202   -18.95   14.78
 207243.325    90.209   -18.59   11.66
 207619.445    89.382    -2.20    8.65
 207995.566    92.777     9.03   10.23
 208371.686    97.534    12.65    8.97
 208747.807    98.972     3.82    7.56
 209123.927    95.074   -10.36   10.40
 209500.047    90.023   -13.43   10.34
 209876.168    87.890    -5.67   13.35
 210252.288    91.824    10.46   18.17
 210628.408   101.741    26.37   20.68
 211004.528   110.507    23.31   18.08
 211380.649   112.382     4.99   15.27
 211756.769   113.653     3.38   15.26
 212132.889   116.858     8.52   12.00
 212509.009   119.206     6.24   11.14
 212885.130   127.997    23.37   13.32
 213261.250   133.100    13.57   12.46
 213637.370   135.130     5.40   13.10
 214013.490   127.153   -21.21   15.68
 214389.611   117.020   -26.94   13.76
 214765.731   112.479   -12.07   12.10
 215141.851   108.561   -10.42   13.42
 215517.972   106.699    -4.95   15.53
 215894.092   109.946     8.63   18.67
 216270.212   108.715    -3.27   21.42
 216646.332   103.046   -15.07   24.19
 217022.453    94.587   -22.49   24.83
 217398.573    87.407   -19.09   20.85
 217774.693    89.153     4.64   21.03
 218150.814    96.653    19.94   19.24
 218526.934   103.258    17.56   16.63
 218903.055   101.020    -5.95   15.27
 219279.175    95.600   -14.41   16.74
 219655.296    93.824    -4.72   17.18
 220031.416    90.155    -9.75   17.49
 220407.537    87.364    -7.42   18.88
 220783.657    83.101   -11.33   15.10
 221159.778    80.561    -6.75   10.74
 221535.898    83.479     7.76   13.63
 221912.019    87.988    11.99   13.71
 222288.140    87.202    -2.09   13.91
 222664.260    81.399   -15.43   16.85
 223040.381    75.713   -15.12   16.80
 223416.502    63.818   -31.63   16.58
 223792.623    58.469   -14.22   12.51
 224168.744    57.818    -1.73   10.35
 224544.865    64.356    17.38   14.43
 224920.986    75.356    29.25   16.80
 225297.107    87.852    33.22   16.97
 225673.228    99.732    31.59   15.65
 226049.349   105.946    16.52   14.59
 226425.470   107.217     3.38   15.78
 226801.592   105.510    -4.54   16.32
 227177.713   105.390    -0.32   15.25
 227553.835   109.966    12.17   15.27
 227929.956   117.696    20.55   15.31
 228306.078   125.615    21.05   12.42
 228682.199   129.048     9.13    8.47
 229058.321   126.048    -7.98   10.48
 229434.443   121.182   -12.94   12.14
 229810.564   115.869   -14.13   13.28
 230186.686   114.627    -3.30   15.92
 230562.808   118.548    10.42   16.44
 230938.930   119.398     2.26   14.76
 231315.053   121.199     4.79   16.22
 231691.175   123.074     4.99   17.50
 232067.297   120.602    -6.57   17.39
 232443.419   120.696     0.25   18.49
 232819.542   119.074    -4.31   18.71
 233195.664   119.741     1.77   17.21
 233571.787   128.279    22.70   16.17
 233947.910   134.417    16.32   13.43
 234324.033   141.020    17.56    9.05
 234700.156   143.858     7.54    6.80
 235076.279   140.804    -8.12    9.39
 235452.402   136.049   -12.64   10.84
 235828.525   130.588   -14.52   12.10
 236204.648   121.758   -23.47   15.58
 236580.772   111.521   -27.22   19.74
 236956.895   101.766   -25.94   18.79
 237333.019   100.507    -3.35   19.34
 237709.142   101.124     1.64   21.59
 238085.266   105.127    10.64   22.25
 238461.390   105.796     1.78   21.80
 238837.514   105.777    -0.05   18.77
 239213.638    99.491   -16.71   17.72
 239589.763    97.669    -4.84   13.99
 239965.887   100.459     7.42   12.46
 240342.012   106.603    16.34   11.85
 240718.136   116.942    27.49   11.28
 241094.261   124.285    19.52    9.35
 241470.386   125.546     3.35    9.48
 241846.511   126.997     3.86   11.87
 242222.636   126.600    -1.05   12.45
 242598.761   128.920     6.17    8.90
 242974.887   130.536     4.29    7.88
 243351.012   130.407    -0.34    7.31
 243727.138   129.939    -1.25    5.84
 244103.264   128.125    -4.82    6.19
 244479.390   127.510    -1.64    4.86
 244855.516   127.380    -0.35    4.21
 245231.642   126.885    -1.32    4.24
 245607.768   125.344    -4.10    5.60
 245983.895   123.074    -6.04    5.95
 246360.022   120.100    -7.91    6.08
 246736.148   117.531    -6.83    6.02
 247112.275   113.649   -10.32    9.33
 247488.402   109.811   -10.20   11.31
 247864.530   105.398   -11.73   13.71
 248240.657    95.689   -25.81   21.60
 248616.785    87.811   -20.95   21.78
 248992.912    77.311   -27.92   19.66
 249369.040    68.263   -24.05   16.07
 249745.168    59.587   -23.07   12.34
 250121.296    51.019   -22.78    9.07
 250497.425    48.202    -7.49    6.65
 250873.553    51.224     8.03   10.93
 251249.682    63.503    32.64   18.61
 251625.811    76.182    33.71   18.92
 252001.940    89.425    35.21   16.10
 252378.069   101.074    30.97   12.77
 252754.199   108.750    20.41   10.72
 253130.328   114.713    15.85    8.47
 253506.458   120.459    15.28    6.05
 253882.588   122.869     6.41    4.31
 254258.718   123.858     2.63    4.07
 254634.848   119.653   -11.18    8.01
 255010.979   112.232   -19.73   13.91
 255387.109   100.484   -31.23   19.32
 255763.240    86.020   -38.46   20.75
 256139.371    75.177   -28.83   17.95
 256515.502    70.046   -13.64   18.10
 256891.634    73.459     9.07   22.09
 257267.765    74.706     3.32   23.78
 257643.897    77.730     8.04   25.36
 258020.029    82.869    13.66   25.61
 258396.161    92.290    25.05   23.22
 258772.294   100.534    21.92   20.64
 259148.426   111.885    30.18   15.66
 259524.559   116.963    13.50    9.41
 259900.692   114.179    -7.40   17.14
 260276.826   112.356    -4.85   21.13
 260652.959   112.804     1.19   21.05
 261029.093   117.843    13.40   17.85
 261405.226   122.895    13.43    8.29
 261781.361   123.177     0.75    6.28
 262157.495   117.657   -14.67    9.48
 262533.629   109.125   -22.68   16.23
 262909.764    93.966   -40.30   23.91
 263285.899    84.561   -25.01   23.02
 263662.034    82.128    -6.47   21.42
 264038.170    89.512    19.63   21.38
 264414.305    95.510    15.95   16.74
 264790.441    93.916    -4.24   19.42
 265166.577    89.019   -13.02   21.18
 265542.713    83.946   -13.49   20.31
 265918.850    81.880    -5.49   20.62
 266294.987    82.613     1.95   17.78
 266671.124    80.279    -6.20   16.89
 267047.261    82.642     6.28   14.88
 267423.399    84.785     5.70    9.71
 267799.536    83.587    -3.18    5.95
 268175.674    78.574   -13.33    9.56
 268551.813    69.642   -23.75   14.82
 268927.951    58.920   -28.50   17.90
 269304.090    49.364   -25.41   17.72
 269680.229    39.657   -25.80   16.92
 270056.368    30.750   -23.68   16.69
 270432.507    27.074    -9.77   15.14
 270808.647    22.484   -12.20   12.54
 271184.787    18.799    -9.80    9.51
 271560.927    16.769    -5.40    6.51
 271937.068    16.792     0.06    6.49
 272313.209    17.241     1.19    7.69
 272689.350    16.831    -1.09    6.36
 273065.491    20.653    10.16   10.32
 273441.626    21.995     3.57   12.59
 273817.715    22.615     1.65   13.61
 274193.803    22.723     0.29   14.35
 274569.892    20.349    -6.31   11.65
 274945.982    17.713    -7.01    8.24
 275322.071    17.699    -0.04   10.15
 275698.161    16.627    -2.85   10.33
 276074.251    15.130    -3.98   10.75
 276450.341    11.236   -10.35    6.88
 276826.432     9.907    -3.53    4.39
 277202.523     9.741    -0.44    3.38
 277578.614    12.382     7.02    8.07
 277954.706    14.966     6.87   11.64
 278330.797    16.049     2.88   12.45
 278706.889    18.074     5.38   13.53
 279082.982    18.311     0.63   10.98
 279459.074    16.750    -4.15    9.81
 279835.167    15.151    -4.25    9.69
 280211.261    17.232     5.53   10.23
 280587.354    19.407     5.78   11.59
 280963.448    25.279    15.61   11.14
 281339.542    26.907     4.33   10.32
 281715.637    27.536     1.67    9.38
 282091.731    29.305     4.70    8.40
 282467.826    30.226     2.45    7.90
 282843.922    32.317     5.56    6.73
 283220.017    32.398     0.22    5.94
 283596.113    29.588    -7.47    7.41
 283972.210    26.524    -8.15    7.50
 284348.306    23.398    -8.31    5.66
 284724.403    20.561    -7.54    4.75
 285100.500    19.715    -2.25    4.66
 285476.598    17.969    -4.64    5.28
 285852.696    13.479   -11.94    6.96
 286228.794    10.151    -8.85    6.54
 286604.893     6.311   -10.21    5.57
 286980.992     3.963    -6.24    3.63
 287357.091     4.209     0.65    3.64
 287733.190     5.907     4.52    4.91
 288109.290     9.021     8.28    5.51
 288485.390    14.151    13.64    5.64
 288861.491    18.168    10.68    4.15
 289237.592    20.627     6.54    4.30
 289613.693    22.209     4.21    4.44
 289989.794    22.852     1.71    4.32
 290365.896    22.972     0.32    4.47
 290741.999    22.344    -1.67    4.75
 291118.101    23.254     2.42    5.64
 291494.204    25.279     5.39    7.36
 291870.307    27.206     5.12    8.56
 292246.411    27.777     1.52    9.46
 292622.515    28.330     1.47   10.48
 292998.619    28.364     0.09    9.77
 293374.724    27.519    -2.25    8.99
 293750.829    27.804     0.76    8.13
 294126.934    29.561     4.67    9.71
 294503.040    32.047     6.61   10.37
 294879.146    35.100     8.12   10.18
 295255.253    38.074     7.91   11.93
 295631.360    38.424     0.93   11.64
 296007.467    40.548     5.65   10.00
 296383.574    45.046    11.96    8.57
 296759.682    45.715     1.78    6.96
 297135.791    46.885     3.11    6.35
 297511.899    47.364     1.27    7.49
 297888.009    46.206    -3.08    7.54
 298264.118    46.613     1.08    8.13
 298640.228    46.777     0.44    7.00
 299016.338    46.995     0.58    4.78
 299392.449    47.774     2.07    4.68
 299768.560    48.560     2.09    4.70
 300144.671    49.885     3.52    4.64
 300520.783    50.858     2.59    6.21
 300896.895    51.236     1.01    7.03
 301273.007    52.344     2.95    7.41
 301649.120    54.519     5.78    7.98
 302025.234    60.299    15.37   11.76
 302401.347    66.100    15.42   12.37
 302777.462    67.588     3.95   13.06
 303153.576    63.356   -11.25   14.80
 303529.691    57.732   -14.95   14.85
 303905.806    58.864     3.01   15.96
 304281.922    66.236    19.60   19.65
 304658.038    73.587    19.54   19.75
 305034.155    75.019     3.81   19.53
 305410.272    69.706   -14.13   19.87
 305786.389    61.356   -22.20   13.52
 306162.507    60.438    -2.44   10.09
 306538.625    64.228    10.08   10.20
 306914.744    70.155    15.76   10.35
 307290.863    73.963    10.12   10.30
 307666.982    78.750    12.73   11.37
 308043.102    80.046     3.45   12.51
 308419.222    80.416     0.98   12.48
 308795.343    80.177    -0.64   13.10
 309171.464    79.452    -1.93   12.93
 309547.586    74.074   -14.30   12.50
 309923.708    70.843    -8.59   11.69
 310299.830    69.048    -4.77   11.06
 310675.953    64.966   -10.85   13.15
 311052.076    62.433    -6.73   11.96
 311428.200    62.534     0.27   10.95
 311804.324    65.425     7.69   11.66
 312180.449    70.398    13.22   10.55
 312556.574    72.103     4.53    9.61
 312932.699    70.048    -5.46   10.35
 313308.825    68.510    -4.09    9.36
 313684.951    69.213     1.87    9.49
 314061.078    68.534    -1.81    8.68
 314437.206    70.102     4.17    8.95
 314813.333    73.258     8.39   12.12
 315189.461    80.356    18.87   14.13
 315565.590    84.534    11.11   13.62
 315941.719    84.074    -1.22   12.43
 316317.849    82.548    -4.06   11.09
 316693.979    85.356     7.47   11.45
 317070.109    87.398     5.43   11.17
 317446.240    92.449    13.43   11.50
 317822.372    98.179    15.23    9.33
 318198.503   100.993     7.48   10.60
 318574.636   103.642     7.04   10.09
 318950.769   101.602    -5.42   13.09
 319326.902   101.613     0.03   15.38
 319703.036    98.818    -7.43   16.57
 320079.170    92.703   -16.26   17.76
 320455.304    84.890   -20.77   17.65
 320831.440    77.966   -18.41   15.13
 321207.575    72.713   -13.97   12.26
 321583.711    71.228    -3.95   10.69
 321959.848    73.777     6.78   12.45
 322335.985    72.364    -3.76   10.60
 322712.123    73.758     3.71    9.84
 323088.261    74.449     1.84   11.49
 323464.399    72.615    -4.88   10.80
 323840.538    71.299    -3.50   11.58
 324216.678    71.356     0.15   11.80
 324592.818    71.019    -0.90   11.44
 324968.959    68.993    -5.39   12.42
 325345.100    67.371    -4.31   12.43
 325721.241    65.442    -5.13   12.94
 326097.383    61.023   -11.75   11.46
 326473.526    56.991   -10.72    8.56
 326849.669    53.374    -9.62    6.53
 327225.812    49.758    -9.61    6.04
 327601.957    45.966   -10.08    5.54
 327978.101    43.021    -7.83    5.88
 328354.246    40.898    -5.65    6.36
 328730.392    38.983    -5.09    6.38
