#    1.015  -0.169   2.597 ;Mean Elev.(m), Avg Gradient(m/km), RMS Gradient(m/km) - SRTM1     
#   23.208  -0.793   3.916 ;Mean Elev.(m), Avg Gradient(m/km), RMS Gradient(m/km) - ASTER GDEM
#    1.462  -1.520   2.992 ;Mean Elev.(m), Avg Gradient(m/km), RMS Gradient(m/km) - GMTED2010 
  6     3.399 52418.88327425 49.07  12.916636  -5.866319 21.176
  6     3.245 52418.88327490 47.93  12.915906  -5.863019 21.176
  7     8.855 52453.88329998 30.18  12.915889  -5.867104 28.591
  7     8.856 52453.88330062 21.52  12.915149  -5.863794 28.591
  8     2.363 52488.88327766 15.57  12.924486  -5.868138 13.120
  8     1.949 52488.88327830 19.71  12.923756  -5.864828 13.120
  9     2.594 52523.88325287 42.92  12.920448  -5.867638 26.822
  9     2.499 52523.88325352 44.94  12.919718  -5.864338 26.822
 10     2.909 52558.88330285 23.82  12.917939  -5.867002 26.996
 10     3.126 52558.88330349 26.63  12.917209  -5.863702 26.996
 12     4.716 52628.88323023 51.22  12.927241  -5.868726 42.880
 12     4.765 52628.88323088 50.75  12.926511  -5.865416 42.880
 13     4.450 52663.88326630 38.43  12.919563  -5.868020 42.048
 13     4.209 52663.88326695 31.91  12.918833  -5.864720 42.048
 14     3.296 52698.88324084 53.45  12.927155  -5.869597 38.780
 14     3.305 52698.88324148 51.61  12.926425  -5.866287 38.780
 15     3.467 52733.88326502 44.11  12.929068  -5.870617 18.016
 15     3.106 52733.88326566 53.33  12.928338  -5.867307 18.016
 16     3.106 52768.88326617 53.18  12.918034  -5.866066 29.573
 16     3.268 52768.88326682 51.98  12.917304  -5.862766 29.573
 18     2.914 52838.88335331 44.25  12.923930  -5.870259 27.623
 18     2.842 52838.88335395 52.07  12.923200  -5.866949 27.623
 19     2.769 52873.88339302 43.87  12.922736  -5.869528 28.981
 19     2.649 52873.88339366 48.85  12.922006  -5.866228 28.981
 20     3.532 52908.88337199 29.82  12.926369  -5.871306 33.737
 20     3.285 52908.88337264 24.30  12.925639  -5.867996 33.737
 21     3.760 52943.88330355 44.61  12.930117  -5.870144 40.359
 21     3.763 52943.88330419 41.43  12.929387  -5.866844 40.359
 22     4.163 52978.88335956 40.66  12.922836  -5.869230 34.976
 22     4.161 52978.88336020 39.86  12.922096  -5.865920 34.976
 23     4.146 53013.88335833 50.32  12.918659  -5.868109 43.797
 23     4.214 53013.88335897 51.44  12.917929  -5.864809 43.797
 24     3.479 53048.88332961 47.82  12.922318  -5.869169 39.309
 24     3.449 53048.88333026 54.01  12.921588  -5.865869 39.309
 25     2.739 53083.88336555 48.95  12.913698  -5.866445 28.820
 25     2.736 53083.88336619 49.69  12.912968  -5.863145 28.820
 26     3.467 53118.88333554 21.78  12.918281  -5.867634 26.032
 26     2.849 53118.88333618 25.70  12.917551  -5.864324 26.032
 27     2.200 53153.88338721 47.83  12.915578  -5.867488 32.083
 27     2.245 53153.88338785 52.66  12.914838  -5.864188 32.083
 28     2.256 53188.88337533 28.26  12.928313  -5.869795 22.473
 28     2.088 53188.88337598 28.37  12.927583  -5.866485 22.473
 29     2.265 53223.88339069 20.31  12.923606  -5.868740 26.555
 29     1.935 53223.88339133 20.18  12.922876  -5.865440 26.555
 30     2.547 53258.88336664 43.51  12.916220  -5.865840 21.051
 30     2.532 53258.88336728 39.60  12.915490  -5.862530 21.051
 31     2.990 53293.88339024 33.05  12.913621  -5.867009 30.424
 31     3.149 53293.88339089 31.28  12.912881  -5.863709 30.424
 32     4.135 53328.88336313 52.10  12.923034  -5.868187 42.936
 32     4.049 53328.88336378 52.72  12.922294  -5.864877 42.936
 33     4.278 53363.88331477 46.66  12.925350  -5.870244 45.343
 33     4.229 53363.88331542 52.18  12.924620  -5.866944 45.343
 34     3.576 53398.88333878 49.04  12.920669  -5.867718 40.082
 34     3.569 53398.88333942 50.96  12.919939  -5.864408 40.082
 35     2.558 53433.88332877 47.60  12.923973  -5.869783 35.449
 35     2.733 53433.88332941 49.38  12.923243  -5.866483 35.449
 36     2.910 53468.88337030 50.12  12.920216  -5.867419 36.256
 36     2.866 53468.88337095 51.82  12.919476  -5.864119 36.256
 38     2.604 53538.88341351 50.16  12.919738  -5.866697 33.993
 38     2.573 53538.88341416 50.56  12.919008  -5.863397 33.993
 39     2.668 53573.88341210 41.41  12.916859  -5.866016 33.573
 39     2.560 53573.88341275 41.29  12.916129  -5.862706 33.573
 40     2.398 53608.88336137 40.32  12.919590  -5.867958 28.268
 40     2.288 53608.88336201 41.29  12.918860  -5.864648 28.268
 41     2.686 53643.88336363 21.39  12.921017  -5.867611 32.212
 41     2.752 53643.88336428 24.82  12.920287  -5.864301 32.212
 42     3.600 53678.88338173 45.41  12.915837  -5.866868 29.405
 42     3.605 53678.88338238 52.65  12.915107  -5.863558 29.405
 43     3.960 53713.88330958 41.92  12.924569  -5.868359 45.971
 43     3.896 53713.88331023 47.02  12.923839  -5.865049 45.971
 44     3.444 53748.88322384 37.16  12.927355  -5.869423 33.863
 44     3.353 53748.88322449 36.84  12.926625  -5.866123 33.863
 45     2.928 53783.88325426 49.38  12.926013  -5.870889 38.892
 45     2.936 53783.88325490 50.18  12.925283  -5.867589 38.892
 46     2.790 53818.88321634 50.43  12.924431  -5.869880 42.744
 46     2.766 53818.88321699 53.61  12.923701  -5.866580 42.744
 47     3.030 53853.88329646 39.54  12.917032  -5.865866 36.310
 47     2.932 53853.88329711 35.53  12.916302  -5.862556 36.310
 48     2.943 53888.88330301 32.18  12.929948  -5.872009 30.089
 48     2.591 53888.88330365 28.62  12.929218  -5.868709 30.089
 49     2.255 53923.88337265 44.53  12.911125  -5.866491 33.172
 49     2.275 53923.88337330 52.03  12.910395  -5.863191 33.172
 49     2.134 53923.88337394 52.67  12.909655  -5.859881 33.172
 50     2.327 53958.88336441 18.96  12.912935  -5.864116 20.041
 50     2.544 53958.88336506 27.12  12.912205  -5.860816 20.041
 51     2.078 53993.88329312 20.96  12.925529  -5.868628 31.557
 51     2.451 53993.88329377 22.55  12.924799  -5.865328 31.557
 53     4.399 54063.88334607 48.14  12.925671  -5.869094 44.297
 53     4.339 54063.88334672 51.82  12.924941  -5.865784 44.297
 54     4.632 54098.88331358 32.07  12.920744  -5.867344 42.310
 54     4.602 54098.88331422 32.79  12.920014  -5.864034 42.310
 55     3.858 54133.88327055 50.34  12.922599  -5.869079 36.487
 55     3.988 54133.88327119 53.12  12.921869  -5.865779 36.487
 57     2.885 54203.88327452 56.51  12.921319  -5.867058 29.040
 57     2.838 54203.88327516 54.32  12.920587  -5.863764 35.160
 58     3.075 54238.88330968 45.13  12.922230  -5.867432 31.172
 58     3.073 54238.88331033 46.56  12.921500  -5.864122 31.172
 59     2.942 54273.88332753 49.96  12.921940  -5.867383 37.452
 59     2.916 54273.88332817 43.39  12.921210  -5.864073 37.452
 60     2.478 54308.88332890 54.41  12.922141  -5.867265 23.097
 60     2.568 54308.88332954 50.87  12.921413  -5.863968 36.832
 63     3.951 54413.88325423 27.38  12.921268  -5.867150 25.367
 63     4.059 54413.88325487 36.96  12.920543  -5.863853 35.693
 64     4.664 54448.88323064 48.33  12.922433  -5.869643 26.295
 64     4.714 54448.88323129 52.10  12.921700  -5.866337 40.108
 65     4.134 54483.88324782 38.59  12.923729  -5.869065 33.239
 65     4.175 54483.88324847 46.07  12.922999  -5.865755 33.239
 66     3.471 54518.88324447 48.32  12.923297  -5.868238 31.510
 66     3.464 54518.88324511 51.16  12.922567  -5.864928 31.510
 67     2.944 54553.88325968 52.25  12.921373  -5.869057 37.251
 67     2.917 54553.88326032 54.85  12.920633  -5.865757 37.251
 68     3.404 54588.88324068 49.64  12.921968  -5.869262 32.972
 68     3.479 54588.88324133 52.71  12.921238  -5.865952 32.972
 69     2.852 54623.88325813 48.73  12.921557  -5.869133 30.563
 69     2.983 54623.88325877 47.71  12.920827  -5.865823 30.563
 70     2.452 54658.88326678 38.49  12.919952  -5.868661 17.432
 70     2.406 54658.88326742 44.13  12.919212  -5.865351 17.432
 72     2.911 54728.88322108 23.98  12.922751  -5.869203 33.364
 72     2.980 54728.88322172 28.90  12.922021  -5.865893 33.364
 74     4.258 54798.88321395 48.97  12.921479  -5.867844 45.785
 74     4.157 54798.88321460 50.12  12.920749  -5.864534 45.785
 75     4.298 54833.88321626 50.17  12.920918  -5.866890 42.087
 75     4.182 54833.88321691 53.13  12.920188  -5.863580 42.087
 76     3.293 54868.88321074 27.70  12.923088  -5.869343 28.850
 76     3.238 54868.88321139 34.12  12.922358  -5.866033 28.850
 78     3.184 54938.88320196 45.59  12.921899  -5.867231 33.935
 78     3.182 54938.88320260 47.75  12.921169  -5.863931 33.935
 79     3.330 54973.88323365 46.82  12.920958  -5.867060 29.213
 79     3.383 54973.88323429 46.33  12.920228  -5.863760 29.213
 80     3.036 55008.88324744 28.83  12.920193  -5.867621 33.259
 80     2.868 55008.88324808 24.58  12.919463  -5.864311 33.259
 83     3.155 55113.88316948 53.73  12.922253  -5.867688 34.990
 83     3.221 55113.88317013 50.01  12.921513  -5.864388 34.990
 85     4.602 55183.88315160 50.16  12.922074  -5.869199 46.854
 85     4.627 55183.88315225 50.84  12.921344  -5.865899 46.854
 86     3.985 55218.88316776 53.86  12.920217  -5.867384 38.682
 86     3.889 55218.88316840 51.09  12.919487  -5.864074 38.682
 87     3.434 55253.88314737 31.40  12.923619  -5.868186 34.444
 87     3.468 55253.88314801 40.49  12.922889  -5.864886 34.444
 88     3.637 55288.88315717 47.12  12.920260  -5.868173 32.512
 88     3.683 55288.88315782 48.84  12.919520  -5.864873 32.512
 90     3.214 55358.88313370 20.49  12.920663  -5.868313 26.178
 90     3.042 55358.88313435 24.29  12.919933  -5.865003 26.178
 91    -0.407 55393.88313719 20.81  12.921597  -5.868116 28.452
 91     2.453 55393.88313783 18.35  12.920867  -5.864806 28.452
 93     2.721 55463.88311245 22.25  12.923257  -5.869113 29.811
 93     2.863 55463.88311310 25.26  12.922517  -5.865813 29.811
