-153273.993    64.458     0.00    3.83
-152897.895    64.211    -0.66    3.49
-152521.798    65.618     3.74    3.95
-152145.702    66.348     1.94    3.63
-151769.608    67.550     3.20    3.97
-151393.516    69.618     5.50    4.78
-151017.425    69.722     0.28    4.95
-150641.336    70.340     1.64    4.68
-150265.248    70.618     0.74    4.39
-149889.161    69.632    -2.62    4.17
-149513.076    69.722     0.24    4.83
-149136.993    72.259     6.74    6.95
-148760.911    76.951    12.48    9.05
-148384.830    80.101     8.38    9.30
-148008.751    80.155     0.14    9.09
-147632.674    76.404    -9.97    8.11
-147256.598    74.682    -4.58    6.11
-146880.523    74.457    -0.60    6.72
-146504.450    75.682     3.26    7.28
-146128.378    75.957     0.73    7.87
-145752.308    75.101    -2.28    7.32
-145376.240    74.425    -1.80    5.39
-145000.173    74.629     0.54    5.42
-144624.107    75.603     2.59    4.92
-144248.043    77.749     5.71    5.62
-143871.980    81.020     8.70    6.86
-143495.919    86.107    13.53    9.90
-143119.859    92.154    16.08   11.05
-142743.801    96.515    11.60    9.97
-142367.744   103.445    18.43    9.69
-141991.689   109.598    16.36   10.00
-141615.635   115.776    16.43    9.51
-141239.582   120.237    11.86    8.29
-140863.531   124.797    12.13    8.11
-140487.482   128.977    11.11    9.32
-140111.434   132.993    10.68    8.91
-139735.387   133.157     0.44    9.43
-139359.342   129.498    -9.73   11.20
-138983.298   125.524   -10.57   10.69
-138607.256   121.668   -10.25    7.14
-138231.215   121.695     0.07    7.36
-137855.176   125.317     9.63    8.20
-137479.138   128.126     7.47    8.13
-137103.102   127.695    -1.15   10.10
-136727.067   122.515   -13.77   11.53
-136351.033   117.464   -13.43   10.62
-135975.001   112.592   -12.96    7.54
-135598.970   110.668    -5.12    5.50
-135222.941   115.398    12.58    9.22
-134846.913   121.857    17.18   11.18
-134470.887   127.560    15.17   10.28
-134094.862   130.307     7.30    8.88
-133718.838   131.695     3.69    8.27
-133342.816   132.498     2.13    7.12
-132966.795   129.490    -8.00    7.08
-132590.776   126.734    -7.33    8.03
-132214.758   121.155   -14.84    9.71
-131838.742   116.361   -12.75    9.76
-131462.727   110.603   -15.31   10.44
-131086.713   105.071   -14.71   11.83
-130710.701    97.857   -19.18   13.76
-130334.690    89.043   -23.44   10.42
-129958.681    83.103   -15.80   10.16
-129582.673    77.951   -13.70   11.17
-129206.666    76.494    -3.87   12.28
-128830.661    75.317    -3.13   12.02
-128454.657    75.614     0.79   10.82
-128078.655    77.425     4.82   13.26
-127702.654    82.618    13.81   13.28
-127326.654    85.550     7.80   14.10
-126950.656    90.028    11.91   15.18
-126574.659    98.592    22.78   12.46
-126198.574   104.259    15.07   12.45
-125822.306   113.452    24.43   10.29
-125446.040   118.233    12.71    8.48
-125069.775   117.077    -3.07    8.73
-124693.511   110.626   -17.14   12.52
-124317.249    99.641   -29.20   14.58
-123940.988    86.098   -35.99   14.80
-123564.728    77.452   -22.98   11.41
-123188.470    70.336   -18.91    8.28
-122812.213    67.307    -8.05    8.25
-122435.958    66.287    -2.71    9.77
-122059.704    70.103    10.14   13.39
-121683.451    82.321    32.47   18.69
-121307.200    99.336    45.22   19.70
-120930.950   114.263    39.67   15.23
-120554.702   125.720    30.45   12.05
-120178.454   135.024    24.73    7.70
-119802.209   141.131    16.23    7.04
-119425.964   143.803     7.10    6.24
-119049.721   143.761    -0.11    6.91
-118673.480   141.707    -5.46    8.53
-118297.239   136.098   -14.91   11.14
-117921.000   130.452   -15.01   12.17
-117544.763   122.993   -19.83   12.72
-117168.526   119.182   -10.13   13.06
-116792.291   111.668   -19.97   13.51
-116416.058   105.925   -15.27   13.98
-116039.826   101.957   -10.55   13.13
-115663.595    98.629    -8.84    9.64
-115287.365    97.317    -3.49    6.96
-114911.137    96.797    -1.38    8.31
-114534.910    94.287    -6.67    9.01
-114158.685    89.287   -13.29   11.08
-113782.461    84.892   -11.68   13.72
-113406.238    79.848   -13.41   12.91
-113030.016    74.043   -15.43   13.65
-112653.796    72.182    -4.95   14.31
-112277.578    66.932   -13.95   13.22
-111901.360    61.182   -15.28    9.86
-111525.144    55.998   -13.78    7.67
-111148.929    52.614    -8.99    5.43
-110772.716    53.398     2.08    6.49
-110396.503    53.857     1.22    7.25
-110020.293    54.348     1.31    7.78
-109644.083    54.566     0.58    7.52
-109267.875    54.131    -1.16    6.78
-108891.668    54.641     1.36    5.83
-108515.463    55.028     1.03    5.49
-108139.258    54.592    -1.16    4.31
-107763.055    53.951    -1.70    4.58
-107386.854    53.077    -2.32    4.34
-107010.653    52.695    -1.02    4.32
-106634.454    54.793     5.58    7.76
-106258.257    58.533     9.94   10.24
-105882.060    63.643    13.58   10.76
-105505.865    68.696    13.43    8.79
-105129.671    71.002     6.13    8.98
-104753.479    73.050     5.44    8.07
-104377.288    71.182    -4.97    6.62
-104001.098    68.722    -6.54    7.10
-103624.909    65.376    -8.89    7.67
-103248.722    60.471   -13.04    7.27
-102872.536    56.157   -11.47    6.74
-102496.351    53.290    -7.62    6.52
-102120.168    49.874    -9.08    5.19
-101743.985    48.629    -3.31    4.67
-101367.805    47.840    -2.10    4.21
-100991.625    47.587    -0.67    4.07
-100615.447    46.232    -3.60    4.45
-100239.270    45.722    -1.35    4.96
 -99863.094    47.128     3.74    6.77
 -99486.919    51.020    10.35    8.60
 -99110.746    55.696    12.43    8.42
 -98734.574    59.874    11.11    6.53
 -98358.404    63.797    10.43    5.48
 -97982.234    66.265     6.56    5.30
 -97606.066    67.776     4.02    4.57
 -97229.899    67.182    -1.58    4.81
 -96853.734    64.471    -7.21    6.43
 -96477.569    59.532   -13.13    7.90
 -96101.406    54.533   -13.29    8.97
 -95725.244    48.708   -15.49    9.38
 -95349.084    44.234   -11.89    6.94
 -94972.924    42.310    -5.12    5.27
 -94596.766    41.452    -2.28    4.09
 -94220.609    42.432     2.60    3.75
 -93844.454    41.787    -1.71    4.06
 -93468.300    40.020    -4.70    5.39
 -93092.147    37.993    -5.39    5.52
 -92715.995    38.515     1.39    5.17
 -92339.844    39.182     1.77    4.90
 -91963.695    40.618     3.82    4.22
 -91587.547    41.925     3.47    2.99
 -91211.400    41.669    -0.68    3.63
 -90835.254    40.344    -3.52    4.38
 -90459.110    39.348    -2.65    4.69
 -90082.967    39.079    -0.72    5.14
 -89706.825    38.787    -0.78    4.82
 -89330.684    38.977     0.50    4.09
 -88954.545    38.366    -1.62    3.89
 -88578.406    36.982    -3.68    4.21
 -88202.269    35.101    -5.00    4.13
 -87826.134    35.282     0.48    4.25
 -87449.999    35.028    -0.67    3.76
 -87073.866    34.210    -2.18    3.55
 -86697.733    33.695    -1.37    3.19
 -86321.603    32.966    -1.94    2.50
 -85945.473    32.506    -1.22    2.25
 -85569.344    31.787    -1.91    3.06
 -85193.217    30.932    -2.27    4.33
 -84817.091    30.566    -0.97    4.60
 -84440.966    31.050     1.29    5.16
 -84064.842    31.263     0.57    5.49
 -83688.720    30.643    -1.65    4.70
 -83312.599    30.050    -1.58    4.78
 -82936.479    29.287    -2.03    4.16
 -82560.360    29.154    -0.35    3.97
 -82184.242    30.413     3.35    3.92
 -81808.126    32.074     4.42    3.03
 -81432.010    32.105     0.08    2.96
 -81055.896    31.079    -2.73    3.21
 -80679.783    29.468    -4.29    2.71
 -80303.672    28.209    -3.35    3.17
 -79927.561    26.425    -4.74    4.72
 -79551.452    26.128    -0.79    6.05
 -79175.344    24.857    -3.38    6.67
 -78799.237    24.793    -0.17    6.53
 -78423.131    24.457    -0.89    5.86
 -78047.026    22.566    -5.03    5.53
 -77670.923    20.857    -4.54    5.74
 -77294.821    18.419    -6.48    4.43
 -76918.720    17.577    -2.24    3.28
 -76542.620    17.182    -1.05    2.96
 -76166.521    16.641    -1.44    3.55
 -75790.424    15.951    -1.84    3.86
 -75414.327    16.015     0.17    4.45
 -75038.232    16.233     0.58    4.58
 -74662.138    17.925     4.50    4.13
 -74286.045    18.994     2.84    2.32
 -73909.953    19.682     1.83    2.77
 -73533.863    20.587     2.41    3.30
 -73157.773    21.452     2.30    3.17
 -72781.685    21.998     1.45    2.64
 -72405.598    22.398     1.06    2.19
 -72029.512    22.002    -1.05    2.17
 -71653.427    21.079    -2.45    2.09
 -71277.343    19.966    -2.96    1.86
 -70901.261    18.813    -3.06    2.11
 -70525.179    17.823    -2.63    1.98
 -70149.099    17.387    -1.16    2.08
 -69773.020    16.857    -1.41    2.11
 -69396.942    16.874     0.04    2.25
 -69020.865    16.857    -0.04    2.27
 -68644.790    16.885     0.07    2.36
 -68268.715    17.129     0.65    2.22
 -67892.642    16.244    -2.35    2.40
 -67516.569    16.054    -0.51    2.31
 -67140.498    15.734    -0.85    2.82
 -66764.428    15.154    -1.54    2.66
 -66388.359    14.977    -0.47    2.89
 -66012.292    15.404     1.14    2.86
 -65636.225    15.541     0.36    2.33
 -65260.159    16.156     1.63    2.50
 -64884.095    17.128     2.59    3.07
 -64508.032    17.290     0.43    3.26
 -64131.970    17.566     0.74    3.18
 -63755.909    17.797     0.61    3.32
 -63379.849    17.876     0.21    3.52
 -63003.790    19.103     3.26    3.52
 -62627.732    21.261     5.74    2.51
 -62251.675    21.803     1.44    2.49
 -61875.620    22.560     2.01    2.42
 -61499.565    23.039     1.27    2.16
 -61123.512    23.054     0.04    1.99
 -60747.460    22.977    -0.20    1.52
 -60371.409    22.821    -0.41    1.78
 -59995.359    22.848     0.07    1.81
 -59619.310    22.654    -0.52    1.75
 -59243.262    22.498    -0.42    1.63
 -58867.215    22.310    -0.50    1.30
 -58491.170    22.419     0.29    1.51
 -58115.125    23.128     1.89    1.41
 -57739.082    23.182     0.14    1.36
 -57363.039    23.407     0.60    1.61
 -56986.998    23.830     1.13    1.64
 -56610.958    23.866     0.09    1.77
 -56234.919    24.047     0.48    1.90
 -55858.881    23.533    -1.37    1.86
 -55482.844    23.182    -0.93    1.91
 -55106.808    22.668    -1.37    2.24
 -54730.773    22.900     0.62    2.15
 -54354.739    23.082     0.48    2.10
 -53978.707    23.376     0.78    1.55
 -53602.675    23.669     0.78    1.43
 -53226.645    23.471    -0.53    1.45
 -52850.615    23.438    -0.09    1.70
 -52474.587    23.524     0.23    1.73
 -52098.559    23.361    -0.43    1.68
 -51722.533    23.210    -0.40    1.59
 -51346.508    23.919     1.89    1.72
 -50970.345    24.002     0.22    1.62
 -50594.114    24.010     0.02    1.84
 -50217.884    24.131     0.32    1.79
 -49841.655    23.366    -2.03    1.75
 -49465.428    23.614     0.66    1.88
 -49089.201    23.533    -0.22    1.64
 -48712.976    23.722     0.50    1.61
 -48336.751    23.848     0.34    1.71
 -47960.528    23.515    -0.89    1.74
 -47584.305    23.695     0.48    1.84
 -47208.084    23.105    -1.57    1.68
 -46831.863    23.024    -0.22    1.65
 -46455.644    22.813    -0.56    1.65
 -46079.426    22.290    -1.39    1.20
 -45703.209    22.382     0.24    1.47
 -45326.993    22.419     0.10    1.34
 -44950.777    22.515     0.26    1.51
 -44574.563    22.577     0.16    1.67
 -44198.350    22.793     0.58    1.66
 -43822.138    22.823     0.08    1.77
 -43445.927    22.797    -0.07    1.74
 -43069.717    22.868     0.19    1.89
 -42693.508    22.317    -1.46    1.96
 -42317.300    22.209    -0.29    1.89
 -41941.093    22.074    -0.36    1.82
 -41564.887    22.532     1.22    1.78
 -41188.682    22.479    -0.14    1.98
 -40812.478    22.182    -0.79    1.97
 -40436.275    21.234    -2.52    2.40
 -40060.073    20.361    -2.32    2.05
 -39683.873    19.803    -1.48    1.93
 -39307.673    19.874     0.19    1.95
 -38931.474    19.629    -0.65    1.90
 -38555.276    20.043     1.10    2.11
 -38179.079    20.020    -0.06    2.13
 -37802.883    20.432     1.10    1.84
 -37426.688    20.261    -0.45    1.79
 -37050.494    20.028    -0.62    1.81
 -36674.301    20.057     0.08    1.58
 -36298.110    20.366     0.82    1.67
 -35921.919    20.857     1.31    1.65
 -35545.729    21.043     0.49    1.66
 -35169.540    21.361     0.85    1.47
 -34793.352    21.236    -0.33    1.43
 -34417.165    20.951    -0.76    1.25
 -34040.979    20.746    -0.55    1.12
 -33664.794    20.498    -0.66    1.30
 -33288.610    20.103    -1.05    1.34
 -32912.427    19.951    -0.40    1.39
 -32536.245    19.438    -1.36    1.57
 -32160.064    19.376    -0.16    1.75
 -31783.884    19.155    -0.59    1.69
 -31407.704    19.101    -0.14    1.86
 -31031.526    19.128     0.07    1.96
 -30655.349    19.366     0.63    1.80
 -30279.173    19.696     0.88    1.63
 -29902.997    19.757     0.16    1.62
 -29526.823    19.813     0.15    1.60
 -29150.650    19.737    -0.20    1.75
 -28774.477    19.413    -0.86    1.51
 -28398.306    18.866    -1.45    1.61
 -28022.135    18.129    -1.96    1.63
 -27645.966    17.498    -1.68    1.42
 -27269.797    17.207    -0.77    1.42
 -26893.630    17.047    -0.43    1.55
 -26517.463    16.919    -0.34    1.90
 -26141.297    16.982     0.17    1.98
 -25765.132    16.782    -0.53    1.77
 -25388.969    17.047     0.70    1.65
 -25012.806    17.182     0.36    1.72
 -24636.644    17.020    -0.43    1.54
 -24260.483    17.155     0.36    1.64
 -23884.323    16.932    -0.59    1.66
 -23508.163    16.233    -1.86    1.72
 -23132.005    15.603    -1.68    1.62
 -22755.848    14.993    -1.62    1.54
 -22379.692    14.515    -1.27    1.34
 -22003.536    14.182    -0.89    1.21
 -21627.382    14.054    -0.34    1.34
 -21251.228    13.966    -0.23    1.36
 -20875.075    13.720    -0.65    1.37
 -20498.924    13.487    -0.62    1.35
 -20122.773    13.313    -0.46    1.46
 -19746.623    13.392     0.21    1.54
 -19370.474    13.651     0.69    1.68
 -18994.326    14.464     2.16    1.86
 -18618.179    14.803     0.90    1.40
 -18242.033    14.765    -0.10    1.36
 -17865.887    15.263     1.32    1.48
 -17489.743    15.598     0.89    1.36
 -17113.599    16.603     2.67    1.90
 -16737.457    17.618     2.70    1.98
 -16361.315    18.452     2.22    2.12
 -15985.174    19.515     2.83    1.78
 -15609.034    20.156     1.70    1.66
 -15232.895    19.925    -0.61    1.60
 -14856.757    20.344     1.11    1.38
 -14480.620    20.156    -0.50    1.58
 -14104.484    20.290     0.36    1.68
 -13728.348    20.614     0.86    1.89
 -13352.214    20.263    -0.93    1.95
 -12976.080    20.394     0.35    2.16
 -12599.947    20.284    -0.29    2.25
 -12223.815    20.156    -0.34    2.28
 -11847.684    19.543    -1.63    2.53
 -11471.554    18.641    -2.40    2.41
 -11095.425    18.071    -1.52    2.14
 -10719.296    17.892    -0.47    2.23
 -10343.169    18.054     0.43    2.20
  -9967.042    18.587     1.42    1.89
  -9590.917    18.734     0.39    1.72
  -9214.792    18.603    -0.35    1.95
  -8838.668    18.207    -1.05    2.19
  -8462.545    17.047    -3.09    3.29
  -8086.422    16.157    -2.37    3.93
  -7710.301    15.603    -1.47    3.93
  -7334.180    15.344    -0.69    3.77
  -6958.061    14.885    -1.22    4.14
  -6581.942    13.737    -3.05    5.59
  -6205.824    11.823    -5.09    7.04
  -5829.707    11.131    -1.84    6.41
  -5453.591    11.268     0.36    6.45
  -5077.475    11.471     0.54    7.66
  -4701.361    11.515     0.12    7.23
  -4325.247    12.654     3.03    6.16
  -3949.134    11.490    -3.10    6.76
  -3573.022    10.803    -1.82    6.47
  -3196.911     9.629    -3.12    6.18
  -2820.801     7.734    -5.04    5.05
  -2444.691     6.857    -2.33    4.05
  -2068.582     5.182    -4.45    2.44
  -1692.475     4.832    -0.93    2.96
  -1316.368     5.797     2.57    4.48
   -940.262     6.682     2.35    5.20
   -564.156     6.695     0.04    6.15
   -188.052     5.560    -3.02    6.93
    188.052     3.708    -4.92    6.74
    564.155     0.951    -7.33    5.11
    940.257    -1.143    -5.57    2.06
   1316.358    -1.618    -1.26    1.76
   1692.458    -1.213     1.08    2.16
   2068.558    -1.115     0.26    2.26
   2444.656    -1.266    -0.40    2.38
   2820.754    -1.869    -1.61    1.57
   3196.851    -2.344    -1.26    1.06
   3572.948    -2.540    -0.52    0.57
   3949.043    -2.664    -0.33    0.43
   4325.138    -2.818    -0.41    0.00
   4701.231    -2.843    -0.07    0.48
   5077.324    -2.793     0.13    0.54
   5453.417    -2.761     0.08    0.42
   5829.508    -2.764    -0.01    0.23
   6205.599    -2.710     0.14    0.39
   6581.689    -2.108     1.60    1.56
   6957.778    -1.793     0.84    1.69
   7333.866    -1.791     0.00    1.66
   7709.953     0.279     5.51    4.89
   8086.040     2.259     5.26    5.98
   8462.126     5.234     7.91    6.05
   8838.211     7.749     6.69    4.30
   9214.295     8.971     3.25    3.28
   9590.378     8.746    -0.60    2.71
   9966.461     8.682    -0.17    3.35
  10342.543     8.720     0.10    3.08
  10718.624     8.265    -1.21    2.44
  11094.704     7.998    -0.71    2.44
  11470.784     8.336     0.90    1.80
  11846.863     8.682     0.92    1.63
  12222.941     8.641    -0.11    1.92
  12599.018     8.945     0.81    2.26
  12975.094     8.830    -0.30    2.20
  13351.170     8.566    -0.70    1.79
  13727.245     8.209    -0.95    1.32
  14103.319     8.054    -0.41    1.58
  14479.393     7.900    -0.41    1.52
  14855.465     7.438    -1.23    1.58
  15231.537     6.857    -1.54    1.33
  15607.608     6.772    -0.23    1.23
  15983.678     6.669    -0.27    1.43
  16359.748     6.404    -0.70    1.55
  16735.817     5.998    -1.08    1.52
  17111.885     5.722    -0.73    1.56
  17487.952     5.425    -0.79    1.19
  17864.019     5.310    -0.31    1.22
  18240.085     5.244    -0.17    1.16
  18616.150     5.233    -0.03    1.45
  18992.214     5.387     0.41    1.54
  19368.278     5.321    -0.18    1.42
  19744.341     5.823     1.34    1.77
  20120.403     6.344     1.39    1.79
  20496.464     6.310    -0.09    1.78
  20872.525     6.182    -0.34    1.92
  21248.585     5.787    -1.05    1.97
  21624.644     5.290    -1.32    2.00
  22000.702     4.669    -1.65    1.76
  22376.760     4.925     0.68    1.89
  22752.817     5.468     1.44    1.98
  23128.873     5.912     1.18    1.74
  23504.929     6.479     1.51    1.33
  23880.986     6.668     0.50    1.24
  24257.180     6.695     0.07    1.66
  24633.374     6.594    -0.27    1.83
  25009.567     6.082    -1.36    1.95
  25385.759     5.156    -2.46    2.28
  25761.950     4.543    -1.63    1.93
  26138.141     4.361    -0.48    1.73
  26514.331     4.614     0.67    1.80
  26890.521     4.840     0.60    1.73
  27266.710     5.182     0.91    1.66
  27642.898     5.566     1.02    1.55
  28019.085     5.857     0.77    1.25
  28395.271     5.945     0.23    1.30
  28771.457     5.907    -0.10    1.22
  29147.642     5.848    -0.16    1.35
  29523.827     5.603    -0.65    1.50
  29900.011     5.425    -0.47    1.46
  30276.194     5.425     0.00    1.44
  30652.376     5.479     0.14    1.39
  31028.558     5.710     0.61    1.25
  31404.739     5.900     0.51    1.36
  31780.919     6.082     0.48    1.35
  32157.099     5.932    -0.40    1.46
  32533.278     5.592    -0.90    1.67
  32909.456     5.313    -0.74    1.65
  33285.634     5.233    -0.21    1.75
  33661.811     5.129    -0.28    1.86
  34037.987     4.695    -1.16    1.80
  34414.162     3.682    -2.69    2.04
  34790.337     2.695    -2.62    2.04
  35166.511     1.566    -3.00    1.65
  35542.685     0.668    -2.39    1.34
  35918.858     0.669     0.00    1.54
  36295.030     0.592    -0.20    1.58
  36671.202     1.043     1.20    2.06
  37047.372     2.344     3.46    2.29
  37423.543     3.210     2.30    2.32
  37799.712     3.419     0.56    2.17
  38175.881     3.657     0.63    2.00
  38552.049     3.452    -0.54    1.82
  38928.217     2.848    -1.60    1.78
  39304.384     2.813    -0.09    1.55
  39680.550     3.050     0.63    1.61
  40056.716     3.047    -0.01    1.70
  40432.881     3.457     1.09    1.65
  40809.045     4.050     1.58    1.42
  41185.209     4.155     0.28    1.14
  41561.372     4.452     0.79    1.22
  41937.534     5.125     1.79    1.51
  42313.696     5.464     0.90    1.65
  42689.857     5.772     0.82    1.57
  43066.017     5.610    -0.43    1.46
  43442.177     5.398    -0.56    1.51
  43818.336     5.344    -0.14    1.57
  44194.495     5.182    -0.43    1.37
  44570.653     4.882    -0.80    1.16
  44946.810     4.722    -0.42    1.12
  45322.967     4.945     0.59    1.28
  45699.123     5.024     0.21    1.31
  46075.278     4.848    -0.47    1.24
  46451.433     4.885     0.10    1.18
  46827.587     4.582    -0.80    1.28
  47203.741     4.129    -1.20    1.11
  47579.894     3.876    -0.67    1.26
  47956.046     3.993     0.31    1.15
  48332.198     3.987    -0.01    1.09
  48708.349     4.263     0.73    0.98
  49084.499     3.900    -0.97    1.19
  49460.649     3.610    -0.77    1.24
  49836.798     3.207    -1.07    1.20
  50212.947     2.919    -0.77    0.95
  50589.095     2.987     0.18    0.92
  50965.243     2.925    -0.16    1.04
  51341.389     3.024     0.26    1.20
  51717.536     3.054     0.08    1.15
  52093.681     2.966    -0.23    1.27
  52469.826     2.874    -0.24    1.22
  52845.971     2.722    -0.40    1.22
  53222.115     2.259    -1.23    1.33
  53598.258     1.797    -1.23    1.35
  53974.401     1.460    -0.90    1.41
  54350.543     1.128    -0.88    1.27
  54726.684     1.020    -0.29    1.44
  55102.825     0.993    -0.07    1.39
  55478.966     1.156     0.43    1.40
  55855.105     1.487     0.88    1.35
  56231.245     2.032     1.45    1.72
  56607.383     3.287     3.34    2.53
  56983.521     4.993     4.53    3.56
  57359.659     7.951     7.87    4.52
  57735.796    10.708     7.33    3.57
  58111.932    12.498     4.76    2.13
  58488.068    13.263     2.03    1.75
  58864.203    13.207    -0.15    2.07
  59240.338    13.404     0.52    2.42
  59616.472    13.541     0.36    2.58
  59992.605    12.182    -3.61    4.99
  60368.738     8.888    -8.76    7.48
  60744.871     4.641   -11.29    7.44
  61121.002     1.425    -8.55    4.55
  61497.134     1.479     0.14    4.39
  61873.264     3.993     6.68    5.65
  62249.395     7.098     8.26    5.76
  62625.524     9.287     5.82    5.45
  63001.653    11.977     7.15    2.79
  63377.782    12.656     1.80    1.84
  63753.910    11.813    -2.24    2.95
  64130.037    10.720    -2.91    3.35
  64506.164    10.977     0.68    3.06
  64882.290    11.209     0.62    3.35
  65258.416    11.207    -0.00    3.21
  65634.542    11.848     1.70    3.23
  66010.666    12.233     1.02    3.13
  66386.791    12.050    -0.49    2.58
  66762.914    12.713     1.76    2.03
  67139.037    13.002     0.77    2.15
  67515.160    13.506     1.34    2.03
  67891.282    13.641     0.36    2.09
  68267.404    13.629    -0.03    3.04
  68643.525    14.348     1.91    3.89
  69019.645    14.695     0.92    3.89
  69395.765    15.866     3.11    3.74
  69771.885    16.533     1.77    4.12
  70148.004    16.002    -1.41    3.27
  70524.122    16.848     2.25    2.84
  70900.240    17.259     1.09    2.59
  71276.358    17.626     0.98    2.17
  71652.474    17.874     0.66    2.00
  72028.591    17.885     0.03    1.51
  72404.707    17.830    -0.14    1.34
  72780.822    17.641    -0.50    1.35
  73156.937    17.744     0.27    1.05
  73533.051    17.618    -0.34    1.21
  73909.165    17.313    -0.81    1.44
  74285.279    17.321     0.02    1.62
  74661.392    17.669     0.93    1.62
  75037.504    17.654    -0.04    1.56
  75413.616    17.951     0.79    1.55
  75789.727    18.002     0.14    1.64
  76165.838    17.803    -0.53    1.60
  76541.949    17.840     0.10    1.48
  76918.059    17.618    -0.59    1.47
  77294.168    17.632     0.04    1.45
  77670.277    17.344    -0.77    1.54
  78046.386    16.823    -1.39    1.60
  78422.494    16.708    -0.30    1.56
  78798.601    16.371    -0.90    1.70
  79174.708    16.128    -0.65    1.45
  79550.815    15.821    -0.82    1.46
  79926.921    15.629    -0.51    1.46
  80303.027    15.607    -0.06    1.43
  80679.132    15.432    -0.47    1.30
  81055.237    15.618     0.49    1.17
  81431.341    15.904     0.76    1.32
  81807.445    16.234     0.88    1.21
  82183.548    16.233    -0.00    1.28
  82559.651    16.234     0.00    1.27
  82935.753    16.043    -0.51    1.25
  83311.855    15.787    -0.68    1.35
  83687.957    15.782    -0.01    1.58
  84064.058    15.848     0.18    1.47
  84440.158    15.874     0.07    1.51
  84816.259    15.682    -0.51    1.31
  85192.358    15.641    -0.11    1.26
  85568.457    15.371    -0.72    1.33
  85944.556    15.098    -0.72    1.42
  86320.655    15.028    -0.19    1.23
  86696.752    14.669    -0.95    1.19
  87072.850    14.398    -0.72    1.27
  87448.947    14.132    -0.71    1.38
  87825.044    13.682    -1.20    1.22
  88201.140    13.287    -1.05    1.18
  88577.235    13.020    -0.71    1.21
  88953.331    13.182     0.43    1.19
  89329.426    13.290     0.29    1.29
  89705.520    13.182    -0.29    1.49
  90081.614    12.603    -1.54    1.72
  90457.708    12.071    -1.41    1.80
  90833.801    11.259    -2.16    2.31
  91209.893    11.490     0.61    2.39
  91585.986    11.535     0.12    2.56
  91962.078    11.668     0.36    3.13
  92338.169    11.966     0.79    3.15
  92714.260    12.939     2.59    4.56
  93090.351    14.657     4.57    6.06
  93466.441    15.668     2.69    5.65
  93842.531    16.892     3.25    5.63
  94218.620    15.259    -4.34    5.80
  94594.709    13.772    -3.95    5.15
  94970.798    12.560    -3.22    4.65
  95346.886    11.464    -2.92    4.11
  95722.974    10.287    -3.13    4.39
  96099.061    10.237    -0.13    4.73
  96475.148    12.020     4.74    5.81
  96851.235    13.857     4.89    6.29
  97227.321    16.182     6.18    5.35
  97603.407    16.259     0.20    5.08
  97979.492    14.776    -3.94    4.53
  98355.577    13.787    -2.63    3.97
  98731.662    13.344    -1.18    2.88
  99107.773    13.182    -0.43    2.52
  99483.933    13.361     0.48    1.97
  99860.092    14.128     2.04    2.07
 100236.251    14.925     2.12    1.90
 100612.409    15.566     1.70    2.88
 100988.567    15.524    -0.11    3.73
 101364.724    17.101     4.19    5.39
 101740.881    20.079     7.92    6.41
 102117.038    22.233     5.73    6.72
 102493.195    21.015    -3.24    7.71
 102869.351    18.776    -5.95    8.01
 103245.506    16.857    -5.10    7.51
 103621.662    14.506    -6.25    5.23
 103997.817    12.840    -4.43    2.26
 104373.971    13.035     0.52    2.28
 104750.125    13.207     0.46    2.53
 105126.279    14.050     2.24    2.60
 105502.433    15.321     3.38    2.58
 105878.586    15.900     1.54    2.22
 106254.739    16.047     0.39    2.06
 106630.891    16.498     1.20    2.46
 107007.043    16.813     0.84    3.25
 107383.195    17.720     2.41    4.23
 107759.346    18.776     2.81    6.16
 108135.497    18.998     0.59    5.92
 108511.648    19.107     0.29    4.45
 108887.798    19.410     0.81    2.20
 109263.948    19.830     1.12    2.02
 109640.098    19.452    -1.01    2.02
 110016.247    18.993    -1.22    2.26
 110392.396    18.722    -0.72    2.27
 110768.545    19.737     2.70    4.18
 111144.693    21.932     5.83    6.02
 111520.841    24.708     7.38    7.57
 111896.989    26.587     5.00    7.61
 112273.136    28.361     4.72    7.43
 112649.283    30.866     6.66    7.69
 113025.430    33.259     6.36    8.13
 113401.576    34.776     4.03    8.14
 113777.722    34.951     0.46    8.41
 114153.868    34.487    -1.23    7.25
 114530.013    34.708     0.59    8.53
 114906.158    36.498     4.76    8.79
 115282.303    35.494    -2.67    8.77
 115658.447    34.131    -3.63    8.06
 116034.591    32.912    -3.24    5.70
 116410.735    31.460    -3.86    4.33
 116786.879    30.371    -2.89    5.00
 117163.022    27.876    -6.63    6.05
 117539.165    24.708    -8.42    6.29
 117915.307    22.387    -6.17    5.67
 118291.450    21.317    -2.84    5.47
 118667.592    20.361    -2.54    6.14
 119043.733    22.182     4.84    7.72
 119419.875    24.438     6.00    7.62
 119796.016    24.803     0.97    7.03
 120172.157    23.233    -4.17    7.40
 120548.297    20.803    -6.46    6.55
 120924.437    17.885    -7.76    4.99
 121300.577    17.047    -2.23    4.78
 121676.717    16.606    -1.17    5.82
 122052.856    15.823    -2.08    5.94
 122428.995    13.336    -6.61    5.74
 122805.134    10.987    -6.24    5.55
 123181.273     9.101    -5.02    4.63
 123557.411     6.848    -5.99    2.55
 123933.549     5.945    -2.40    2.75
 124309.686     5.438    -1.35    2.70
 124685.824     5.317    -0.32    3.01
 125061.961     5.313    -0.01    3.93
 125438.098     5.866     1.47    4.90
 125814.234     6.131     0.70    5.45
 126190.371     6.290     0.42    6.15
 126566.507     5.032    -3.34    5.44
 126942.643     6.708     4.46    6.62
 127318.778     8.128     3.77    7.29
 127694.914    10.803     7.11    6.88
 128071.049    12.848     5.44    4.88
 128447.183    11.105    -4.64    5.58
 128823.318     7.515    -9.54    6.86
 129199.452     5.268    -5.98    7.46
 129575.586     1.708    -9.46    6.06
 129951.720    -0.413    -5.64    3.84
 130327.853    -1.013    -1.59    2.95
 130703.987    -0.423     1.57    2.73
 131080.120    -0.710    -0.76    2.62
 131456.252    -1.529    -2.18    2.43
 131832.385    -2.029    -1.33    2.47
 132208.517    -1.218     2.15    3.13
 132584.649    -0.494     1.93    3.24
 132960.781    -0.018     1.26    3.06
 133336.913     1.054     2.85    2.59
 133713.044     1.154     0.27    2.22
 134089.175     1.614     1.22    2.48
 134465.306     2.749     3.02    2.29
 134841.437     3.577     2.20    2.06
 135217.567     4.361     2.09    1.93
 135593.698     4.830     1.25    1.98
 135969.828     6.082     3.33    3.05
 136345.957     7.708     4.32    4.32
 136722.087    10.236     6.72    6.51
 137098.216    11.682     3.84    7.30
 137474.345    10.746    -2.49    7.70
 137850.474     8.208    -6.75    7.01
 138226.603     5.876    -6.20    5.09
 138602.731     4.233    -4.37    2.49
 138978.860     4.126    -0.28    1.84
 139354.988     4.823     1.85    1.56
 139731.116     5.900     2.86    2.76
 140107.243     7.753     4.93    3.39
 140483.371     8.128     1.00    3.57
 140859.498     7.912    -0.57    3.53
 141235.625     6.866    -2.78    2.87
 141611.752     6.392    -1.26    2.24
 141987.879     5.987    -1.08    2.52
 142364.005     5.105    -2.35    3.62
 142740.131     4.028    -2.86    4.36
 143116.257     3.945    -0.22    4.90
 143492.383     2.993    -2.53    5.05
 143868.509     2.471    -1.39    4.78
 144244.634     1.695    -2.06    4.13
 144620.760    -0.818    -6.68    5.77
 144996.885    -3.793    -7.91    6.40
 145373.010    -6.124    -6.20    5.15
 145749.135    -6.792    -1.78    4.49
 146125.259    -4.998     4.77    4.94
 146501.384    -2.474     6.71    4.38
 146877.508    -0.660     4.82    2.62
 147253.632     0.209     2.31    1.38
 147629.756    -0.061    -0.72    1.44
 148005.880    -0.434    -0.99    1.63
 148382.003    -0.386     0.13    1.74
 148758.127     0.695     2.87    2.39
 149134.250     2.105     3.75    2.44
 149510.373     3.524     3.77    2.04
 149886.496     4.776     3.33    1.48
 150262.619     5.566     2.10    1.58
 150638.741     6.028     1.23    1.58
 151014.864     6.682     1.74    1.40
 151390.986     6.787     0.28    1.17
 151767.108     6.614    -0.46    1.09
 152143.230     6.560    -0.14    1.14
 152519.352     6.857     0.79    1.42
 152895.474     6.651    -0.55    1.90
 153271.596     5.284    -3.63    3.41
 153647.717     3.284    -5.32    4.32
 154023.838     1.598    -4.48    4.22
 154399.959     1.105    -1.31    4.50
 154776.080     0.722    -1.02    4.55
 155152.201     1.310     1.56    4.69
 155528.322     2.656     3.58    3.84
 155904.443     3.445     2.10    3.51
 156280.563     3.966     1.38    2.96
 156656.683     3.028    -2.49    3.11
 157032.804     2.707    -0.85    3.07
 157408.924     1.932    -2.06    3.14
 157785.044     2.155     0.59    3.91
 158161.163     2.506     0.93    3.67
 158537.283     2.182    -0.86    2.17
 158913.403     2.479     0.79    2.04
 159289.522     2.582     0.27    1.99
 159665.641     2.332    -0.66    2.57
 160041.761     2.900     1.51    2.95
 160417.880     3.668     2.04    3.19
 160793.999     4.336     1.77    3.07
 161170.118     5.290     2.54    1.85
 161546.236     5.208    -0.22    1.59
 161922.355     5.438     0.61    2.01
 162298.474     5.464     0.07    2.32
 162674.592     6.432     2.57    3.22
 163050.711     7.682     3.32    3.70
 163426.829     8.746     2.83    3.95
 163802.947    10.737     5.29    3.96
 164179.065    11.874     3.02    4.50
 164555.183    12.695     2.18    4.88
 164931.301    13.803     2.95    5.08
 165307.419    14.695     2.37    5.08
 165683.536    15.210     1.37    4.78
 166059.654    16.490     3.40    5.52
 166435.772    17.357     2.31    5.86
 166811.889    17.939     1.55    6.47
 167188.006    17.156    -2.08    6.82
 167564.124    17.392     0.63    7.52
 167940.241    18.336     2.51    8.14
 168316.358    22.506    11.09   10.25
 168692.475    25.207     7.18   10.00
 169068.592    28.571     8.94    7.78
 169444.709    29.939     3.64    7.42
 169820.826    29.787    -0.40    7.69
 170196.942    28.325    -3.89    8.23
 170573.059    28.874     1.46    8.65
 170949.176    29.054     0.48    8.64
 171325.292    31.237     5.81    6.68
 171701.409    31.966     1.94    6.15
 172077.525    28.722    -8.62    8.35
 172453.642    26.866    -4.94    8.92
 172829.758    23.882    -7.93    8.70
 173205.874    20.614    -8.69    8.68
 173581.990    19.261    -3.60    8.42
 173958.106    17.840    -3.78    7.79
 174334.229    14.603    -8.61    7.78
 174710.354    12.047    -6.80    5.73
 175086.479    10.032    -5.36    4.22
 175462.604     9.287    -1.98    2.85
 175838.728     9.830     1.44    3.13
 176214.853    10.155     0.86    3.16
 176590.978     9.610    -1.45    4.20
 176967.103     9.182    -1.14    4.75
 177343.227     8.695    -1.30    4.31
 177719.352     8.239    -1.21    3.05
 178095.476     8.506     0.71    3.06
 178471.601     7.371    -3.02    4.46
 178847.726     6.682    -1.83    4.25
 179223.850     4.566    -5.62    3.48
 179599.974     3.479    -2.89    3.15
 179976.099     2.438    -2.77    3.59
 180352.223     1.682    -2.01    3.87
 180728.348     1.772     0.24    4.13
 181104.472     1.614    -0.42    4.07
 181480.596     2.407     2.11    3.79
 181856.721     3.233     2.20    3.16
 182232.845     4.710     3.93    2.34
 182608.969     5.641     2.48    1.76
 182985.094     5.803     0.43    1.89
 183361.218     5.506    -0.79    2.04
 183737.342     4.797    -1.88    2.52
 184113.466     4.153    -1.71    2.50
 184489.591     3.977    -0.47    2.57
 184865.715     4.182     0.55    2.62
 185241.839     3.598    -1.55    2.29
 185617.963     3.618     0.05    2.45
 185994.088     3.656     0.10    2.24
 186370.212     3.077    -1.54    2.52
 186746.336     3.182     0.28    2.60
 187122.460     2.797    -1.02    2.66
 187498.585     2.560    -0.63    2.96
 187874.709     2.284    -0.73    3.22
 188250.833     2.907     1.65    3.39
 188626.957     3.496     1.57    3.34
 189003.082     4.290     2.11    2.11
 189379.206     4.128    -0.43    2.09
 189755.330     3.263    -2.30    2.09
 190131.455     1.830    -3.81    2.69
 190507.579     0.487    -3.57    2.81
 190883.703    -0.043    -1.41    2.24
 191259.828    -0.203    -0.42    2.25
 191635.952     0.398     1.60    2.21
 192012.077     1.541     3.04    2.05
 192388.201     2.261     1.91    1.89
 192764.326     2.695     1.15    1.70
 193140.450     2.912     0.58    1.79
 193516.575     2.490    -1.12    1.67
 193892.700     1.960    -1.41    1.31
 194268.824     1.464    -1.32    1.49
 194644.949     0.823    -1.70    2.23
 195021.074    -0.037    -2.29    2.99
 195397.199    -1.413    -3.66    4.24
 195773.323    -3.494    -5.53    6.66
 196149.448    -4.737    -3.31    7.48
 196525.573    -6.629    -5.03    7.81
 196901.698    -7.624    -2.64    7.53
 197277.823    -8.562    -2.49    7.07
 197653.948    -8.203     0.95    6.50
 198030.073    -7.953     0.66    6.94
 198406.199    -6.529     3.79    7.37
 198782.324    -3.613     7.75    6.58
 199158.449    -1.767     4.91    5.13
 199534.575     0.668     6.47    2.71
 199910.700     1.259     1.57    3.41
 200286.825     1.641     1.02    3.63
 200662.951     1.919     0.74    3.56
 201039.077     0.971    -2.52    4.74
 201415.202    -0.224    -3.18    4.85
 201791.328    -0.869    -1.71    5.16
 202167.454    -2.923    -5.46    6.34
 202543.580    -4.624    -4.52    7.60
 202919.706    -7.357    -7.27    7.77
 203295.832    -9.318    -5.22    8.11
 203671.958    -8.767     1.47    9.34
 204048.084    -5.371     9.03   11.21
 204424.211    -2.332     8.08   10.75
 204800.337    -0.081     5.98    9.21
 205176.464     2.336     6.43    8.48
 205552.590     5.284     7.84    6.52
 205928.717     7.237     5.19    5.01
 206304.844     8.787     4.12    4.83
 206680.970     7.813    -2.59    4.61
 207057.097     6.155    -4.41    4.38
 207433.224     6.290     0.36    3.97
 207809.351     6.064    -0.60    3.36
 208185.479     5.413    -1.73    3.04
 208561.606     4.607    -2.14    3.72
 208937.733     4.515    -0.24    4.36
 209313.861     4.464    -0.14    4.42
 209689.989     5.460     2.65    4.89
 210066.116     6.577     2.97    3.93
 210442.244     8.028     3.86    2.02
 210818.372     8.445     1.11    2.31
 211194.500     8.966     1.38    2.63
 211570.629    10.024     2.81    2.67
 211946.757    10.607     1.55    2.57
 212322.885    11.993     3.68    3.45
 212699.014    13.507     4.03    5.06
 213075.143    17.156     9.70    7.48
 213451.271    20.209     8.12    6.91
 213827.400    23.128     7.76    6.91
 214203.529    21.543    -4.21    8.35
 214579.659    21.643     0.27    7.48
 214955.788    21.582    -0.16    7.78
 215331.917    21.015    -1.51    7.57
 215708.047    24.232     8.55    7.52
 216084.177    26.445     5.88    7.04
 216460.306    26.524     0.21    6.67
 216836.436    25.313    -3.22    7.39
 217212.567    24.629    -1.82    7.28
 217588.697    25.043     1.10    6.68
 217964.827    23.737    -3.47    5.89
 218340.958    22.310    -3.79    5.25
 218717.088    21.639    -1.78    5.29
 219093.219    22.207     1.51    5.70
 219469.350    22.951     1.98    6.27
 219845.481    24.015     2.83    7.71
 220221.613    23.236    -2.07    7.36
 220597.744    21.263    -5.25    6.35
 220973.876    20.866    -1.06    6.77
 221350.008    21.951     2.88    9.18
 221726.139    23.506     4.13    9.82
 222102.272    23.156    -0.93    9.83
 222478.404    20.840    -6.16    6.52
 222854.536    21.419     1.54    5.29
 223230.669    21.722     0.81    5.41
 223606.802    21.720    -0.01    5.73
 223982.935    21.603    -0.31    6.27
 224359.068    20.126    -3.93    6.06
 224735.201    18.234    -5.03    5.76
 225111.334    15.404    -7.53    4.56
 225487.468    14.156    -3.32    3.57
 225863.602    12.515    -4.36    3.10
 226239.736    11.526    -2.63    2.99
 226615.870    10.803    -1.92    2.65
 226992.004     9.533    -3.38    2.84
 227368.139     8.857    -1.80    2.61
 227744.273     9.182     0.86    2.25
 228120.408     8.857    -0.86    2.15
 228496.543     9.233     1.00    2.74
 228872.679    10.233     2.66    3.51
 229248.814    10.079    -0.41    3.81
 229624.950    11.344     3.36    4.02
 230001.086    11.797     1.20    4.27
 230377.222    11.103    -1.85    4.82
 230753.358    11.432     0.87    5.67
 231129.495    10.587    -2.25    5.41
 231505.631    10.960     0.99    4.09
 231881.768    11.722     2.03    3.71
 232257.905    10.720    -2.66    3.42
 232634.043     9.651    -2.84    3.08
 233010.180     8.813    -2.23    3.10
 233386.318     8.445    -0.98    3.74
 233762.456     7.598    -2.25    2.61
 234138.594     9.054     3.87    4.22
 234514.732     9.209     0.41    5.11
 234890.871     8.695    -1.37    5.69
 235267.010     7.787    -2.41    6.58
 235643.149     5.772    -5.36    5.44
 236019.288     4.128    -4.37    4.19
 236395.427     3.050    -2.86    2.96
 236771.567     4.028     2.60    2.19
 237147.707     4.737     1.89    1.92
 237523.847     4.885     0.39    2.12
 237899.988     4.344    -1.44    2.43
 238276.128     3.776    -1.51    2.54
 238652.269     3.966     0.50    2.63
 239028.410     4.182     0.57    2.29
 239404.551     4.432     0.66    2.01
 239780.693     4.498     0.17    1.92
 240156.835     4.939     1.17    2.22
 240532.977     4.900    -0.10    3.93
 240909.119     6.577     4.46    4.65
 241285.262     7.234     1.75    4.77
 241661.405     6.912    -0.86    5.05
 242037.548     5.797    -2.96    5.07
 242413.691     5.765    -0.09    5.23
 242789.835     6.103     0.90    4.84
 243165.978     6.982     2.34    4.43
 243542.122     8.270     3.42    1.85
 243918.267     9.419     3.05    3.66
 244294.411    10.317     2.39    4.68
 244670.556    12.371     5.46    5.70
 245046.701    15.128     7.33    5.57
 245422.847    15.543     1.10    5.44
 245798.992    15.361    -0.48    5.13
 246175.138    13.977    -3.68    4.95
 246551.285    13.614    -0.96    4.43
 246927.431    12.366    -3.32    3.93
 247303.578    11.695    -1.78    3.50
 247679.725    10.925    -2.05    2.23
 248055.872    10.857    -0.18    1.81
 248432.020    11.310     1.20    2.32
 248808.167    11.821     1.36    2.50
 249184.311    11.830     0.03    2.38
 249560.401    11.208    -1.65    1.65
 249936.490    11.526     0.84    1.33
 250312.580    11.105    -1.12    2.46
 250688.670    10.708    -1.05    2.86
 251064.760    10.960     0.67    4.06
 251440.851    10.317    -1.71    4.83
 251816.942    10.460     0.38    4.50
 252193.033    10.682     0.59    4.27
 252569.125    12.233     4.12    4.88
 252945.217    14.885     7.05    5.17
 253321.309    17.438     6.79    6.89
 253697.401    19.951     6.68    7.14
 254073.494    21.129     3.13    6.63
 254449.587    20.939    -0.51    6.72
 254825.680    22.082     3.04    7.84
 255201.774    22.371     0.77    8.84
 255577.868    23.830     3.88    9.08
 255953.962    22.749    -2.87    8.49
 256330.057    20.005    -7.30    6.16
 256706.152    18.387    -4.30    4.11
 257082.247    17.900    -1.30    3.37
 257458.343    19.237     3.56    4.54
 257834.439    24.050    12.80    7.17
 258210.535    27.126     8.18    7.62
 258586.632    28.524     3.72    8.40
 258962.728    26.464    -5.48    8.45
 259338.826    23.506    -7.86    7.26
 259714.923    23.524     0.05    6.21
 260091.021    25.708     5.81    7.40
 260467.119    29.357     9.70    7.87
 260843.218    31.776     6.43    7.71
 261219.317    30.669    -2.94    7.27
 261595.416    29.310    -3.61    8.35
 261971.515    26.960    -6.25    7.85
 262347.615    28.128     3.11    8.67
 262723.715    31.182     8.12    8.72
 263099.816    33.182     5.32    8.91
 263475.917    35.823     7.02    7.83
 263852.018    37.793     5.24    8.31
 264228.120    39.607     4.82    8.05
 264604.222    38.524    -2.88    7.74
 264980.324    33.265   -13.98   11.20
 265356.427    26.103   -19.04   11.13
 265732.530    20.925   -13.77    6.52
 266108.633    21.366     1.17    7.43
 266484.737    25.710    11.55   10.82
 266860.841    32.054    16.87   12.05
 267236.945    37.071    13.34   10.31
 267613.050    35.757    -3.49   10.33
 267989.155    32.077    -9.79    9.59
 268365.261    28.293   -10.06    7.46
 268741.367    31.047     7.32    9.71
 269117.473    35.344    11.43   10.11
 269493.580    37.050     4.54   10.80
 269869.687    32.695   -11.58   11.43
 270245.794    28.344   -11.57    9.18
 270621.902    28.157    -0.50    7.69
 270998.010    30.746     6.88    8.42
 271374.119    35.050    11.44    8.56
 271750.228    37.668     6.96    7.92
 272126.337    37.156    -1.36    8.08
 272502.447    36.643    -1.36    8.81
 272878.557    35.765    -2.33    9.17
 273254.668    34.182    -4.21    9.07
 273630.779    32.348    -4.87    8.31
 274006.890    30.129    -5.90    5.60
 274383.002    29.541    -1.56    4.37
 274759.114    30.244     1.87    4.74
 275135.226    32.560     6.16    5.64
 275511.339    33.749     3.16    5.19
 275887.452    34.263     1.37    5.04
 276263.566    33.892    -0.99    5.70
 276639.680    34.321     1.14    6.60
 277015.794    33.566    -2.01    6.56
 277391.909    33.310    -0.68    5.84
 277768.025    32.336    -2.59    4.58
 278144.140    31.722    -1.63    3.20
 278520.257    32.445     1.92    4.39
 278896.373    34.259     4.82    6.32
 279272.490    36.015     4.67    6.33
 279648.607    36.971     2.54    5.67
 280024.725    36.722    -0.66    5.73
 280400.843    34.919    -4.80    5.02
 280776.962    31.079   -10.21    7.89
 281153.081    26.432   -12.36    9.06
 281529.201    22.524   -10.39    8.50
 281905.321    20.413    -5.61    5.39
 282281.441    23.710     8.77    7.59
 282657.562    25.695     5.28    7.51
 283033.683    26.155     1.22    8.31
 283409.805    27.233     2.87   10.27
 283785.927    24.977    -6.00   11.29
 284162.049    23.734    -3.30   11.40
 284538.172    21.287    -6.51   11.22
 284914.296    15.977   -14.12    7.53
 285290.420    12.892    -8.20    4.48
 285666.544    12.237    -1.74    3.08
 286042.669    11.885    -0.94    3.03
 286418.794    11.263    -1.65    2.23
 286794.919    10.803    -1.22    2.24
 287171.046    11.020     0.57    3.35
 287547.172    12.035     2.70    5.46
 287923.299    12.490     1.21    6.54
 288299.427    10.772    -4.57    6.46
 288675.555     8.737    -5.41    4.75
 289051.683     7.772    -2.57    2.50
 289427.812     9.506     4.61    4.78
 289803.941    14.208    12.50    9.34
 290180.071    19.629    14.41   11.50
 290556.201    22.592     7.88   10.62
 290932.332    21.290    -3.46   10.41
 291308.463    18.550    -7.28    9.07
 291684.595    15.282    -8.69    6.71
 292060.727    13.765    -4.03    6.64
 292436.859    12.445    -3.51    6.59
 292812.993    10.749    -4.51    4.87
 293189.126    10.209    -1.44    3.73
 293565.260     9.939    -0.72    3.62
 293941.395     9.293    -1.72    2.55
 294317.530     9.259    -0.09    2.30
 294693.665     9.438     0.48    3.98
 295069.801     9.668     0.61    5.11
 295445.938     9.028    -1.70    5.04
 295822.075     9.371     0.91    5.50
 296198.212     9.387     0.04    5.02
 296574.350     9.550     0.43    4.89
 296950.488     9.207    -0.91    4.46
 297326.627     8.182    -2.73    2.82
 297702.767     8.024    -0.42    2.59
 298078.907     8.900     2.33    4.32
 298455.047     9.782     2.35    5.72
 298831.188    11.490     4.54    7.86
 299207.330    12.020     1.41    8.55
 299583.472    13.432     3.75    8.81
 299959.614    13.614     0.49    9.08
 300335.757    14.472     2.28    9.23
