#  280.996  -0.151   2.492 ;Mean Elev.(m), Avg Gradient(m/km), RMS Gradient(m/km) - SRTM1     
#  264.032  -0.178   3.854 ;Mean Elev.(m), Avg Gradient(m/km), RMS Gradient(m/km) - ASTER GDEM
#  281.085   0.011   0.391 ;Mean Elev.(m), Avg Gradient(m/km), RMS Gradient(m/km) - GMTED2010 
  8  16.144618  -2.402116   281.910   281.899  5 52478.37089396 51.864
  9  16.153974  -2.421629   281.818   281.830 13 52513.37084071 38.464
 10  16.146546  -2.405188   283.039   283.020  6 52548.37088051 32.615
 11  16.149917  -2.417025   284.255   284.367 11 52583.37088108 37.352
 12  16.145788  -2.404813   285.999   285.999  5 52618.37085395 46.471
 13  16.154386  -2.421412   285.212   285.232 13 52653.37083269 37.195
 14  16.147850  -2.417447   282.704   282.723  8 52688.37083166 36.077
 15  16.147470  -2.412999   281.765   281.740  9 52723.37087715 33.131
 17  16.149883  -2.414799   282.443   282.454 11 52793.37085089 51.783
 18  16.150953  -2.419167   282.123   282.114 12 52828.37091943 49.016
 19  16.152782  -2.419130   282.251   282.256 13 52863.37096436 34.679
 20  16.147076  -2.407142   283.114   283.116  7 52898.37099174 50.668
 21  16.146556  -2.404777   284.037   284.036  5 52933.37093667 52.760
 22  16.147456  -2.416253   284.837   284.856  8 52968.37094820 33.864
 23  16.142972  -2.402584   284.608   284.624  4 53003.37096795 37.230
 24  16.145410  -2.404911   282.946   282.945  5 53038.37091753 51.673
 25  16.146970  -2.405017   281.827   281.824  6 53073.37094534 50.539
 26  16.146021  -2.403431   281.549   281.549  5 53108.37091734 49.965
 27  16.147039  -2.409616   281.876   281.862  7 53143.37095546 45.593
 28  16.149067  -2.415457   281.395   281.381 11 53178.37097663 44.392
 29  16.146763  -2.406547   281.217   281.247  6 53213.37099593 27.947
 30  16.147595  -2.415817   281.928   281.894  8 53248.37096668 38.030
 31  16.145156  -2.404511   282.769   282.756  5 53283.37095675 50.053
 32  16.150697  -2.416623   284.113   284.122 12 53318.37095615 51.326
 33  16.151465  -2.419085   284.154   283.977 12 53353.37092294 20.253
 34  16.147227  -2.409114   283.220   283.218  7 53388.37091844 52.082
 35  16.152307  -2.420752   281.314   281.307 13 53423.37092064 28.217
 36  16.150878  -2.419145   281.289   281.278 12 53458.37092541 47.063
 37  16.142727  -2.400774   281.669   281.670  4 53493.37100712 51.968
 38  16.151532  -2.419240   281.869   281.851 13 53528.37098833 43.451
 39  16.143452  -2.402495   281.897   281.896  4 53563.37101557 26.954
 40  16.150057  -2.419078   281.369   281.407 12 53598.37095894 29.743
 41  16.145426  -2.402597   282.576   282.569  5 53633.37095175 26.455
 42  16.144877  -2.402391   283.172   283.164  5 53668.37097393 32.899
 43  16.151388  -2.419361   284.574   284.570 12 53703.37091950 51.587
 44  16.151738  -2.420463   282.873   282.780 13 53738.37082914 18.831
 45  16.152088  -2.419292   281.577   281.544 13 53773.37084329 30.216
 46  16.150562  -2.416896   281.345   281.407 12 53808.37082916 29.487
 48  16.149790  -2.417941   281.439   281.449 11 53878.37089888 45.169
 49  16.143594  -2.401442   281.989   281.985  4 53913.37094920 51.763
 51  16.147180  -2.412126   282.035   282.032  8 53983.37090563 50.806
 52  16.149206  -2.413130   282.627   282.557 10 54018.37093602 28.222
 53  16.154739  -2.421263   283.719   283.624 13 54053.37093077 28.224
 54  16.148901  -2.415032   285.426   285.423 11 54088.37092116 50.489
 55  16.147823  -2.414242   283.535   283.567  8 54123.37084323 27.274
 56  16.147284  -2.412258   281.891   281.927  9 54158.37088442 27.941
 57  16.147597  -2.414487   281.707   281.730  8 54193.37084439 46.977
 58  16.147566  -2.413904   281.864   281.840  9 54228.37089600 52.002
 59  16.148017  -2.415202   282.017   282.030  8 54263.37091518 27.734
 60  16.147810  -2.417744   281.879   281.889  8 54298.37092074 45.733
 61  16.149271  -2.414064   282.180   282.175 10 54333.37090957 39.095
 63  16.148075  -2.414769   284.384   284.384  8 54403.37085340 51.459
 65  16.149464  -2.415582   284.819   284.817 11 54473.37083934 51.448
 66  16.147473  -2.416217   282.830   282.844  8 54508.37082160 52.092
 67  16.149000  -2.414095   281.716   281.743 10 54543.37085328 31.496
 68  16.147835  -2.414591   281.856   281.930  8 54578.37082278 33.524
 69  16.148850  -2.414571   281.920   281.912 11 54613.37084395 36.041
 70  16.147389  -2.413491   282.162   282.130  8 54648.37085103 38.532
 71  16.147631  -2.415865   281.789   281.778  8 54683.37085112 41.566
 72  16.148010  -2.416870   282.708   282.654  8 54718.37079842 40.290
 73  16.147433  -2.414079   283.223   283.235  9 54753.37082440 34.009
 74  16.147364  -2.413221   284.373   284.380  9 54788.37078931 34.517
 75  16.147992  -2.416224   284.989   285.002  8 54823.37081906 43.656
 76  16.147877  -2.416703   282.773   282.796  8 54858.37078524 40.694
 77  16.147315  -2.409889   282.437   282.485  7 54893.37082065 28.330
 78  16.147509  -2.407927   281.749   281.748  7 54928.37078122 48.294
 80  16.146961  -2.406300   282.397   282.384  6 54998.37083999 25.230
 81  16.147142  -2.414149   282.213   282.262  8 55033.37083008 51.710
 82  16.148019  -2.417327   281.836   281.855  8 55068.37081892 40.430
 83  16.147436  -2.407944   282.903   282.905  7 55103.37075625 48.338
 84  16.147816  -2.414758   283.868   283.868  9 55138.37076597 44.771
 85  16.147890  -2.413983   285.370   285.370  8 55173.37072599 50.019
 86  16.147714  -2.414463   283.934   283.907  9 55208.37076048 31.778
 87  16.147471  -2.410403   282.550   282.587  8 55243.37073049 33.320
 88  16.147546  -2.413722   282.161   282.228  9 55278.37075368 28.423
 89  16.147810  -2.414412   282.928   282.926  8 55313.37071637 47.571
 90  16.147918  -2.416729   282.570   282.559  8 55348.37072512 50.996
 91  16.147276  -2.413829   282.313   282.318  8 55383.37071508 49.405
 92  16.148286  -2.415411   282.048   281.976  8 55418.37074333 27.445
 93  16.148830  -2.413790   282.238   282.254 10 55453.37072350 40.609
 94  16.149120  -2.415698   283.150   283.128 11 55488.37064512 43.687
