-234717.757    66.880     0.00    9.95
-234341.608    65.641    -3.29   10.23
-233965.459    60.383   -13.98   11.11
-233589.309    56.229   -11.04   11.39
-233213.160    51.197   -13.38    9.63
-232837.011    47.605    -9.55    6.51
-232460.862    46.469    -3.02    4.76
-232084.713    45.043    -3.79    3.54
-231708.564    44.380    -1.76    3.39
-231332.415    43.875    -1.34    3.24
-230956.265    43.438    -1.16    3.18
-230580.116    42.859    -1.54    2.99
-230203.967    42.859     0.00    2.38
-229827.818    43.037     0.47    2.44
-229451.669    42.855    -0.48    2.36
-229075.519    41.701    -3.07    2.10
-228699.370    40.975    -1.93    1.97
-228323.221    39.983    -2.64    1.90
-227947.072    39.080    -2.40    2.19
-227570.922    37.973    -2.94    2.21
-227194.773    37.255    -1.91    2.22
-226818.624    36.868    -1.03    2.28
-226442.474    36.118    -1.99    1.92
-226066.325    35.469    -1.72    2.23
-225690.176    34.725    -1.98    1.81
-225314.026    33.973    -2.00    2.13
-224937.877    32.964    -2.68    2.23
-224561.727    32.511    -1.21    1.94
-224185.578    32.024    -1.30    1.63
-223809.428    31.690    -0.89    1.43
-223433.279    31.037    -1.74    1.23
-223057.129    30.605    -1.15    1.37
-222680.979    29.537    -2.84    3.22
-222304.829    28.391    -3.04    3.74
-221928.680    27.145    -3.31    3.65
-221552.530    25.442    -4.53    3.60
-221176.380    24.794    -1.72    3.29
-220800.230    24.255    -1.43    4.23
-220424.080    24.339     0.22    4.66
-220047.930    26.870     6.73    5.43
-219671.780    29.912     8.09    5.98
-219295.630    32.780     7.63    6.09
-218919.480    37.562    12.71   12.02
-218543.329    44.361    18.08   14.96
-218167.179    50.438    16.16   14.69
-217791.029    56.885    17.14   10.43
-217414.878    57.024     0.37    9.28
-217038.728    58.091     2.84    8.82
-216662.577    62.485    11.68   11.82
-216286.426    69.555    18.80   12.74
-215910.275    74.086    12.04    8.74
-215534.125    73.956    -0.35    9.51
-215157.974    73.550    -1.08   10.48
-214781.823    71.253    -6.11   12.63
-214405.672    73.172     5.10   12.15
-214029.521    77.023    10.24   10.42
-213653.369    78.055     2.74    9.86
-213277.218    79.254     3.19    8.07
-212901.067    76.578    -7.12   10.16
-212524.915    72.665   -10.40   11.79
-212148.764    70.307    -6.27   11.89
-211772.612    66.819    -9.27   11.69
-211396.460    63.172    -9.69   11.79
-211020.308    57.998   -13.75    9.60
-210644.157    57.114    -2.35    9.65
-210268.004    59.464     6.25   11.59
-209891.852    63.973    11.98   12.68
-209515.700    69.968    15.94   10.33
-209139.548    71.434     3.90   11.10
-208763.395    73.632     5.84   11.32
-208387.243    71.752    -5.00   12.83
-208011.090    65.172   -17.49   13.01
-207634.937    58.808   -16.92   11.54
-207258.784    53.464   -14.21    8.32
-206882.631    52.306    -3.08    7.32
-206506.478    57.415    13.58   11.53
-206130.325    63.819    17.02   11.27
-205754.172    68.639    12.82    9.04
-205378.018    67.973    -1.77    8.63
-205001.865    61.550   -17.07   13.28
-204625.711    55.665   -15.65   13.83
-204249.557    49.740   -15.75    9.97
-203873.403    47.415    -6.18    6.55
-203497.249    50.361     7.83    8.82
-203121.095    55.749    14.32   10.06
-202744.941    60.870    13.61   11.79
-202368.786    63.780     7.74   12.18
-201992.632    62.308    -3.91   12.34
-201616.477    62.254    -0.14   10.70
-201240.322    62.864     1.62   10.42
-200864.174    64.412     4.12   10.08
-200488.040    66.203     4.76    9.01
-200111.907    66.983     2.07    8.07
-199735.773    69.596     6.95    7.01
-199359.639    71.793     5.84    6.41
-198983.504    76.859    13.47    9.26
-198607.370    79.983     8.30   10.05
-198231.235    78.921    -2.82   11.91
-197855.101    78.929     0.02   12.57
-197478.966    77.496    -3.81   13.28
-197102.831    78.037     1.44   13.02
-196726.696    84.023    15.91    8.54
-196350.560    82.767    -3.34   10.87
-195974.425    80.152    -6.95   11.10
-195598.289    79.169    -2.61   10.61
-195222.154    81.255     5.54   10.33
-194846.018    81.586     0.88    9.43
-194469.881    81.145    -1.17    9.33
-194093.745    79.049    -5.57   10.42
-193717.609    74.550   -11.96   10.07
-193341.472    72.228    -6.18    9.96
-192965.335    71.780    -1.19   11.15
-192589.198    73.255     3.92   12.55
-192213.061    76.253     7.97   12.69
-191836.924    78.480     5.92   10.61
-191460.786    79.306     2.20   10.38
-191084.648    81.697     6.36   10.81
-190708.510    84.361     7.08   10.23
-190332.372    84.197    -0.44    9.95
-189956.234    83.491    -1.88    9.01
-189580.096    82.730    -2.02    9.08
-189203.957    80.659    -5.51   10.26
-188827.818    76.455   -11.18   13.05
-188451.679    72.464   -10.61   15.39
-188075.540    69.438    -8.05   14.10
-187699.400    63.701   -15.25   10.90
-187323.261    58.819   -12.98   10.55
-186947.121    53.859   -13.19    7.21
-186570.981    52.558    -3.46    6.38
-186194.840    56.793    11.26    9.21
-185818.700    61.669    12.96    7.85
-185442.559    64.855     8.47    7.45
-185066.418    66.280     3.79    7.72
-184690.277    68.080     4.79    7.34
-184314.136    72.172    10.88    8.96
-183937.994    74.875     7.19    8.34
-183561.853    75.649     2.06    7.68
-183185.711    76.434     2.09    8.29
-182809.568    75.956    -1.27    9.56
-182433.426    76.819     2.29    8.86
-182057.283    79.075     6.00    9.17
-181681.141    81.754     7.12    8.01
-181304.998    82.388     1.69    8.22
-180928.854    83.947     4.14    8.71
-180552.711    81.101    -7.57   10.36
-180176.567    78.919    -5.80   12.02
-179800.423    76.973    -5.18   12.84
-179424.279    74.364    -6.94   11.24
-179048.134    74.570     0.55   10.33
-178671.989    75.793     3.25   10.50
-178295.844    78.874     8.19    8.47
-177919.699    77.388    -3.95    9.27
-177543.554    70.885   -17.29   12.06
-177167.408    65.172   -15.19   11.01
-176791.262    61.639    -9.39    7.97
-176415.116    61.821     0.48    8.75
-176038.970    63.716     5.04    9.09
-175662.823    63.101    -1.64    9.70
-175286.676    61.460    -4.36   10.10
-174910.529    58.875    -6.87    8.71
-174534.381    55.511    -8.94    7.71
-174158.234    53.017    -6.63    6.57
-173782.086    52.975    -0.11    6.74
-173405.937    51.145    -4.86    5.43
-173029.789    51.686     1.44    5.82
-172653.640    52.361     1.80    6.16
-172277.491    52.921     1.49    6.08
-171901.342    51.811    -2.95    6.44
-171525.192    51.332    -1.28    6.27
-171149.042    50.049    -3.41    5.76
-170772.892    50.252     0.54    6.23
-170396.742    51.537     3.41    7.23
-170020.591    50.550    -2.62    5.82
-169644.440    51.665     2.96    6.48
-169268.289    54.043     6.32    8.29
-168892.137    55.043     2.66    8.14
-168515.986    55.605     1.49    7.68
-168139.834    53.434    -5.77    7.97
-167763.681    49.955    -9.25    8.05
-167387.528    46.309    -9.69    7.48
-167011.376    41.442   -12.94    6.58
-166635.222    37.334   -10.92    4.58
-166259.069    34.686    -7.04    2.78
-165882.915    33.794    -2.37    1.85
-165506.761    32.880    -2.43    3.13
-165130.606    32.130    -1.99    4.22
-164754.452    33.665     4.08    6.27
-164378.297    35.605     5.16    7.18
-164002.141    40.306    12.50    7.51
-163625.986    43.228     7.77    7.64
-163249.830    45.701     6.58    6.78
-162873.673    48.412     7.21    6.54
-162497.517    51.408     7.97    7.97
-162121.360    57.558    16.35   10.90
-161745.203    64.570    18.64   11.72
-161369.045    69.562    13.27   11.24
-160992.887    70.937     3.66   10.88
-160616.729    69.896    -2.77   10.79
-160240.571    68.361    -4.08    9.24
-159864.412    67.199    -3.09    8.23
-159488.253    66.091    -2.95    8.28
-159112.093    62.058   -10.72    9.33
-158735.934    56.793   -14.00    9.16
-158359.773    54.530    -6.02    8.69
-157983.613    53.686    -2.25    9.76
-157607.452    52.305    -3.67    8.30
-157231.291    54.122     4.83    8.64
-156855.130    52.896    -3.26    8.43
-156478.968    54.415     4.04    9.23
-156102.806    55.255     2.23    9.04
-155726.643    59.752    11.96   10.27
-155350.481    64.496    12.61   11.81
-154974.317    68.649    11.04   12.59
-154598.154    71.337     7.15   10.49
-154221.990    70.973    -0.97    9.34
-153845.826    74.357     9.00    9.07
-153469.661    78.391    10.72    7.69
-153093.496    80.523     5.67    6.18
-152717.331    78.586    -5.15    7.89
-152341.166    73.833   -12.64   10.31
-151965.000    66.080   -20.61   10.75
-151588.833    59.145   -18.44   10.43
-151212.667    51.562   -20.16   10.04
-150836.500    47.701   -10.26    8.11
-150460.332    49.570     4.97   10.41
-150084.164    53.983    11.73   11.44
-149707.996    57.930    10.49   10.61
-149331.828    59.754     4.85   10.83
-148955.659    62.821     8.15   12.06
-148579.490    64.659     4.89   13.19
-148203.320    69.309    12.36   13.02
-147827.150    73.844    12.06   11.09
-147450.980    77.101     8.66   10.11
-147074.809    79.975     7.64   10.80
-146698.638    85.253    14.03    9.56
-146322.466    85.523     0.72   10.32
-145946.294    80.902   -12.29   13.01
-145570.122    74.203   -17.81   13.10
-145193.949    71.253    -7.84   12.46
-144817.776    71.562     0.82   12.50
-144441.603    76.070    11.98   12.03
-144065.429    78.973     7.72    9.98
-143689.255    77.686    -3.42   12.56
-143313.080    73.055   -12.31   13.32
-142936.905    70.998    -5.47   13.42
-142560.729    73.114     5.62   14.43
-142184.554    80.713    20.20   12.33
-141808.377    80.442    -0.72   12.43
-141432.201    76.334   -10.92   14.38
-141056.024    74.793    -4.10   13.49
-140679.846    74.309    -1.29   13.71
-140303.668    80.562    16.62   13.87
-139927.490    85.622    13.45   13.03
-139551.311    86.058     1.16   12.14
-139175.132    85.870    -0.50   10.20
-138798.952    83.517    -6.25    7.89
-138422.772    79.201   -11.47    8.30
-138046.592    76.728    -6.58    7.82
-137670.411    73.614    -8.28    8.45
-137294.230    70.794    -7.50    8.93
-136918.048    70.434    -0.96    8.73
-136541.866    70.055    -1.01    9.57
-136165.684    72.114     5.47   10.46
-135789.501    76.605    11.94   10.48
-135413.317    82.037    14.44   10.85
-135037.134    86.767    12.57    8.59
-134660.949    84.388    -6.32   11.96
-134284.765    81.030    -8.93   13.94
-133908.580    73.805   -19.21   12.34
-133532.394    70.885    -7.76    9.87
-133156.208    73.821     7.80   10.75
-132780.022    81.562    20.58   12.41
-132403.835    90.043    22.54   12.53
-132027.647    98.622    22.80   13.48
-131651.460   106.929    22.08    9.47
-131275.271   111.280    11.57    6.96
-130899.083   114.419     8.34    5.08
-130522.894   111.588    -7.53    7.35
-130146.704   106.049   -14.72   11.46
-129770.514    97.718   -22.15   12.16
-129394.323    86.821   -28.97   12.86
-129018.132    78.929   -20.98   10.93
-128641.941    78.336    -1.58   10.56
-128265.749    81.334     7.97   11.26
-127889.557    85.197    10.27   10.16
-127513.364    84.333    -2.30   10.88
-127137.171    85.101     2.04   10.62
-126760.977    87.280     5.79   10.45
-126384.783    95.122    20.85   13.95
-126008.588   104.460    24.82   10.58
-125632.456   106.152     4.50   10.37
-125256.357   100.929   -13.89   15.45
-124880.258    95.024   -15.70   14.95
-124504.158    92.172    -7.58   12.41
-124128.058    97.412    13.93   14.34
-123751.957   108.254    28.83   11.05
-123375.855   115.436    19.10    8.25
-122999.754   114.075    -3.62   10.71
-122623.651   104.228   -26.18   19.86
-122247.548    96.364   -20.91   19.04
-121871.445    93.408    -7.86   17.46
-121495.341    94.197     2.10   20.06
-121119.237    99.357    13.72   18.77
-120743.132    98.464    -2.37   17.23
-120367.027    94.713    -9.98   15.14
-119990.921    93.701    -2.69   11.93
-119614.815    94.485     2.08   12.28
-119238.708    94.870     1.02   13.16
-118862.601    95.091     0.59   12.41
-118486.493    92.101    -7.95   13.18
-118110.384    89.686    -6.42   14.19
-117734.276    93.523    10.20   13.05
-117358.166    93.686     0.43   13.15
-116982.056    90.192    -9.29   15.87
-116605.946    87.255    -7.81   15.29
-116229.835    82.921   -11.52   13.13
-115853.724    83.530     1.62   11.21
-115477.612    81.434    -5.57   13.87
-115101.499    80.752    -1.81   16.05
-114725.386    81.096     0.91   13.94
-114349.273    77.229   -10.28   15.55
-113973.159    71.280   -15.82   13.45
-113597.044    64.175   -18.89   12.45
-113220.929    58.306   -15.60   11.68
-112844.813    52.430   -15.62   10.71
-112468.697    50.496    -5.14   11.18
-112092.580    51.306     2.15   11.54
-111716.463    55.570    11.34   15.41
-111340.345    58.280     7.21   17.75
-110964.227    61.226     7.83   15.21
-110588.108    66.697    14.55   15.73
-110211.989    67.649     2.53   14.78
-109835.869    65.430    -5.90   12.67
-109459.748    65.697     0.71   10.22
-109083.627    61.755   -10.48   11.80
-108707.506    54.145   -20.23    9.98
-108331.383    54.964     2.18   11.07
-107955.261    57.543     6.86   13.61
-107579.137    61.385    10.21   12.53
-107203.014    60.145    -3.30   12.55
-106826.889    55.336   -12.79   13.38
-106450.764    54.101    -3.28   13.68
-106074.639    55.109     2.68   15.80
-105698.513    58.075     7.89   16.03
-105322.386    60.588     6.68   14.50
-104946.259    56.891    -9.83   12.51
-104570.131    55.307    -4.21   10.59
-104194.003    56.086     2.07   11.59
-103817.874    59.101     8.02   15.24
-103441.744    65.152    16.09   15.92
-103065.614    67.253     5.59   16.34
-102689.484    63.101   -11.04   18.42
-102313.352    56.742   -16.91   19.07
-101937.220    49.043   -20.47   17.65
-101561.088    40.578   -22.51   13.92
-101184.955    34.819   -15.31    9.01
-100808.822    31.175    -9.69    5.63
-100432.687    29.391    -4.74    3.54
-100056.553    28.596    -2.11    3.82
 -99680.417    28.419    -0.47    3.85
 -99304.281    29.280     2.29    3.80
 -98928.145    29.767     1.30    4.86
 -98552.008    30.780     2.69    4.61
 -98175.870    31.713     2.48    4.21
 -97799.732    35.253     9.41    6.50
 -97423.593    41.118    15.59   12.73
 -97047.453    49.973    23.54   18.25
 -96671.313    58.523    22.73   18.76
 -96295.172    68.383    26.21   16.50
 -95919.031    71.921     9.41   15.82
 -95542.889    74.870     7.84   13.15
 -95166.746    77.145     6.05   11.30
 -94790.603    81.870    12.56    9.29
 -94414.460    85.438     9.49    8.46
 -94038.315    89.919    11.91    5.43
 -93662.170    93.226     8.79    4.56
 -93286.024    94.821     4.24    7.18
 -92909.878    95.821     2.66    8.50
 -92533.731    97.819     5.31    8.54
 -92157.584    98.968     3.05    6.59
 -91781.436   101.201     5.94    8.60
 -91405.287   106.333    13.64    8.19
 -91029.137   109.447     8.28    5.51
 -90652.987   110.511     2.83    4.23
 -90276.837   109.118    -3.70    5.38
 -89900.685   106.998    -5.64    5.50
 -89524.534   106.043    -2.54    5.35
 -89148.381   107.728     4.48    7.70
 -88772.228   110.118     6.36    9.77
 -88396.074   112.921     7.45    9.81
 -88019.919   113.101     0.48    8.47
 -87643.764   110.808    -6.10    8.21
 -87267.608   104.875   -15.77    9.80
 -86891.452    98.442   -17.10    7.34
 -86515.295    98.172    -0.72    6.10
 -86139.137   101.010     7.54    7.76
 -85762.979   105.337    11.50    6.23
 -85386.820   107.480     5.70    4.59
 -85010.660   107.280    -0.53    4.59
 -84634.500   105.114    -5.76    6.56
 -84258.339    99.998   -13.60    9.75
 -83882.177    93.172   -18.15   13.75
 -83506.015    85.254   -21.05   14.83
 -83129.851    77.359   -20.99   12.25
 -82753.688    72.562   -12.75   11.43
 -82377.523    68.767   -10.09   12.51
 -82001.358    63.359   -14.38   15.49
 -81625.193    58.030   -14.17   14.96
 -81249.026    54.623    -9.06   12.62
 -80872.859    51.938    -7.14   10.39
 -80496.692    53.415     3.93   10.14
 -80120.523    60.280    18.25   11.74
 -79744.354    71.334    29.39   14.11
 -79368.184    80.280    23.78   14.28
 -78992.014    88.434    21.68    9.75
 -78615.843    92.819    11.66    6.09
 -78239.671    92.848     0.08    6.56
 -77863.498    90.203    -7.03    6.68
 -77487.325    86.716    -9.27    8.47
 -77111.151    82.024   -12.47   10.83
 -76734.977    76.172   -15.56   10.73
 -76358.801    66.049   -26.91   15.53
 -75982.625    56.280   -25.97   16.44
 -75606.449    48.175   -21.55   12.60
 -75230.271    43.229   -13.15    7.30
 -74854.093    41.427    -4.79    7.21
 -74477.915    40.921    -1.35    5.84
 -74101.735    41.010     0.24    5.05
 -73725.555    41.364     0.94    4.66
 -73349.374    40.713    -1.73    3.33
 -72973.192    38.780    -5.14    3.82
 -72597.010    35.517    -8.67    4.56
 -72220.827    32.130    -9.00    4.56
 -71844.643    29.469    -7.07    3.32
 -71468.459    28.049    -3.77    2.33
 -71092.273    27.096    -2.53    1.52
 -70716.088    26.438    -1.75    1.75
 -70339.901    25.848    -1.57    1.83
 -69963.714    25.155    -1.84    1.81
 -69587.525    24.064    -2.90    2.82
 -69211.337    23.523    -1.44    3.16
 -68835.147    23.091    -1.15    3.58
 -68458.957    22.966    -0.33    4.16
 -68082.766    23.255     0.77    3.94
 -67706.574    23.408     0.41    3.68
 -67330.382    23.197    -0.56    3.77
 -66954.188    25.226     5.39    5.23
 -66577.994    31.605    16.95   15.50
 -66201.800    43.122    30.62   23.96
 -65825.604    61.905    49.93   28.05
 -65449.408    80.496    49.42   21.52
 -65073.211    93.622    34.89   10.38
 -64697.013    98.675    13.43    5.94
 -64320.815    99.588     2.43    4.87
 -63944.616    99.172    -1.11    5.09
 -63568.416    98.905    -0.71    5.83
 -63192.215    98.438    -1.24    5.70
 -62816.014    99.821     3.68    5.63
 -62439.811   101.469     4.38    4.51
 -62063.608   102.308     2.23    4.12
 -61687.405   101.543    -2.03    3.89
 -61311.200    97.614   -10.45    7.09
 -60934.995    91.795   -15.47    9.75
 -60558.789    82.460   -24.81   12.45
 -60182.582    74.201   -21.95   11.31
 -59806.375    70.169   -10.72    8.12
 -59430.166    64.716   -14.49    7.54
 -59053.957    59.307   -14.38    9.66
 -58677.747    53.511   -15.41   10.03
 -58301.537    45.149   -22.23   10.83
 -57925.325    37.716   -19.76   11.40
 -57549.113    31.030   -17.77    9.30
 -57172.900    26.380   -12.36    5.50
 -56796.686    24.101    -6.06    2.50
 -56420.472    22.864    -3.29    4.46
 -56044.256    19.578    -8.73    6.61
 -55668.040    18.145    -3.81    6.31
 -55291.823    18.280     0.36    5.10
 -54915.606    19.807     4.06    4.03
 -54539.387    21.975     5.76    2.00
 -54163.168    23.180     3.20    1.85
 -53786.948    24.043     2.29    1.76
 -53410.727    24.740     1.85    1.48
 -53034.505    24.947     0.55    1.53
 -52658.282    25.359     1.10    1.51
 -52282.059    25.017    -0.91    2.29
 -51905.835    25.226     0.56    2.60
 -51529.610    25.152    -0.20    2.87
 -51153.384    25.669     1.37    2.32
 -50777.158    26.383     1.90    2.22
 -50401.087    27.229     2.25    2.68
 -50025.019    30.986     9.99    6.40
 -49648.949    38.010    18.68   11.26
 -49272.879    49.415    30.33   14.73
 -48896.808    62.848    35.72   14.82
 -48520.737    75.875    34.64   13.18
 -48144.664    84.496    22.93   10.20
 -47768.591    92.485    21.24    8.12
 -47392.517    96.665    11.11    6.36
 -47016.442    97.848     3.15    6.27
 -46640.366    95.491    -6.27    7.83
 -46264.289    90.701   -12.74    8.74
 -45888.212    83.742   -18.51   11.44
 -45512.134    78.307   -14.45   12.23
 -45136.054    73.562   -12.62   14.15
 -44759.974    72.030    -4.07   13.86
 -44383.894    76.126    10.89   14.00
 -44007.812    82.332    16.50   12.21
 -43631.730    90.405    21.47   10.34
 -43255.646    99.229    23.46    9.70
 -42879.562   107.983    23.28   10.82
 -42503.477   116.145    21.70    9.50
 -42127.391   119.675     9.39    7.97
 -41751.304   119.391    -0.75    8.05
 -41375.217   114.793   -12.23    8.70
 -40999.128   108.383   -17.04    8.31
 -40623.039   101.740   -17.66    9.22
 -40246.949    96.280   -14.52    9.19
 -39870.858    92.665    -9.61    8.10
 -39494.766    88.742   -10.43    7.95
 -39118.673    88.010    -1.95    9.51
 -38742.580    86.614    -3.71    8.67
 -38366.485    85.226    -3.69    9.52
 -37990.390    83.929    -3.45   11.72
 -37614.294    79.767   -11.07   13.78
 -37238.197    77.811    -5.20   14.98
 -36862.099    73.203   -12.25   16.84
 -36486.000    66.964   -16.59   16.31
 -36109.900    63.086   -10.31   13.40
 -35733.800    59.690    -9.03   12.14
 -35357.698    58.058    -4.34   13.17
 -34981.596    55.562    -6.64   13.67
 -34605.493    51.543   -10.69   11.89
 -34229.389    46.929   -12.27    9.27
 -33853.284    42.632   -11.43    9.34
 -33477.178    36.357   -16.68    9.74
 -33101.071    32.719    -9.67    6.72
 -32724.964    32.037    -1.81    5.31
 -32348.855    32.998     2.56    5.79
 -31972.746    35.464     6.56    5.31
 -31596.635    37.307     4.90    3.69
 -31220.524    37.848     1.44    2.58
 -30844.412    37.395    -1.21    2.29
 -30468.299    35.357    -5.42    3.16
 -30092.185    33.155    -5.85    3.78
 -29716.070    31.550    -4.27    3.78
 -29339.955    29.229    -6.17    3.03
 -28963.838    27.864    -3.63    2.55
 -28587.720    26.964    -2.39    2.74
 -28211.602    25.614    -3.59    2.54
 -27835.483    25.333    -0.75    2.28
 -27459.362    25.253    -0.21    2.24
 -27083.241    25.359     0.28    2.03
 -26707.119    25.530     0.45    1.94
 -26330.996    25.225    -0.81    2.12
 -25954.872    25.152    -0.19    1.92
 -25578.747    24.491    -1.76    1.86
 -25202.622    24.713     0.59    1.98
 -24826.495    24.686    -0.07    2.01
 -24450.367    24.641    -0.12    2.44
 -24074.239    24.896     0.68    2.61
 -23698.109    24.480    -1.10    2.64
 -23321.979    24.578     0.26    2.59
 -22945.847    24.955     1.00    2.92
 -22569.715    25.570     1.63    2.88
 -22193.582    26.149     1.54    2.61
 -21817.448    26.875     1.93    2.30
 -21441.312    27.203     0.87    2.44
 -21065.176    27.199    -0.01    2.58
 -20689.039    26.308    -2.37    3.38
 -20312.901    24.885    -3.78    4.06
 -19936.763    20.475   -11.73    5.69
 -19560.623    18.049    -6.45    4.87
 -19184.482    17.280    -2.05    4.19
 -18808.340    17.280     0.00    3.31
 -18432.197    18.091     2.16    2.86
 -18056.054    18.821     1.94    2.61
 -17679.909    18.902     0.22    2.83
 -17303.764    18.930     0.08    3.02
 -16927.617    18.388    -1.44    3.37
 -16551.469    16.562    -4.85    3.49
 -16175.321    15.175    -3.69    2.64
 -15799.172    14.780    -1.05    2.30
 -15423.021    14.578    -0.54    1.97
 -15046.870    14.434    -0.38    2.54
 -14670.717    13.938    -1.32    2.80
 -14294.564    13.502    -1.16    2.37
 -13918.410    13.550     0.13    2.32
 -13542.255    14.308     2.01    2.57
 -13166.098    15.434     2.99    3.07
 -12789.941    15.665     0.61    3.72
 -12413.783    15.093    -1.52    4.69
 -12037.624    12.226    -7.62    6.59
 -11661.464     9.226    -7.98    7.43
 -11285.302     5.145   -10.85    6.97
 -10909.140     3.126    -5.37    6.40
 -10532.977     2.064    -2.82    4.81
 -10156.813     2.870     2.14    4.86
  -9780.648     4.332     3.89    4.42
  -9404.482     5.870     4.09    4.30
  -9028.315     8.037     5.76    4.51
  -8652.146    10.178     5.69    5.00
  -8275.977    12.201     5.38    4.94
  -7899.807    14.586     6.34    2.51
  -7523.636    14.983     1.06    2.58
  -7147.464    15.058     0.20    3.15
  -6771.291    14.929    -0.34    3.30
  -6395.117    14.408    -1.38    3.50
  -6018.942    13.968    -1.17    2.87
  -5642.765    13.701    -0.71    1.91
  -5266.588    13.201    -1.33    2.20
  -4890.410    12.447    -2.01    2.59
  -4514.231    11.408    -2.76    2.66
  -4138.051     9.902    -4.00    3.03
  -3761.869     9.332    -1.52    2.70
  -3385.687     8.728    -1.61    3.25
  -3009.504     7.203    -4.05    4.36
  -2633.319     6.632    -1.52    4.73
  -2257.134     5.938    -1.84    4.79
  -1880.948     5.605    -0.88    4.52
  -1504.760     4.502    -2.93    4.47
  -1128.572     2.145    -6.27    3.96
   -752.382     0.199    -5.17    2.35
   -376.192    -0.585    -2.08    0.48
     -0.000     0.632     3.23    2.21
    376.192     2.480     4.91    3.23
    752.386     6.230     9.97    4.55
   1128.581    10.280    10.77    4.52
   1504.776    12.307     5.39    3.22
   1880.973    11.870    -1.16    3.75
   2257.171     8.912    -7.86    5.61
   2633.370     4.385   -12.03    5.03
   3009.570     1.096    -8.74    2.86
   3385.770     0.024    -2.85    1.67
   3761.972     1.558     4.08    3.90
   4138.176     4.517     7.87    5.07
   4514.380     6.705     5.82    4.13
   4890.585     7.995     3.43    2.30
   5266.791     6.912    -2.88    2.31
   5642.998     5.442    -3.91    1.80
   6019.207     4.523    -2.44    1.86
   6395.416     3.334    -3.16    1.31
   6771.627     2.697    -1.69    1.13
   7147.838     2.921     0.60    1.53
   7524.051     3.819     2.39    2.40
   7900.265     5.064     3.31    2.58
   8276.479     7.122     5.47    3.21
   8652.695    10.049     7.78    4.23
   9028.912    12.921     7.63    4.34
   9405.130    15.043     5.64    2.82
   9781.349    15.665     1.65    2.35
  10157.570    15.697     0.09    2.10
  10533.791    15.848     0.40    2.06
  10910.013    15.964     0.31    2.27
  11286.237    16.735     2.05    2.78
  11662.461    17.178     1.18    2.73
  12038.687    19.333     5.73    6.74
  12414.913    28.058    23.19   16.06
  12791.141    41.064    34.57   19.13
  13167.370    49.169    21.54   13.84
  13543.600    52.228     8.13   10.53
  13919.831    50.955    -3.38    9.49
  14296.063    51.145     0.50    9.57
  14672.297    54.537     9.01    9.49
  15048.531    58.701    11.07    8.71
  15424.767    62.728    10.70    8.65
  15801.003    65.740     8.01    6.54
  16177.241    69.405     9.74    7.79
  16553.480    75.550    16.33   12.54
  16929.720    86.010    27.80   14.52
  17305.961    96.442    27.73   11.93
  17682.203   105.423    23.87    8.07
  18058.446   109.870    11.82    7.88
  18434.691   114.896    13.36    7.91
  18810.936   118.641     9.96    7.66
  19187.183   126.442    20.73    7.57
  19563.431   133.388    18.46    8.66
  19939.680   140.359    18.53    9.68
  20315.930   145.780    14.41    7.29
  20692.181   149.280     9.30    4.84
  21068.433   150.175     2.38    4.61
  21444.687   148.859    -3.50    5.12
  21820.941   144.614   -11.28    8.26
  22197.197   140.172   -11.80   10.00
  22573.454   135.655   -12.00    9.36
  22949.712   130.570   -13.52    6.23
  23325.971   129.030    -4.09    6.30
  23702.232   125.523    -9.32    7.29
  24078.493   118.875   -17.67    9.75
  24454.687   111.964   -18.37    9.20
  24830.722   103.793   -21.73    9.99
  25206.758    96.109   -20.43   11.12
  25582.795    86.024   -26.82   11.35
  25958.833    77.280   -23.25   10.21
  26334.873    73.058   -11.23    8.70
  26710.913    67.306   -15.30   10.38
  27086.955    61.412   -15.67   13.68
  27462.997    56.947   -11.87   13.09
  27839.041    55.385    -4.15   11.63
  28215.086    62.562    19.08   15.08
  28591.133    74.058    30.57   13.51
  28967.180    78.480    11.76   11.45
  29343.229    79.024     1.45   11.17
  29719.279    79.030     0.02   12.43
  30095.330    83.713    12.45   15.42
  30471.382    94.578    28.89   18.66
  30847.435   107.037    33.13   13.64
  31223.489   116.464    25.07   10.52
  31599.545   122.725    16.65   10.01
  31975.602   128.767    16.07    6.69
  32351.660   132.491     9.90    6.12
  32727.719   137.442    13.17    6.78
  33103.779   142.767    14.16    6.58
  33479.841   148.096    14.17    5.88
  33855.904   153.122    13.37    6.26
  34231.968   157.030    10.39    4.50
  34608.033   157.588     1.48    4.84
  34984.099   154.336    -8.65    8.40
  35360.167   149.716   -12.28    8.75
  35736.235   145.024   -12.48    6.43
  36112.305   140.663   -11.60    3.63
  36488.376   139.929    -1.95    3.05
  36864.449   139.632    -0.79    3.23
  37240.522   139.605    -0.07    3.58
  37616.597   137.226    -6.32    4.41
  37992.673   134.836    -6.36    5.11
  38368.750   130.930   -10.39    7.73
  38744.828   126.639   -11.41    8.50
  39120.908   123.740    -7.71    8.86
  39496.989   121.833    -5.07    7.94
  39873.071   120.991    -2.24    8.72
  40249.154   120.306    -1.82    8.08
  40625.238   117.172    -8.33    8.09
  41001.324   110.024   -19.01   12.64
  41377.411   100.475   -25.39   15.42
  41753.499    93.844   -17.63   14.00
  42129.588    87.357   -17.25   11.39
  42505.679    86.061    -3.45   10.74
  42881.771    91.096    13.39   13.04
  43257.864    96.659    14.79   13.80
  43633.958    98.713     5.46   13.98
  44010.053    96.178    -6.74   16.33
  44386.150    90.037   -16.33   18.08
  44762.248    80.716   -24.78   19.68
  45138.347    73.203   -19.98   17.68
  45514.447    66.929   -16.68   14.49
  45890.549    60.570   -16.91   14.45
  46266.652    54.332   -16.59   13.24
  46642.756    52.049    -6.07   11.43
  47018.862    51.415    -1.69   11.21
  47394.968    54.255     7.55   10.72
  47771.076    58.361    10.92    8.35
  48147.185    60.875     6.68    6.33
  48523.296    61.334     1.22    7.15
  48899.407    62.436     2.93    7.44
  49275.520    67.947    14.65    9.75
  49651.634    75.973    21.34   12.94
  50027.750    85.391    25.04   14.01
  50403.866    96.485    29.50   13.41
  50779.984   105.086    22.87   11.72
  51156.104   110.024    13.13    9.28
  51532.224   112.096     5.51    9.26
  51908.346   108.442    -9.71   10.79
  52284.469    98.253   -27.09   18.56
  52660.593    85.639   -33.54   20.70
  53036.719    71.866   -36.62   18.29
  53412.846    61.197   -28.36    8.65
  53788.974    57.754    -9.15    6.44
  54165.103    54.912    -7.56    6.88
  54541.234    53.469    -3.83    7.17
  54917.366    50.334    -8.34    7.24
  55293.499    48.080    -5.99    6.20
  55669.634    46.280    -4.79    6.06
  56045.769    44.767    -4.02    6.06
  56421.906    44.114    -1.74    6.43
  56798.045    42.434    -4.47    5.78
  57174.185    41.308    -2.99    4.94
  57550.326    40.307    -2.66    4.51
  57926.468    37.819    -6.61    5.45
  58302.611    36.964    -2.27    5.32
  58678.756    34.523    -6.49    4.63
  59054.903    32.385    -5.68    4.43
  59431.050    31.230    -3.07    4.70
  59807.199    31.037    -0.51    4.09
  60183.349    31.767     1.94    3.95
  60559.500    32.037     0.72    3.94
  60935.653    31.794    -0.65    4.91
  61311.807    30.415    -3.66    6.58
  61687.962    28.880    -4.08    7.25
  62064.119    28.665    -0.57    6.37
  62440.277    30.930     6.02    7.18
  62816.436    34.086     8.39    8.23
  63192.597    38.530    11.82    6.75
  63568.759    40.964     6.47    6.17
  63944.922    40.921    -0.11    5.84
  64321.087    41.622     1.86    7.72
  64697.253    44.596     7.91    9.84
  65073.420    46.947     6.25    8.75
  65449.588    48.605     4.41    7.79
  65825.758    49.728     2.99    7.49
  66201.930    48.137    -4.23    6.63
  66578.102    47.306    -2.21    7.72
  66954.276    46.460    -2.25    8.46
  67330.451    46.821     0.96    7.82
  67706.628    46.794    -0.07    7.71
  68082.806    47.415     1.65    9.29
  68458.985    49.485     5.50    9.38
  68835.166    50.460     2.59    9.57
  69211.348    53.253     7.43    9.88
  69587.531    55.024     4.71    9.54
  69963.716    58.964    10.48   10.04
  70339.902    61.307     6.23   10.90
  70716.089    67.334    16.02   13.62
  71092.278    75.229    20.99   16.09
  71468.468    80.596    14.27   15.63
  71844.659    82.002     3.74   15.16
  72220.852    80.543    -3.88   13.99
  72597.046    76.641   -10.37   11.79
  72973.242    78.152     4.02   13.45
  73349.439    87.306    24.33   15.96
  73725.637    90.898     9.55   15.73
  74101.836    90.253    -1.71   15.22
  74478.037    86.875    -8.98   14.44
  74854.240    81.956   -13.08   10.21
  75230.443    83.155     3.19    9.97
  75606.649    82.956    -0.53   11.84
  75982.855    82.383    -1.52   11.40
  76359.063    83.511     3.00   10.59
  76735.272    81.921    -4.23    9.28
  77111.483    82.713     2.10    9.58
  77487.695    88.870    16.37   12.65
  77863.908    99.385    27.95   18.87
  78240.123   113.864    38.48   20.10
  78616.339   126.686    34.08   15.78
  78992.557   134.364    20.41    7.56
  79368.776   134.175    -0.50    7.79
  79744.996   130.690    -9.26    8.21
  80121.218   125.655   -13.38   10.90
  80497.441   115.254   -27.65   17.14
  80873.666   107.649   -20.21   17.92
  81249.892   106.808    -2.23   17.75
  81626.119   112.588    15.36   19.75
  82002.348   121.605    23.97   17.57
  82378.578   130.690    24.15   13.04
  82754.809   137.485    18.06    7.39
  83131.042   139.412     5.12    6.02
  83507.277   135.464   -10.49    8.70
  83883.513   128.075   -19.64   12.52
  84259.750   122.896   -13.77   13.48
  84635.989   115.502   -19.65   16.20
  85012.229   117.145     4.37   18.25
  85388.470   122.983    15.52   19.13
  85764.713   126.713     9.91   16.37
  86140.957   126.010    -1.87   14.51
  86517.203   116.823   -24.42   20.00
  86893.450    99.455   -46.16   22.22
  87269.699    83.665   -41.97   16.40
  87645.949    73.086   -28.12    9.13
  88022.200    67.742   -14.20    7.40
  88398.453    64.064    -9.77    5.32
  88774.708    61.859    -5.86    3.80
  89150.963    62.385     1.40    4.44
  89527.221    61.511    -2.32    4.97
  89903.479    60.469    -2.77    4.65
  90279.739    61.043     1.53    4.54
  90656.001    60.580    -1.23    4.53
  91032.264    60.737     0.42    5.01
  91408.528    60.605    -0.35    4.56
  91784.794    58.956    -4.38    4.81
  92161.061    56.767    -5.82    4.69
  92537.330    55.550    -3.23    5.15
  92913.601    53.475    -5.52    5.24
  93289.872    54.455     2.61    5.42
  93666.145    57.152     7.17    6.93
  94042.420    59.280     5.66    6.25
  94418.696    59.537     0.68    5.84
  94794.974    60.701     3.10    5.89
  95171.253    62.149     3.85    6.13
  95547.533    63.469     3.51    6.30
  95923.815    64.947     3.93    5.80
  96300.098    64.891    -0.15    6.06
  96676.383    64.517    -0.99    7.18
  97052.670    66.101     4.21    7.95
  97428.957    69.423     8.83    7.82
  97805.247    73.614    11.14    7.47
  98181.537    75.118     4.00    9.01
  98557.830    76.469     3.59    9.34
  98934.123    77.307     2.23    9.66
  99310.419    78.558     3.32   10.91
  99686.537    82.793    11.26   11.92
 100062.542    88.768    15.89   11.35
 100438.548    94.902    16.31    6.42
 100814.557    97.588     7.14    5.16
 101190.566    99.070     3.94    4.99
 101566.577   100.537     3.90    4.19
 101942.590   102.902     6.29    4.26
 102318.604   105.690     7.42    5.17
 102694.620   109.902    11.20    7.12
 103070.637   114.794    13.01    6.52
 103446.656   118.199     9.06    5.28
 103822.676   121.452     8.65    5.26
 104198.697   123.639     5.82    5.93
 104574.721   127.485    10.23    5.75
 104950.745   130.586     8.25    4.63
 105326.771   129.172    -3.76    4.86
 105702.799   125.641    -9.39    6.35
 106078.828   121.017   -12.30    7.28
 106454.859   117.755    -8.67    5.56
 106830.891   118.091     0.89    6.24
 107206.925   121.767     9.78    7.55
 107582.960   124.096     6.19    8.76
 107958.997   119.807   -11.41   13.03
 108335.035   113.469   -16.85   14.34
 108711.075   109.980    -9.28   11.40
 109087.116   112.938     7.87   11.95
 109463.159   119.388    17.15   12.59
 109839.203   127.469    21.49    9.30
 110215.249   132.966    14.62    4.99
 110591.297   135.537     6.84    6.30
 110967.346   134.255    -3.41    9.09
 111343.396   132.002    -5.99   10.57
 111719.448   127.122   -12.98   11.49
 112095.502   121.632   -14.60   10.77
 112471.557   117.412   -11.22   11.70
 112847.614   107.955   -25.15   16.81
 113223.672   100.172   -20.70   15.88
 113599.732    97.175    -7.97   15.32
 113975.793    97.728     1.47   16.94
 114351.856   105.152    19.74   17.30
 114727.920   112.983    20.82   17.29
 115103.986   115.793     7.47   17.00
 115480.053   119.819    10.70   10.45
 115856.123   121.199     3.67    8.67
 116232.193   115.740   -14.52   13.30
 116608.265   111.496   -11.28   13.99
 116984.339   110.649    -2.25   14.24
 117360.414   110.998     0.93   14.30
 117736.491   110.680    -0.85   14.56
 118112.570   111.255     1.53   16.48
 118488.650   109.122    -5.67   16.35
 118864.731   107.141    -5.27   14.30
 119240.814   108.332     3.16   13.84
 119616.899   111.614     8.73   14.17
 119992.985   117.870    16.64   12.52
 120369.073   122.964    13.55    9.88
 120745.163   122.896    -0.18    6.45
 121121.254   122.891    -0.01    5.15
 121497.346   124.905     5.35    6.35
 121873.440   130.178    14.02    8.38
 122249.536   135.852    15.09    7.53
 122625.633   139.605     9.98    4.90
 123001.732   139.199    -1.08    5.02
 123377.833   135.794    -9.05    6.43
 123753.935   130.675   -13.61    6.37
 124130.039   126.145   -12.04    5.40
 124506.144   122.101   -10.75    4.60
 124882.251   119.043    -8.13    3.88
 125258.359   117.145    -5.05    3.59
 125634.469   115.793    -3.59    4.13
 126010.581   113.562    -5.93    4.79
 126386.694   111.070    -6.63    5.09
 126762.809   108.252    -7.49    4.82
 127138.926   104.896    -8.93    5.05
 127515.044   101.447    -9.17    5.94
 127891.163    97.485   -10.53    6.04
 128267.285    93.306   -11.11    5.43
 128643.408    90.537    -7.36    4.02
 129019.532    87.415    -8.30    4.07
 129395.658    84.659    -7.33    3.88
 129771.786    83.307    -3.59    3.34
 130147.916    79.964    -8.89    4.79
 130524.047    76.614    -8.91    5.91
 130900.179    72.670   -10.48    5.36
 131276.314    68.639   -10.72    4.57
 131652.450    63.848   -12.74    7.10
 132028.587    60.122    -9.90    8.36
 132404.726    58.043    -5.53    7.77
 132780.867    56.408    -4.35    7.64
 133157.009    56.280    -0.34    7.58
 133533.153    54.614    -4.43    6.61
 133909.299    52.864    -4.65    6.04
 134285.447    53.434     1.52    6.47
 134661.595    54.870     3.82    6.19
 135037.746    53.499    -3.64    8.66
 135413.898    49.442   -10.78   10.21
 135790.052    43.605   -15.52    9.17
 136166.208    40.091    -9.34    7.43
 136542.365    40.701     1.62    6.80
 136918.524    42.253     4.13    6.99
 137294.684    39.973    -6.06    8.69
 137670.847    33.383   -17.52   12.13
 138047.010    26.412   -18.53   11.89
 138423.176    20.912   -14.62    6.86
 138799.343    18.973    -5.16    3.20
 139175.512    19.075     0.27    3.10
 139551.682    19.713     1.69    2.75
 139927.854    22.229     6.69    5.55
 140304.028    24.929     7.18    5.89
 140680.204    25.902     2.59    5.51
 141056.381    26.833     2.47    5.31
 141432.559    25.936    -2.38    5.45
 141808.740    25.742    -0.52    6.12
 142184.922    26.543     2.13    5.99
 142561.106    27.197     1.74    5.42
 142937.291    27.332     0.36    5.07
 143313.479    26.586    -1.98    5.38
 143689.667    26.485    -0.27    5.56
 144065.858    28.938     6.52    7.50
 144442.050    30.686     4.65    7.46
 144818.244    33.229     6.76    6.88
 145194.440    34.665     3.82    4.48
 145570.637    33.870    -2.11    4.37
 145946.836    33.836    -0.09    4.71
 146323.037    31.912    -5.11    5.35
 146699.239    31.875    -0.10    5.48
 147075.443    31.875     0.00    5.70
 147451.649    30.334    -4.10    6.59
 147827.856    29.986    -0.93    6.66
 148204.065    27.332    -7.06    7.35
 148580.276    24.383    -7.84    7.09
 148956.489    23.141    -3.30    6.89
 149332.703    23.844     1.87    7.12
 149708.919    27.114     8.69    6.99
 150085.137    29.122     5.34    6.53
 150461.356    35.588    17.19   10.77
 150837.577    45.929    27.49   18.62
 151213.800    56.807    28.91   19.21
 151590.025    67.639    28.79   17.82
 151966.251    73.305    15.06   17.22
 152342.479    72.415    -2.37   18.23
 152718.709    66.639   -15.35   16.62
 153094.940    60.885   -15.29   15.94
 153471.173    56.118   -12.67   12.39
 153847.408    54.821    -3.45   12.25
 154223.645    56.364     4.10   14.75
 154599.883    59.701     8.87   16.51
 154976.123    64.580    12.97   15.47
 155352.365    66.391     4.81   15.25
 155728.608    67.998     4.27   13.00
 156104.854    69.388     3.69   11.27
 156481.101    70.359     2.58   11.24
 156857.349    65.357   -13.29   13.83
 157233.600    59.728   -14.96   17.88
 157609.852    53.415   -16.78   18.21
 157986.106    46.199   -19.18   13.17
 158362.362    41.755   -11.81    6.31
 158738.619    40.697    -2.81    4.18
 159114.879    39.505    -3.17    4.67
 159491.140    38.517    -2.63    4.34
 159867.402    38.947     1.14    4.95
 160243.667    40.118     3.11    4.72
 160619.933    40.447     0.87    6.27
 160996.201    43.203     7.33    6.71
 161372.471    44.505     3.46    7.37
 161748.743    46.280     4.72    8.05
 162125.016    47.105     2.19    8.21
 162501.291    46.383    -1.92    8.32
 162877.568    46.517     0.36    7.77
 163253.846    46.385    -0.35    7.44
 163630.127    45.332    -2.80    8.50
 164006.409    43.675    -4.40    7.81
 164382.693    42.114    -4.15    6.70
 164758.979    40.383    -4.60    6.48
 165135.266    38.002    -6.33    7.21
 165511.555    39.280     3.40    8.32
 165887.846    41.460     5.79   11.91
 166264.139    48.595    18.96   15.49
 166640.434    60.875    32.64   19.71
 167016.730    77.523    44.24   18.70
 167393.028    87.517    26.56   16.19
 167769.328    95.588    21.45   13.07
 168145.630    99.469    10.32   10.73
 168521.934    94.780   -12.46   16.99
 168898.239    84.357   -27.70   23.66
 169274.546    74.885   -25.17   22.91
 169650.855    65.469   -25.02   20.20
 170027.166    61.675   -10.08   17.50
 170403.479    58.998    -7.11   12.54
 170779.793    61.391     6.36   12.65
 171156.109    70.178    23.35   14.73
 171532.427    79.169    23.89   16.12
 171908.747    87.596    22.39   15.48
 172285.069    97.665    26.76   12.20
 172661.392   104.311    17.66    9.80
 173037.717   106.199     5.02   10.21
 173414.044   108.175     5.25   11.27
 173790.373   105.334    -7.55   10.62
 174166.704    96.844   -22.56   16.70
 174543.036    89.361   -19.88   17.74
 174919.039    76.511   -34.18   17.53
 175295.015    71.793   -12.55   14.51
 175670.992    70.024    -4.71   12.13
 176046.971    67.821    -5.86   10.06
 176422.952    65.998    -4.85   10.73
 176798.935    58.588   -19.71   13.59
 177174.920    50.947   -20.32   12.12
 177550.906    44.701   -16.61    7.61
 177926.895    42.578    -5.65    5.03
 178302.885    43.307     1.94    5.32
 178678.877    45.229     5.11    7.14
 179054.871    47.530     6.12    8.37
 179430.867    51.101     9.50    9.40
 179806.864    53.280     5.80    9.16
 180182.864    56.391     8.27    8.23
 180558.865    59.460     8.16   10.18
 180934.868    58.983    -1.27   12.27
 181310.873    54.049   -13.12   13.40
 181686.880    46.964   -18.84   13.47
 182062.888    40.385   -17.50   10.62
 182438.899    36.622   -10.01    6.28
 182814.911    35.024    -4.25    6.18
 183190.925    34.614    -1.09    5.34
 183566.941    33.947    -1.77    5.41
 183942.959    35.496     4.12    6.32
 184318.979    36.983     3.95    5.56
 184695.001    38.550     4.17    5.67
 185071.024    39.145     1.58    5.59
 185447.050    39.221     0.20    5.76
 185823.077    39.229     0.02    6.03
 186199.106    39.383     0.41    5.49
 186575.137    39.669     0.76    5.37
 186951.170    39.639    -0.08    4.97
 187327.205    39.496    -0.38    5.65
 187703.241    39.412    -0.23    5.39
 188079.280    39.175    -0.63    5.33
 188455.320    37.562    -4.29    4.77
 188831.362    37.875     0.83    4.76
 189207.406    37.964     0.24    5.78
 189583.452    39.855     5.03    6.03
 189959.500    44.502    12.36    7.69
 190335.550    49.334    12.85    9.80
 190711.602    55.415    16.17   10.23
 191087.655    59.415    10.64   10.55
 191463.711    59.956     1.44    9.93
 191839.768    57.197    -7.34    9.12
 192215.828    58.805     4.28    7.53
 192591.889    59.101     0.79    6.56
 192967.952    60.118     2.71    6.81
 193344.017    60.562     1.18    5.91
 193720.084    61.070     1.35    6.06
 194096.152    61.070     0.00    8.93
 194472.223    60.201    -2.31   10.78
 194848.296    57.101    -8.24   12.25
 195224.370    53.919    -8.46   11.38
 195600.447    50.728    -8.49    8.70
 195976.525    47.844    -7.67    6.00
 196352.605    47.641    -0.54    5.87
 196728.687    47.255    -1.03    5.97
 197104.772    47.821     1.51    5.92
 197480.858    47.550    -0.72    5.05
 197856.946    45.334    -5.89    4.30
 198233.035    44.836    -1.33    5.23
 198609.127    45.665     2.20    6.26
 198985.221    43.430    -5.94    6.88
 199361.317    43.145    -0.76    7.02
 199737.414    41.455    -4.49    5.79
 200113.514    41.885     1.14    7.24
 200489.615    43.203     3.50    7.61
 200865.719    45.964     7.34    8.12
 201241.824    45.485    -1.27    7.71
 201617.931    44.030    -3.87    7.16
 201994.040    43.956    -0.20    6.80
 202370.152    44.126     0.45    6.12
 202746.265    44.023    -0.27    6.20
 203122.380    43.049    -2.59    5.81
 203498.497    40.896    -5.73    5.43
 203874.616    39.308    -4.22    3.95
 204250.737    39.118    -0.51    3.04
 204626.859    40.502     3.68    2.85
 205002.984    41.438     2.49    2.88
 205379.111    42.955     4.03    4.12
 205755.240    45.199     5.97    5.70
 206131.370    52.152    18.49   10.43
 206507.503    60.254    21.54   11.57
 206883.638    71.964    31.13   16.94
 207259.774    86.605    38.92   16.00
 207635.913    91.755    13.69   13.55
 208012.053    89.605    -5.72   19.21
 208388.196    78.550   -29.39   24.30
 208764.340    66.686   -31.54   20.28
 209140.487    54.795   -31.61   12.02
 209516.635    51.485    -8.80    7.65
 209892.786    50.126    -3.61    5.53
 210268.938    49.823    -0.81    4.55
 210645.092    50.442     1.65    4.13
 211021.249    50.956     1.37    4.43
 211397.407    51.096     0.37    4.62
 211773.567    50.305    -2.10    4.22
 212149.730    49.361    -2.51    4.48
 212525.894    48.780    -1.54    3.80
 212902.060    47.622    -3.08    2.93
 213278.228    47.101    -1.39    2.95
 213654.399    48.659     4.14    4.46
 214030.571    49.855     3.18    5.18
 214406.745    53.043     8.48    6.65
 214782.922    55.226     5.80    6.28
 215159.100    54.713    -1.37    6.67
 215535.280    54.558    -0.41    6.86
 215911.462    51.793    -7.35    5.70
 216287.647    51.588    -0.55    5.42
 216663.833    54.109     6.70    6.64
 217040.021    55.491     3.67    6.75
 217416.212    56.983     3.97    6.03
 217792.404    57.172     0.50    5.76
 218168.598    55.614    -4.14    4.39
 218544.795    55.118    -1.32    3.38
 218920.993    54.970    -0.39    2.77
