#  346.256  -2.890   3.690 ;Mean Elev.(m), Avg Gradient(m/km), RMS Gradient(m/km) - SRTM1     
#  338.460  -2.320   4.923 ;Mean Elev.(m), Avg Gradient(m/km), RMS Gradient(m/km) - ASTER GDEM
#  347.966  -2.765   4.072 ;Mean Elev.(m), Avg Gradient(m/km), RMS Gradient(m/km) - GMTED2010 
  8   345.853 52485.35601792 51.34  22.183702   2.167426 25.825
  8   345.970 52485.35601857 46.46  22.182972   2.164116 25.825
  8   345.958 52485.35601921 51.68  22.182242   2.160816 25.825
  9   345.990 52520.35598320 51.37  22.184168   2.165246 40.088
  9   345.990 52520.35598385 50.75  22.183438   2.161946 40.088
 10   346.367 52555.35603446 43.13  22.178786   2.166032 24.662
 10   346.232 52555.35603511 39.23  22.178056   2.162732 24.662
 10   346.242 52555.35603575 40.61  22.177326   2.159422 24.662
 11   347.296 52590.35602306 52.90  22.181890   2.165765 40.198
 11   347.195 52590.35602370 53.21  22.181170   2.162452 27.193
 12   347.805 52625.35595327 43.20  22.189127   2.164996 28.337
 12   347.848 52625.35595391 43.12  22.188397   2.161696 28.337
 13   346.801 52660.35598882 53.57  22.184309   2.165182 42.665
 13   346.841 52660.35598946 52.02  22.183579   2.161872 42.665
 14   346.688 52695.35596860 16.72  22.186161   2.163721  6.693
 14   346.942 52695.35596924 16.70  22.185431   2.160411  6.693
 15   346.387 52730.35599889 48.50  22.189462   2.166553 17.883
 15   346.381 52730.35599954 51.73  22.188732   2.163253 17.883
 17   346.086 52800.35600071 50.96  22.187277   2.164042 20.773
 17   346.185 52800.35600135 51.92  22.186547   2.160742 20.773
 19   346.166 52870.35610940 42.98  22.188956   2.166498 39.389
 19   346.254 52870.35611004 42.72  22.188226   2.163188 39.389
 20   347.203 52905.35611142 41.86  22.185140   2.164467 32.081
 20   347.180 52905.35611206 41.20  22.184410   2.161167 32.081
 21   347.001 52940.35604320 50.21  22.186188   2.166232 28.701
 21   347.075 52940.35604384 52.76  22.185458   2.162932 28.701
 22   347.374 52975.35608950 51.38  22.183151   2.165870 38.390
 22   347.339 52975.35609014 50.07  22.182421   2.162560 38.390
 23   346.968 53010.35609373 48.52  22.180308   2.166287 34.168
 23   346.907 53010.35609437 49.26  22.179578   2.162987 34.168
 23   346.831 53010.35609501 53.32  22.178858   2.159677 34.168
 24   346.668 53045.35605633 52.91  22.182389   2.164834 41.605
 24   346.713 53045.35605698 47.54  22.181659   2.161524 41.605
 25   346.437 53080.35609043 50.65  22.178626   2.165695 40.741
 25   346.449 53080.35609108 51.84  22.177906   2.162395 40.741
 25   346.299 53080.35609172 51.22  22.177176   2.159085 40.741
 26   346.395 53115.35606055 52.86  22.179331   2.165541 41.957
 26   346.297 53115.35606120 53.30  22.178601   2.162231 41.957
 26   346.252 53115.35606184 52.67  22.177871   2.158931 41.957
 27   346.241 53150.35610703 51.98  22.180182   2.167920 31.138
 27   345.972 53150.35610767 40.40  22.179452   2.164610 31.138
 27   345.860 53150.35610832 38.50  22.178732   2.161310 31.138
 28   345.561 53185.35609760 51.79  22.191860   2.165198 31.736
 28   345.698 53185.35609825 49.72  22.191130   2.161898 31.736
 29   345.198 53220.35612333 51.25  22.185121   2.166555 37.450
 29   345.278 53220.35612398 53.87  22.184401   2.163245 37.450
 30   345.552 53255.35610041 53.55  22.179860   2.165703 39.180
 30   345.398 53255.35610105 52.66  22.179140   2.162393 39.180
 30   345.417 53255.35610170 51.64  22.178410   2.159083 39.180
 32   346.991 53325.35608523 51.18  22.188908   2.165454 35.367
 32   347.061 53325.35608587 51.71  22.188178   2.162144 35.367
 33   347.368 53360.35604492 51.59  22.188799   2.165145 38.058
 33   347.386 53360.35604556 51.98  22.188079   2.161845 38.058
 34   346.083 53395.35606337 52.13  22.183639   2.166586 38.862
 34   346.113 53395.35606402 53.06  22.182909   2.163286 38.862
 34   346.141 53395.35606466 49.57  22.182184   2.159974 22.063
 35   345.597 53430.35605626 50.53  22.187402   2.165718 42.144
 35   345.617 53430.35605691 52.45  22.186682   2.162418 42.144
 36   346.761 53465.35608406 51.25  22.185676   2.165122 42.419
 36   346.810 53465.35608471 52.00  22.184946   2.161822 42.419
 37   346.177 53500.35614489 52.56  22.177829   2.165933 38.504
 37   346.156 53500.35614554 52.42  22.177099   2.162633 38.504
 37   346.084 53500.35614618 53.81  22.176378   2.159319 23.231
 38   345.833 53535.35613248 47.93  22.186172   2.166631 39.061
 38   345.873 53535.35613313 51.06  22.185442   2.163331 39.061
 39   345.525 53570.35614377 53.19  22.178846   2.166319 40.749
 39   345.528 53570.35614442 50.96  22.178116   2.163019 40.749
 39   345.450 53570.35614506 49.86  22.177397   2.159706 25.248
 40   346.413 53605.35609101 51.40  22.184744   2.165119 40.677
 40   346.412 53605.35609166 50.02  22.184024   2.161809 40.677
 41   346.110 53640.35609008 48.63  22.182390   2.167839 38.717
 41   346.020 53640.35609073 52.85  22.181660   2.164529 38.717
 41   346.148 53640.35609137 51.15  22.180930   2.161229 38.717
 42   347.027 53675.35611036 51.12  22.179339   2.166518 41.268
 42   346.907 53675.35611100 54.32  22.178609   2.163218 41.268
 42   346.915 53675.35611164 54.69  22.177887   2.159905 25.636
 43   347.044 53710.35604054 48.63  22.188440   2.164400 41.209
 43   347.028 53710.35604118 49.98  22.187720   2.161100 41.209
 44   346.202 53745.35594968 11.86  22.187491   2.165051  7.233
 44   346.520 53745.35595033 11.42  22.186761   2.161751  7.233
 45   345.969 53780.35598082 46.87  22.189144   2.166391 39.099
 45   345.951 53780.35598147 53.44  22.188414   2.163081 39.099
 46   346.151 53815.35595090 51.21  22.187140   2.165431 39.850
 46   346.271 53815.35595154 52.90  22.186410   2.162131 39.850
 47   346.637 53850.35601584 52.87  22.181049   2.166347 43.194
 47   346.688 53850.35601649 51.79  22.180319   2.163037 43.194
 47   346.602 53850.35601713 48.10  22.179589   2.159737 43.194
 49   345.377 53920.35609441 45.66  22.176476   2.168971 23.976
 49   345.283 53920.35609505 35.19  22.175756   2.165671 23.976
 49   344.945 53920.35609570 31.94  22.175026   2.162361 23.976
 49   345.196 53920.35609634 39.16  22.174296   2.159061 23.976
 50   345.468 53955.35609343 53.70  22.176472   2.168772 39.253
 50   345.470 53955.35609407 49.44  22.175752   2.165472 39.253
 50   345.428 53955.35609471 47.14  22.175022   2.162162 39.253
 50   345.405 53955.35609536 46.65  22.174292   2.158862 39.253
 51   345.851 53990.35601208 51.54  22.188767   2.164599 41.154
 51   345.737 53990.35601273 53.24  22.188037   2.161289 41.154
 52   346.095 54025.35607759 49.31  22.185447   2.164598 39.586
 52   346.222 54025.35607823 50.35  22.184727   2.161288 39.586
 54   347.855 54095.35604567 50.00  22.184117   2.166041 44.074
 54   347.886 54095.35604632 53.58  22.183387   2.162741 44.074
 55   346.952 54130.35599060 52.02  22.185770   2.164704 41.769
 55   347.122 54130.35599124 53.02  22.185040   2.161394 41.769
 56   346.868 54165.35601730 49.82  22.183188   2.166597 24.562
 56   346.871 54165.35601794 53.16  22.182458   2.163297 24.562
 56   346.849 54165.35601859 49.58  22.181728   2.159987 24.562
 57   346.539 54200.35599323 32.41  22.184931   2.166716 15.440
 57   346.414 54200.35599387 22.46  22.184201   2.163406 15.440
 57   346.018 54200.35599452 16.27  22.183481   2.160106 15.440
 58   346.929 54235.35603140 32.08  22.185739   2.163992 10.661
 58   347.026 54235.35603204 31.52  22.185009   2.160682 10.661
 59   346.712 54270.35605175 45.54  22.185684   2.165944 20.908
 59   346.834 54270.35605240 45.85  22.184954   2.162634 20.908
 60   346.156 54305.35605502 49.60  22.185277   2.164517 17.511
 60   346.057 54305.35605567 51.07  22.184547   2.161207 17.511
 61   346.416 54340.35603726 47.77  22.185759   2.165935 22.228
 61   346.476 54340.35603791 49.48  22.185029   2.162625 22.228
 62   346.524 54375.35598906 49.36  22.185369   2.165946 21.142
 62   346.410 54375.35598970 50.53  22.184639   2.162636 21.142
 63   347.201 54410.35598388 49.87  22.184330   2.166379 25.178
 63   347.309 54410.35598452 51.06  22.183600   2.163079 25.178
 64   347.677 54445.35595222 49.77  22.185700   2.166369 26.168
 64   347.793 54445.35595286 48.98  22.184970   2.163059 26.168
 65   346.964 54480.35597526 31.98  22.185580   2.164158 22.907
 65   346.831 54480.35597590 30.06  22.184859   2.160845 15.962
 66   346.750 54515.35596680 48.05  22.186207   2.165820 37.184
 66   346.587 54515.35596745 51.45  22.185477   2.162520 37.184
 67   346.661 54550.35598800 49.26  22.184260   2.164792 42.545
 67   346.697 54550.35598864 52.97  22.183540   2.161492 42.545
 68   346.732 54585.35596219 46.59  22.185522   2.164621 34.163
 68   346.620 54585.35596284 50.80  22.184792   2.161311 34.163
 69   346.432 54620.35598181 46.96  22.184820   2.166060 38.460
 69   346.318 54620.35598245 53.25  22.184090   2.162750 38.460
 70   345.685 54655.35599205 45.56  22.183666   2.167176 41.652
 70   345.533 54655.35599270 51.58  22.182946   2.163876 41.652
 70   345.605 54655.35599334 52.91  22.182216   2.160566 41.652
 71   346.076 54690.35597798 49.12  22.184682   2.166383 27.616
 71   346.109 54690.35597862 49.28  22.183952   2.163073 27.616
 72   346.562 54725.35594293 51.46  22.185840   2.163900 32.608
 72   346.456 54725.35594357 50.96  22.185110   2.160600 32.608
 73   346.802 54760.35595532 41.51  22.183754   2.166035 25.740
 73   346.935 54760.35595596 39.00  22.183034   2.162735 25.740
 74   348.269 54795.35593587 50.46  22.184397   2.166416 42.463
 74   348.304 54795.35593651 50.31  22.183667   2.163116 42.463
 75   346.930 54830.35595481 50.52  22.184549   2.165255 42.782
 75   346.832 54830.35595546 53.35  22.183829   2.161955 42.782
 76   346.756 54865.35593128 23.72  22.185509   2.164860 26.406
 76   346.413 54865.35593193 18.05  22.184783   2.161549 16.874
 77   346.565 54900.35595394 50.45  22.183121   2.167434 41.748
 77   346.597 54900.35595458 51.70  22.182401   2.164134 41.748
 77   346.687 54900.35595523 50.04  22.181671   2.160824 41.748
 78   346.791 54935.35592230 50.32  22.185091   2.164783 41.295
 78   346.761 54935.35592295 54.08  22.184371   2.161483 41.295
 79   347.250 54970.35595526 47.62  22.185494   2.166115 39.914
 79   347.150 54970.35595590 52.60  22.184764   2.162805 39.914
 80   346.363 55005.35597527 14.14  22.182464   2.166629  6.975
 80   346.563 55005.35597591 15.12  22.181744   2.163329  6.975
 80   346.897 55005.35597656 15.66  22.181014   2.160019  6.975
 81   345.705 55040.35596275 52.11  22.185686   2.164893 34.042
 81   346.046 55040.35596340 51.67  22.184966   2.161593 34.042
 82   346.031 55075.35594514 13.57  22.184496   2.165839  5.257
 82   346.362 55075.35594579 10.75  22.183766   2.162529  5.257
 83   346.550 55110.35589576 14.24  22.185058   2.165722 13.170
 83   346.481 55110.35589640 13.36  22.184328   2.162412 13.170
 84   346.997 55145.35589842 40.95  22.183170   2.166274 32.208
 84   347.078 55145.35589906 39.38  22.182450   2.162974 32.208
 84   347.050 55145.35589971 37.00  22.181720   2.159664 32.208
 85   347.434 55180.35587153 49.69  22.185859   2.166320 38.806
 85   347.478 55180.35587217 51.70  22.185129   2.163020 38.806
 86   347.256 55215.35589337 24.17  22.184140   2.164892 19.636
 86   347.006 55215.35589402 19.97  22.183410   2.161592 19.636
 87   346.774 55250.35586919 53.27  22.186576   2.165437 39.105
 87   346.855 55250.35586983 52.36  22.185846   2.162137 39.105
 88   347.433 55285.35588625 50.62  22.183496   2.165981 38.968
 88   347.486 55285.35588690 50.96  22.182766   2.162681 38.968
 89   347.209 55320.35585934 42.07  22.183170   2.165107 38.050
 89   347.158 55320.35585999 44.03  22.182450   2.161807 38.050
 90   346.750 55355.35586043 51.12  22.184170   2.166605 41.579
 90   346.668 55355.35586108 53.20  22.183450   2.163305 41.579
 90   346.775 55355.35586172 50.25  22.182720   2.159995 41.579
 91   346.219 55390.35586005 48.69  22.184243   2.166598 39.192
 91   346.109 55390.35586070 50.04  22.183513   2.163288 39.192
 91   346.171 55390.35586134 50.11  22.182783   2.159988 39.192
 92   346.159 55425.35587715 52.51  22.185484   2.165122 39.995
 92   346.216 55425.35587780 51.32  22.184754   2.161812 39.995
 93   346.676 55460.35584626 49.76  22.185599   2.165015 37.896
 93   346.503 55460.35584691 50.07  22.184869   2.161715 37.896
