-160417.312    31.364     0.00    2.38
-160041.167    31.415     0.14    2.26
-159665.021    31.753     0.90    2.73
-159288.875    32.304     1.46    2.97
-158912.728    32.731     1.13    2.68
-158536.581    32.015    -1.90    2.75
-158160.434    30.942    -2.85    2.53
-157784.286    30.172    -2.05    1.85
-157408.137    29.389    -2.08    2.15
-157031.988    29.836     1.19    2.70
-156655.838    30.537     1.86    2.97
-156279.688    31.090     1.47    2.93
-155903.537    31.652     1.49    2.78
-155527.386    31.618    -0.09    2.88
-155151.235    30.996    -1.65    3.33
-154775.082    30.201    -2.11    2.78
-154398.930    30.864     1.76    3.10
-154022.776    30.992     0.34    3.15
-153646.623    30.721    -0.72    3.32
-153270.468    29.969    -2.00    3.27
-152894.313    29.024    -2.51    2.81
-152518.158    28.915    -0.29    2.64
-152142.002    30.265     3.59    2.61
-151765.846    31.402     3.02    3.00
-151389.689    32.731     3.53    3.09
-151013.531    33.915     3.15    2.89
-150637.373    34.351     1.16    3.02
-150261.215    34.537     0.49    2.98
-149885.055    35.415     2.34    2.86
-149508.896    35.300    -0.31    2.47
-149132.736    34.999    -0.80    2.73
-148756.575    34.780    -0.58    2.26
-148380.414    33.915    -2.30    2.22
-148004.252    33.078    -2.23    3.33
-147628.089    32.197    -2.34    3.63
-147251.926    31.415    -2.08    3.53
-146875.763    30.710    -1.87    3.18
-146499.599    30.231    -1.27    2.48
-146123.434    30.665     1.15    2.68
-145747.269    30.633    -0.09    2.89
-145371.103    30.762     0.34    3.01
-144994.937    31.521     2.02    2.64
-144618.770    31.969     1.19    2.85
-144242.603    31.710    -0.69    2.87
-143866.435    30.753    -2.54    2.96
-143490.266    30.710    -0.11    2.63
-143114.097    30.565    -0.39    2.37
-142737.927    30.201    -0.97    2.42
-142361.757    29.780    -1.12    2.75
-141985.586    28.753    -2.73    2.67
-141609.415    28.159    -1.58    3.45
-141233.243    25.810    -6.24    5.33
-140857.070    23.665    -5.70    5.45
-140480.897    20.815    -7.58    5.23
-140104.723    19.626    -3.16    4.88
-139728.549    22.645     8.03    6.55
-139352.374    26.531    10.33    6.76
-138976.198    28.731     5.85    5.51
-138600.022    29.600     2.31    4.33
-138223.845    29.510    -0.24    3.94
-137847.668    30.069     1.49    3.12
-137471.490    30.277     0.55    2.81
-137095.312    30.069    -0.55    2.76
-136719.133    28.992    -2.86    4.19
-136342.953    27.947    -2.78    5.47
-135966.819    25.942    -5.33    7.00
-135590.761    22.213    -9.92    7.24
-135214.703    20.213    -5.32    6.27
-134838.644    19.348    -2.30    5.51
-134462.585    22.721     8.97    6.89
-134086.525    25.351     6.99    6.51
-133710.464    27.992     7.02    4.78
-133334.403    28.679     1.82    4.06
-132958.341    30.100     3.78    4.49
-132582.279    32.249     5.71    3.80
-132206.216    30.736    -4.02    6.59
-131830.152    27.348    -9.01    8.22
-131454.088    22.556   -12.74    7.96
-131078.023    20.699    -4.94    6.29
-130701.957    22.784     5.54    6.50
-130325.891    26.179     9.03    7.30
-129949.824    30.540    11.60    5.85
-129573.757    32.146     4.27    4.85
-129197.689    31.731    -1.10    5.56
-128821.620    31.582    -0.40    5.41
-128445.551    28.326    -8.66    6.75
-128069.481    24.360   -10.55    7.32
-127693.410    21.249    -8.27    6.79
-127317.339    17.468   -10.05    2.51
-126941.267    16.780    -1.83    2.25
-126565.194    16.941     0.43    2.15
-126189.121    16.659    -0.75    2.11
-125813.047    16.890     0.61    2.71
-125436.973    17.915     2.73    3.16
-125060.898    19.600     4.48    3.68
-124684.822    21.591     5.30    3.25
-124308.745    22.402     2.16    2.82
-123932.668    21.888    -1.37    2.96
-123556.591    20.634    -3.33    2.69
-123180.512    18.121    -6.68    3.03
-122804.433    16.838    -3.41    2.99
-122428.353    15.693    -3.05    1.91
-122052.273    15.223    -1.25    1.52
-121676.192    15.638     1.10    1.77
-121300.110    15.758     0.32    1.75
-120924.028    17.223     3.90    4.33
-120547.945    20.047     7.51    6.09
-120171.861    21.834     4.75    6.58
-119795.776    22.633     2.12    6.34
-119419.691    20.515    -5.63    4.79
-119043.605    19.591    -2.46    4.52
-118667.519    19.758     0.44    4.72
-118291.432    19.861     0.28    6.01
-117915.344    19.780    -0.22    6.46
-117539.255    21.105     3.52    7.40
-117163.166    19.030    -5.52    6.56
-116787.076    18.582    -1.19    6.26
-116410.986    16.915    -4.43    3.12
-116034.894    17.499     1.55    4.43
-115658.802    18.787     3.43    5.09
-115282.710    20.652     4.96    6.15
-114906.616    21.573     2.45    6.42
-114530.522    22.044     1.25    6.58
-114154.428    22.179     0.36    6.82
-113778.332    22.082    -0.26    6.50
-113402.236    22.363     0.75    6.70
-113026.139    23.044     1.81    6.79
-112650.042    23.277     0.62    6.11
-112273.943    22.403    -2.32    5.79
-111897.844    21.468    -2.48    5.92
-111521.745    19.834    -4.34    5.18
-111145.644    18.213    -4.31    4.77
-110769.543    17.429    -2.08    4.11
-110393.441    18.659     3.27    4.20
-110017.339    19.992     3.55    4.31
-109641.235    20.564     1.52    3.97
-109265.131    18.659    -5.07    4.33
-108889.026    17.810    -2.26    3.98
-108512.921    18.047     0.63    4.62
-108136.815    19.294     3.32    5.35
-107760.708    21.140     4.91    5.52
-107384.600    23.284     5.70    4.97
-107008.492    24.443     3.08    4.95
-106632.383    26.573     5.66    4.99
-106256.273    27.860     3.42    3.71
-105880.162    26.915    -2.51    4.62
-105504.051    26.197    -1.91    4.65
-105127.939    24.715    -3.94    4.58
-104751.826    23.672    -2.77    3.85
-104375.713    24.375     1.87    2.74
-103999.598    24.294    -0.22    2.31
-103623.483    23.665    -1.67    2.48
-103247.367    23.510    -0.41    2.92
-102871.251    23.468    -0.11    3.87
-102495.134    22.942    -1.40    3.98
-102119.016    23.428     1.29    3.99
-101742.897    23.429     0.00    3.70
-101366.777    21.840    -4.22    4.93
-100990.657    22.073     0.62    5.81
-100614.536    20.360    -4.56    6.65
-100238.414    19.456    -2.40    6.68
 -99862.291    18.527    -2.47    6.58
 -99486.168    16.600    -5.12    5.32
 -99110.044    14.736    -4.95    4.68
 -98733.919    12.461    -6.05    1.37
 -98357.793    14.784     6.18    4.94
 -97981.667    17.618     7.54    6.03
 -97605.540    18.888     3.38    5.84
 -97229.412    18.300    -1.56    5.72
 -96853.283    16.758    -4.10    5.71
 -96477.153    14.531    -5.92    4.62
 -96101.023    14.249    -0.75    4.49
 -95724.892    13.784    -1.24    4.17
 -95348.760    14.699     2.43    4.97
 -94972.627    15.121     1.12    5.75
 -94596.494    14.762    -0.95    5.84
 -94220.359    14.638    -0.33    5.31
 -93844.224    14.915     0.74    5.00
 -93468.088    15.753     2.23    4.51
 -93091.952    16.564     2.16    4.10
 -92715.814    16.152    -1.09    2.90
 -92339.676    17.144     2.64    3.75
 -91963.537    18.665     4.04    4.61
 -91587.397    19.994     3.53    4.87
 -91211.257    19.665    -0.87    5.18
 -90835.115    18.146    -4.04    5.99
 -90458.973    16.889    -3.34    5.93
 -90082.830    14.442    -6.51    5.15
 -89706.686    14.810     0.98    5.55
 -89330.541    15.890     2.87    6.32
 -88954.396    16.213     0.86    6.85
 -88578.249    17.284     2.85    6.65
 -88202.102    19.015     4.60    5.80
 -87825.954    19.573     1.48    4.28
 -87449.806    19.645     0.19    3.66
 -87073.656    19.564    -0.22    3.71
 -86697.506    21.537     5.25    4.40
 -86321.354    23.672     5.68    4.41
 -85945.202    24.721     2.79    4.27
 -85569.049    24.915     0.52    3.49
 -85192.896    24.442    -1.26    3.16
 -84816.741    22.861    -4.20    3.64
 -84440.586    21.274    -4.22    3.57
 -84064.430    20.258    -2.70    3.54
 -83688.273    19.326    -2.48    3.30
 -83312.115    18.726    -1.59    3.09
 -82935.956    18.967     0.64    3.47
 -82559.796    19.054     0.23    3.39
 -82183.636    19.179     0.33    3.20
 -81807.475    18.454    -1.93    2.56
 -81431.313    18.728     0.73    2.74
 -81055.150    19.274     1.45    2.42
 -80678.986    19.159    -0.31    2.44
 -80302.821    19.471     0.83    2.29
 -79926.656    18.861    -1.62    1.88
 -79550.489    18.554    -0.82    1.64
 -79174.322    18.573     0.05    1.63
 -78798.154    18.838     0.70    1.84
 -78421.985    18.267    -1.52    2.18
 -78045.815    17.762    -1.34    2.48
 -77669.645    17.300    -1.23    2.45
 -77293.473    16.813    -1.30    2.27
 -76917.301    16.051    -2.03    2.14
 -76541.127    16.044    -0.02    1.98
 -76164.953    15.483    -1.49    2.43
 -75788.778    14.294    -3.16    2.89
 -75412.602    13.510    -2.08    3.35
 -75036.426    11.634    -4.99    3.58
 -74660.248     9.274    -6.27    3.95
 -74284.070     7.310    -5.22    4.04
 -73907.890     5.638    -4.45    3.04
 -73531.710     4.051    -4.22    1.70
 -73155.529     3.360    -1.84    0.97
 -72779.347     3.205    -0.41    1.01
 -72403.164     2.967    -0.63    1.15
 -72026.980     2.645    -0.85    1.15
 -71650.795     2.336    -0.82    1.31
 -71274.610     2.095    -0.64    1.32
 -70898.423     2.121     0.07    1.36
 -70522.236     2.078    -0.11    1.28
 -70146.047     1.864    -0.57    1.21
 -69769.858     1.807    -0.15    1.65
 -69393.668     2.024     0.57    1.82
 -69017.477     1.969    -0.14    1.49
 -68641.285     2.193     0.59    1.97
 -68265.093     2.146    -0.12    1.66
 -67888.899     2.608     1.23    1.98
 -67512.704     2.943     0.89    2.04
 -67136.509     3.600     1.74    1.89
 -66760.312     4.388     2.09    2.49
 -66384.115     3.996    -1.04    2.59
 -66007.917     4.146     0.40    2.69
 -65631.717     4.429     0.75    3.01
 -65255.517     5.994     4.16    3.71
 -64879.316     6.889     2.38    3.48
 -64503.114     7.915     2.73    3.30
 -64126.912     8.105     0.50    2.93
 -63750.708     8.315     0.56    3.13
 -63374.503     9.249     2.48    3.34
 -62998.297     9.693     1.18    3.47
 -62622.091     9.888     0.52    2.93
 -62245.883     9.267    -1.65    3.10
 -61869.675     8.547    -1.91    2.79
 -61493.465     8.428    -0.32    2.37
 -61117.255     8.240    -0.50    2.25
 -60741.181     9.115     2.33    2.31
 -60365.157     8.758    -0.95    2.83
 -59989.133     8.240    -1.38    2.90
 -59613.107     8.810     1.52    3.21
 -59237.081     9.249     1.17    3.18
 -58861.053     9.415     0.44    3.22
 -58485.025     8.888    -1.40    3.57
 -58108.996     7.582    -3.47    3.69
 -57732.966     5.943    -4.36    2.92
 -57356.935     5.365    -1.54    2.40
 -56980.902     5.428     0.17    2.17
 -56604.869     5.315    -0.30    1.63
 -56228.835     5.294    -0.06    1.52
 -55852.800     5.294     0.00    1.48
 -55476.764     4.889    -1.08    1.60
 -55100.727     5.864     2.59    2.96
 -54724.689     6.861     2.65    3.36
 -54348.651     8.720     4.94    3.77
 -53972.611     9.326     1.61    3.24
 -53596.570     8.942    -1.02    3.41
 -53220.528     8.159    -2.08    3.52
 -52844.485     7.044    -2.97    3.16
 -52468.442     6.018    -2.73    2.44
 -52092.397     5.721    -0.79    1.55
 -51716.351     6.941     3.24    3.17
 -51340.305     7.971     2.74    3.81
 -50964.257     8.915     2.51    3.90
 -50588.209     8.813    -0.27    4.24
 -50212.159     7.384    -3.80    3.89
 -49836.108     7.375    -0.02    3.93
 -49460.057     6.179    -3.18    2.66
 -49084.004     5.726    -1.20    1.84
 -48707.951     5.326    -1.07    1.29
 -48331.896     5.888     1.50    2.65
 -47955.840     7.505     4.30    4.58
 -47579.784    10.377     7.64    5.43
 -47203.726    12.326     5.18    5.26
 -46827.668    15.294     7.89    3.97
 -46451.608    16.864     4.18    2.70
 -46075.548    17.249     1.02    2.26
 -45699.486    17.804     1.48    2.14
 -45323.424    17.758    -0.12    2.42
 -44947.360    16.780    -2.60    2.93
 -44571.295    16.429    -0.93    3.04
 -44195.230    17.505     2.86    3.77
 -43819.163    18.884     3.67    3.47
 -43443.096    20.249     3.63    3.02
 -43067.027    21.428     3.14    2.27
 -42690.957    21.249    -0.48    2.56
 -42314.887    20.992    -0.68    2.74
 -41938.815    20.213    -2.07    2.53
 -41562.742    19.813    -1.06    2.19
 -41186.668    19.442    -0.99    2.05
 -40810.594    18.968    -1.26    2.39
 -40434.518    18.996     0.08    2.98
 -40058.441    16.736    -6.01    5.78
 -39682.363    13.710    -8.05    6.54
 -39306.284    10.138    -9.50    6.00
 -38930.204     7.591    -6.77    4.19
 -38554.123     5.483    -5.61    2.44
 -38178.041     4.483    -2.66    1.79
 -37801.958     3.942    -1.44    1.42
 -37425.874     3.533    -1.09    0.92
 -37049.789     3.415    -0.31    0.96
 -36673.703     3.018    -1.06    1.19
 -36297.615     2.665    -0.94    1.05
 -35921.527     2.377    -0.77    1.07
 -35545.438     2.348    -0.08    0.99
 -35169.347     2.205    -0.38    1.09
 -34793.256     1.784    -1.12    1.19
 -34417.163     1.300    -1.29    1.31
 -34041.070     0.753    -1.45    1.21
 -33664.975     0.284    -1.25    0.88
 -33288.879     0.015    -0.71    0.44
 -32912.783    -0.085    -0.27    0.00
 -32536.685    -0.006     0.21    0.49
 -32160.586     0.348     0.94    1.14
 -31784.486     0.672     0.86    1.72
 -31408.385     0.996     0.86    1.93
 -31032.283     1.054     0.15    1.99
 -30656.180     0.787    -0.71    1.84
 -30280.075     0.531    -0.68    1.43
 -29903.970     0.429    -0.27    1.26
 -29527.864     0.223    -0.55    1.00
 -29151.756     0.152    -0.19    0.91
 -28775.648     0.121    -0.08    0.89
 -28399.538    -0.085    -0.55    0.00
 -28023.427    -0.085     0.00    0.00
 -27647.315    -0.085     0.00    0.00
 -27271.203    -0.085     0.00    0.00
 -26895.089    -0.085     0.00    0.00
 -26518.973    -0.085     0.00    0.00
 -26142.857    -0.085     0.00    0.00
 -25766.740    -0.085     0.00    0.00
 -25390.622    -0.085     0.00    0.00
 -25014.502    -0.085     0.00    0.00
 -24638.382    -0.085     0.00    0.00
 -24262.260    -0.085     0.00    0.00
 -23886.137     0.037     0.32    0.78
 -23510.013     0.267     0.61    1.40
 -23133.888     0.095    -0.46    0.68
 -22757.762     0.179     0.22    0.83
 -22381.635     0.095    -0.22    0.79
 -22005.507     0.159     0.17    1.04
 -21629.377     0.415     0.68    1.54
 -21253.247     0.213    -0.54    1.13
 -20877.115     0.186    -0.07    1.07
 -20500.982     0.105    -0.22    0.57
 -20124.848    -0.027    -0.35    0.34
 -19748.713    -0.033    -0.02    0.32
 -19372.577    -0.085    -0.14    0.00
 -18996.440    -0.056     0.08    0.17
 -18620.301    -0.058    -0.00    0.16
 -18244.162    -0.058     0.00    0.29
 -17868.021    -0.164    -0.28    0.43
 -17491.879    -0.335    -0.45    0.49
 -17115.736    -0.436    -0.27    0.59
 -16739.592    -0.558    -0.33    0.56
 -16363.447    -0.506     0.14    0.60
 -15987.301    -0.418     0.23    0.62
 -15611.153    -0.328     0.24    0.49
 -15235.005    -0.160     0.45    0.47
 -14858.855    -0.032     0.34    0.32
 -14482.704     0.024     0.15    0.31
 -14106.552    -0.031    -0.14    0.23
 -13730.399    -0.112    -0.22    0.29
 -13354.244    -0.187    -0.20    0.45
 -12978.089    -0.290    -0.27    0.47
 -12601.932    -0.285     0.01    0.47
 -12225.774    -0.269     0.04    0.46
 -11849.615    -0.193     0.20    0.46
 -11473.455    -0.112     0.21    0.38
 -11097.294    -0.008     0.28    0.35
 -10721.131     0.024     0.08    0.31
 -10344.968    -0.033    -0.15    0.22
  -9968.803    -0.032     0.00    0.23
  -9592.637    -0.035    -0.01    0.22
  -9216.470    -0.085    -0.13    0.00
  -8840.302    -0.085     0.00    0.00
  -8464.132    -0.085     0.00    0.00
  -8087.961    -0.057     0.07    0.17
  -7711.790    -0.085    -0.07    0.33
  -7335.617    -0.220    -0.36    0.48
  -6959.442    -0.355    -0.36    0.56
  -6583.267    -0.546    -0.51    0.55
  -6207.091    -0.685    -0.37    0.50
  -5830.913    -0.572     0.30    0.51
  -5454.734    -0.374     0.53    0.46
  -5078.554    -0.196     0.47    0.32
  -4702.372    -0.085     0.30    0.00
  -4326.190    -0.006     0.21    0.49
  -3950.006     0.258     0.70    0.97
  -3573.821     0.564     0.81    1.25
  -3197.635     0.787     0.59    1.32
  -2821.448     1.078     0.77    1.40
  -2445.260     0.838    -0.64    1.24
  -2069.070     0.415    -1.12    0.93
  -1692.879     0.087    -0.87    0.51
  -1316.687    -0.004    -0.24    0.36
   -940.494    -0.085    -0.22    0.00
   -564.299    -0.058     0.07    0.16
   -188.103     0.267     0.86    1.62
    188.094     0.360     0.25    1.70
    564.292     0.240    -0.32    1.51
    940.491     0.249     0.02    1.51
   1316.692     0.537     0.77    2.71
   1692.893     3.864     8.84    8.64
   2069.096     8.126    11.33   13.79
   2445.301    15.274    19.00   20.05
   2821.506    28.213    34.39   28.26
   3197.713    38.172    26.47   32.73
   3573.921    41.582     9.06   29.59
   3950.130    37.762   -10.16   22.68
   4326.340    30.505   -19.29   14.71
   4702.552    28.009    -6.63   10.21
   5078.765    30.537     6.72   10.33
   5454.979    36.915    16.95   14.23
   5831.194    44.942    21.34   24.16
   6207.411    59.726    39.30   35.10
   6583.628    73.499    36.61   33.67
   6959.847    92.179    49.65   36.09
   7336.068   108.197    42.58   36.55
   7712.289   120.834    33.59   32.86
   8088.512   128.047    19.17   31.00
   8464.736   132.403    11.58   33.85
   8840.961   148.223    42.05   33.53
   9217.188   163.753    41.28   27.52
   9593.415   176.582    34.10   21.10
   9969.645   179.186     6.92   18.35
  10345.875   170.652   -22.68   25.66
  10722.106   148.205   -59.66   39.74
  11098.339   116.665   -83.83   43.21
  11474.573    81.095   -94.54   36.05
  11850.809    57.889   -61.68   16.84
  12227.045    54.110   -10.04   11.53
  12603.283    60.018    15.70   16.65
  12979.522    70.332    27.41   16.16
  13355.763    82.310    31.84   26.91
  13732.004    92.310    26.58   29.69
  14108.225   101.078    23.30   27.28
  14484.209   115.915    39.46   31.23
  14860.194   133.018    45.49   35.22
  15236.181   155.531    59.88   32.78
  15612.169   175.888    54.14   24.82
  15988.158   182.480    17.53   19.39
  16364.148   184.996     6.69   15.72
  16740.139   179.375   -14.95   17.48
  17116.132   166.618   -33.93   19.43
  17492.126   153.915   -33.78   16.48
  17868.122   145.992   -21.07   12.42
  18244.119   145.762    -0.61   11.59
  18620.117   146.554     2.11   11.00
  18996.116   151.838    14.05    9.86
  19372.117   153.999     5.75   11.79
  19748.119   154.100     0.27   16.95
  20124.122   151.403    -7.17   23.68
  20500.126   141.861   -25.38   27.00
  20876.132   130.784   -29.46   26.62
  21252.139   117.967   -34.09   24.16
  21628.148   104.965   -34.58   20.24
  22004.157    94.456   -27.95   14.82
  22380.169    84.428   -26.67   12.71
  22756.181    74.679   -25.93   10.98
  23132.195    69.132   -14.75    9.30
  23508.210    62.726   -17.04    7.45
  23884.226    58.527   -11.17    7.53
  24260.243    52.547   -15.90    8.05
  24636.262    46.715   -15.51    7.47
  25012.283    41.915   -12.77    5.61
  25388.304    37.172   -12.62    4.50
  25764.327    34.456    -7.22    4.02
  26140.351    35.205     1.99    6.35
  26516.377    41.556    16.89   14.52
  26892.404    51.494    26.43   17.82
  27268.432    62.388    28.97   17.37
  27644.462    75.863    35.84   19.18
  28020.493    86.915    29.39   22.89
  28396.525    99.665    33.91   25.13
  28772.559   108.787    24.26   22.69
  29148.593   121.152    32.88   20.72
  29524.630   129.699    22.73   20.03
  29900.667   130.618     2.44   20.38
  30276.706   132.388     4.71   26.22
  30652.747   141.864    25.20   26.56
  31028.788   140.865    -2.66   25.48
  31404.831   133.753   -18.91   23.84
  31780.876   123.115   -28.29   19.95
  32156.921   114.968   -21.67   11.71
  32532.968   115.915     2.52   11.48
  32909.017   118.537     6.97   11.75
  33285.067   121.915     8.98   11.66
  33661.118   127.672    15.31   17.75
  34037.170   135.554    20.96   18.77
  34413.224   147.415    31.54   20.82
  34789.279   165.138    47.13   18.37
  35165.336   172.377    19.25   20.68
  35541.394   183.018    28.30   21.23
  35917.453   192.915    26.32   17.09
  36293.514   197.861    13.15   17.70
  36669.576   198.969     2.95   16.44
  37045.639   202.483     9.34   15.13
  37421.704   203.965     3.94   13.93
  37797.771   206.618     7.05   12.29
  38173.838   211.679    13.46   10.79
  38549.907   217.442    15.32   10.17
  38925.977   228.442    29.25   17.22
  39302.049   242.807    38.20   19.29
  39678.122   256.505    36.42   16.97
  40054.197   266.626    26.91   12.80
  40430.273   271.971    14.21    9.26
  40806.350   274.753     7.40    8.96
  41182.429   279.721    13.21    9.94
  41558.509   282.915     8.49   10.86
  41934.590   290.018    18.89    9.07
  42310.673   294.790    12.69    6.28
  42686.758   293.456    -3.55    6.44
  43062.843   291.699    -4.67    5.91
  43438.930   290.105    -4.24    4.38
  43815.019   292.249     5.70    3.91
  44191.109   295.573     8.84    4.92
  44567.200   298.505     7.80    9.01
  44943.293   296.428    -5.52   18.60
  45319.387   286.864   -25.43   30.74
  45695.483   268.078   -49.95   36.64
  46071.580   251.685   -43.59   37.33
  46447.678   235.731   -42.42   28.80
  46823.778   225.582   -26.99   23.47
  47199.879   222.321    -8.67   22.29
  47575.982   214.915   -19.69   19.79
  47952.086   207.618   -19.40   14.17
  48328.192   201.454   -16.39   12.42
  48704.298   194.218   -19.24   12.49
  49080.407   195.197     2.60   17.49
  49456.517   196.442     3.31   24.05
  49832.628   191.888   -12.11   27.81
  50208.741   190.377    -4.02   30.39
  50584.855   184.051   -16.82   30.68
  50960.970   179.480   -12.15   32.55
  51337.087   181.021     4.10   36.95
  51713.206   181.890     2.31   35.50
  52089.326   175.483   -17.03   33.54
  52465.447   169.758   -15.22   29.71
  52841.570   158.762   -29.24   22.84
  53217.694   145.999   -33.93   17.49
  53593.820   139.051   -18.47   19.48
  53969.947   135.348    -9.84   20.38
  54346.075   130.051   -14.08   21.42
  54722.205   126.294    -9.99   23.21
  55098.337   122.830    -9.21   25.83
  55474.470   124.390     4.15   31.45
  55850.604   125.863     3.91   36.76
  56226.740   134.645    23.35   41.77
  56602.878   139.326    12.44   37.31
  56979.016   135.415   -10.40   35.80
  57355.157   133.179    -5.95   32.99
  57731.298   124.021   -24.35   32.43
  58107.442   115.941   -21.48   35.46
  58483.586    98.721   -45.78   46.71
  58859.732    67.100   -84.07   45.92
  59235.880    43.815   -61.90   29.82
  59612.029    29.087   -39.16   16.92
  59988.180    33.780    12.48   18.79
  60364.332    49.645    42.18   26.31
  60740.485    63.753    37.51   32.16
  61116.641    89.780    69.19   40.53
  61492.797   117.554    73.84   44.09
  61868.955   144.633    71.99   44.75
  62245.115   158.787    37.63   45.96
  62621.276   172.942    37.63   49.10
  62997.438   165.582   -19.57   52.81
  63373.602   159.480   -16.22   48.13
  63749.768   156.044    -9.13   38.38
  64125.935   161.969    15.75   36.07
  64502.103   183.146    56.30   41.51
  64878.273   207.165    63.85   36.50
  65254.445   220.600    35.71   26.83
  65630.618   227.179    17.49   23.58
  66006.792   226.384    -2.11   28.36
  66382.968   226.249    -0.36   29.61
  66759.146   232.996    17.94   28.15
  67135.325   243.971    29.17   25.46
  67511.505   259.024    40.01   18.68
  67887.687   268.582    25.41    9.98
  68263.871   272.310     9.91    8.49
  68640.056   273.340     2.74    8.39
  69016.242   275.429     5.55    8.14
  69392.431   275.377    -0.14    8.40
  69768.620   274.428    -2.52   10.29
  70144.811   271.403    -8.04   13.42
  70521.004   263.753   -20.33   16.96
  70897.198   254.582   -24.38   20.48
  71273.394   244.213   -27.56   24.62
  71649.592   237.294   -18.39   24.90
  72025.790   235.105    -5.82   27.13
  72401.991   247.739    33.58   23.07
  72778.193   255.377    20.30   19.07
  73154.396   253.377    -5.32   17.25
  73530.601   244.138   -24.56   24.19
  73906.808   234.942   -24.44   25.38
  74283.016   229.388   -14.77   29.35
  74659.225   234.284    13.01   30.62
  75035.436   239.172    12.99   24.28
  75411.649   236.456    -7.22   20.26
  75787.863   235.231    -3.26   17.92
  76164.079   236.389     3.08   19.81
  76540.297   246.556    27.03   22.62
  76916.516   260.726    37.66   18.80
  77292.736   267.590    18.25   16.62
  77668.958   269.468     4.99   13.64
  78045.182   265.753    -9.87   15.11
  78421.407   255.240   -27.94   18.93
  78797.634   245.443   -26.04   17.51
  79173.862   242.659    -7.40   18.99
  79550.092   243.685     2.73   20.68
  79926.323   252.687    23.93   15.68
  80302.556   261.310    22.92   18.92
  80678.791   266.078    12.67   14.62
  81055.027   262.082   -10.62   16.54
  81431.265   250.240   -31.47   21.51
  81807.504   238.969   -29.96   22.51
  82183.745   230.521   -22.46   23.24
  82559.987   228.968    -4.13   25.00
  82936.232   224.665   -11.44   22.82
  83312.477   220.672   -10.61   19.97
  83688.724   211.090   -25.47   21.55
  84064.973   198.864   -32.50   20.44
  84441.224   187.554   -30.06   21.21
  84817.476   181.483   -16.14   16.94
  85193.729   185.024     9.41   20.13
  85569.984   198.915    36.92   25.62
  85946.241   218.762    52.75   23.01
  86322.500   233.082    38.06   20.39
  86698.760   247.556    38.47   17.86
  87075.021   257.810    27.25   14.60
  87451.284   268.304    27.89   12.41
  87827.549   276.710    22.34   14.26
  88203.816   281.531    12.81   15.64
  88580.084   293.047    30.61   15.33
  88956.353   300.969    21.06   12.49
  89332.477   306.967    15.94    7.96
  89708.419   311.375    11.73    4.61
  90084.362   312.095     1.92    4.25
  90460.306   313.290     3.18    4.08
  90836.253   313.830     1.43    3.84
  91212.201   314.726     2.38    4.53
  91588.150   315.213     1.29    4.90
  91964.101   315.078    -0.36    4.63
  92340.054   315.652     1.53    4.80
  92716.009   316.749     2.92    4.35
  93091.965   316.623    -0.34    3.66
  93467.922   317.326     1.87    2.94
  93843.882   317.159    -0.44    2.35
  94219.843   316.992    -0.44    2.46
  94595.805   316.415    -1.53    2.68
  94971.770   315.121    -3.44    3.16
  95347.735   314.388    -1.95    3.43
  95723.703   314.069    -0.85    3.14
  96099.672   314.582     1.36    2.15
  96475.643   315.044     1.23    1.67
  96851.615   315.095     0.14    1.65
  97227.589   314.572    -1.39    1.62
  97603.565   314.834     0.70    1.85
  97979.542   314.078    -2.01    2.56
  98355.521   313.942    -0.36    2.61
  98731.502   313.810    -0.35    2.35
  99107.484   313.726    -0.22    2.28
  99483.468   314.197     1.25    1.65
  99859.454   314.172    -0.07    1.60
 100235.441   314.073    -0.26    1.79
 100611.430   313.699    -1.00    1.72
 100987.421   313.363    -0.89    1.86
 101363.413   312.505    -2.28    1.93
 101739.407   311.138    -3.64    2.19
 102115.403   309.813    -3.52    2.40
 102491.400   309.304    -1.35    2.42
 102867.399   309.626     0.86    2.77
 103243.400   311.044     3.77    3.21
 103619.402   313.415     6.31    2.77
 103995.406   315.784     6.30    3.13
 104371.411   317.626     4.90    2.82
 104747.419   319.078     3.86    2.03
 105123.428   319.813     1.96    1.48
 105499.439   320.456     1.71    2.34
 105875.451   321.967     4.02    4.40
 106251.465   321.608    -0.95    5.67
 106627.481   320.021    -4.22    5.99
 107003.498   318.836    -3.15    4.89
 107379.517   318.069    -2.04    3.49
 107755.538   318.377     0.82    3.20
 108131.561   319.267     2.37    2.04
 108507.585   319.389     0.33    2.02
 108883.611   319.483     0.25    1.94
 109259.638   319.915     1.15    1.78
 109635.668   320.284     0.98    1.57
 110011.699   321.165     2.34    1.74
 110387.731   322.069     2.40    1.71
 110763.766   322.813     1.98    1.64
 111139.802   323.499     1.82    1.38
 111515.840   324.069     1.52    1.48
 111891.879   324.591     1.39    1.63
 112267.921   325.249     1.75    1.72
 112643.963   325.968     1.91    1.54
 113020.008   326.231     0.70    1.30
 113396.055   326.240     0.02    1.43
 113772.103   326.249     0.02    1.49
 114148.153   326.540     0.78    1.84
 114524.204   327.415     2.33    2.04
 114900.257   328.132     1.90    2.42
 115276.312   328.807     1.80    2.20
 115652.369   328.996     0.50    2.13
 116028.428   328.726    -0.72    1.79
 116404.488   328.768     0.11    1.74
 116780.550   328.690    -0.21    1.59
 117156.614   328.454    -0.63    1.68
 117532.679   328.249    -0.55    1.43
 117908.746   328.377     0.34    1.54
 118284.815   328.456     0.21    1.64
 118660.886   329.231     2.06    1.69
 119036.958   329.836     1.61    1.99
 119413.032   330.505     1.78    2.06
 119789.108   330.942     1.16    1.83
 120165.186   331.494     1.47    2.04
 120541.265   332.965     3.91    3.18
 120917.346   335.943     7.92    5.08
 121293.429   338.231     6.08    5.44
 121669.514   340.186     5.20    5.31
 122045.600   340.645     1.22    6.83
 122421.688   337.510    -8.34    6.01
 122797.778   336.360    -3.06    5.02
 123173.870   337.172     2.16    5.56
 123549.963   338.915     4.64    5.78
 123926.059   340.213     3.45    5.42
 124302.155   341.556     3.57    4.54
 124678.254   340.889    -1.77    4.41
 125054.355   339.736    -3.07    4.95
 125430.457   338.258    -3.93    4.65
 125806.561   337.685    -1.52    5.33
 126182.667   335.027    -7.07    5.48
 126558.775   333.231    -4.77    4.92
 126934.884   330.967    -6.02    3.07
 127310.995   329.773    -3.18    1.78
 127687.108   330.018     0.65    2.34
 128063.223   330.456     1.16    2.59
 128439.339   330.969     1.37    2.56
 128815.458   330.834    -0.36    2.60
 129191.578   330.054    -2.07    2.34
 129567.700   329.582    -1.26    2.51
 129943.823   328.915    -1.77    2.95
 130319.949   328.159    -2.01    2.82
 130696.076   327.095    -2.83    3.32
 131072.205   325.652    -3.84    3.79
 131448.336   324.547    -2.94    3.69
 131824.469   324.213    -0.89    3.30
 132200.603   324.040    -0.46    3.11
 132576.740   324.051     0.03    2.49
 132952.878   324.402     0.93    2.56
 133329.018   324.132    -0.72    2.37
 133705.159   324.304     0.46    2.18
 134081.303   324.377     0.19    2.05
 134457.448   324.582     0.55    2.26
 134833.595   325.332     1.99    2.16
 135209.744   324.564    -2.04    3.33
 135585.895   322.348    -5.89    5.66
 135962.048   319.705    -7.03    7.17
 136338.202   315.615   -10.87    7.92
 136714.358   309.240   -16.95   13.54
 137090.516   297.573   -31.02   23.36
 137466.676   282.942   -38.90   27.98
 137842.838   259.179   -63.17   33.00
 138219.002   237.996   -56.31   29.82
 138595.167   228.565   -25.07   29.84
 138971.334   209.521   -50.63   38.72
 139347.503   189.861   -52.26   43.63
 139723.674   174.753   -40.16   38.74
 140099.847   163.973   -28.66   41.72
 140476.022   158.608   -14.26   43.61
 140852.198   163.762    13.70   45.95
 141228.376   161.630    -5.67   48.42
 141604.557   168.834    19.15   61.25
 141980.738   181.051    32.47   69.29
 142356.922   177.618    -9.12   64.12
 142733.108   180.215     6.90   65.93
 143109.296   179.915    -0.80   64.10
 143485.485   184.556    12.34   62.86
 143861.676   178.994   -14.79   70.18
 144237.869   178.223    -2.05   70.83
 144614.064   176.429    -4.77   76.45
 144990.261   182.062    14.97   81.69
 145366.460   186.442    11.64   81.39
 145742.660   189.138     7.17   87.12
 146118.863   198.780    25.63   87.61
 146495.067   201.105     6.18   82.00
 146871.273   200.753    -0.93   79.16
 147247.481   212.915    32.33   81.46
 147623.691   233.857    55.66   77.80
 147999.903   239.864    15.97   89.63
 148376.116   244.100    11.26   91.87
 148752.332   239.165   -13.12   84.99
 149128.549   213.864   -67.25   96.82
 149504.769   185.186   -76.23  100.16
 149880.990   138.941  -122.92   85.96
 150257.213   102.300   -97.39   53.88
 150633.438    91.249   -29.37   30.77
 151009.665   108.996    47.17   41.65
 151385.893   145.197    96.22   57.84
 151762.124   193.505   128.40   64.74
 152138.357   246.360   140.49   57.58
 152514.591   284.645   101.76   43.16
 152890.827   313.186    75.86   24.59
 153267.065   327.888    39.08   12.46
 153643.306   335.494    20.22    9.65
 154019.548   340.144    12.36    6.89
 154395.791   343.065     7.76    6.04
 154772.037   345.705     7.02    4.21
 155148.285   347.591     5.01    3.35
 155524.535   349.864     6.04    2.86
 155900.786   351.363     3.98    2.61
 156277.040   352.258     2.38    2.03
 156653.295   353.284     2.73    1.38
 157029.552   353.531     0.66    1.58
 157405.812   354.375     2.24    2.32
 157782.073   355.705     3.53    2.35
 158158.336   356.990     3.42    2.51
 158534.601   358.687     4.51    2.24
 158910.868   359.537     2.26    2.20
 159287.136   360.348     2.15    1.64
 159663.407   360.375     0.07    1.82
 160039.680   360.483     0.29    2.29
 160415.954   360.249    -0.62    2.32
 160792.231   360.415     0.44    2.00
 161168.509   360.994     1.54    2.41
 161544.790   360.888    -0.28    2.85
 161921.072   361.274     1.03    2.78
 162297.357   361.310     0.10    2.86
 162673.643   361.864     1.47    2.93
 163049.931   363.375     4.01    3.37
 163426.221   364.505     3.00    3.68
 163802.513   366.415     5.08    3.53
 164178.807   367.626     3.22    2.86
 164554.791   368.840     3.23    2.47
 164930.702   370.309     3.91    2.86
 165306.614   371.172     2.29    2.88
 165682.528   372.051     2.34    2.73
 166058.445   372.078     0.07    2.37
 166434.363   371.321    -2.01    2.64
 166810.283   370.471    -2.26    3.03
 167186.206   369.915    -1.48    2.55
 167562.130   369.838    -0.20    2.53
 167938.056   369.807    -0.08    1.78
 168313.984   370.480     1.79    1.89
 168689.914   370.531     0.14    1.95
 169065.846   370.992     1.23    1.86
 169441.780   371.267     0.73    1.80
 169817.716   371.762     1.32    1.53
 170193.654   372.375     1.63    1.76
 170569.594   373.294     2.44    2.53
 170945.536   374.047     2.00    2.51
 171321.480   375.228     3.14    2.43
 171697.426   375.890     1.76    2.68
 172073.374   375.468    -1.12    3.26
 172449.323   374.807    -1.76    4.67
 172825.275   372.591    -5.90    7.23
 173201.229   367.860   -12.58   14.11
 173577.185   364.968    -7.69   16.88
 173953.143   361.258    -9.87   17.23
 174329.102   355.456   -15.43   17.33
 174705.064   337.736   -47.13   39.71
 175081.028   312.890   -66.09   54.26
 175456.994   264.480  -128.77   77.94
 175832.961   202.969  -163.61   78.69
 176208.931   151.223  -137.64   76.77
 176584.903    97.618  -142.58   64.86
 176960.877    55.483  -112.07   53.32
 177336.852    20.645   -92.66   39.50
 177712.830    -0.710   -56.80   19.43
 178088.810    -8.290   -20.16    2.85
 178464.792    -5.795     6.64    9.48
 178840.775     3.360    24.35   19.39
 179216.761    22.608    51.19   32.99
 179592.749    45.665    61.33   37.12
 179968.739    68.179    59.88   40.39
 180344.731    99.505    83.32   42.30
 180720.725   125.591    69.38   48.20
 181096.720   158.968    88.77   56.80
 181472.718   175.915    45.07   72.76
 181848.718   194.377    49.10   86.97
 182224.720   199.537    13.72   91.40
 182600.724   195.403   -11.00   93.00
 182976.730   182.231   -35.03   87.51
 183352.738   166.443   -41.99   74.20
 183728.748   166.348    -0.25   65.53
 184104.761   187.943    57.43   77.50
 184480.775   222.428    91.71   93.34
 184856.791   254.556    85.45   95.63
 185232.809   272.027    46.46   93.38
 185608.829   291.992    53.10   85.80
 185984.852   294.999     8.00   82.12
 186360.876   308.021    34.63   69.40
 186736.903   319.992    31.84   62.37
 187112.931   337.126    45.57   51.66
 187488.962   357.915    55.29   35.21
 187864.994   372.864    39.75   16.34
 188241.029   379.065    16.49   10.97
 188617.065   382.969    10.38    5.72
 188993.104   383.790     2.18    6.36
 189369.145   385.941     5.72    4.77
 189745.188   387.527     4.22    2.32
 190121.233   387.753     0.60    2.48
 190497.280   387.804     0.14    2.21
 190873.329   388.336     1.42    2.29
 191249.380   387.690    -1.72    4.14
 191625.433   387.332    -0.95    5.20
 192001.488   386.615    -1.91    6.43
 192377.546   388.024     3.74    5.58
 192753.605   389.861     4.89    4.64
 193129.667   391.810     5.18    3.95
 193505.730   393.573     4.69    2.07
 193881.796   395.024     3.86    1.63
 194257.864   395.834     2.16    1.50
 194633.933   396.540     1.88    1.48
 195010.005   397.138     1.59    1.48
 195386.079   396.140    -2.65    4.32
 195762.155   395.047    -2.91    5.90
 196138.234   394.943    -0.28    6.73
 196514.314   394.942    -0.00    6.62
 196890.396   395.054     0.30    6.31
 197266.481   395.556     1.34    5.57
 197642.567   394.690    -2.30    5.74
 198018.656   394.375    -0.84    5.83
 198394.747   394.465     0.24    5.22
 198770.839   394.705     0.64    4.62
 199146.934   394.942     0.63    3.95
 199523.031   395.348     1.08    2.66
 199899.131   395.377     0.08    3.03
 200275.232   395.240    -0.36    2.68
 200651.335   395.110    -0.35    2.96
 201027.441   395.018    -0.24    3.25
 201403.548   394.832    -0.49    3.43
 201779.658   395.172     0.90    3.45
 202155.770   396.300     3.00    2.65
 202531.884   396.721     1.12    2.33
 202908.000   396.807     0.23    2.25
 203284.118   396.915     0.29    2.19
 203660.238   396.784    -0.35    2.33
 204036.361   397.326     1.44    2.69
 204412.485   398.159     2.21    2.63
 204788.612   399.556     3.72    1.72
 205164.741   400.480     2.45    1.12
 205540.872   400.836     0.95    1.17
 205917.005   401.213     1.00    1.84
 206293.140   401.864     1.73    2.03
 206669.278   402.679     2.17    2.34
 207045.417   403.027     0.93    2.31
 207421.559   403.659     1.68    2.16
 207797.703   404.249     1.57    2.15
 208173.849   404.521     0.72    1.90
 208549.997   404.967     1.19    1.54
 208926.147   405.040     0.20    1.79
 209302.300   404.942    -0.26    1.91
 209678.454   405.348     1.08    2.02
 210054.611   405.078    -0.72    2.67
 210430.770   405.531     1.20    3.02
 210806.931   405.610     0.21    3.58
 211183.094   404.890    -1.91    7.67
 211559.259   401.121   -10.02   16.83
 211935.427   397.300   -10.16   24.62
 212311.596   387.267   -26.67   42.82
 212687.768   381.223   -16.07   36.19
 213063.942   365.126   -42.79   46.82
 213440.118   343.638   -57.12   55.84
 213816.297   308.780   -92.66   73.74
 214192.477   270.537  -101.67   74.65
 214568.660   247.915   -60.14   72.13
 214944.845   232.710   -40.42   81.39
 215321.032   195.103   -99.97   80.96
 215697.221   152.284  -113.83   66.44
 216073.413   118.863   -88.84   42.00
 216449.606   100.834   -47.92   19.41
 216825.802    97.403    -9.12   19.96
 217202.000   105.699    22.05   32.65
 217578.200   112.403    17.82   51.00
 217954.402   129.736    46.08   68.77
 218330.607   153.258    62.53   84.04
 218706.814   141.363   -31.62   76.07
 219083.023   123.480   -47.54   68.91
 219459.234   100.047   -62.29   51.97
 219835.447    84.443   -41.48   42.19
 220211.662    92.186    20.58   62.64
 220587.880   100.105    21.05   78.41
 220964.100   104.402    11.42   82.49
 221340.322   103.864    -1.43   87.85
 221716.547    87.884   -42.48   63.11
 222092.773    73.454   -38.36   46.78
 222469.002    74.197     1.98   41.62
 222845.233    84.471    27.31   56.61
 223221.466    91.454    18.56   65.41
 223597.701    88.051    -9.05   63.78
 223973.939    77.326   -28.51   40.05
 224350.179    68.073   -24.59   23.11
 224726.421    66.223    -4.92   21.54
 225102.665    69.591     8.95   25.83
 225478.912    73.941    11.56   32.35
 225855.160    73.015    -2.46   33.22
 226231.411    68.915   -10.90   34.41
 226607.665    64.591   -11.49   28.92
 226983.920    62.375    -5.89   26.33
 227360.178    57.429   -13.15   23.37
 227736.438    57.186    -0.65   23.65
 228112.700    60.201     8.01   25.64
 228488.964    65.990    15.39   32.68
 228865.231    77.249    29.92   33.05
 229241.500    82.915    15.06   30.45
 229617.771    85.249     6.20   28.40
 229994.044    87.138     5.02   26.02
 230370.320   100.573    35.71   39.32
 230746.597   130.389    79.24   57.87
 231122.877   185.172   145.60   83.69
 231499.160   249.969   172.21   88.12
 231875.444   303.626   142.60   83.50
 232251.731   348.659   119.68   71.59
 232628.020   376.471    73.91   52.59
 233004.312   379.968     9.29   45.25
 233380.605   363.240   -44.46   62.26
 233756.901   346.402   -44.75   70.63
 234133.199   353.591    19.11   62.85
 234509.500   369.687    42.78   53.01
 234885.802   332.454   -98.95   87.09
 235262.107   261.915  -187.46  110.69
 235638.415   189.753  -191.77  104.71
 236014.724   118.659  -188.93   62.79
 236391.036    86.152   -86.39   25.83
 236767.350    77.659   -22.57   20.69
 237143.666    76.069    -4.22   23.76
 237519.985    73.762    -6.13   25.49
 237896.306    61.554   -32.44   21.40
 238272.629    53.836   -20.51   16.39
 238648.954    48.685   -13.69    6.36
 239025.282    47.749    -2.49    5.75
 239401.533    48.018     0.72    5.54
 239777.405    46.705    -3.49    2.74
 240153.279    47.780     2.86    7.47
 240529.155    47.159    -1.65    5.42
 240905.034    48.807     4.39    6.01
 241280.915    51.608     7.45    7.23
 241656.798    54.890     8.73    6.75
 242032.683    57.159     6.03    6.20
 242408.571    60.290     8.33   10.91
 242784.461    63.073     7.40   14.59
 243160.354    61.652    -3.78   12.78
 243536.248    64.537     7.67   16.48
 243912.146    66.992     6.53   19.65
 244288.045    74.499    19.97   24.12
 244663.946    76.780     6.07   24.44
 245039.850    77.205     1.13   22.97
 245415.757    78.687     3.94   20.07
 245791.665    79.069     1.02   19.03
 246167.576    89.223    27.01   18.50
 246543.489    99.999    28.67   12.53
 246919.405   103.267     8.69   13.90
 247295.323   103.996     1.94   19.92
 247671.243   100.626    -8.97   19.58
 248047.165   100.115    -1.36   19.42
 248423.090   102.456     6.23   18.73
 248799.017   116.351    36.96   25.06
 249174.947   126.652    27.40   24.22
 249550.878   140.889    37.87   29.73
 249926.813   154.213    35.44   34.74
 250302.749   163.315    24.21   35.76
 250678.688   170.705    19.66   32.95
 251054.629   162.780   -21.08   36.72
 251430.572   150.996   -31.35   36.88
 251806.518   135.527   -41.15   34.80
 252182.466   125.710   -26.11   35.09
 252558.417   125.531    -0.48   37.47
 252934.369   128.115     6.88   40.39
 253310.325   124.672    -9.16   41.25
 253686.282   113.132   -30.70   38.01
 254062.242   101.126   -31.93   31.61
 254438.204    98.040    -8.21   30.41
 254814.169    93.564   -11.91   22.97
 255190.136    92.521    -2.78   17.04
 255566.105    94.705     5.81   20.67
 255942.077    95.326     1.65   21.77
 256318.051    87.186   -21.65   20.85
 256694.027    78.615   -22.80   14.07
 257070.006    73.100   -14.67    7.40
 257445.987    70.888    -5.88    5.10
 257821.970    71.051     0.43    5.12
 258197.956    70.860    -0.51    4.99
 258573.944    68.762    -5.58    4.63
 258949.935    68.018    -1.98    5.57
 259325.928    66.165    -4.93    3.38
 259701.923    66.753     1.56    5.14
 260077.921    68.618     4.96    8.11
 260453.921    70.726     5.61   13.26
 260829.923    73.340     6.95   14.85
 261205.928    73.807     1.24   15.92
 261581.935    79.415    14.92   21.87
 261957.945    84.942    14.70   23.75
 262333.957    95.531    28.16   32.07
 262709.971    97.159     4.33   33.41
 263085.988    98.232     2.86   31.66
 263462.007   109.146    29.03   35.26
 263838.029   112.443     8.77   37.13
 264214.053   118.294    15.56   37.07
 264590.079   118.510     0.58   36.66
 264966.108   116.941    -4.17   34.22
 265342.139   127.223    27.34   35.32
 265718.173   125.458    -4.69   36.20
 266094.209   116.659   -23.40   38.03
 266470.247    99.834   -44.74   23.18
 266846.288    93.582   -16.63   15.77
 267222.331   112.172    49.44   33.62
 267598.376   128.600    43.69   39.72
 267974.424   147.992    51.57   39.23
 268350.475   151.179     8.47   36.70
 268726.528   138.240   -34.41   39.51
 269102.583   119.240   -50.53   32.24
 269478.641   113.340   -15.69   19.54
 269854.701   119.992    17.69   25.69
 270230.763   136.915    45.00   31.58
 270606.828   137.213     0.79   32.49
 270982.896   140.402     8.48   27.87
 271358.966   145.402    13.30   32.33
 271735.038   153.787    22.30   36.57
 272111.112   159.027    13.93   37.14
 272487.190   158.223    -2.14   38.16
 272863.269   155.784    -6.49   34.01
 273239.351   145.221   -28.09   27.54
 273615.436   151.044    15.48   28.81
 273991.522   149.172    -4.98   27.31
 274367.612   145.249   -10.43   24.37
 274743.703   143.726    -4.05   18.49
 275119.798   148.890    13.73   22.99
 275495.894   152.240     8.91   23.90
 275871.993   150.633    -4.27   22.57
 276248.095   147.215    -9.09   17.71
 276624.199   153.888    17.74   26.11
 277000.305   158.564    12.43   25.69
 277376.414   156.861    -4.53   27.79
 277752.526   151.996   -12.94   29.22
 278128.640   136.521   -41.15   14.43
 278504.756   133.332    -8.48   12.24
 278880.875   137.515    11.12   15.04
 279256.996   145.284    20.66   19.24
 279633.120   147.834     6.78   18.98
 280009.246   155.403    20.12   25.70
 280385.374   160.021    12.28   26.15
 280761.506   161.336     3.50   26.92
 281137.639   163.665     6.19   28.87
 281513.775   162.480    -3.15   26.22
 281889.914   158.186   -11.42   20.49
 282266.055   157.762    -1.13   21.19
 282642.198   165.740    21.21   28.49
 283018.344   170.944    13.83   29.40
 283394.493   175.348    11.71   30.71
 283770.644   182.780    19.76   33.05
 284146.797   182.969     0.50   28.25
 284522.953   191.159    21.77   31.52
 284899.111   202.443    30.00   38.55
 285275.272   211.490    24.05   41.35
 285651.436   220.121    22.94   43.26
 286027.602   220.564     1.18   38.08
 286403.770   224.556    10.61   35.92
 286779.941   225.889     3.54   32.26
 287156.114   221.633   -11.31   23.62
 287532.290   228.213    17.49   21.75
 287908.469   234.121    15.71   18.94
 288284.650   243.832    25.82   17.41
 288660.833   251.095    19.31   15.46
 289037.019   253.710     6.95   19.24
 289413.208   242.759   -29.11   29.92
 289789.399   220.564   -59.00   37.00
 290165.592   197.969   -60.06   28.92
 290541.788   182.047   -42.33   15.31
 290917.987   178.402    -9.69   12.93
 291294.188   176.610    -4.76   11.90
 291670.391   183.890    19.35   16.05
 292046.597   200.326    43.69   25.74
 292422.806   229.810    78.38   53.59
 292799.017   268.521   102.90   63.74
 293175.231   286.621    48.12   59.55
 293551.447   306.002    51.52   60.99
