#  326.065  -0.365   1.639 ;Mean Elev.(m), Avg Gradient(m/km), RMS Gradient(m/km) - SRTM1     
#  325.556  -0.131   4.365 ;Mean Elev.(m), Avg Gradient(m/km), RMS Gradient(m/km) - ASTER GDEM
#  329.067  -1.576   4.135 ;Mean Elev.(m), Avg Gradient(m/km), RMS Gradient(m/km) - GMTED2010 
  7  20.517750   2.022053   330.824   330.836  4 52451.85889586 50.359
  8  20.525604   2.023342   330.536   330.530  3 52486.85887800 52.840
  9  20.524702   2.022620   330.759   330.759  2 52521.85884722 40.930
 11  20.521052   2.021210   331.869   331.871  4 52591.85889179 51.749
 12  20.534139   2.022845   332.758   332.756  4 52626.85880808 52.122
 13  20.524133   2.022891   331.530   331.530  3 52661.85885569 51.653
 14  20.527944   2.022688   330.473   330.473  2 52696.85883332 26.345
 15  20.532214   2.022566   331.203   331.224  4 52731.85885773 49.070
 16  20.520466   2.022119   331.871   331.876  4 52766.85886704 51.343
 17  20.526023   2.023146   330.795   330.795  2 52801.85887304 52.780
 18  20.527555   2.023023   331.349   331.347  3 52836.85893875 51.295
 19  20.527676   2.022994   330.905   330.905  2 52871.85897912 51.550
 20  20.527636   2.022337   331.839   331.839  2 52906.85897132 52.349
 21  20.529475   2.022681   331.655   331.670  3 52941.85890112 52.434
 23  20.521769   2.022715   331.384   331.401  3 53011.85895495 32.928
 24  20.523681   2.022813   331.327   331.324  3 53046.85892146 51.521
 25  20.519491   2.020296   330.950   330.945  4 53081.85895538 52.074
 26  20.520463   2.022374   330.994   330.976  3 53116.85892623 51.520
 27  20.519989   2.021679   330.727   330.720  3 53151.85897512 50.800
 28  20.532841   2.023531   330.193   330.193  4 53186.85896172 53.670
 29  20.526782   2.021848   329.954   329.957  3 53221.85898564 45.810
 30  20.521120   2.021733   330.568   330.688  3 53256.85896191 17.839
 31  20.517606   2.021579   330.613   330.526  4 53291.85897792 25.699
 32  20.528304   2.022892   331.684   331.689  3 53326.85895209 52.320
 33  20.529736   2.022274   332.034   332.044  3 53361.85890829 43.604
 35  20.528471   2.021488   328.287   328.327  3 53431.85892051  1.636
 36  20.524755   2.023683   331.251   331.253  3 53466.85895451 51.371
 37  20.519305   2.021543   330.553   330.573  4 53501.85900902 23.455
 38  20.525729   2.021369   330.536   330.535  3 53536.85900070 51.889
 39  20.520266   2.022260   330.069   330.081  4 53571.85900634 52.733
 40  20.525181   2.022960   330.765   330.765  2 53606.85895477 17.553
 41  20.522832   2.023085   330.685   330.685  3 53641.85895537 50.954
 42  20.520266   2.021611   331.600   331.599  4 53676.85897411 51.717
 43  20.529347   2.022516   331.752   331.744  3 53711.85890324 51.432
 44  20.528739   2.022832   330.719   330.717  3 53746.85881487 52.472
 45  20.529534   2.022560   330.512   330.511  3 53781.85884590 50.879
 46  20.528645   2.022967   330.574   330.521  3 53816.85881246 26.445
 47  20.521302   2.021000   331.247   331.272  3 53851.85888351 46.339
 48  20.533920   2.023162   331.675   331.676  3 53886.85888965 50.714
 49  20.516036   2.021102   329.776   329.712  5 53921.85896160 46.517
 50  20.517255   2.021880   330.184   330.184  4 53956.85895729 51.405
 51  20.528738   2.021834   330.401   330.399  3 53991.85887853 53.220
 52  20.526286   2.022947   330.743   330.729  3 54026.85894336 37.561
 53  20.530570   2.023141   332.416   332.417  4 54061.85893632 50.437
 55  20.526041   2.022053   331.621   331.659  3 54131.85885829 52.866
 56  20.524144   2.022248   331.016   331.016  2 54166.85888093 28.288
 57  20.524946   2.023008   331.004   331.008  3 54201.85886141 51.289
 58  20.526305   2.023319   331.622   331.625  3 54236.85889778 51.890
 59  20.526091   2.022850   331.389   331.385  3 54271.85891791 52.008
 60  20.525954   2.022882   330.519   330.523  3 54306.85891991 52.272
 61  20.526643   2.023482   331.122   331.128  3 54341.85890053 51.394
 62  20.525429   2.023190   331.149   331.136  3 54376.85885485 49.882
 63  20.525340   2.022297   331.961   331.957  3 54411.85884718 51.830
 64  20.525802   2.021572   332.335   332.340  3 54446.85881922 50.713
 66  20.526574   2.022623   331.306   331.311  3 54516.85883334 52.076
 67  20.525439   2.022449   330.679   330.679  2 54551.85885208 21.051
 68  20.526023   2.021478   331.232   331.248  3 54586.85882935 51.816
 69  20.525386   2.021802   330.996   331.004  3 54621.85884802 51.594
 70  20.523863   2.022773   329.990   329.992  3 54656.85885769 34.178
 71  20.525648   2.021593   330.577   330.567  3 54691.85884132 27.549
 72  20.526311   2.022414   330.749   330.749  2 54726.85881004 49.647
 73  20.524684   2.022751   331.395   331.395  2 54761.85881835 51.253
 74  20.524751   2.022313   332.683   332.688  3 54796.85880255 50.569
 75  20.524991   2.023257   331.484   331.487  3 54831.85881956 51.812
 76  20.526232   2.022188   331.403   331.403  2 54866.85879849 51.606
 77  20.524028   2.021169   331.168   331.169  3 54901.85881738 52.098
 78  20.526105   2.023341   331.254   331.245  3 54936.85878821 50.876
 79  20.525703   2.022194   331.650   331.650  2 54971.85882175 51.607
 80  20.523510   2.022829   330.633   330.633  3 55006.85883970 50.747
 81  20.525975   2.023565   330.218   330.215  3 55041.85882818 51.529
 82  20.525459   2.022247   330.532   330.532  2 55076.85880846 50.163
 83  20.525632   2.023077   330.924   330.937  3 55111.85876069 37.022
 84  20.524379   2.021123   331.712   331.702  3 55146.85876168 51.256
 85  20.525519   2.022628   332.118   332.118  2 55181.85873964 50.866
 86  20.525098   2.023689   332.046   332.054  3 55216.85875702 51.287
 87  20.527186   2.022730   331.290   331.317  3 55251.85873572 39.191
 88  20.524631   2.021447   331.904   331.891  3 55286.85874998 51.907
 89  20.523884   2.021461   331.822   331.831  3 55321.85872567 51.764
 90  20.524608   2.022428   331.391   331.391  3 55356.85872530 50.929
 91  20.524901   2.022148   330.811   330.812  3 55391.85872659 50.443
 92  20.526288   2.021819   330.813   330.816  3 55426.85874162 43.819
 93  20.527212   2.022321   331.275   331.267  3 55461.85870782 50.977
