-149508.212    31.421     0.00    2.38
-149132.067    31.473     0.14    2.26
-148755.921    31.811     0.90    2.73
-148379.775    32.362     1.46    2.97
-148003.628    32.789     1.13    2.68
-147627.481    32.073    -1.90    2.75
-147251.333    31.000    -2.85    2.53
-146875.185    30.229    -2.05    1.85
-146499.036    29.447    -2.08    2.15
-146122.887    29.894     1.19    2.70
-145746.737    30.595     1.86    2.97
-145370.587    31.148     1.47    2.93
-144994.436    31.710     1.49    2.78
-144618.284    31.676    -0.09    2.88
-144242.133    31.054    -1.65    3.33
-143865.980    30.259    -2.11    2.78
-143489.827    30.922     1.76    3.10
-143113.674    31.050     0.34    3.15
-142737.520    30.779    -0.72    3.32
-142361.366    30.027    -2.00    3.27
-141985.211    29.081    -2.51    2.81
-141609.055    28.973    -0.29    2.64
-141232.899    30.323     3.59    2.61
-140856.742    31.459     3.02    3.00
-140480.585    32.789     3.53    3.09
-140104.428    33.973     3.15    2.89
-139728.269    34.409     1.16    3.02
-139352.111    34.595     0.49    2.98
-138975.951    35.473     2.34    2.86
-138599.792    35.358    -0.31    2.47
-138223.631    35.056    -0.80    2.73
-137847.470    34.838    -0.58    2.26
-137471.309    33.973    -2.30    2.22
-137095.147    33.135    -2.23    3.33
-136718.984    32.255    -2.34    3.63
-136342.821    31.473    -2.08    3.53
-135966.657    30.768    -1.87    3.18
-135590.493    30.289    -1.27    2.48
-135214.328    30.723     1.15    2.68
-134838.163    30.691    -0.09    2.89
-134461.997    30.819     0.34    3.01
-134085.831    31.578     2.02    2.64
-133709.664    32.027     1.19    2.85
-133333.496    31.768    -0.69    2.87
-132957.328    30.811    -2.54    2.96
-132581.159    30.768    -0.11    2.63
-132204.990    30.623    -0.39    2.37
-131828.820    30.259    -0.97    2.42
-131452.650    29.838    -1.12    2.75
-131076.479    28.811    -2.73    2.67
-130700.307    28.216    -1.58    3.45
-130324.135    25.868    -6.24    5.33
-129947.962    23.723    -5.70    5.45
-129571.789    20.873    -7.58    5.23
-129195.615    19.684    -3.16    4.88
-128819.440    22.703     8.03    6.55
-128443.265    26.588    10.33    6.76
-128067.089    28.789     5.85    5.51
-127690.913    29.657     2.31    4.33
-127314.736    29.568    -0.24    3.94
-126938.559    30.127     1.49    3.12
-126562.381    30.334     0.55    2.81
-126186.202    30.127    -0.55    2.76
-125810.023    29.050    -2.86    4.19
-125433.843    28.004    -2.78    5.47
-125057.708    26.000    -5.33    7.00
-124681.651    22.270    -9.92    7.24
-124305.592    20.270    -5.32    6.27
-123929.533    19.405    -2.30    5.51
-123553.474    22.779     8.97    6.89
-123177.414    25.409     6.99    6.51
-122801.353    28.050     7.02    4.78
-122425.291    28.736     1.82    4.06
-122049.229    30.157     3.78    4.49
-121673.167    32.306     5.71    3.80
-121297.104    30.793    -4.02    6.59
-120921.040    27.405    -9.01    8.22
-120544.975    22.614   -12.74    7.96
-120168.910    20.757    -4.94    6.29
-119792.844    22.841     5.54    6.50
-119416.778    26.236     9.03    7.30
-119040.711    30.598    11.60    5.85
-118664.643    32.204     4.27    4.85
-118288.575    31.789    -1.10    5.56
-117912.506    31.640    -0.40    5.41
-117536.437    28.383    -8.66    6.75
-117160.366    24.417   -10.55    7.32
-116784.296    21.306    -8.27    6.79
-116408.224    17.526   -10.05    2.51
-116032.152    16.838    -1.83    2.25
-115656.079    16.999     0.43    2.15
-115280.006    16.717    -0.75    2.11
-114903.932    16.947     0.61    2.71
-114527.857    17.973     2.73    3.16
-114151.782    19.657     4.48    3.68
-113775.706    21.649     5.30    3.25
-113399.629    22.459     2.16    2.82
-113023.552    21.946    -1.37    2.96
-112647.474    20.692    -3.33    2.69
-112271.395    18.178    -6.68    3.03
-111895.316    16.896    -3.41    2.99
-111519.236    15.751    -3.05    1.91
-111143.156    15.281    -1.25    1.52
-110767.074    15.695     1.10    1.77
-110390.992    15.815     0.32    1.75
-110014.910    17.281     3.90    4.33
-109638.826    20.105     7.51    6.09
-109262.742    21.892     4.75    6.58
-108886.658    22.691     2.12    6.34
-108510.572    20.573    -5.63    4.79
-108134.486    19.649    -2.46    4.52
-107758.400    19.815     0.44    4.72
-107382.312    19.919     0.28    6.01
-107006.224    19.838    -0.22    6.46
-106630.136    21.162     3.52    7.40
-106254.046    19.087    -5.52    6.56
-105877.956    18.640    -1.19    6.26
-105501.865    16.973    -4.43    3.12
-105125.774    17.556     1.55    4.43
-104749.682    18.845     3.43    5.09
-104373.589    20.710     4.96    6.15
-103997.495    21.631     2.45    6.42
-103621.401    22.101     1.25    6.58
-103245.306    22.236     0.36    6.82
-102869.210    22.140    -0.26    6.50
-102493.114    22.420     0.75    6.70
-102117.017    23.101     1.81    6.79
-101740.919    23.334     0.62    6.11
-101364.821    22.460    -2.32    5.79
-100988.721    21.526    -2.48    5.92
-100612.621    19.892    -4.34    5.18
-100236.521    18.270    -4.31    4.77
 -99860.419    17.486    -2.08    4.11
 -99484.317    18.717     3.27    4.20
 -99108.215    20.050     3.55    4.31
 -98732.111    20.622     1.52    3.97
 -98356.007    18.717    -5.07    4.33
 -97979.902    17.868    -2.26    3.98
 -97603.796    18.105     0.63    4.62
 -97227.690    19.351     3.32    5.35
 -96851.583    21.198     4.91    5.52
 -96475.475    23.341     5.70    4.97
 -96099.366    24.501     3.08    4.95
 -95723.257    26.631     5.66    4.99
 -95347.147    27.917     3.42    3.71
 -94971.036    26.973    -2.51    4.62
 -94594.924    26.255    -1.91    4.65
 -94218.812    24.773    -3.94    4.58
 -93842.699    23.730    -2.77    3.85
 -93466.585    24.432     1.87    2.74
 -93090.471    24.351    -0.22    2.31
 -92714.356    23.723    -1.67    2.48
 -92338.240    23.568    -0.41    2.92
 -91962.123    23.526    -0.11    3.87
 -91586.005    22.999    -1.40    3.98
 -91209.887    23.486     1.29    3.99
 -90833.768    23.486     0.00    3.70
 -90457.648    21.898    -4.22    4.93
 -90081.528    22.131     0.62    5.81
 -89705.406    20.417    -4.56    6.65
 -89329.284    19.514    -2.40    6.68
 -88953.161    18.584    -2.47    6.58
 -88577.038    16.657    -5.12    5.32
 -88200.913    14.793    -4.95    4.68
 -87824.788    12.518    -6.05    1.37
 -87448.662    14.841     6.18    4.94
 -87072.536    17.676     7.54    6.03
 -86696.408    18.945     3.38    5.84
 -86320.280    18.358    -1.56    5.72
 -85944.151    16.815    -4.10    5.71
 -85568.021    14.588    -5.92    4.62
 -85191.891    14.306    -0.75    4.49
 -84815.759    13.841    -1.24    4.17
 -84439.627    14.757     2.43    4.97
 -84063.494    15.178     1.12    5.75
 -83687.361    14.819    -0.95    5.84
 -83311.226    14.695    -0.33    5.31
 -82935.091    14.973     0.74    5.00
 -82558.955    15.811     2.23    4.51
 -82182.818    16.622     2.16    4.10
 -81806.680    16.210    -1.09    2.90
 -81430.542    17.202     2.64    3.75
 -81054.402    18.723     4.04    4.61
 -80678.262    20.052     3.53    4.87
 -80302.121    19.723    -0.87    5.18
 -79925.980    18.204    -4.04    5.99
 -79549.837    16.947    -3.34    5.93
 -79173.694    14.499    -6.51    5.15
 -78797.550    14.868     0.98    5.55
 -78421.405    15.947     2.87    6.32
 -78045.259    16.270     0.86    6.85
 -77669.113    17.341     2.85    6.65
 -77292.965    19.073     4.60    5.80
 -76916.817    19.630     1.48    4.28
 -76540.668    19.703     0.19    3.66
 -76164.518    19.622    -0.22    3.71
 -75788.368    21.595     5.25    4.40
 -75412.216    23.730     5.68    4.41
 -75036.064    24.779     2.79    4.27
 -74659.911    24.973     0.52    3.49
 -74283.757    24.499    -1.26    3.16
 -73907.602    22.919    -4.20    3.64
 -73531.446    21.332    -4.22    3.57
 -73155.290    20.315    -2.70    3.54
 -72779.133    19.383    -2.48    3.30
 -72402.974    18.784    -1.59    3.09
 -72026.815    19.024     0.64    3.47
 -71650.656    19.112     0.23    3.39
 -71274.495    19.236     0.33    3.20
 -70898.333    18.511    -1.93    2.56
 -70522.171    18.785     0.73    2.74
 -70146.008    19.332     1.45    2.42
 -69769.844    19.216    -0.31    2.44
 -69393.679    19.529     0.83    2.29
 -69017.513    18.919    -1.62    1.88
 -68641.347    18.612    -0.82    1.64
 -68265.179    18.631     0.05    1.63
 -67889.011    18.896     0.70    1.84
 -67512.842    18.324    -1.52    2.18
 -67136.671    17.819    -1.34    2.48
 -66760.501    17.358    -1.23    2.45
 -66384.329    16.870    -1.30    2.27
 -66008.156    16.108    -2.03    2.14
 -65631.983    16.101    -0.02    1.98
 -65255.808    15.541    -1.49    2.43
 -64879.633    14.351    -3.16    2.89
 -64503.457    13.568    -2.08    3.35
 -64127.280    11.692    -4.99    3.58
 -63751.102     9.332    -6.27    3.95
 -63374.923     7.368    -5.22    4.04
 -62998.743     5.695    -4.45    3.04
 -62622.563     4.108    -4.22    1.70
 -62246.382     3.417    -1.84    0.97
 -61870.199     3.262    -0.41    1.01
 -61494.016     3.024    -0.63    1.15
 -61117.832     2.703    -0.85    1.15
 -60741.647     2.394    -0.82    1.31
 -60365.461     2.152    -0.64    1.32
 -59989.274     2.178     0.07    1.36
 -59613.087     2.135    -0.11    1.28
 -59236.898     1.922    -0.57    1.21
 -58860.709     1.865    -0.15    1.65
 -58484.518     2.081     0.57    1.82
 -58108.327     2.027    -0.14    1.49
 -57732.135     2.251     0.59    1.97
 -57355.942     2.204    -0.12    1.66
 -56979.748     2.665     1.23    1.98
 -56603.553     3.001     0.89    2.04
 -56227.357     3.657     1.74    1.89
 -55851.161     4.445     2.09    2.49
 -55474.963     4.054    -1.04    2.59
 -55098.764     4.204     0.40    2.69
 -54722.565     4.486     0.75    3.01
 -54346.365     6.052     4.16    3.71
 -53970.163     6.947     2.38    3.48
 -53593.961     7.973     2.73    3.30
 -53217.758     8.162     0.50    2.93
 -52841.554     8.373     0.56    3.13
 -52465.349     9.306     2.48    3.34
 -52089.143     9.751     1.18    3.47
 -51712.936     9.946     0.52    2.93
 -51336.728     9.324    -1.65    3.10
 -50960.520     8.605    -1.91    2.79
 -50584.310     8.486    -0.32    2.37
 -50208.099     8.297    -0.50    2.25
 -49832.025     9.173     2.33    2.31
 -49456.001     8.815    -0.95    2.83
 -49079.976     8.297    -1.38    2.90
 -48703.950     8.868     1.52    3.21
 -48327.924     9.306     1.17    3.18
 -47951.896     9.473     0.44    3.22
 -47575.867     8.945    -1.40    3.57
 -47199.838     7.640    -3.47    3.69
 -46823.807     6.001    -4.36    2.92
 -46447.776     5.423    -1.54    2.40
 -46071.744     5.486     0.17    2.17
 -45695.710     5.373    -0.30    1.63
 -45319.676     5.351    -0.06    1.52
 -44943.641     5.351     0.00    1.48
 -44567.604     4.947    -1.08    1.60
 -44191.567     5.922     2.59    2.96
 -43815.529     6.919     2.65    3.36
 -43439.490     8.778     4.94    3.77
 -43063.450     9.383     1.61    3.24
 -42687.409     8.999    -1.02    3.41
 -42311.367     8.216    -2.08    3.52
 -41935.324     7.101    -2.97    3.16
 -41559.280     6.076    -2.73    2.44
 -41183.235     5.779    -0.79    1.55
 -40807.189     6.999     3.24    3.17
 -40431.142     8.029     2.74    3.81
 -40055.094     8.973     2.51    3.90
 -39679.045     8.870    -0.27    4.24
 -39302.995     7.442    -3.80    3.89
 -38926.944     7.432    -0.02    3.93
 -38550.892     6.236    -3.18    2.66
 -38174.839     5.784    -1.20    1.84
 -37798.785     5.383    -1.07    1.29
 -37422.731     5.946     1.50    2.65
 -37046.675     7.563     4.30    4.58
 -36670.618    10.435     7.64    5.43
 -36294.560    12.383     5.18    5.26
 -35918.501    15.351     7.89    3.97
 -35542.441    16.922     4.18    2.70
 -35166.381    17.306     1.02    2.26
 -34790.319    17.862     1.48    2.14
 -34414.256    17.815    -0.12    2.42
 -34038.192    16.838    -2.60    2.93
 -33662.127    16.486    -0.93    3.04
 -33286.061    17.563     2.86    3.77
 -32909.994    18.942     3.67    3.47
 -32533.926    20.306     3.63    3.02
 -32157.857    21.486     3.14    2.27
 -31781.787    21.306    -0.48    2.56
 -31405.716    21.050    -0.68    2.74
 -31029.644    20.270    -2.07    2.53
 -30653.571    19.870    -1.06    2.19
 -30277.497    19.499    -0.99    2.05
 -29901.422    19.026    -1.26    2.39
 -29525.346    19.054     0.08    2.98
 -29149.269    16.793    -6.01    5.78
 -28773.191    13.768    -8.05    6.54
 -28397.112    10.195    -9.50    6.00
 -28021.031     7.649    -6.77    4.19
 -27644.950     5.541    -5.61    2.44
 -27268.868     4.541    -2.66    1.79
 -26892.784     4.000    -1.44    1.42
 -26516.700     3.591    -1.09    0.92
 -26140.614     3.473    -0.31    0.96
 -25764.528     3.076    -1.06    1.19
 -25388.440     2.723    -0.94    1.05
 -25012.352     2.435    -0.77    1.07
 -24636.262     2.405    -0.08    0.99
 -24260.171     2.262    -0.38    1.09
 -23884.080     1.841    -1.12    1.19
 -23507.987     1.358    -1.29    1.31
 -23131.893     0.811    -1.45    1.21
 -22755.798     0.341    -1.25    0.88
 -22379.702     0.073    -0.71    0.44
 -22003.605    -0.027    -0.27    0.00
 -21627.507     0.052     0.21    0.49
 -21251.407     0.405     0.94    1.14
 -20875.307     0.730     0.86    1.72
 -20499.206     1.054     0.86    1.93
 -20123.103     1.112     0.15    1.99
 -19747.000     0.845    -0.71    1.84
 -19370.895     0.588    -0.68    1.43
 -18994.790     0.486    -0.27    1.26
 -18618.683     0.281    -0.55    1.00
 -18242.575     0.210    -0.19    0.91
 -17866.466     0.178    -0.08    0.89
 -17490.356    -0.027    -0.55    0.00
 -17114.245    -0.027     0.00    0.00
 -16738.133    -0.027     0.00    0.00
 -16362.020    -0.027     0.00    0.00
 -15985.906    -0.027     0.00    0.00
 -15609.790    -0.027     0.00    0.00
 -15233.674    -0.027     0.00    0.00
 -14857.556    -0.027     0.00    0.00
 -14481.437    -0.027     0.00    0.00
 -14105.318    -0.027     0.00    0.00
 -13729.197    -0.027     0.00    0.00
 -13353.075    -0.027     0.00    0.00
 -12976.952     0.095     0.32    0.78
 -12600.827     0.324     0.61    1.40
 -12224.702     0.152    -0.46    0.68
 -11848.576     0.236     0.22    0.83
 -11472.448     0.152    -0.22    0.79
 -11096.320     0.216     0.17    1.04
 -10720.190     0.473     0.68    1.54
 -10344.059     0.270    -0.54    1.13
  -9967.927     0.243    -0.07    1.07
  -9591.794     0.162    -0.22    0.57
  -9215.660     0.030    -0.35    0.34
  -8839.524     0.024    -0.02    0.32
  -8463.388    -0.027    -0.14    0.00
  -8087.250     0.002     0.08    0.17
  -7711.111     0.000    -0.00    0.16
  -7334.971     0.000     0.00    0.29
  -6958.830    -0.106    -0.28    0.43
  -6582.688    -0.277    -0.45    0.49
  -6206.545    -0.378    -0.27    0.59
  -5830.401    -0.501    -0.33    0.56
  -5454.255    -0.448     0.14    0.60
  -5078.108    -0.360     0.23    0.62
  -4701.961    -0.270     0.24    0.49
  -4325.812    -0.102     0.45    0.47
  -3949.662     0.026     0.34    0.32
  -3573.510     0.081     0.15    0.31
  -3197.358     0.027    -0.14    0.23
  -2821.204    -0.055    -0.22    0.29
  -2445.050    -0.130    -0.20    0.45
  -2068.894    -0.232    -0.27    0.47
  -1692.737    -0.227     0.01    0.47
  -1316.579    -0.211     0.04    0.46
   -940.419    -0.135     0.20    0.46
   -564.259    -0.055     0.21    0.38
   -188.097     0.050     0.28    0.35
    188.066     0.081     0.08    0.31
    564.230     0.024    -0.15    0.22
    940.395     0.026     0.00    0.23
   1316.561     0.023    -0.01    0.22
   1692.729    -0.027    -0.13    0.00
   2068.897    -0.027     0.00    0.00
   2445.067    -0.027     0.00    0.00
   2821.238     0.001     0.07    0.17
   3197.410    -0.027    -0.07    0.33
   3573.584    -0.162    -0.36    0.48
   3949.758    -0.297    -0.36    0.56
   4325.934    -0.489    -0.51    0.55
   4702.111    -0.627    -0.37    0.50
   5078.289    -0.514     0.30    0.51
   5454.468    -0.316     0.53    0.46
   5830.649    -0.138     0.47    0.32
   6206.830    -0.027     0.30    0.00
   6583.013     0.052     0.21    0.49
   6959.197     0.315     0.70    0.97
   7335.382     0.622     0.81    1.25
   7711.569     0.845     0.59    1.32
   8087.756     1.135     0.77    1.40
   8463.945     0.896    -0.64    1.24
   8840.135     0.473    -1.12    0.93
   9216.326     0.144    -0.87    0.51
   9592.519     0.054    -0.24    0.36
   9968.713    -0.027    -0.22    0.00
  10344.907     0.000     0.07    0.16
  10721.104     0.324     0.86    1.62
  11097.301     0.417     0.25    1.70
  11473.499     0.298    -0.32    1.51
  11849.699     0.306     0.02    1.51
  12225.900     0.595     0.77    2.71
  12602.102     3.922     8.84    8.64
  12978.305     8.184    11.33   13.79
  13354.510    15.332    19.00   20.05
  13730.716    28.270    34.39   28.26
  14106.923    38.229    26.47   32.73
  14483.131    41.640     9.06   29.59
  14859.341    37.819   -10.16   22.68
  15235.551    30.563   -19.29   14.71
  15611.763    28.067    -6.63   10.21
  15987.977    30.595     6.72   10.33
  16364.191    36.973    16.95   14.23
  16740.407    45.000    21.34   24.16
  17116.624    59.784    39.30   35.10
  17492.842    73.556    36.61   33.67
  17869.061    92.236    49.65   36.09
  18245.282   108.255    42.58   36.55
  18621.504   120.892    33.59   32.86
  18997.727   128.105    19.17   31.00
  19373.951   132.460    11.58   33.85
  19750.177   148.281    42.05   33.53
  20126.404   163.811    41.28   27.52
  20502.632   176.640    34.10   21.10
  20878.861   179.243     6.92   18.35
  21255.092   170.710   -22.68   25.66
  21631.324   148.262   -59.66   39.74
  22007.557   116.723   -83.83   43.21
  22383.791    81.152   -94.54   36.05
  22760.027    57.947   -61.68   16.84
  23136.264    54.167   -10.04   11.53
  23512.502    60.076    15.70   16.65
  23888.742    70.390    27.41   16.16
  24264.983    82.368    31.84   26.91
  24641.225    92.368    26.58   29.69
  25017.446   101.135    23.30   27.28
  25393.430   115.973    39.46   31.23
  25769.416   133.076    45.49   35.22
  26145.403   155.588    59.88   32.78
  26521.391   175.946    54.14   24.82
  26897.380   182.537    17.53   19.39
  27273.371   185.054     6.69   15.72
  27649.363   179.432   -14.95   17.48
  28025.356   166.676   -33.93   19.43
  28401.351   153.973   -33.78   16.48
  28777.346   146.050   -21.07   12.42
  29153.344   145.819    -0.61   11.59
  29529.342   146.612     2.11   11.00
  29905.342   151.896    14.05    9.86
  30281.343   154.056     5.75   11.79
  30657.345   154.157     0.27   16.95
  31033.349   151.460    -7.17   23.68
  31409.353   141.919   -25.38   27.00
  31785.360   130.841   -29.46   26.62
  32161.367   118.024   -34.09   24.16
  32537.376   105.023   -34.58   20.24
  32913.386    94.514   -27.95   14.82
  33289.398    84.486   -26.67   12.71
  33665.410    74.736   -25.93   10.98
  34041.424    69.189   -14.75    9.30
  34417.440    62.784   -17.04    7.45
  34793.456    58.584   -11.17    7.53
  35169.474    52.605   -15.90    8.05
  35545.494    46.773   -15.51    7.47
  35921.514    41.973   -12.77    5.61
  36297.536    37.229   -12.62    4.50
  36673.560    34.514    -7.22    4.02
  37049.584    35.262     1.99    6.35
  37425.610    41.614    16.89   14.52
  37801.638    51.552    26.43   17.82
  38177.666    62.445    28.97   17.37
  38553.696    75.920    35.84   19.18
  38929.728    86.973    29.39   22.89
  39305.760    99.723    33.91   25.13
  39681.794   108.845    24.26   22.69
  40057.830   121.210    32.88   20.72
  40433.866   129.757    22.73   20.03
  40809.904   130.676     2.44   20.38
  41185.944   132.445     4.71   26.22
  41561.984   141.922    25.20   26.56
  41938.026   140.923    -2.66   25.48
  42314.070   133.811   -18.91   23.84
  42690.114   123.173   -28.29   19.95
  43066.161   115.026   -21.67   11.71
  43442.208   115.973     2.52   11.48
  43818.257   118.595     6.97   11.75
  44194.307   121.973     8.98   11.66
  44570.358   127.730    15.31   17.75
  44946.411   135.612    20.96   18.77
  45322.466   147.473    31.54   20.82
  45698.521   165.195    47.13   18.37
  46074.578   172.435    19.25   20.68
  46450.637   183.076    28.30   21.23
  46826.696   192.973    26.32   17.09
  47202.758   197.919    13.15   17.70
  47578.820   199.027     2.95   16.44
  47954.884   202.541     9.34   15.13
  48330.949   204.023     3.94   13.93
  48707.016   206.676     7.05   12.29
  49083.084   211.736    13.46   10.79
  49459.153   217.499    15.32   10.17
  49835.224   228.499    29.25   17.22
  50211.296   242.865    38.20   19.29
  50587.370   256.563    36.42   16.97
  50963.445   266.684    26.91   12.80
  51339.521   272.029    14.21    9.26
  51715.599   274.811     7.40    8.96
  52091.678   279.779    13.21    9.94
  52467.758   282.973     8.49   10.86
  52843.840   290.076    18.89    9.07
  53219.923   294.848    12.69    6.28
  53596.008   293.514    -3.55    6.44
  53972.094   291.757    -4.67    5.91
  54348.182   290.162    -4.24    4.38
  54724.271   292.306     5.70    3.91
  55100.361   295.631     8.84    4.92
  55476.453   298.563     7.80    9.01
  55852.546   296.486    -5.52   18.60
  56228.641   286.922   -25.43   30.74
  56604.737   268.135   -49.95   36.64
  56980.834   251.742   -43.59   37.33
  57356.933   235.789   -42.42   28.80
  57733.033   225.640   -26.99   23.47
  58109.135   222.378    -8.67   22.29
  58485.238   214.973   -19.69   19.79
  58861.342   207.676   -19.40   14.17
  59237.448   201.511   -16.39   12.42
  59613.556   194.276   -19.24   12.49
  59989.664   195.255     2.60   17.49
  60365.775   196.499     3.31   24.05
  60741.886   191.945   -12.11   27.81
  61117.999   190.435    -4.02   30.39
  61494.114   184.108   -16.82   30.68
  61870.230   179.537   -12.15   32.55
  62246.347   181.078     4.10   36.95
  62622.466   181.947     2.31   35.50
  62998.587   175.541   -17.03   33.54
  63374.708   169.815   -15.22   29.71
  63750.832   158.819   -29.24   22.84
  64126.956   146.056   -33.93   17.49
  64503.082   139.108   -18.47   19.48
  64879.210   135.405    -9.84   20.38
  65255.339   130.108   -14.08   21.42
  65631.469   126.351    -9.99   23.21
  66007.601   122.887    -9.21   25.83
  66383.735   124.448     4.15   31.45
  66759.870   125.920     3.91   36.76
  67136.006   134.703    23.35   41.77
  67512.144   139.383    12.44   37.31
  67888.283   135.473   -10.40   35.80
  68264.424   133.236    -5.95   32.99
  68640.566   124.078   -24.35   32.43
  69016.709   115.999   -21.48   35.46
  69392.854    98.779   -45.78   46.71
  69769.001    67.157   -84.07   45.92
  70145.149    43.873   -61.90   29.82
  70521.299    29.144   -39.16   16.92
  70897.450    33.838    12.48   18.79
  71273.602    49.703    42.18   26.31
  71649.756    63.811    37.51   32.16
  72025.912    89.838    69.19   40.53
  72402.069   117.612    73.84   44.09
  72778.227   144.691    71.99   44.75
  73154.387   158.845    37.63   45.96
  73530.549   173.000    37.63   49.10
  73906.711   165.640   -19.57   52.81
  74282.876   159.537   -16.22   48.13
  74659.042   156.101    -9.13   38.38
  75035.209   162.027    15.75   36.07
  75411.378   183.204    56.30   41.51
  75787.549   207.223    63.85   36.50
  76163.721   220.657    35.71   26.83
  76539.894   227.236    17.49   23.58
  76916.069   226.442    -2.11   28.36
  77292.245   226.306    -0.36   29.61
  77668.423   233.054    17.94   28.15
  78044.603   244.029    29.17   25.46
  78420.784   259.081    40.01   18.68
  78796.966   268.640    25.41    9.98
  79173.150   272.368     9.91    8.49
  79549.336   273.398     2.74    8.39
  79925.523   275.486     5.55    8.14
  80301.712   275.435    -0.14    8.40
  80677.902   274.486    -2.52   10.29
  81054.093   271.460    -8.04   13.42
  81430.286   263.811   -20.33   16.96
  81806.481   254.640   -24.38   20.48
  82182.677   244.270   -27.56   24.62
  82558.875   237.351   -18.39   24.90
  82935.074   235.162    -5.82   27.13
  83311.275   247.797    33.58   23.07
  83687.478   255.435    20.30   19.07
  84063.681   253.435    -5.32   17.25
  84439.887   244.195   -24.56   24.19
  84816.094   235.000   -24.44   25.38
  85192.302   229.445   -14.77   29.35
  85568.512   234.341    13.01   30.62
  85944.724   239.229    12.99   24.28
  86320.937   236.514    -7.22   20.26
  86697.152   235.289    -3.26   17.92
  87073.368   236.447     3.08   19.81
  87449.586   246.614    27.03   22.62
  87825.806   260.784    37.66   18.80
  88202.026   267.648    18.25   16.62
  88578.249   269.526     4.99   13.64
  88954.473   265.811    -9.87   15.11
  89330.699   255.297   -27.94   18.93
  89706.926   245.501   -26.04   17.51
  90083.155   242.717    -7.40   18.99
  90459.385   243.742     2.73   20.68
  90835.617   252.744    23.93   15.68
  91211.850   261.368    22.92   18.92
  91588.085   266.135    12.67   14.62
  91964.322   262.140   -10.62   16.54
  92340.560   250.298   -31.47   21.51
  92716.800   239.027   -29.96   22.51
  93093.041   230.578   -22.46   23.24
  93469.284   229.026    -4.13   25.00
  93845.529   224.723   -11.44   22.82
  94221.775   220.730   -10.61   19.97
  94598.023   211.148   -25.47   21.55
  94974.272   198.922   -32.50   20.44
  95350.523   187.612   -30.06   21.21
  95726.775   181.541   -16.14   16.94
  96103.029   185.081     9.41   20.13
  96479.285   198.973    36.92   25.62
  96855.542   218.819    52.75   23.01
  97231.801   233.140    38.06   20.39
  97608.061   247.614    38.47   17.86
  97984.324   257.868    27.25   14.60
  98360.587   268.362    27.89   12.41
  98736.852   276.768    22.34   14.26
  99113.119   281.588    12.81   15.64
  99489.388   293.105    30.61   15.33
  99865.658   301.027    21.06   12.49
 100241.782   307.024    15.94    7.96
 100617.724   311.432    11.73    4.61
 100993.668   312.152     1.92    4.25
 101369.613   313.348     3.18    4.08
 101745.560   313.887     1.43    3.84
 102121.508   314.784     2.38    4.53
 102497.458   315.270     1.29    4.90
 102873.410   315.135    -0.36    4.63
 103249.363   315.710     1.53    4.80
 103625.318   316.806     2.92    4.35
 104001.275   316.680    -0.34    3.66
 104377.233   317.383     1.87    2.94
 104753.193   317.216    -0.44    2.35
 105129.154   317.050    -0.44    2.46
 105505.117   316.473    -1.53    2.68
 105881.082   315.178    -3.44    3.16
 106257.048   314.445    -1.95    3.43
 106633.016   314.127    -0.85    3.14
 107008.986   314.640     1.36    2.15
 107384.957   315.101     1.23    1.67
 107760.930   315.152     0.14    1.65
 108136.905   314.629    -1.39    1.62
 108512.881   314.892     0.70    1.85
 108888.859   314.135    -2.01    2.56
 109264.838   314.000    -0.36    2.61
 109640.819   313.868    -0.35    2.35
 110016.802   313.784    -0.22    2.28
 110392.786   314.255     1.25    1.65
 110768.773   314.229    -0.07    1.60
 111144.760   314.131    -0.26    1.79
 111520.750   313.757    -1.00    1.72
 111896.741   313.420    -0.89    1.86
 112272.734   312.563    -2.28    1.93
 112648.728   311.195    -3.64    2.19
 113024.724   309.870    -3.52    2.40
 113400.722   309.362    -1.35    2.42
 113776.721   309.684     0.86    2.77
 114152.722   311.101     3.77    3.21
 114528.725   313.473     6.31    2.77
 114904.730   315.841     6.30    3.13
 115280.736   317.684     4.90    2.82
 115656.744   319.135     3.86    2.03
 116032.753   319.870     1.96    1.48
 116408.764   320.514     1.71    2.34
 116784.777   322.024     4.02    4.40
 117160.792   321.665    -0.95    5.67
 117536.808   320.078    -4.22    5.99
 117912.826   318.894    -3.15    4.89
 118288.846   318.127    -2.04    3.49
 118664.867   318.435     0.82    3.20
 119040.890   319.324     2.37    2.04
 119416.915   319.447     0.33    2.02
 119792.941   319.541     0.25    1.94
 120168.969   319.973     1.15    1.78
 120544.999   320.341     0.98    1.57
 120921.030   321.223     2.34    1.74
 121297.064   322.127     2.40    1.71
 121673.099   322.870     1.98    1.64
 122049.135   323.556     1.82    1.38
 122425.173   324.127     1.52    1.48
 122801.214   324.649     1.39    1.63
 123177.255   325.306     1.75    1.72
 123553.299   326.026     1.91    1.54
 123929.344   326.289     0.70    1.30
 124305.391   326.297     0.02    1.43
 124681.439   326.306     0.02    1.49
 125057.490   326.598     0.78    1.84
 125433.542   327.473     2.33    2.04
 125809.596   328.189     1.90    2.42
 126185.651   328.865     1.80    2.20
 126561.709   329.054     0.50    2.13
 126937.767   328.784    -0.72    1.79
 127313.828   328.826     0.11    1.74
 127689.891   328.748    -0.21    1.59
 128065.955   328.511    -0.63    1.68
 128442.021   328.306    -0.55    1.43
 128818.088   328.435     0.34    1.54
 129194.158   328.514     0.21    1.64
 129570.229   329.289     2.06    1.69
 129946.302   329.894     1.61    1.99
 130322.377   330.563     1.78    2.06
 130698.453   331.000     1.16    1.83
 131074.531   331.552     1.47    2.04
 131450.611   333.023     3.91    3.18
 131826.693   336.001     7.92    5.08
 132202.776   338.289     6.08    5.44
 132578.861   340.243     5.20    5.31
 132954.948   340.703     1.22    6.83
 133331.037   337.568    -8.34    6.01
 133707.127   336.417    -3.06    5.02
 134083.219   337.229     2.16    5.56
 134459.313   338.973     4.64    5.78
 134835.409   340.270     3.45    5.42
 135211.506   341.614     3.57    4.54
 135587.606   340.947    -1.77    4.41
 135963.707   339.793    -3.07    4.95
 136339.810   338.315    -3.93    4.65
 136715.914   337.742    -1.52    5.33
 137092.021   335.084    -7.07    5.48
 137468.129   333.289    -4.77    4.92
 137844.239   331.024    -6.02    3.07
 138220.350   329.830    -3.18    1.78
 138596.464   330.076     0.65    2.34
 138972.579   330.514     1.16    2.59
 139348.696   331.027     1.37    2.56
 139724.815   330.892    -0.36    2.60
 140100.936   330.112    -2.07    2.34
 140477.058   329.640    -1.26    2.51
 140853.182   328.973    -1.77    2.95
 141229.308   328.216    -2.01    2.82
 141605.436   327.152    -2.83    3.32
 141981.566   325.710    -3.84    3.79
 142357.697   324.605    -2.94    3.69
 142733.830   324.270    -0.89    3.30
 143109.965   324.098    -0.46    3.11
 143486.102   324.108     0.03    2.49
 143862.241   324.459     0.93    2.56
 144238.381   324.189    -0.72    2.37
 144614.523   324.362     0.46    2.18
 144990.667   324.435     0.19    2.05
 145366.813   324.640     0.55    2.26
 145742.961   325.390     1.99    2.16
 146119.110   324.622    -2.04    3.33
 146495.262   322.405    -5.89    5.66
 146871.415   319.762    -7.03    7.17
 147247.570   315.673   -10.87    7.92
 147623.727   309.297   -16.95   13.54
 147999.885   297.631   -31.02   23.36
 148376.046   282.999   -38.90   27.98
 148752.208   259.236   -63.17   33.00
 149128.372   238.054   -56.31   29.82
 149504.538   228.623   -25.07   29.84
 149880.706   209.578   -50.63   38.72
 150256.875   189.919   -52.26   43.63
 150633.047   174.811   -40.16   38.74
 151009.220   164.030   -28.66   41.72
 151385.395   158.665   -14.26   43.61
 151761.572   163.819    13.70   45.95
 152137.751   161.687    -5.67   48.42
 152513.932   168.892    19.15   61.25
 152890.114   181.108    32.47   69.29
 153266.299   177.676    -9.12   64.12
 153642.485   180.273     6.90   65.93
 154018.673   179.973    -0.80   64.10
 154394.863   184.614    12.34   62.86
 154771.055   179.052   -14.79   70.18
 155147.248   178.281    -2.05   70.83
 155523.444   176.486    -4.77   76.45
 155899.641   182.119    14.97   81.69
 156275.840   186.499    11.64   81.39
 156652.041   189.195     7.17   87.12
 157028.244   198.838    25.63   87.61
 157404.449   201.162     6.18   82.00
 157780.656   200.811    -0.93   79.16
 158156.864   212.973    32.33   81.46
 158533.075   233.914    55.66   77.80
 158909.287   239.922    15.97   89.63
 159285.501   244.157    11.26   91.87
 159661.718   239.223   -13.12   84.99
 160037.935   213.922   -67.25   96.82
 160414.155   185.243   -76.23  100.16
 160790.377   138.999  -122.92   85.96
 161166.601   102.358   -97.39   53.88
 161542.826    91.306   -29.37   30.77
 161919.054   109.054    47.17   41.65
 162295.283   145.255    96.22   57.84
 162671.514   193.563   128.40   64.74
 163047.747   246.417   140.49   57.58
 163423.982   284.703   101.76   43.16
 163800.219   313.243    75.86   24.59
 164176.458   327.946    39.08   12.46
 164552.698   335.552    20.22    9.65
 164928.941   340.202    12.36    6.89
 165305.185   343.123     7.76    6.04
 165681.432   345.762     7.02    4.21
 166057.680   347.649     5.01    3.35
 166433.930   349.922     6.04    2.86
 166810.182   351.420     3.98    2.61
 167186.436   352.315     2.38    2.03
 167562.692   353.341     2.73    1.38
 167938.950   353.588     0.66    1.58
 168315.210   354.432     2.24    2.32
 168691.471   355.762     3.53    2.35
 169067.735   357.048     3.42    2.51
 169444.001   358.744     4.51    2.24
 169820.268   359.595     2.26    2.20
 170196.537   360.405     2.15    1.64
 170572.809   360.432     0.07    1.82
 170949.082   360.541     0.29    2.29
 171325.357   360.306    -0.62    2.32
 171701.634   360.473     0.44    2.00
 172077.913   361.052     1.54    2.41
 172454.194   360.946    -0.28    2.85
 172830.477   361.332     1.03    2.78
 173206.762   361.368     0.10    2.86
 173583.049   361.922     1.47    2.93
 173959.338   363.432     4.01    3.37
 174335.628   364.563     3.00    3.68
 174711.921   366.473     5.08    3.53
 175088.216   367.684     3.22    2.86
 175464.200   368.898     3.23    2.47
 175840.111   370.367     3.91    2.86
 176216.024   371.229     2.29    2.88
 176591.939   372.108     2.34    2.73
 176967.856   372.135     0.07    2.37
 177343.775   371.378    -2.01    2.64
 177719.696   370.529    -2.26    3.03
 178095.619   369.973    -1.48    2.55
 178471.543   369.896    -0.20    2.53
 178847.470   369.865    -0.08    1.78
 179223.399   370.537     1.79    1.89
 179599.329   370.588     0.14    1.95
 179975.262   371.050     1.23    1.86
 180351.197   371.324     0.73    1.80
 180727.133   371.819     1.32    1.53
 181103.072   372.432     1.63    1.76
 181479.012   373.351     2.44    2.53
 181854.955   374.105     2.00    2.51
 182230.899   375.285     3.14    2.43
 182606.846   375.947     1.76    2.68
 182982.794   375.526    -1.12    3.26
 183358.744   374.865    -1.76    4.67
 183734.697   372.649    -5.90    7.23
 184110.651   367.917   -12.58   14.11
 184486.608   365.026    -7.69   16.88
 184862.566   361.315    -9.87   17.23
 185238.526   355.514   -15.43   17.33
 185614.489   337.793   -47.13   39.71
 185990.453   312.947   -66.09   54.26
 186366.419   264.537  -128.77   77.94
 186742.388   203.027  -163.61   78.69
 187118.358   151.281  -137.64   76.77
 187494.330    97.676  -142.58   64.86
 187870.305    55.541  -112.07   53.32
 188246.281    20.703   -92.66   39.50
 188622.259    -0.652   -56.80   19.43
 188998.240    -8.232   -20.16    2.85
 189374.222    -5.738     6.64    9.48
 189750.206     3.417    24.35   19.39
 190126.193    22.665    51.19   32.99
 190502.181    45.723    61.33   37.12
 190878.172    68.236    59.88   40.39
 191254.164    99.563    83.32   42.30
 191630.158   125.649    69.38   48.20
 192006.155   159.026    88.77   56.80
 192382.153   175.973    45.07   72.76
 192758.154   194.435    49.10   86.97
 193134.156   199.595    13.72   91.40
 193510.161   195.460   -11.00   93.00
 193886.168   182.289   -35.03   87.51
 194262.176   166.501   -41.99   74.20
 194638.187   166.405    -0.25   65.53
 195014.200   188.001    57.43   77.50
 195390.214   222.486    91.71   93.34
 195766.231   254.614    85.45   95.63
 196142.250   272.084    46.46   93.38
 196518.271   292.050    53.10   85.80
 196894.294   295.056     8.00   82.12
 197270.319   308.078    34.63   69.40
 197646.346   320.050    31.84   62.37
 198022.375   337.184    45.57   51.66
 198398.406   357.973    55.29   35.21
 198774.439   372.922    39.75   16.34
 199150.474   379.123    16.49   10.97
 199526.512   383.027    10.38    5.72
 199902.551   383.848     2.18    6.36
 200278.592   385.999     5.72    4.77
 200654.636   387.584     4.22    2.32
 201030.681   387.811     0.60    2.48
 201406.729   387.862     0.14    2.21
 201782.779   388.394     1.42    2.29
 202158.830   387.748    -1.72    4.14
 202534.884   387.390    -0.95    5.20
 202910.940   386.673    -1.91    6.43
 203286.998   388.081     3.74    5.58
 203663.058   389.919     4.89    4.64
 204039.120   391.868     5.18    3.95
 204415.184   393.631     4.69    2.07
 204791.251   395.081     3.86    1.63
 205167.319   395.892     2.16    1.50
 205543.389   396.598     1.88    1.48
 205919.462   397.195     1.59    1.48
 206295.536   396.198    -2.65    4.32
 206671.613   395.105    -2.91    5.90
 207047.692   395.001    -0.28    6.73
 207423.773   395.000    -0.00    6.62
 207799.856   395.112     0.30    6.31
 208175.941   395.614     1.34    5.57
 208552.028   394.748    -2.30    5.74
 208928.117   394.432    -0.84    5.83
 209304.209   394.523     0.24    5.22
 209680.302   394.762     0.64    4.62
 210056.398   394.999     0.63    3.95
 210432.495   395.405     1.08    2.66
 210808.595   395.435     0.08    3.03
 211184.697   395.297    -0.36    2.68
 211560.801   395.167    -0.35    2.96
 211936.907   395.076    -0.24    3.25
 212313.015   394.890    -0.49    3.43
 212689.126   395.229     0.90    3.45
 213065.238   396.358     3.00    2.65
 213441.353   396.779     1.12    2.33
 213817.469   396.865     0.23    2.25
 214193.588   396.973     0.29    2.19
 214569.709   396.841    -0.35    2.33
 214945.832   397.383     1.44    2.69
 215321.957   398.216     2.21    2.63
 215698.085   399.614     3.72    1.72
 216074.214   400.537     2.45    1.12
 216450.346   400.894     0.95    1.17
 216826.479   401.270     1.00    1.84
 217202.615   401.922     1.73    2.03
 217578.753   402.736     2.17    2.34
 217954.893   403.084     0.93    2.31
 218331.036   403.717     1.68    2.16
 218707.180   404.306     1.57    2.15
 219083.327   404.578     0.72    1.90
 219459.475   405.024     1.19    1.54
 219835.626   405.098     0.20    1.79
 220211.779   405.000    -0.26    1.91
 220587.935   405.405     1.08    2.02
 220964.092   405.135    -0.72    2.67
 221340.251   405.588     1.20    3.02
 221716.413   405.667     0.21    3.58
 222092.577   404.947    -1.91    7.67
 222468.743   401.178   -10.02   16.83
 222844.911   397.358   -10.16   24.62
 223221.081   387.324   -26.67   42.82
 223597.254   381.281   -16.07   36.19
 223973.428   365.184   -42.79   46.82
 224349.605   343.695   -57.12   55.84
 224725.784   308.838   -92.66   73.74
 225101.965   270.595  -101.67   74.65
 225478.149   247.973   -60.14   72.13
 225854.334   232.768   -40.42   81.39
 226230.522   195.160   -99.97   80.96
 226606.712   152.341  -113.83   66.44
 226982.904   118.920   -88.84   42.00
 227359.098   100.892   -47.92   19.41
 227735.294    97.460    -9.12   19.96
 228111.493   105.757    22.05   32.65
 228487.694   112.460    17.82   51.00
 228863.897   129.793    46.08   68.77
 229240.102   153.315    62.53   84.04
 229616.309   141.420   -31.62   76.07
 229992.519   123.537   -47.54   68.91
 230368.731   100.105   -62.29   51.97
 230744.945    84.501   -41.48   42.19
 231121.161    92.243    20.58   62.64
 231497.379   100.162    21.05   78.41
 231873.600   104.459    11.42   82.49
 232249.822   103.922    -1.43   87.85
 232626.047    87.942   -42.48   63.11
 233002.275    73.511   -38.36   46.78
 233378.504    74.255     1.98   41.62
 233754.736    84.529    27.31   56.61
 234130.969    91.511    18.56   65.41
 234507.205    88.108    -9.05   63.78
 234883.444    77.383   -28.51   40.05
 235259.684    68.131   -24.59   23.11
 235635.927    66.281    -4.92   21.54
 236012.172    69.649     8.95   25.83
 236388.419    73.999    11.56   32.35
 236764.668    73.073    -2.46   33.22
 237140.920    68.973   -10.90   34.41
 237517.174    64.649   -11.49   28.92
 237893.430    62.432    -5.89   26.33
 238269.688    57.486   -13.15   23.37
 238645.949    57.243    -0.65   23.65
 239022.211    60.259     8.01   25.64
 239398.476    66.048    15.39   32.68
 239774.744    77.306    29.92   33.05
 240151.013    82.973    15.06   30.45
 240527.285    85.306     6.20   28.40
 240903.559    87.195     5.02   26.02
 241279.835   100.631    35.71   39.32
 241656.114   130.447    79.24   57.87
 242032.394   185.229   145.60   83.69
 242408.677   250.027   172.21   88.12
 242784.963   303.684   142.60   83.50
 243161.250   348.717   119.68   71.59
 243537.540   376.529    73.91   52.59
 243913.832   380.026     9.29   45.25
 244290.126   363.297   -44.46   62.26
 244666.423   346.459   -44.75   70.63
 245042.722   353.649    19.11   62.85
 245419.023   369.744    42.78   53.01
 245795.326   332.511   -98.95   87.09
 246171.632   261.973  -187.46  110.69
 246547.939   189.811  -191.77  104.71
 246924.250   118.717  -188.93   62.79
 247300.562    86.210   -86.39   25.83
 247676.877    77.717   -22.57   20.69
 248053.194    76.127    -4.22   23.76
 248429.513    73.819    -6.13   25.49
 248805.834    61.612   -32.44   21.40
 249182.158    53.894   -20.51   16.39
 249558.484    48.742   -13.69    6.36
 249934.813    47.806    -2.49    5.75
 250311.064    48.076     0.72    5.54
 250686.937    46.762    -3.49    2.74
 251062.812    47.838     2.86    7.47
 251438.689    47.216    -1.65    5.42
 251814.568    48.865     4.39    6.01
 252190.449    51.665     7.45    7.23
 252566.333    54.948     8.73    6.75
 252942.220    57.216     6.03    6.20
 253318.108    60.348     8.33   10.91
 253693.999    63.131     7.40   14.59
 254069.892    61.710    -3.78   12.78
 254445.787    64.595     7.67   16.48
 254821.685    67.050     6.53   19.65
 255197.585    74.556    19.97   24.12
 255573.487    76.838     6.07   24.44
 255949.392    77.262     1.13   22.97
 256325.299    78.744     3.94   20.07
 256701.208    79.127     1.02   19.03
 257077.120    89.281    27.01   18.50
 257453.033   100.056    28.67   12.53
 257828.950   103.324     8.69   13.90
 258204.868   104.054     1.94   19.92
 258580.789   100.684    -8.97   19.58
 258956.712   100.173    -1.36   19.42
 259332.638   102.514     6.23   18.73
 259708.565   116.409    36.96   25.06
 260084.495   126.710    27.40   24.22
 260460.428   140.947    37.87   29.73
 260836.363   154.270    35.44   34.74
 261212.300   163.373    24.21   35.76
 261588.239   170.762    19.66   32.95
 261964.181   162.838   -21.08   36.72
 262340.125   151.054   -31.35   36.88
 262716.072   135.584   -41.15   34.80
 263092.020   125.768   -26.11   35.09
 263467.972   125.588    -0.48   37.47
 263843.925   128.173     6.88   40.39
 264219.881   124.730    -9.16   41.25
 264595.839   113.189   -30.70   38.01
 264971.800   101.184   -31.93   31.61
 265347.763    98.098    -8.21   30.41
 265723.728    93.622   -11.91   22.97
 266099.695    92.578    -2.78   17.04
 266475.665    94.762     5.81   20.67
 266851.638    95.383     1.65   21.77
 267227.612    87.243   -21.65   20.85
 267603.589    78.673   -22.80   14.07
 267979.569    73.157   -14.67    7.40
 268355.551    70.946    -5.88    5.10
 268731.535    71.108     0.43    5.12
 269107.521    70.917    -0.51    4.99
 269483.510    68.819    -5.58    4.63
 269859.501    68.076    -1.98    5.57
 270235.495    66.223    -4.93    3.38
 270611.491    66.811     1.56    5.14
 270987.489    68.676     4.96    8.11
 271363.490    70.784     5.61   13.26
 271739.493    73.398     6.95   14.85
 272115.499    73.865     1.24   15.92
 272491.507    79.473    14.92   21.87
 272867.517    84.999    14.70   23.75
 273243.530    95.588    28.16   32.07
 273619.545    97.216     4.33   33.41
 273995.562    98.290     2.86   31.66
 274371.582   109.204    29.03   35.26
 274747.604   112.501     8.77   37.13
 275123.629   118.351    15.56   37.07
 275499.656   118.568     0.58   36.66
 275875.685   116.999    -4.17   34.22
 276251.717   127.281    27.34   35.32
 276627.752   125.516    -4.69   36.20
 277003.788   116.717   -23.40   38.03
 277379.827    99.892   -44.74   23.18
 277755.869    93.640   -16.63   15.77
 278131.913   112.229    49.44   33.62
 278507.959   128.657    43.69   39.72
 278884.008   148.050    51.57   39.23
 279260.059   151.236     8.47   36.70
 279636.112   138.298   -34.41   39.51
 280012.168   119.297   -50.53   32.24
 280388.227   113.398   -15.69   19.54
 280764.288   120.050    17.69   25.69
 281140.351   136.973    45.00   31.58
 281516.416   137.270     0.79   32.49
 281892.485   140.459     8.48   27.87
 282268.555   145.459    13.30   32.33
 282644.628   153.845    22.30   36.57
 283020.703   159.084    13.93   37.14
 283396.781   158.281    -2.14   38.16
 283772.862   155.841    -6.49   34.01
 284148.944   145.279   -28.09   27.54
 284525.029   151.101    15.48   28.81
 284901.117   149.229    -4.98   27.31
 285277.207   145.306   -10.43   24.37
 285653.299   143.784    -4.05   18.49
 286029.394   148.947    13.73   22.99
 286405.492   152.297     8.91   23.90
 286781.591   150.691    -4.27   22.57
 287157.694   147.273    -9.09   17.71
 287533.798   153.945    17.74   26.11
 287909.906   158.622    12.43   25.69
 288286.015   156.919    -4.53   27.79
 288662.127   152.054   -12.94   29.22
 289038.242   136.578   -41.15   14.43
 289414.359   133.390    -8.48   12.24
 289790.478   137.573    11.12   15.04
 290166.600   145.341    20.66   19.24
 290542.725   147.892     6.78   18.98
 290918.852   155.460    20.12   25.70
 291294.981   160.078    12.28   26.15
 291671.113   161.394     3.50   26.92
 292047.247   163.723     6.19   28.87
 292423.384   162.537    -3.15   26.22
 292799.523   158.243   -11.42   20.49
 293175.665   157.819    -1.13   21.19
 293551.809   165.798    21.21   28.49
 293927.956   171.002    13.83   29.40
 294304.105   175.405    11.71   30.71
 294680.257   182.838    19.76   33.05
 295056.411   183.027     0.50   28.25
 295432.568   191.216    21.77   31.52
 295808.727   202.501    30.00   38.55
 296184.888   211.548    24.05   41.35
 296561.052   220.178    22.94   43.26
 296937.219   220.622     1.18   38.08
 297313.388   224.614    10.61   35.92
 297689.560   225.947     3.54   32.26
 298065.734   221.691   -11.31   23.62
 298441.911   228.270    17.49   21.75
 298818.090   234.178    15.71   18.94
 299194.271   243.890    25.82   17.41
 299570.456   251.152    19.31   15.46
 299946.642   253.768     6.95   19.24
 300322.831   242.817   -29.11   29.92
 300699.023   220.622   -59.00   37.00
 301075.217   198.027   -60.06   28.92
 301451.414   182.105   -42.33   15.31
 301827.613   178.459    -9.69   12.93
 302203.815   176.667    -4.76   11.90
 302580.020   183.947    19.35   16.05
 302956.226   200.383    43.69   25.74
 303332.436   229.868    78.38   53.59
 303708.648   268.578   102.90   63.74
 304084.862   286.679    48.12   59.55
 304461.079   306.060    51.52   60.99
