# NaN NaN NaN ;Mean Elev.(m), Avg Gradient(m/km), RMS Gradient(m/km) - SRTM1     
# NaN NaN NaN ;Mean Elev.(m), Avg Gradient(m/km), RMS Gradient(m/km) - ASTER GDEM
# NaN NaN NaN ;Mean Elev.(m), Avg Gradient(m/km), RMS Gradient(m/km) - GMTED2010 
 24    41.882 53064.88138312 33.01  13.594071  -5.640971 24.689
 24    41.876 53064.88138377 33.72  13.593341  -5.637661 24.689
 24    42.081 53064.88138441 32.69  13.592611  -5.634361 24.689
 24    42.323 53064.88138505 32.96  13.591881  -5.631061 24.689
 24    42.664 53064.88138570 35.07  13.591151  -5.627751 24.689
 24    42.905 53064.88138634 37.91  13.590411  -5.624451 24.689
 24    43.179 53064.88138699 37.80  13.589681  -5.621141 24.689
 24    43.302 53064.88138763 38.60  13.588951  -5.617841 24.689
 24    43.433 53064.88138828 37.72  13.588221  -5.614541 24.689
 24    43.706 53064.88138892 39.78  13.587491  -5.611231 24.689
 26    40.879 53134.88138363 36.33  13.595291  -5.638895 26.046
 26    40.959 53134.88138427 33.06  13.594561  -5.635595 26.046
 26    41.020 53134.88138492 34.04  13.593831  -5.632295 26.046
 26    41.733 53134.88138621 37.39  13.592361  -5.625685 26.046
 26    42.021 53134.88138749 41.76  13.590901  -5.619075 26.046
 26    42.153 53134.88138814 40.75  13.590171  -5.615775 26.046
 26    42.519 53134.88138878 40.80  13.589441  -5.612465 26.046
 26    42.710 53134.88138943 39.77  13.588711  -5.609165 26.046
 26    42.876 53134.88139007 39.37  13.587981  -5.605865 26.046
 26    42.869 53134.88139072 40.68  13.587251  -5.602555 26.046
 26    42.969 53134.88139136 42.04  13.586521  -5.599255 26.046
 29   204.744 53239.88142377  0.14  13.590397  -5.625253  2.487
 29   125.359 53239.88142441  1.60  13.589657  -5.621953  2.487
 39    38.102 53589.88142059 35.63  13.594965  -5.640332 32.399
 39    38.284 53589.88142124 35.23  13.594235  -5.637022 32.399
 39    36.790 53589.88142188 36.95  13.593505  -5.633722 32.399
 39    36.904 53589.88142253 36.19  13.592775  -5.630412 32.399
 39    37.102 53589.88142317 36.32  13.592045  -5.627112 32.399
 39    37.695 53589.88142446 38.64  13.590585  -5.620502 32.399
 39    37.793 53589.88142511 41.33  13.589845  -5.617202 32.399
 39    37.852 53589.88142575 41.49  13.589115  -5.613892 32.399
 39    38.114 53589.88142640 43.48  13.588385  -5.610592 32.399
 39    38.139 53589.88142704 41.53  13.587655  -5.607292 32.399
 39    38.345 53589.88142769 43.60  13.586925  -5.603982 32.399
 39    38.264 53589.88142833 46.47  13.586195  -5.600682 32.399
 59    63.909 54289.88137746  5.63  13.588073  -5.626868 10.350
 59    65.357 54289.88137810  7.85  13.587343  -5.623568 10.350
 64    48.788 54464.88129357 28.85  13.589191  -5.631166 16.028
 64    49.088 54464.88129421 31.91  13.588461  -5.627866 16.028
 64    49.336 54464.88129486 31.84  13.587731  -5.624566 16.028
