#  292.034  -5.267   8.498 ;Mean Elev.(m), Avg Gradient(m/km), RMS Gradient(m/km) - SRTM1     
#  274.579  -5.815   8.010 ;Mean Elev.(m), Avg Gradient(m/km), RMS Gradient(m/km) - ASTER GDEM
#  292.381   0.351   8.887 ;Mean Elev.(m), Avg Gradient(m/km), RMS Gradient(m/km) - GMTED2010 
  7   293.104 52459.36860826 20.40  17.170625  -1.040414  8.456
  7   292.772 52459.36860891 19.09  17.169896  -1.043721  3.617
  7   292.832 52459.36860955 17.52  17.169166  -1.047021  3.617
  7   292.813 52459.36861020 15.95  17.168446  -1.050331  3.617
  7   312.684 52459.36861084 14.72  17.167716  -1.053641  3.617
  7   312.963 52459.36861149 13.96  17.166996  -1.056941  3.617
  9   293.757 52529.36857906 32.44  17.167893  -1.042188 21.088
  9   293.650 52529.36857970 43.67  17.167173  -1.045488 21.088
  9   293.927 52529.36858035 48.98  17.166443  -1.048798 21.088
  9   293.871 52529.36858099 51.74  17.165713  -1.052098 21.088
  9   293.678 52529.36858163 50.89  17.164993  -1.055408 21.088
  9   293.717 52529.36858228 51.06  17.164263  -1.058708 21.088
 10   294.868 52564.36860059 42.26  17.177955  -1.030824  9.010
 10   294.467 52564.36860123 30.26  17.177222  -1.034131 10.600
 10   294.314 52564.36860188 23.47  17.176502  -1.037431 10.600
 10   294.479 52564.36860252 26.44  17.175772  -1.040741 10.600
 10   294.726 52564.36860317 30.95  17.175042  -1.044051 10.600
 11   295.494 52599.36863047 28.53  17.160722  -1.045431 24.774
 11   295.154 52599.36863111 19.85  17.159992  -1.048741 24.774
 11   295.022 52599.36863176 20.35  17.159272  -1.052041 24.774
 11   295.507 52599.36863240 18.92  17.158542  -1.055351 24.774
 11   295.536 52599.36863305 24.05  17.157816  -1.058658  4.410
 12   296.024 52634.36858281 39.70  17.165724  -1.042215 11.496
 12   295.973 52634.36858345 37.87  17.165004  -1.045515 11.496
 12   295.809 52634.36858410 28.11  17.164274  -1.048825 11.496
 12   295.504 52634.36858474 22.49  17.163544  -1.052135 11.496
 12   295.816 52634.36858539 25.11  17.162824  -1.055435 11.496
 12   296.140 52634.36858603 34.51  17.162094  -1.058745 11.496
 13   294.702 52669.36859512 46.51  17.165624  -1.044160 11.932
 13   294.598 52669.36859576 46.06  17.164904  -1.047470 11.932
 13   294.673 52669.36859641 43.06  17.164174  -1.050770 11.932
 13   294.603 52669.36859705 45.48  17.163446  -1.054077  9.390
 13   294.564 52669.36859770 49.33  17.162716  -1.057387  9.390
 13   294.710 52669.36859834 50.86  17.161996  -1.060687  9.390
 14   293.420 52704.36857829 23.02  17.173175  -1.036688 12.676
 14   293.187 52704.36857893 17.76  17.172445  -1.039998 12.676
 14   292.730 52704.36857958 19.05  17.171715  -1.043298 12.676
 14   292.804 52704.36858022 22.36  17.170995  -1.046608 12.676
 14   292.724 52704.36858087 19.26  17.170262  -1.049912  3.851
 14   292.556 52704.36858151 16.44  17.169542  -1.053222  3.851
 14   292.895 52704.36858216 12.33  17.168812  -1.056522  3.851
 15   309.950 52739.36861634 13.82  17.167085  -1.041850 11.839
 15   310.966 52739.36861699 12.97  17.166355  -1.045160 11.839
 15   311.271 52739.36861763 13.75  17.165635  -1.048460 11.839
 15   311.750 52739.36861828 14.12  17.164905  -1.051770 11.839
 15   312.076 52739.36861892 14.31  17.164175  -1.055070 11.839
 15   293.330 52739.36861957 17.75  17.163455  -1.058380 11.839
 16   293.732 52774.36856405 52.65  17.174541  -1.034602 26.345
 16   293.711 52774.36856470 54.60  17.173811  -1.037902 26.345
 16   293.635 52774.36856534 51.39  17.173091  -1.041212 26.345
 16   293.715 52774.36856599 51.46  17.172361  -1.044512 26.345
 16   293.692 52774.36856663 51.02  17.171641  -1.047822 26.345
 16   293.577 52774.36856728 49.94  17.170911  -1.051132 26.345
 16   293.525 52774.36856792 49.97  17.170181  -1.054432 26.345
 16   293.529 52774.36856857 49.37  17.169461  -1.057742 26.345
 17   309.687 52809.36863827 12.18  17.165202  -1.041850 13.257
 17   310.361 52809.36863891 14.17  17.164468  -1.045156  3.622
 17   311.009 52809.36863956 13.01  17.163748  -1.048466  3.622
 17   311.286 52809.36864020 13.42  17.163018  -1.051766  3.622
 17   311.488 52809.36864084 11.58  17.162288  -1.055076  3.622
 17   311.456 52809.36864149 12.40  17.161568  -1.058376  3.622
 18   293.624 52844.36869506 15.81  17.167292  -1.042299 15.978
 18   293.489 52844.36869570 15.06  17.166558  -1.045604  4.067
 18   293.502 52844.36869635 14.43  17.165838  -1.048914  4.067
 18   293.678 52844.36869699 15.44  17.165108  -1.052214  4.067
 18   293.853 52844.36869763 16.60  17.164378  -1.055524  4.067
 18   294.054 52844.36869828 19.57  17.163658  -1.058824  4.067
 20   294.901 52914.36868884 50.50  17.174991  -1.032654 22.870
 20   294.844 52914.36868948 45.36  17.174261  -1.035954 22.870
 20   294.819 52914.36869013 50.83  17.173531  -1.039264 22.870
 20   294.791 52914.36869077 47.99  17.172811  -1.042574 22.870
 20   294.782 52914.36869142 49.25  17.172081  -1.045874 22.870
 20   294.768 52914.36869206 44.82  17.171357  -1.049182  9.834
 20   294.713 52914.36869271 35.62  17.170627  -1.052482  9.834
 20   294.737 52914.36869335 34.29  17.169907  -1.055792  9.834
 21   295.132 52949.36864790 40.36  17.174724  -1.032889 14.213
 21   294.842 52949.36864854 35.69  17.174004  -1.036199 14.213
 21   294.763 52949.36864919 32.24  17.173268  -1.039505 14.996
 21   294.803 52949.36864983 31.12  17.172548  -1.042815 14.996
 21   294.888 52949.36865048 29.55  17.171818  -1.046115 14.996
 21   295.058 52949.36865112 36.79  17.171088  -1.049425 14.996
 21   295.006 52949.36865176 39.07  17.170368  -1.052725 14.996
 21   295.101 52949.36865241 41.92  17.169638  -1.056035 14.996
 22   295.375 52984.36867594 36.61  17.175044  -1.033321 11.873
 22   295.360 52984.36867658 27.68  17.174314  -1.036631 11.873
 22   295.126 52984.36867723 24.53  17.173584  -1.039941 11.873
 22   295.208 52984.36867787 24.17  17.172864  -1.043241 11.873
 22   295.018 52984.36867852 20.25  17.172134  -1.046551 11.873
 22   295.014 52984.36867916 18.11  17.171404  -1.049851 11.873
 22   295.071 52984.36867981 16.75  17.170684  -1.053161 11.873
 22   295.392 52984.36868045 17.58  17.169954  -1.056461 11.873
 23   585.565 53019.36866874 23.35  17.169848  -1.040038 12.246
 23   585.155 53019.36866939 24.61  17.169128  -1.043348 12.246
 23   585.032 53019.36867003 24.52  17.168398  -1.046658 12.246
 23   585.045 53019.36867068 24.01  17.167678  -1.049958 12.246
 23   585.445 53019.36867132 23.44  17.166948  -1.053268 12.246
 23   585.615 53019.36867197 30.06  17.166218  -1.056568 12.246
 23   585.606 53019.36867261 44.21  17.165498  -1.059878 12.246
 24   293.643 53054.36865256 48.09  17.174129  -1.034044 16.643
 24   293.907 53054.36865320 51.84  17.173399  -1.037344 16.643
 24   293.678 53054.36865385 48.58  17.172669  -1.040654 16.643
 24   293.591 53054.36865449 45.79  17.171949  -1.043954 16.643
 24   293.488 53054.36865514 38.54  17.171219  -1.047264 16.643
 24   293.515 53054.36865578 42.84  17.170489  -1.050564 16.643
 24   293.570 53054.36865643 37.29  17.169769  -1.053874 16.643
 24   293.549 53054.36865707 40.03  17.169036  -1.057179  6.029
 25   292.408 53089.36869214 13.92  17.159282  -1.044499  3.976
 25   292.473 53089.36869279 14.42  17.158562  -1.047809  3.976
 25   292.440 53089.36869343 14.66  17.157832  -1.051109  3.976
 25   292.740 53089.36869408 14.46  17.157108  -1.054417  7.739
 25   292.658 53089.36869472 20.95  17.156378  -1.057717  7.739
 26   292.670 53124.36866095 41.75  17.169135  -1.040717 11.283
 26   292.663 53124.36866160 40.89  17.168415  -1.044017 11.283
 26   292.642 53124.36866224 38.76  17.167685  -1.047327 11.283
 26   292.309 53124.36866289 36.35  17.166955  -1.050627 11.283
 26   292.446 53124.36866353 32.00  17.166235  -1.053937 11.283
 26   292.637 53124.36866418 29.22  17.165502  -1.057244  3.073
 26   292.951 53124.36866482 26.75  17.164782  -1.060544  3.073
 27   292.539 53159.36872125 22.72  17.161044  -1.043624  5.146
 27   292.369 53159.36872189 19.12  17.160324  -1.046934  5.146
 27   292.275 53159.36872254 18.27  17.159594  -1.050240  3.916
 27   292.034 53159.36872318 18.69  17.158864  -1.053550  3.916
 27   292.095 53159.36872382 16.76  17.158144  -1.056850  3.916
 28   292.806 53194.36871506 29.68  17.172570  -1.036497  6.812
 28   292.824 53194.36871571 27.08  17.171850  -1.039797  6.812
 28   292.569 53194.36871635 21.81  17.171120  -1.043107  6.812
 28   292.616 53194.36871700 23.55  17.170392  -1.046413  4.868
 28   292.681 53194.36871764 19.89  17.169662  -1.049723  4.868
 28   292.450 53194.36871829 17.75  17.168942  -1.053023  4.868
 28   292.694 53194.36871893 13.65  17.168212  -1.056333  4.868
 29   292.584 53229.36870582 28.90  17.174735  -1.033045 10.293
 29   293.003 53229.36870647 30.61  17.174005  -1.036345 10.293
 29   292.597 53229.36870711 24.93  17.173285  -1.039655 10.293
 29   292.563 53229.36870776 23.84  17.172555  -1.042955 10.293
 29   292.547 53229.36870840 27.17  17.171835  -1.046265 10.293
 30   293.387 53264.36867934 23.04  17.165972  -1.042058 20.275
 30   293.236 53264.36867998 22.49  17.165242  -1.045358 20.275
 30   292.826 53264.36868063 21.90  17.164522  -1.048668 20.275
 30   293.121 53264.36868127 17.83  17.163792  -1.051978 20.275
 30   293.479 53264.36868192 16.91  17.163062  -1.055278 20.275
 30   293.763 53264.36868256 21.51  17.162342  -1.058588 20.275
 31   294.016 53299.36872521 22.97  17.157186  -1.046855 16.101
 31   293.707 53299.36872585 20.05  17.156466  -1.050165 16.101
 31   293.303 53299.36872650 19.89  17.155733  -1.053471  8.326
 31   293.730 53299.36872714 16.92  17.155013  -1.056781  8.326
 32   295.475 53334.36869489 46.62  17.167577  -1.043238 20.322
 32   295.430 53334.36869554 49.28  17.166847  -1.046548 20.322
 32   295.492 53334.36869618 49.52  17.166127  -1.049858 20.322
 32   295.452 53334.36869683 48.11  17.165397  -1.053158 20.322
 32   295.357 53334.36869747 47.71  17.164669  -1.056465  8.625
 32   295.498 53334.36869812 47.70  17.163949  -1.059775  8.625
 33   294.698 53369.36863459 37.11  17.171325  -1.037915 20.088
 33   294.528 53369.36863523 25.66  17.170605  -1.041225 20.088
 33   294.505 53369.36863588 22.74  17.169875  -1.044525 20.088
 33   294.559 53369.36863652 19.56  17.169145  -1.047835 20.088
 33   294.176 53369.36863717 18.65  17.168425  -1.051145 20.088
 33   294.408 53369.36863781 16.93  17.167695  -1.054445 20.088
 33   294.759 53369.36863846 20.90  17.166973  -1.057752  5.821
 34   292.863 53404.36866685 47.34  17.169188  -1.040244 14.326
 34   292.866 53404.36866750 46.93  17.168468  -1.043554 14.326
 34   292.776 53404.36866814 39.35  17.167738  -1.046854 14.326
 34   292.802 53404.36866879 36.84  17.167008  -1.050154 14.326
 34   292.765 53404.36866943 40.32  17.166288  -1.053464 14.326
 34   292.762 53404.36867008 42.00  17.165557  -1.056770  6.972
 34   292.780 53404.36867072 38.79  17.164837  -1.060080  6.972
 35   292.151 53439.36865456 48.65  17.169360  -1.039842 17.835
 35   292.256 53439.36865520 51.22  17.168630  -1.043152 17.835
 35   292.221 53439.36865585 45.15  17.167900  -1.046452 17.835
 35   291.789 53439.36865649 33.17  17.167180  -1.049762 17.835
 35   291.497 53439.36865714 35.99  17.166450  -1.053062 17.835
 35   291.336 53439.36865778 33.59  17.165727  -1.056370  4.411
 35   291.994 53439.36865843 29.81  17.164997  -1.059670  4.411
 36   309.229 53474.36871575 13.24  17.163077  -1.044033  8.628
 36   309.977 53474.36871639  9.51  17.162347  -1.047333  8.628
 36   310.433 53474.36871703  9.51  17.161627  -1.050643  8.628
 36   310.676 53474.36871768  8.07  17.160895  -1.053950  8.690
 36   310.777 53474.36871832  7.27  17.160175  -1.057250  8.690
 36   310.458 53474.36871897  8.30  17.159445  -1.060560  8.690
 37   293.044 53509.36873443 13.68  17.167482  -1.041227 10.032
 37   310.910 53509.36873508 13.96  17.166762  -1.044527 10.032
 37   311.969 53509.36873830 13.42  17.163133  -1.061064  3.417
 38   293.145 53544.36874960 12.35  17.163379  -1.043835  6.034
 38   292.965 53544.36875025 12.17  17.162659  -1.047135  6.034
 38   293.062 53544.36875089 12.58  17.161929  -1.050445  6.034
 38   293.262 53544.36875154 12.04  17.161202  -1.053751  3.579
 38   294.936 53544.36875218 11.02  17.160472  -1.057061  3.579
 38   295.028 53544.36875283 14.20  17.159752  -1.060361  3.579
 40   293.719 53614.36868271 27.38  17.164956  -1.043167 16.201
 40   293.481 53614.36868336 19.67  17.164226  -1.046477 16.201
 40   293.085 53614.36868400 19.80  17.163506  -1.049787 16.201
 40   293.578 53614.36868465 18.05  17.162776  -1.053087 16.201
 40   293.695 53614.36868529 17.74  17.162054  -1.056395  4.141
 40   293.959 53614.36868594 19.70  17.161324  -1.059695  4.141
 41   294.365 53649.36868898 32.08  17.170994  -1.038047 19.970
 41   293.969 53649.36868963 26.49  17.170274  -1.041347 19.970
 41   294.131 53649.36869027 22.13  17.169544  -1.044657 19.970
 41   293.841 53649.36869092 22.12  17.168814  -1.047957 19.970
 41   293.810 53649.36869156 19.23  17.168094  -1.051267 19.970
 41   294.251 53649.36869221 17.47  17.167362  -1.054572  8.123
 41   294.457 53649.36869285 26.14  17.166642  -1.057882  8.123
 42   295.017 53684.36870352 39.75  17.162625  -1.042546 15.467
 42   294.627 53684.36870417 25.04  17.161895  -1.045856 15.467
 42   294.460 53684.36870481 20.06  17.161175  -1.049156 15.467
 42   294.389 53684.36870545 19.39  17.160445  -1.052466 15.467
 42   294.743 53684.36870610 21.98  17.159718  -1.055772  4.371
 42   294.979 53684.36870674 22.18  17.158988  -1.059082  4.371
 43   294.933 53719.36862895 34.35  17.172274  -1.037510 14.371
 43   294.818 53719.36862960 31.96  17.171554  -1.040820 14.371
 43   294.970 53719.36863024 34.04  17.170824  -1.044120 14.371
 43   294.916 53719.36863089 27.72  17.170094  -1.047430 14.371
 43   294.926 53719.36863153 25.74  17.169374  -1.050740 14.371
 43   294.887 53719.36863218 26.27  17.168644  -1.054040 14.371
 43   294.890 53719.36863282 33.97  17.167920  -1.057347  6.386
 44   293.356 53754.36855029 44.41  17.177798  -1.030905 21.710
 44   293.419 53754.36855093 46.58  17.177078  -1.034215 21.710
 44   293.312 53754.36855158 50.00  17.176348  -1.037515 21.710
 44   293.281 53754.36855222 46.55  17.175618  -1.040825 21.710
 44   293.424 53754.36855287 44.98  17.174898  -1.044125 21.710
 44   293.345 53754.36855416 45.14  17.173438  -1.050735 21.710
 44   293.316 53754.36855480 44.66  17.172718  -1.054045 21.710
 44   293.302 53754.36855545 44.35  17.171984  -1.057351  7.097
 45   293.114 53789.36858153 19.33  17.173451  -1.036710  5.523
 45   292.483 53789.36858217 19.67  17.172731  -1.040020  5.523
 45   292.537 53789.36858282 19.31  17.172001  -1.043320  5.523
 45   292.655 53789.36858346 21.11  17.171271  -1.046630  5.523
 45   292.522 53789.36858411 19.66  17.170551  -1.049940  5.523
 45   292.466 53789.36858475 17.79  17.169821  -1.053240  5.523
 45   292.687 53789.36858540 17.78  17.169094  -1.056546  2.464
 46   292.640 53824.36853659 52.08  17.174316  -1.035056 26.274
 46   292.637 53824.36853723 58.38  17.173586  -1.038356 26.274
 46   292.734 53824.36853788 52.89  17.172856  -1.041666 26.274
 46   292.736 53824.36853852 47.84  17.172136  -1.044966 26.274
 46   292.675 53824.36853917 35.34  17.171406  -1.048276 26.274
 46   292.608 53824.36853981 47.51  17.170676  -1.051576 26.274
 46   292.607 53824.36854046 50.49  17.169956  -1.054886 26.274
 46   292.609 53824.36854110 52.97  17.169226  -1.058186 26.274
 47   292.738 53859.36863174 38.47  17.164009  -1.043433 12.371
 47   292.613 53859.36863239 38.76  17.163289  -1.046733 12.371
 47   292.733 53859.36863303 37.29  17.162559  -1.050043 12.371
 47   292.709 53859.36863367 37.69  17.161829  -1.053343 12.371
 47   292.601 53859.36863432 41.64  17.161109  -1.056653 12.371
 47   292.744 53859.36863496 37.57  17.160377  -1.059959  5.462
 49   292.231 53929.36870432 13.05  17.157160  -1.045662  3.171
 49   292.190 53929.36870497 12.57  17.156430  -1.048972  3.171
 49   292.192 53929.36870561 11.24  17.155700  -1.052272  3.171
 49   292.504 53929.36870625  9.28  17.154980  -1.055582  3.171
 49   294.757 53929.36870690  8.92  17.154251  -1.058888  4.388
 50   293.130 53964.36868405 20.24  17.161027  -1.043898  3.743
 50   292.783 53964.36868470 14.72  17.160297  -1.047198  3.743
 50   292.816 53964.36868534 11.62  17.159567  -1.050508  3.743
 50   292.879 53964.36868599 11.53  17.158847  -1.053808  3.743
 50   309.650 53964.36868663  9.84  17.158117  -1.057118  3.743
 51   293.392 53999.36863526 22.13  17.171797  -1.036998 15.237
 51   293.259 53999.36863591 23.37  17.171067  -1.040298 15.237
 51   293.408 53999.36863655 24.44  17.170337  -1.043608 15.237
 51   293.513 53999.36863913 17.93  17.167427  -1.056828 15.237
 53   295.497 54069.36867652 30.13  17.169853  -1.040995 19.080
 53   295.377 54069.36867717 28.62  17.169133  -1.044305 19.080
 53   295.426 54069.36867781 24.95  17.168403  -1.047605 19.080
 53   295.299 54069.36867845 24.36  17.167673  -1.050915 19.080
 53   295.697 54069.36867910 23.66  17.166953  -1.054215 19.080
 53   295.743 54069.36867974 35.49  17.166223  -1.057525 19.080
 54   295.284 54104.36863262 28.95  17.167324  -1.043096 11.989
 54   295.209 54104.36863327 27.22  17.166604  -1.046406 11.989
 54   295.092 54104.36863391 26.33  17.165874  -1.049716 11.989
 54   295.011 54104.36863456 23.90  17.165154  -1.053016 11.989
 54   295.363 54104.36863520 23.53  17.164424  -1.056326 11.989
 54   295.429 54104.36863584 35.60  17.163694  -1.059626 11.989
 55   293.332 54139.36860745 17.51  17.167353  -1.043150  8.323
 55   293.177 54139.36860810 16.09  17.166633  -1.046450  8.323
 55   293.041 54139.36860874 16.38  17.165903  -1.049760  8.323
 55   293.147 54139.36860939 15.35  17.165173  -1.053060  8.323
 56   293.261 54174.36861180 14.59  17.167408  -1.041827  4.757
 56   310.873 54174.36861245 13.69  17.166688  -1.045137  4.757
 56   292.665 54174.36861309 13.88  17.165958  -1.048437  4.757
 57   292.700 54209.36861316 14.14  17.166759  -1.041348  3.258
 57   292.448 54209.36861381 14.97  17.166029  -1.044658  3.258
 57   292.338 54209.36861445 14.34  17.165309  -1.047958  3.258
 57   292.511 54209.36861510 14.02  17.164579  -1.051268  3.258
 57   292.549 54209.36861574 14.55  17.163849  -1.054568  3.258
 57   292.801 54209.36861639 16.27  17.163129  -1.057878  3.258
 57   292.847 54209.36861703 18.24  17.162397  -1.061185  5.141
 58   293.387 54244.36864405 53.56  17.168320  -1.041884 19.628
 58   293.393 54244.36864470 52.22  17.167590  -1.045184 19.628
 58   293.424 54244.36864534 47.75  17.166870  -1.048494 19.628
 58   293.455 54244.36864599 41.67  17.166140  -1.051794 19.628
 58   293.390 54244.36864663 38.10  17.165410  -1.055104 19.628
 58   293.378 54244.36864728 42.92  17.164690  -1.058404 19.628
 59   293.389 54279.36865689 13.31  17.167947  -1.043050  6.086
 59   293.331 54279.36865753 14.87  17.167227  -1.046360  6.086
 59   293.175 54279.36865818 14.31  17.166497  -1.049660  6.086
 59   293.359 54279.36865882 12.83  17.165767  -1.052970  6.086
 59   293.474 54279.36865947 15.25  17.165047  -1.056270  6.086
 59   293.475 54279.36866011 22.18  17.164317  -1.059580  6.086
 60   310.031 54314.36865588 11.71  17.170266  -1.039844  3.970
 60   293.020 54314.36865652 12.38  17.169536  -1.043144  3.970
 60   311.756 54314.36865717 12.71  17.168816  -1.046454  3.970
 60   312.187 54314.36865781 12.69  17.168086  -1.049754  3.970
 60   292.796 54314.36865846 14.62  17.167356  -1.053064  3.970
 60   292.983 54314.36865910 14.98  17.166636  -1.056364  3.970
 60   293.207 54314.36865974 19.56  17.165906  -1.059674  3.970
 61   293.907 54349.36862574 24.45  17.168781  -1.041622 13.925
 61   293.668 54349.36862638 20.24  17.168051  -1.044922 13.925
 61   293.703 54349.36862703 17.87  17.167331  -1.048232 13.925
 61   293.674 54349.36862767 17.12  17.166601  -1.051542 13.925
 61   293.919 54349.36862832 15.68  17.165871  -1.054842 13.925
 61   294.000 54349.36862896 23.73  17.165151  -1.058152 13.925
 62   294.989 54384.36859453 41.34  17.169106  -1.041693 21.679
 62   294.956 54384.36859517 43.74  17.168376  -1.045003 21.679
 62   294.991 54384.36859582 41.08  17.167656  -1.048303 21.679
 62   294.948 54384.36859646 43.02  17.166926  -1.051613 21.679
 62   294.916 54384.36859711 32.26  17.166206  -1.054913 21.679
 62   294.959 54384.36859775 35.77  17.165476  -1.058223 21.679
 63   295.492 54419.36857572 32.05  17.167781  -1.041661 12.353
 63   295.403 54419.36857636 24.59  17.167061  -1.044971 12.353
 63   295.098 54419.36857701 23.37  17.166331  -1.048271 12.353
 63   295.086 54419.36857765 21.40  17.165601  -1.051581 12.353
 63   295.258 54419.36857830 21.52  17.164881  -1.054881 12.353
 63   295.623 54419.36857894 23.51  17.164151  -1.058191 12.353
 64   295.834 54454.36856537 48.79  17.168913  -1.040429 25.186
 64   295.812 54454.36856601 49.69  17.168183  -1.043739 25.186
 64   295.836 54454.36856666 49.38  17.167463  -1.047039 25.186
 64   295.860 54454.36856730 48.79  17.166733  -1.050349 25.186
 64   295.722 54454.36856795 43.93  17.166003  -1.053649 25.186
 64   295.800 54454.36856859 48.44  17.165283  -1.056959 25.186
 64   295.847 54454.36856924 48.77  17.164548  -1.060265  6.000
 65   294.707 54489.36857523 50.06  17.169278  -1.042074 17.743
 65   294.654 54489.36857588 46.30  17.168558  -1.045384 17.743
 65   294.536 54489.36857652 33.79  17.167828  -1.048684 17.743
 65   294.327 54489.36857717 26.38  17.167108  -1.051994 17.743
 65   293.947 54489.36857781 23.55  17.166378  -1.055294 17.743
 65   294.484 54489.36857846 21.73  17.165648  -1.058604 17.743
 66   293.255 54524.36857860 19.43  17.169773  -1.041666  2.771
 66   293.115 54524.36857924 15.53  17.169053  -1.044976  2.771
 66   293.167 54524.36857989 14.00  17.168323  -1.048276  2.771
 66   293.117 54524.36858053 13.54  17.167593  -1.051586  2.771
 66   293.205 54524.36858118 13.10  17.166873  -1.054886  2.771
 66   293.423 54524.36858182 14.60  17.166143  -1.058196  2.771
 67   292.955 54559.36858382 41.88  17.168343  -1.040670 10.068
 67   292.812 54559.36858446 36.54  17.167623  -1.043980 10.068
 67   292.768 54559.36858511 29.66  17.166893  -1.047280 10.068
 67   292.495 54559.36858575 27.52  17.166168  -1.050588  4.514
 67   292.317 54559.36858640 25.34  17.165438  -1.053888  4.514
 67   292.479 54559.36858704 23.91  17.164718  -1.057198  4.514
 67   292.846 54559.36858769 22.50  17.163988  -1.060508  4.514
 68   293.305 54594.36857446 41.34  17.167674  -1.042509  6.833
 68   293.282 54594.36857510 43.45  17.166945  -1.045815 15.891
 68   293.291 54594.36857575 38.87  17.166215  -1.049125 15.891
 68   293.147 54594.36857639 36.86  17.165495  -1.052425 15.891
 68   293.214 54594.36857704 36.78  17.164765  -1.055735 15.891
 68   293.185 54594.36857768 39.98  17.164035  -1.059035 15.891
 69   293.188 54629.36858900 48.59  17.167700  -1.040701  7.974
 69   293.269 54629.36858964 47.38  17.166972  -1.044006 13.287
 69   293.243 54629.36859028 39.99  17.166242  -1.047316 13.287
 69   293.141 54629.36859093 39.53  17.165522  -1.050616 13.287
 69   293.183 54629.36859157 41.77  17.164792  -1.053926 13.287
 69   293.234 54629.36859222 48.08  17.164062  -1.057226 13.287
 69   293.290 54629.36859286 47.00  17.163342  -1.060536 13.287
 70   293.119 54664.36859609 21.99  17.165963  -1.042802  5.796
 70   292.572 54664.36859673 21.37  17.165234  -1.046109  4.394
 70   292.250 54664.36859738 19.84  17.164504  -1.049409  4.394
 70   292.127 54664.36859802 19.60  17.163784  -1.052719  4.394
 70   311.442 54664.36859867 18.69  17.163054  -1.056019  4.394
 70   311.295 54664.36859931 18.20  17.162324  -1.059329  4.394
 71   293.573 54699.36856678 47.24  17.170712  -1.038511 20.186
 71   293.696 54699.36856742 48.37  17.169982  -1.041811 20.186
 71   293.608 54699.36856807 46.13  17.169252  -1.045121 20.186
 71   293.585 54699.36856871 43.58  17.168532  -1.048431 20.186
 71   293.539 54699.36856936 40.63  17.167802  -1.051731 20.186
 71   293.504 54699.36857000 36.76  17.167078  -1.055039  8.577
 71   293.747 54699.36857065 41.52  17.166348  -1.058339  8.577
 72   294.243 54734.36855448 47.67  17.167699  -1.042745 12.523
 72   294.224 54734.36855513 45.56  17.166979  -1.046055 12.523
 72   294.217 54734.36855577 44.57  17.166249  -1.049355 12.523
 72   294.226 54734.36855642 42.97  17.165519  -1.052665 12.523
 72   294.170 54734.36855706 40.20  17.164799  -1.055965 12.523
 72   294.194 54734.36855770 39.78  17.164069  -1.059275 12.523
 73   294.833 54769.36854806 49.72  17.169109  -1.041473 13.052
 73   294.853 54769.36854870 47.66  17.168379  -1.044773 13.052
 73   294.807 54769.36854935 44.48  17.167652  -1.048080 11.698
 73   294.698 54769.36854999 41.68  17.166922  -1.051390 11.698
 73   294.677 54769.36855064 41.77  17.166202  -1.054690 11.698
 73   294.709 54769.36855128 44.41  17.165472  -1.058000 11.698
 74   295.267 54804.36854806 48.56  17.166690  -1.042286 15.821
 74   295.250 54804.36854871 49.72  17.165970  -1.045586 15.821
 74   295.280 54804.36854935 47.42  17.165240  -1.048896 15.821
 74   295.296 54804.36855000 45.20  17.164510  -1.052206 15.821
 74   295.302 54804.36855064 45.13  17.163790  -1.055506 15.821
 74   295.338 54804.36855129 46.74  17.163060  -1.058816 15.821
 75   294.443 54839.36854195 22.22  17.168686  -1.041913 15.753
 75   294.222 54839.36854259 19.73  17.167956  -1.045223 15.753
 75   294.061 54839.36854324 19.83  17.167227  -1.048529  6.614
 75   294.172 54839.36854388 18.45  17.166497  -1.051839  6.614
 75   294.516 54839.36854453 19.37  17.165777  -1.055139  6.614
 75   294.550 54839.36854517 24.05  17.165047  -1.058449  6.614
 77   310.205 54909.36854849 12.51  17.166429  -1.042404  9.530
 77   310.893 54909.36854914 12.99  17.165699  -1.045704  9.530
 77   311.362 54909.36854978 12.59  17.164976  -1.049013  3.763
 77   311.599 54909.36855043 13.06  17.164246  -1.052313  3.763
 77   311.954 54909.36855107 12.28  17.163526  -1.055623  3.763
 77   319.182 54909.36855171 11.28  17.162796  -1.058933  3.763
 78   309.861 54944.36854066 12.64  17.166392  -1.043314  3.798
 78   310.023 54944.36854130 14.04  17.165672  -1.046614  3.798
 78   292.526 54944.36854195 17.62  17.164942  -1.049924  3.798
 78   292.707 54944.36854259 16.04  17.164212  -1.053234  3.798
 78   311.448 54944.36854324 13.16  17.163492  -1.056534  3.798
 78   293.948 54944.36854388 16.16  17.162762  -1.059844  3.798
 79   310.281 54979.36856805 13.80  17.166608  -1.043597  4.730
 79   310.949 54979.36856870 13.10  17.165888  -1.046907  4.730
 79   311.326 54979.36856934 14.66  17.165158  -1.050207  4.730
 79   311.677 54979.36856999 14.47  17.164428  -1.053517  4.730
 79   293.606 54979.36857063 15.52  17.163708  -1.056817  4.730
 79   293.583 54979.36857128 23.63  17.162978  -1.060127  4.730
 80   293.267 55014.36857202 12.76  17.167863  -1.041366  9.452
 80   293.005 55014.36857267 13.29  17.167133  -1.044666  9.452
 80   292.937 55014.36857331 12.75  17.166405  -1.047973  2.831
 80   292.880 55014.36857396 13.27  17.165675  -1.051283  2.831
 80   292.884 55014.36857460 14.17  17.164955  -1.054583  2.831
 80   293.026 55014.36857525 14.11  17.164225  -1.057893  2.831
 80   293.230 55014.36857589 14.75  17.163495  -1.061193  2.831
 81   310.965 55049.36856532 12.35  17.168858  -1.042630 10.064
 81   292.858 55049.36856597 18.67  17.168128  -1.045940 10.064
 81   292.869 55049.36856661 18.67  17.167399  -1.049247  2.882
 81   312.314 55049.36856726 14.13  17.166679  -1.052557  2.882
 81   312.797 55049.36856790 12.42  17.165949  -1.055857  2.882
 81   312.697 55049.36856854 10.79  17.165219  -1.059167  2.882
 82   293.652 55084.36853344 52.78  17.168567  -1.040714 18.741
 82   293.663 55084.36853408 53.43  17.167837  -1.044024 18.741
 82   293.668 55084.36853473 49.95  17.167117  -1.047324 18.741
 82   293.679 55084.36853537 52.10  17.166387  -1.050634 18.741
 82   293.690 55084.36853602 48.93  17.165665  -1.053941 10.728
 82   293.728 55084.36853666 49.85  17.164935  -1.057241 10.728
 82   293.769 55084.36853731 47.12  17.164215  -1.060551 10.728
 83   294.147 55119.36849798 37.97  17.169270  -1.042602 14.456
 83   294.017 55119.36849863 40.87  17.168550  -1.045912 14.456
 83   294.030 55119.36849927 41.17  17.167820  -1.049212 14.456
 83   294.149 55119.36849992 50.80  17.167090  -1.052522 14.456
 83   294.176 55119.36850056 49.01  17.166370  -1.055822 14.456
 83   294.282 55119.36850121 47.83  17.165640  -1.059132 14.456
 84   295.319 55154.36849317 38.44  17.167025  -1.042659 11.736
 84   295.314 55154.36849381 35.51  17.166295  -1.045959 11.736
 84   294.987 55154.36849446 29.18  17.165569  -1.049267  4.835
 84   294.940 55154.36849510 27.09  17.164839  -1.052567  4.835
 84   295.234 55154.36849575 25.67  17.164119  -1.055877  4.835
 84   295.450 55154.36849639 33.67  17.163389  -1.059177  4.835
 85   295.227 55189.36848687 37.36  17.167139  -1.042334 13.392
 85   295.087 55189.36848752 31.90  17.166419  -1.045644 13.392
 85   294.959 55189.36848816 28.57  17.165689  -1.048944 13.392
 85   294.748 55189.36848880 28.57  17.164959  -1.052254 13.392
 85   295.018 55189.36848945 29.05  17.164239  -1.055554 13.392
 85   295.252 55189.36849009 39.52  17.163509  -1.058864 13.392
 86   294.231 55224.36849316 51.50  17.167289  -1.042972 14.379
 86   294.256 55224.36849380 51.52  17.166562  -1.046277 16.188
 86   294.253 55224.36849444 50.45  17.165832  -1.049587 16.188
 86   294.241 55224.36849509 52.04  17.165112  -1.052887 16.188
 86   294.234 55224.36849573 50.49  17.164382  -1.056197 16.188
 86   294.252 55224.36849638 49.35  17.163652  -1.059497 16.188
 87   293.434 55259.36848250 50.32  17.169077  -1.040486 12.479
 87   293.519 55259.36848315 52.70  17.168357  -1.043786 12.479
 87   293.331 55259.36848379 45.83  17.167627  -1.047096 12.479
 87   293.102 55259.36848444 39.78  17.166897  -1.050406 12.479
 87   293.171 55259.36848508 37.93  17.166177  -1.053706 12.479
 87   293.196 55259.36848573 34.36  17.165447  -1.057016 12.479
 87   293.135 55259.36848637 34.03  17.164717  -1.060316 12.479
 88   293.603 55294.36847862 14.74  17.168215  -1.041860  8.158
 88   293.349 55294.36847926 14.30  17.167485  -1.045170  8.158
 88   311.255 55294.36847991 13.55  17.166765  -1.048480  8.158
 88   293.456 55294.36848055 13.56  17.166035  -1.051780  8.158
 88   293.706 55294.36848120 14.29  17.165311  -1.055089  3.381
 88   293.841 55294.36848184 17.06  17.164581  -1.058389  3.381
 89   293.709 55329.36846526 20.34  17.165582  -1.044226  3.579
 89   293.245 55329.36846591 23.77  17.164853  -1.047531 11.860
 89   293.541 55329.36846655 25.11  17.164123  -1.050841 11.860
 89   293.701 55329.36846720 32.34  17.163403  -1.054141 11.860
 89   293.807 55329.36846784 41.74  17.162673  -1.057451 11.860
 89   293.967 55329.36846848 47.61  17.161953  -1.060751 11.860
 90   293.683 55364.36845936 15.11  17.168583  -1.040956 11.929
 90   293.528 55364.36846001 15.17  17.167853  -1.044266 11.929
 90   293.444 55364.36846065 13.13  17.167127  -1.047572  3.644
 90   293.414 55364.36846130 12.13  17.166397  -1.050882  3.644
 90   293.663 55364.36846194 12.93  17.165677  -1.054182  3.644
 90   293.863 55364.36846259 13.54  17.164947  -1.057492  3.644
 90   294.153 55364.36846323 17.00  17.164217  -1.060792  3.644
 91   309.988 55399.36846944 13.34  17.167876  -1.041495  4.911
 91   310.930 55399.36847009 13.08  17.167143  -1.044802  3.387
 91   310.927 55399.36847073 12.94  17.166423  -1.048112  3.387
 91   311.880 55399.36847138 14.50  17.165693  -1.051412  3.387
 91   311.743 55399.36847202 14.13  17.164963  -1.054722  3.387
 91   312.049 55399.36847266 14.61  17.164243  -1.058022  3.387
 92   293.312 55434.36847499 16.08  17.170578  -1.039834  9.145
 92   293.355 55434.36847563 13.41  17.169858  -1.043144  9.145
 92   293.421 55434.36847628 13.66  17.169128  -1.046444  9.145
 92   293.416 55434.36847692 12.65  17.168400  -1.049751  3.554
 92   293.497 55434.36847757 12.05  17.167670  -1.053061  3.554
 92   293.621 55434.36847821 12.84  17.166950  -1.056361  3.554
 92   293.725 55434.36847886 20.56  17.166220  -1.059671  3.554
 93   294.491 55469.36843066 41.44  17.169644  -1.039863 18.410
 93   294.522 55469.36843131 37.45  17.168914  -1.043173 18.410
 93   294.191 55469.36843195 26.29  17.168194  -1.046483 18.410
 93   293.892 55469.36843260 21.66  17.167464  -1.049783 18.410
 93   293.672 55469.36843324 21.95  17.166742  -1.053090  7.335
 93   293.125 55469.36843389 22.87  17.166012  -1.056400  7.335
 93   294.472 55469.36843453 29.56  17.165292  -1.059700  7.335
