#  356.022  -0.534   1.881 ;Mean Elev.(m), Avg Gradient(m/km), RMS Gradient(m/km) - SRTM1     
#  357.371   1.088   7.228 ;Mean Elev.(m), Avg Gradient(m/km), RMS Gradient(m/km) - ASTER GDEM
#  356.926  -0.693   3.645 ;Mean Elev.(m), Avg Gradient(m/km), RMS Gradient(m/km) - GMTED2010 
  7   351.647 52466.35407254 46.45  22.843411   1.897627 10.535
  7   351.753 52466.35407318 38.88  22.842691   1.894327 10.535
  7   351.721 52466.35407383 38.09  22.841961   1.891017 10.535
  8   351.557 52501.35406573 51.73  22.843027   1.898043 32.692
  8   351.602 52501.35406637 51.68  22.842307   1.894743 32.692
  8   351.563 52501.35406702 50.32  22.841577   1.891433 32.692
  9   351.979 52536.35405180 42.67  22.843085   1.900694 21.101
  9   351.880 52536.35405244 34.71  22.842355   1.897394 21.101
  9   351.791 52536.35405308 27.72  22.841629   1.894082  6.997
 10   352.356 52571.35408687 45.30  22.842775   1.900590 39.716
 10   352.393 52571.35408751 50.17  22.842055   1.897280 39.716
 10   352.412 52571.35408816 50.87  22.841325   1.893980 39.716
 11   353.584 52606.35405216 50.86  22.845061   1.898162 21.735
 11   353.591 52606.35405281 53.70  22.844341   1.894862 21.735
 11   353.603 52606.35405345 50.84  22.843611   1.891552 21.735
 12   353.374 52641.35404512 50.16  22.842660   1.899953 21.544
 12   353.398 52641.35404576 51.39  22.841930   1.896653 21.544
 12   353.413 52641.35404641 51.20  22.841200   1.893343 21.544
 13   352.514 52676.35403473 51.67  22.844906   1.897482 41.519
 13   352.530 52676.35403537 53.15  22.844176   1.894172 41.519
 13   352.555 52676.35403602 49.01  22.843456   1.890872 41.519
 14   351.704 52711.35406133 52.25  22.842449   1.898556 18.047
 14   351.740 52711.35406198 51.38  22.841729   1.895256 18.047
 14   351.776 52711.35406262 48.70  22.840999   1.891946 18.047
 15   351.862 52746.35408794 47.90  22.836319   1.903148 17.263
 15   351.914 52746.35408858 50.62  22.835589   1.899838 17.263
 15   351.888 52746.35408923 50.23  22.834859   1.896538 17.263
 16   352.481 52781.35402656 52.12  22.842284   1.898401 42.539
 16   352.458 52781.35402720 52.98  22.841554   1.895091 42.539
 16   352.330 52781.35402785 50.49  22.840834   1.891791 42.539
 17   351.732 52816.35410722 51.09  22.841193   1.898552 19.405
 17   351.769 52816.35410787 51.44  22.840463   1.895242 19.405
 18   351.635 52851.35415848 20.71  22.844392   1.898012  9.553
 18   351.654 52851.35415912 21.46  22.843662   1.894712  9.553
 18   352.128 52851.35415977 20.79  22.842932   1.891402  9.553
 19   352.319 52886.35419250 50.14  22.840519   1.901219 37.702
 19   352.336 52886.35419314 53.44  22.839782   1.897906 16.489
 19   352.363 52886.35419379 50.89  22.839062   1.894606 16.489
 20   352.374 52921.35414852 51.69  22.843731   1.898619 39.364
 20   352.382 52921.35414916 52.36  22.842999   1.895315 17.192
 20   352.380 52921.35414980 49.45  22.842279   1.892015 17.192
 21   352.990 52956.35411405 51.77  22.848637   1.894193 21.481
 21   353.006 52956.35411470 54.07  22.847907   1.890883 21.481
 22   353.478 52991.35413101 52.36  22.849384   1.897997 32.469
 22   353.497 52991.35413165 52.00  22.848654   1.894697 32.469
 22   353.525 52991.35413230 53.58  22.847934   1.891387 32.469
 23   352.505 53026.35409785 49.16  22.851059   1.893338 14.910
 23   352.592 53026.35409850 54.08  22.850339   1.890038 14.910
 25   351.699 53096.35413406 50.77  22.838164   1.901510 39.060
 25   351.654 53096.35413470 52.14  22.837434   1.898200 39.060
 26   352.533 53131.35410800 50.81  22.850514   1.891897 42.131
 26   352.561 53131.35410864 52.93  22.849794   1.888583 10.236
 28   350.704 53201.35418291 33.10  22.843417   1.899701 17.192
 28   350.773 53201.35418355 41.88  22.842687   1.896391 17.192
 28   350.794 53201.35418420 45.35  22.841957   1.893091 17.192
 29   351.422 53236.35415333 31.33  22.850052   1.892757  9.604
 29   351.241 53236.35415397 30.15  22.849322   1.889457  9.604
 30   351.200 53271.35411176 44.47  22.845735   1.896865 21.262
 30   351.253 53271.35411240 44.29  22.845005   1.893565 21.262
 30   351.318 53271.35411305 46.19  22.844275   1.890255 21.262
 31   351.907 53306.35417523 51.73  22.838233   1.901001 34.731
 31   351.881 53306.35417587 53.25  22.837503   1.897701 34.731
 32   352.986 53341.35414304 53.63  22.843409   1.899390 32.792
 32   352.998 53341.35414368 54.67  22.842679   1.896090 32.792
 32   353.008 53341.35414433 49.74  22.841949   1.892780 32.792
 33   352.814 53376.35407418 52.19  22.846616   1.898603 36.460
 33   352.797 53376.35407482 54.04  22.845886   1.895293 36.460
 33   352.805 53376.35407546 51.54  22.845156   1.891993 36.460
 34   351.923 53411.35411799 52.37  22.847641   1.899228 31.350
 34   351.900 53411.35411864 52.21  22.846911   1.895928 31.350
 34   351.948 53411.35411928 53.07  22.846181   1.892618 31.350
 34   351.969 53411.35411993 50.20  22.845461   1.889318 31.350
 35   351.546 53446.35410047 52.50  22.843538   1.897572 29.934
 35   351.601 53446.35410111 51.16  22.842808   1.894262 29.934
 35   351.619 53446.35410176 48.69  22.842088   1.890962 29.934
 36   352.028 53481.35418473 51.08  22.838375   1.902917 32.793
 36   352.023 53481.35418538 53.16  22.837645   1.899617 32.793
 36   351.986 53481.35418602 48.85  22.836915   1.896307 32.793
 37   352.028 53516.35418913 51.71  22.844078   1.897019 31.398
 37   352.021 53516.35418977 52.27  22.843348   1.893709 31.398
 38   351.549 53551.35420882 50.03  22.838789   1.902566 34.270
 38   351.558 53551.35420947 51.81  22.838059   1.899266 34.270
 38   351.526 53551.35421011 50.89  22.837329   1.895956 34.270
 39   351.050 53586.35416592 50.89  22.846716   1.897792 32.968
 39   351.070 53586.35416656 52.20  22.845986   1.894492 32.968
 39   351.013 53586.35416721 51.18  22.845256   1.891182 32.968
 40   351.415 53621.35412790 51.89  22.838130   1.899864 43.332
 40   351.371 53621.35412855 50.80  22.837400   1.896564 43.332
 41   351.487 53656.35415662 50.43  22.842456   1.898410 27.801
 41   351.513 53656.35415726 50.43  22.841726   1.895100 27.801
 41   351.527 53656.35415791 46.83  22.841006   1.891800 27.801
 42   353.058 53691.35414489 51.80  22.842118   1.899622 33.371
 42   353.082 53691.35414554 53.42  22.841388   1.896322 33.371
 42   353.114 53691.35414618 49.65  22.840658   1.893012 33.371
 43   352.331 53726.35406895 51.97  22.846079   1.897268 29.056
 43   352.338 53726.35406959 52.07  22.845349   1.893968 29.056
 43   352.323 53726.35407024 48.98  22.844619   1.890658 29.056
 45   351.561 53796.35403316 46.50  22.847793   1.899216 27.918
 45   351.609 53796.35403380 51.27  22.847063   1.895916 27.918
 45   351.650 53796.35403445 51.24  22.846333   1.892606 27.918
 45   351.652 53796.35403509 47.05  22.845613   1.889306 27.918
 47   351.302 53866.35409064 24.19  22.841912   1.899310 16.303
 47   351.612 53866.35409128 28.83  22.841192   1.896000 16.303
 47   351.468 53866.35409193 26.16  22.840462   1.892700 16.303
 49   350.882 53936.35415833 32.09  22.835018   1.903780  9.998
 49   350.626 53936.35415898 13.90  22.834288   1.900470  9.998
 49   350.604 53936.35415962 14.01  22.833568   1.897160  9.998
 50   351.308 53971.35412527 31.71  22.840343   1.901648 24.629
 50   351.394 53971.35412592 44.28  22.839613   1.898348 24.629
 50   351.351 53971.35412656 42.17  22.838893   1.895038 24.629
 51   351.952 54006.35410656 44.96  22.846846   1.899436 30.740
 51   351.954 54006.35410721 50.30  22.846116   1.896126 30.740
 51   351.964 54006.35410785 52.27  22.845386   1.892826 30.740
 52   352.500 54041.35413488 38.33  22.848133   1.898024 23.940
 52   352.494 54041.35413552 43.26  22.847413   1.894714 23.940
 52   352.500 54041.35413617 48.21  22.846683   1.891414 23.940
 53   354.143 54076.35412933 50.43  22.844252   1.897564 31.404
 53   354.164 54076.35412997 52.52  22.843532   1.894254 31.404
 53   354.196 54076.35413062 48.79  22.842802   1.890954 31.404
 54   353.100 54111.35406999 51.56  22.843348   1.899624 31.509
 54   353.113 54111.35407063 53.57  22.842618   1.896314 31.509
 54   353.131 54111.35407128 52.30  22.841898   1.893004 31.509
 55   352.458 54146.35406978 52.15  22.844148   1.899718 27.989
 55   352.481 54146.35407042 53.23  22.843428   1.896408 27.989
 55   352.500 54146.35407107 52.82  22.842698   1.893108 27.989
 56   352.492 54181.35405757 51.67  22.843154   1.897701 22.357
 56   352.510 54181.35405822 49.95  22.842424   1.894391 22.357
 56   352.552 54181.35405886 49.18  22.841704   1.891081 22.357
 57   352.402 54216.35407759 48.89  22.843428   1.899632 21.384
 57   352.448 54216.35407823 52.22  22.842698   1.896332 21.384
 57   352.475 54216.35407888 50.52  22.841978   1.893022 21.384
 58   352.178 54251.35410436 51.85  22.843252   1.897813 21.732
 58   352.206 54251.35410500 51.41  22.842522   1.894503 21.732
 58   352.233 54251.35410565 46.76  22.841802   1.891203 21.732
 59   351.709 54286.35411026 45.78  22.845858   1.899836 23.555
 59   351.752 54286.35411090 50.55  22.845128   1.896526 23.555
 59   351.797 54286.35411155 49.95  22.844398   1.893226 23.555
 60   351.834 54321.35410715 13.27  22.845954   1.899591 10.519
 60   351.706 54321.35410780 12.06  22.845224   1.896291 10.519
 60   351.835 54321.35410844 12.58  22.844494   1.892981 10.519
 61   352.119 54356.35406800 52.89  22.844973   1.897037 27.553
 61   352.206 54356.35406864 52.26  22.844243   1.893727 27.553
 61   352.318 54356.35406929 52.08  22.843513   1.890427 27.553
 62   353.080 54391.35404830 51.28  22.844958   1.898112 22.932
 62   353.117 54391.35404894 50.48  22.844228   1.894812 22.932
 62   353.159 54391.35404959 46.29  22.843508   1.891502 22.932
 63   353.269 54426.35401836 50.24  22.844671   1.897157 20.602
 63   353.315 54426.35401901 51.53  22.843941   1.893847 20.602
 63   353.372 54426.35401965 45.79  22.843221   1.890537 20.602
 64   353.299 54461.35402515 52.23  22.845279   1.898378 28.378
 64   353.375 54461.35402580 54.62  22.844549   1.895068 28.378
 64   353.344 54461.35402644 52.32  22.843829   1.891758 28.378
 65   352.974 54496.35402483 48.94  22.845666   1.899941 31.831
 65   353.007 54496.35402547 52.87  22.844946   1.896641 31.831
 65   353.045 54496.35402612 50.59  22.844216   1.893331 31.831
 66   352.255 54531.35403801 50.51  22.846425   1.898935 36.366
 66   352.288 54531.35403866 50.57  22.845695   1.895635 36.366
 66   352.290 54531.35403930 51.37  22.844975   1.892325 36.366
 67   352.208 54566.35403008 50.41  22.844700   1.899411 30.816
 67   352.353 54566.35403073 51.37  22.843970   1.896101 30.816
 67   352.360 54566.35403137 53.35  22.843250   1.892801 30.816
 68   351.661 54601.35403320 51.98  22.844274   1.899196 37.914
 68   351.687 54601.35403384 53.63  22.843544   1.895886 37.914
 68   351.698 54601.35403448 52.78  22.842814   1.892586 37.914
 69   351.966 54636.35404506 47.79  22.843425   1.900704 37.216
 69   351.994 54636.35404570 49.14  22.842695   1.897394 37.216
 69   352.023 54636.35404635 49.06  22.841965   1.894094 37.216
 70   351.397 54671.35404856 48.04  22.843688   1.900465 31.876
 70   351.414 54671.35404920 52.97  22.842968   1.897165 31.876
 70   351.454 54671.35404985 51.66  22.842238   1.893855 31.876
 71   351.784 54706.35400987 48.52  22.845703   1.897284 28.123
 71   351.857 54706.35401051 48.18  22.844973   1.893974 28.123
 71   351.919 54706.35401115 46.56  22.844253   1.890674 28.123
 72   352.120 54741.35401359 52.27  22.844515   1.898256 30.978
 72   352.088 54741.35401424 51.75  22.843785   1.894956 30.978
 72   352.122 54741.35401488 49.98  22.843065   1.891646 30.978
 73   352.721 54776.35399116 52.64  22.845976   1.899565 35.932
 73   352.755 54776.35399180 51.23  22.845256   1.896265 35.932
 73   352.787 54776.35399245 52.42  22.844526   1.892955 35.932
 74   352.813 54811.35400678 41.05  22.844411   1.897718 24.453
 74   352.808 54811.35400742 32.20  22.843681   1.894418 24.453
 74   352.467 54811.35400806 24.69  22.842961   1.891108 24.453
 75   352.302 54846.35399081 52.19  22.844565   1.899617 34.637
 75   352.335 54846.35399146 54.22  22.843845   1.896317 34.637
 75   352.381 54846.35399210 53.23  22.843115   1.893007 34.637
 76   352.536 54881.35401046 53.68  22.843116   1.898686 37.658
 76   352.581 54881.35401110 52.22  22.842386   1.895376 37.658
 76   352.624 54881.35401175 49.33  22.841666   1.892076 37.658
 77   351.971 54916.35399400 27.90  22.842214   1.899076 21.211
 77   352.013 54916.35399465 30.08  22.841494   1.895776 21.211
 77   351.960 54916.35399529 27.07  22.840764   1.892466 21.211
 78   352.591 54951.35400269 48.06  22.843494   1.899858 29.624
 78   352.601 54951.35400334 52.45  22.842774   1.896558 29.624
 78   352.639 54951.35400398 48.96  22.842044   1.893248 29.624
 79   352.517 54986.35402820 40.37  22.841779   1.897929 28.238
 79   352.533 54986.35402884 46.27  22.841049   1.894629 28.238
 80   351.828 55021.35402096 50.21  22.845690   1.897687 28.554
 80   351.898 55021.35402161 50.90  22.844960   1.894377 28.554
 80   351.970 55021.35402225 46.32  22.844230   1.891077 28.554
 81   351.359 55056.35401748 52.50  22.845028   1.897921 33.994
 81   351.413 55056.35401813 50.61  22.844308   1.894621 33.994
 81   351.454 55056.35401877 50.81  22.843578   1.891311 33.994
 82   351.578 55091.35397564 52.10  22.843413   1.897499 31.627
 82   351.643 55091.35397629 50.29  22.842683   1.894189 31.627
 82   351.715 55091.35397693 46.93  22.841963   1.890889 31.627
 83   352.580 55126.35395743 45.94  22.844426   1.896905 37.932
 83   352.650 55126.35395808 45.46  22.843696   1.893595 37.932
 84   353.427 55161.35393684 51.37  22.843620   1.897627 34.915
 84   353.425 55161.35393748 51.02  22.842900   1.894327 34.915
 84   353.530 55161.35393813 46.52  22.842170   1.891017 34.915
 85   353.176 55196.35394750 50.63  22.844220   1.898720 37.636
 85   353.185 55196.35394814 52.44  22.843490   1.895420 37.636
 85   353.248 55196.35394879 50.68  22.842770   1.892110 37.636
 86   352.700 55231.35394034 51.37  22.843251   1.898785 34.848
 86   352.718 55231.35394099 51.58  22.842531   1.895485 34.848
 86   352.774 55231.35394163 50.52  22.841801   1.892175 34.848
 87   353.312 55266.35394224 48.88  22.845051   1.899588 39.240
 87   353.327 55266.35394289 50.66  22.844321   1.896288 39.240
 87   353.325 55266.35394353 53.53  22.843601   1.892978 39.240
 88   353.271 55301.35392065 52.76  22.845418   1.898852 33.011
 88   353.272 55301.35392129 50.17  22.844688   1.895552 33.011
 88   353.299 55301.35392194 52.94  22.843958   1.892242 33.011
 89   353.018 55336.35391756 51.39  22.844115   1.899656 35.440
 89   353.035 55336.35391820 53.15  22.843395   1.896356 35.440
 89   353.050 55336.35391885 51.63  22.842665   1.893046 35.440
 90   352.435 55371.35390835 46.65  22.844897   1.896982 31.321
 90   352.421 55371.35390900 50.48  22.844167   1.893672 31.321
 90   352.464 55371.35390964 44.49  22.843437   1.890372 31.321
 91   352.166 55406.35392703 51.90  22.845721   1.897462 36.140
 91   352.226 55406.35392767 49.88  22.844991   1.894152 36.140
 91   352.196 55406.35392832 51.96  22.844261   1.890852 36.140
 92   351.467 55441.35392674 50.99  22.845218   1.898452 33.235
 92   351.517 55441.35392739 49.43  22.844498   1.895152 33.235
 92   351.551 55441.35392803 51.97  22.843768   1.891842 33.235
 93   351.733 55476.35386965 51.37  22.845531   1.899063 30.663
 93   351.767 55476.35387030 49.45  22.844801   1.895753 30.663
 93   351.804 55476.35387094 52.57  22.844081   1.892453 30.663
