#  326.065  -0.365   1.639 ;Mean Elev.(m), Avg Gradient(m/km), RMS Gradient(m/km) - SRTM1     
#  325.556  -0.131   4.365 ;Mean Elev.(m), Avg Gradient(m/km), RMS Gradient(m/km) - ASTER GDEM
#  329.067  -1.576   4.135 ;Mean Elev.(m), Avg Gradient(m/km), RMS Gradient(m/km) - GMTED2010 
  7   330.779 52451.85889490 50.85  20.518840   2.017098 35.673
  7   330.729 52451.85889554 51.85  20.518110   2.020398 35.673
  7   330.894 52451.85889618 51.18  20.517390   2.023708 35.673
  7   330.895 52451.85889683 44.55  20.516660   2.027008 35.673
  8   330.530 52486.85887736 53.36  20.526334   2.020035 35.992
  8   330.530 52486.85887800 53.03  20.525604   2.023345 35.992
  8   330.548 52486.85887864 52.02  20.524874   2.026645 35.992
  9   330.725 52521.85884690 41.14  20.525067   2.020965 26.266
  9   330.794 52521.85884754 40.71  20.524337   2.024275 26.266
 11   331.858 52591.85889083 50.02  20.522145   2.016255 37.979
 11   331.840 52591.85889147 52.58  20.521415   2.019555 37.979
 11   331.885 52591.85889212 52.41  20.520685   2.022865 37.979
 11   331.894 52591.85889276 51.54  20.519965   2.026165 37.979
 12   332.824 52626.85880711 51.86  20.535229   2.017885 43.217
 12   332.804 52626.85880776 51.49  20.534499   2.021195 43.217
 12   332.695 52626.85880840 52.69  20.533779   2.024495 43.217
 12   332.709 52626.85880904 52.35  20.533049   2.027805 43.217
 13   331.537 52661.85885504 49.84  20.524860   2.019584 28.472
 13   331.530 52661.85885569 51.88  20.524130   2.022894 28.472
 13   331.524 52661.85885633 52.75  20.523410   2.026194 28.472
 14   330.664 52696.85883300 28.87  20.528309   2.021038 17.928
 14   330.283 52696.85883365 19.60  20.527579   2.024338 17.928
 15   331.119 52731.85885676 47.57  20.533306   2.017606 24.787
 15   331.244 52731.85885741 50.66  20.532576   2.020916 24.787
 15   331.223 52731.85885805 50.21  20.531846   2.024216 24.787
 15   331.226 52731.85885870 46.47  20.531126   2.027526 24.787
 16   331.864 52766.85886607 51.75  20.521558   2.017164 38.351
 16   331.835 52766.85886672 50.23  20.520828   2.020464 38.351
 16   331.887 52766.85886736 52.54  20.520098   2.023774 38.351
 16   331.900 52766.85886801 50.43  20.519378   2.027074 38.351
 17   330.786 52801.85887271 51.41  20.526388   2.021491 37.793
 17   330.803 52801.85887336 53.82  20.525658   2.024801 37.793
 18   331.347 52836.85893811 51.06  20.528278   2.019720 34.575
 18   331.363 52836.85893875 51.66  20.527558   2.023020 34.575
 18   331.336 52836.85893940 51.14  20.526828   2.026330 34.575
 19   330.893 52871.85897880 51.54  20.528036   2.021344 34.942
 19   330.917 52871.85897944 51.56  20.527316   2.024644 34.942
 20   331.847 52906.85897100 52.82  20.528001   2.020687 34.791
 20   331.831 52906.85897165 51.82  20.527271   2.023987 34.791
 21   331.670 52941.85890047 52.10  20.530198   2.019378 34.707
 21   331.622 52941.85890112 53.15  20.529478   2.022678 34.707
 21   331.674 52941.85890176 51.95  20.528748   2.025988 34.707
 23   331.091 53011.85895430 26.79  20.522499   2.019412 24.637
 23   331.401 53011.85895495 27.19  20.521769   2.022712 24.637
 23   331.659 53011.85895559 36.89  20.521039   2.026022 24.637
 24   331.315 53046.85892082 51.00  20.524408   2.019506 30.239
 24   331.324 53046.85892146 51.77  20.523678   2.022816 30.239
 24   331.341 53046.85892211 51.75  20.522958   2.026116 30.239
 25   330.865 53081.85895441 52.28  20.520584   2.015341 36.325
 25   330.889 53081.85895506 52.54  20.519854   2.018641 36.325
 25   331.002 53081.85895570 51.84  20.519124   2.021951 36.325
 25   331.045 53081.85895635 51.57  20.518404   2.025251 36.325
 26   330.944 53116.85892558 51.05  20.521190   2.019067 31.552
 26   330.976 53116.85892623 51.61  20.520460   2.022377 31.552
 26   331.063 53116.85892687 51.86  20.519740   2.025677 31.552
 27   330.714 53151.85897448 52.07  20.520716   2.018372 34.780
 27   330.720 53151.85897512 48.29  20.519986   2.021682 34.780
 27   330.746 53151.85897576 51.21  20.519266   2.024982 34.780
 28   330.201 53186.85896076 54.12  20.533931   2.018571 40.404
 28   330.187 53186.85896140 52.57  20.533201   2.021881 40.404
 28   330.188 53186.85896204 52.65  20.532481   2.025181 40.404
 28   330.197 53186.85896269 54.89  20.531751   2.028491 40.404
 29   329.898 53221.85898500 46.30  20.527512   2.018545 25.466
 29   329.957 53221.85898564 45.07  20.526782   2.021845 25.466
 29   330.006 53221.85898629 45.97  20.526052   2.025155 25.466
 30   329.762 53256.85896127 18.50  20.521850   2.018430 15.576
 30   330.688 53256.85896191 17.37  20.521120   2.021730 15.576
 30   331.253 53256.85896256 17.56  20.520390   2.025040 15.576
 31   330.585 53291.85897696 25.13  20.518696   2.016619 15.023
 31   330.445 53291.85897760 26.25  20.517966   2.019929 15.023
 31   330.467 53291.85897825 25.78  20.517246   2.023229 15.023
 31   330.957 53291.85897889 25.56  20.516516   2.026539 15.023
 32   331.713 53326.85895145 52.49  20.529031   2.019585 37.909
 32   331.649 53326.85895209 51.30  20.528301   2.022895 37.909
 32   331.689 53326.85895274 53.00  20.527581   2.026195 37.909
 33   332.134 53361.85890764 47.60  20.530466   2.018971 27.382
 33   332.044 53361.85890829 38.86  20.529736   2.022271 27.382
 33   331.925 53361.85890893 35.50  20.529006   2.025581 27.382
 35   328.954 53431.85891986  2.20  20.529201   2.018185  2.282
 35   328.327 53431.85892051  1.83  20.528471   2.021485  2.282
 35   327.581 53431.85892115  0.75  20.527741   2.024795  2.282
 36   331.284 53466.85895387 52.04  20.525478   2.020380 31.736
 36   331.253 53466.85895451 52.86  20.524758   2.023680 31.736
 36   331.217 53466.85895516 47.65  20.524028   2.026990 31.736
 37   330.538 53501.85900805 28.12  20.520398   2.016588 18.737
 37   330.659 53501.85900870 20.75  20.519668   2.019888 18.737
 37   330.406 53501.85900934 18.27  20.518938   2.023198 18.737
 37   330.608 53501.85900999 17.13  20.518218   2.026498 18.737
 38   330.525 53536.85900005 51.68  20.526456   2.018062 38.548
 38   330.535 53536.85900070 51.28  20.525726   2.021372 38.548
 38   330.548 53536.85900134 52.60  20.525006   2.024672 38.548
 39   330.029 53571.85900537 51.79  20.521358   2.017305 39.392
 39   330.077 53571.85900602 53.25  20.520628   2.020605 39.392
 39   330.084 53571.85900666 53.80  20.519898   2.023915 39.392
 39   330.086 53571.85900731 51.71  20.519178   2.027215 39.392
 40   330.762 53606.85895445 17.28  20.525546   2.021305  9.548
 40   330.768 53606.85895509 17.81  20.524816   2.024615  9.548
 41   330.679 53641.85895473 50.50  20.523559   2.019778 38.039
 41   330.691 53641.85895537 51.92  20.522829   2.023088 38.039
 41   330.685 53641.85895602 50.25  20.522109   2.026388 38.039
 42   331.557 53676.85897315 53.82  20.521359   2.016656 36.973
 42   331.577 53676.85897379 49.83  20.520629   2.019956 36.973
 42   331.620 53676.85897444 50.29  20.519899   2.023266 36.973
 42   331.647 53676.85897508 51.76  20.519179   2.026566 36.973
 43   331.773 53711.85890260 51.60  20.530077   2.019213 35.559
 43   331.744 53711.85890324 51.35  20.529347   2.022513 35.559
 43   331.740 53711.85890389 51.34  20.528617   2.025823 35.559
 44   330.705 53746.85881423 53.33  20.529462   2.019529 44.321
 44   330.717 53746.85881487 51.97  20.528742   2.022829 44.321
 44   330.734 53746.85881552 51.97  20.528012   2.026139 44.321
 45   330.494 53781.85884525 51.10  20.530264   2.019257 28.866
 45   330.511 53781.85884590 51.15  20.529534   2.022557 28.866
 45   330.530 53781.85884654 50.34  20.528804   2.025867 28.866
 46   330.485 53816.85881181 22.06  20.529368   2.019660  9.101
 46   330.521 53816.85881246 22.93  20.528648   2.022970  9.101
 46   330.715 53816.85881310 29.85  20.527918   2.026270  9.101
 47   331.272 53851.85888286 46.22  20.522032   2.017693 20.485
 47   331.175 53851.85888351 45.94  20.521302   2.021003 20.485
 47   331.293 53851.85888415 46.81  20.520572   2.024303 20.485
 48   331.676 53886.85888901 50.85  20.534650   2.019859 38.808
 48   331.680 53886.85888965 50.93  20.533920   2.023159 38.808
 48   331.668 53886.85889030 50.34  20.533190   2.026469 38.808
 49   329.821 53921.85896031 51.10  20.517491   2.014495 31.649
 49   329.890 53921.85896096 48.85  20.516761   2.017795 31.649
 49   329.930 53921.85896160 42.53  20.516041   2.021105 31.649
 49   329.635 53921.85896225 26.82  20.515311   2.024405 31.649
 49   329.603 53921.85896289 24.07  20.514581   2.027715 31.649
 50   330.175 53956.85895632 50.11  20.518345   2.016917 37.943
 50   330.195 53956.85895697 52.29  20.517615   2.020227 37.943
 50   330.190 53956.85895761 52.32  20.516895   2.023537 37.943
 50   330.178 53956.85895826 50.42  20.516165   2.026837 37.943
 51   330.393 53991.85887789 53.33  20.529465   2.018527 41.643
 51   330.399 53991.85887853 53.85  20.528735   2.021837 41.643
 51   330.411 53991.85887918 52.35  20.528015   2.025137 41.643
 52   330.769 54026.85894271 37.19  20.527009   2.019640 17.687
 52   330.729 54026.85894336 37.77  20.526289   2.022950 17.687
 52   330.729 54026.85894400 37.70  20.525559   2.026250 17.687
 53   332.484 54061.85893535 49.41  20.531660   2.018179 37.671
 53   332.345 54061.85893600 51.63  20.530930   2.021489 37.671
 53   332.420 54061.85893664 51.01  20.530210   2.024799 37.671
 53   332.415 54061.85893729 49.21  20.529480   2.028099 37.671
 55   331.682 54131.85885764 50.93  20.526771   2.018746 36.390
 55   331.659 54131.85885829 53.85  20.526041   2.022056 36.390
 55   331.521 54131.85885893 53.30  20.525311   2.025356 36.390
 56   331.100 54166.85888061 29.51  20.524504   2.020593 21.161
 56   330.933 54166.85888125 26.58  20.523784   2.023903 21.161
 57   330.985 54201.85886076 52.05  20.525676   2.019701 30.214
 57   331.008 54201.85886141 50.72  20.524946   2.023011 30.214
 57   331.019 54201.85886205 50.98  20.524216   2.026311 30.214
 58   331.627 54236.85889713 52.73  20.527035   2.020016 33.124
 58   331.614 54236.85889778 51.09  20.526305   2.023316 33.124
 58   331.625 54236.85889842 51.69  20.525575   2.026626 33.124
 59   331.364 54271.85891727 53.38  20.526821   2.019540 36.068
 59   331.385 54271.85891791 49.46  20.526091   2.022850 36.068
 59   331.417 54271.85891856 52.31  20.525361   2.026160 36.068
 60   330.533 54306.85891927 53.82  20.526677   2.019575 34.354
 60   330.502 54306.85891991 50.10  20.525957   2.022885 34.354
 60   330.523 54306.85892055 52.12  20.525227   2.026185 34.354
 61   331.089 54341.85889989 52.52  20.527366   2.020175 32.829
 61   331.128 54341.85890053 50.85  20.526646   2.023485 32.829
 61   331.150 54341.85890118 50.54  20.525916   2.026785 32.829
 62   331.136 54376.85885421 50.80  20.526159   2.019887 33.587
 62   331.132 54376.85885485 49.07  20.525429   2.023187 33.587
 62   331.179 54376.85885550 49.59  20.524699   2.026497 33.587
 63   331.957 54411.85884654 50.99  20.526063   2.018990 34.856
 63   331.925 54411.85884718 52.84  20.525343   2.022300 34.856
 63   332.001 54411.85884783 51.44  20.524613   2.025600 34.856
 64   332.318 54446.85881857 50.94  20.526525   2.018265 35.098
 64   332.340 54446.85881922 49.25  20.525805   2.021575 35.098
 64   332.347 54446.85881986 51.62  20.525075   2.024875 35.098
 66   331.286 54516.85883270 53.07  20.527304   2.019316 35.126
 66   331.311 54516.85883334 51.66  20.526574   2.022626 35.126
 66   331.322 54516.85883399 51.29  20.525844   2.025926 35.126
 67   330.667 54551.85885176 21.72  20.525804   2.020794  9.117
 67   330.692 54551.85885240 20.26  20.525074   2.024104  9.117
 68   331.248 54586.85882870 52.55  20.526753   2.018171 36.388
 68   331.199 54586.85882935 50.47  20.526023   2.021481 36.388
 68   331.249 54586.85882999 52.16  20.525293   2.024781 36.388
 69   331.005 54621.85884738 52.36  20.526116   2.018495 36.112
 69   330.980 54621.85884802 50.74  20.525386   2.021805 36.112
 69   331.004 54621.85884866 51.53  20.524656   2.025105 36.112
 70   329.750 54656.85885704 33.28  20.524593   2.019466 31.275
 70   329.992 54656.85885769 32.99  20.523863   2.022776 31.275
 70   330.227 54656.85885833 35.72  20.523133   2.026076 31.275
 71   330.694 54691.85884068 29.01  20.526371   2.018290 12.709
 71   330.470 54691.85884132 24.76  20.525651   2.021590 12.709
 71   330.567 54691.85884197 27.86  20.524921   2.024900 12.709
 72   330.743 54726.85880972 49.79  20.526676   2.020759 33.652
 72   330.755 54726.85881036 49.50  20.525946   2.024069 33.652
 73   331.395 54761.85881803 49.02  20.525049   2.021096 35.959
 73   331.395 54761.85881868 52.72  20.524319   2.024406 35.959
 74   332.697 54796.85880190 51.46  20.525481   2.019006 40.382
 74   332.665 54796.85880255 50.70  20.524751   2.022316 40.382
 74   332.688 54796.85880319 49.27  20.524021   2.025616 40.382
 75   331.490 54831.85881891 52.71  20.525721   2.019950 36.487
 75   331.476 54831.85881956 50.18  20.524991   2.023260 36.487
 75   331.487 54831.85882020 52.16  20.524261   2.026560 36.487
 76   331.427 54866.85879817 51.50  20.526597   2.020538 37.758
 76   331.379 54866.85879881 51.71  20.525867   2.023838 37.758
 77   331.178 54901.85881673 53.08  20.524751   2.017866 37.486
 77   331.169 54901.85881738 51.85  20.524031   2.021166 37.486
 77   331.157 54901.85881802 51.14  20.523301   2.024476 37.486
 78   331.273 54936.85878756 49.85  20.526835   2.020034 34.922
 78   331.245 54936.85878821 51.98  20.526105   2.023344 34.922
 78   331.244 54936.85878885 50.52  20.525375   2.026644 34.922
 79   331.680 54971.85882143 50.07  20.526068   2.020544 38.581
 79   331.620 54971.85882208 52.74  20.525338   2.023844 38.581
 80   330.650 55006.85883906 51.24  20.524240   2.019522 35.491
 80   330.615 55006.85883970 51.34  20.523510   2.022832 35.491
 80   330.633 55006.85884035 49.40  20.522780   2.026132 35.491
 81   330.211 55041.85882754 53.95  20.526705   2.020258 38.446
 81   330.215 55041.85882818 50.53  20.525975   2.023568 38.446
 81   330.227 55041.85882883 48.15  20.525245   2.026868 38.446
 82   330.524 55076.85880814 48.78  20.525824   2.020592 36.635
 82   330.540 55076.85880878 51.21  20.525094   2.023902 36.635
 83   331.052 55111.85876005 41.24  20.526362   2.019770 25.581
 83   330.937 55111.85876069 31.28  20.525632   2.023080 25.581
 83   330.784 55111.85876133 26.66  20.524902   2.026380 25.581
 84   331.758 55146.85876104 51.29  20.525102   2.017820 36.273
 84   331.677 55146.85876168 52.01  20.524382   2.021120 36.273
 84   331.702 55146.85876233 50.30  20.523652   2.024430 36.273
 85   332.120 55181.85873932 50.42  20.525879   2.020978 26.229
 85   332.116 55181.85873996 51.27  20.525159   2.024278 26.229
 86   332.056 55216.85875638 52.60  20.525828   2.020382 38.235
 86   332.029 55216.85875702 51.57  20.525098   2.023692 38.235
 86   332.054 55216.85875767 48.92  20.524368   2.026992 38.235
 87   331.317 55251.85873507 41.31  20.527916   2.019423 25.311
 87   331.317 55251.85873572 39.56  20.527186   2.022733 25.311
 87   331.235 55251.85873636 33.70  20.526456   2.026033 25.311
 88   331.862 55286.85874934 52.02  20.525354   2.018144 41.387
 88   331.891 55286.85874998 50.53  20.524634   2.021444 41.387
 88   331.959 55286.85875063 52.86  20.523904   2.024754 41.387
 89   331.887 55321.85872503 51.11  20.524614   2.018154 39.161
 89   331.831 55321.85872567 50.98  20.523884   2.021464 39.161
 89   331.749 55321.85872631 52.92  20.523154   2.024764 39.161
 90   331.391 55356.85872466 50.60  20.525338   2.019121 38.438
 90   331.397 55356.85872530 51.43  20.524608   2.022431 38.438
 90   331.385 55356.85872595 50.71  20.523878   2.025731 38.438
 91   330.800 55391.85872595 51.18  20.525631   2.018841 38.665
 91   330.812 55391.85872659 50.24  20.524901   2.022151 38.665
 91   330.820 55391.85872724 49.79  20.524171   2.025451 38.665
 92   330.843 55426.85874097 46.44  20.527011   2.018516 29.828
 92   330.816 55426.85874162 43.85  20.526291   2.021816 29.828
 92   330.782 55426.85874226 35.98  20.525561   2.025126 29.828
 93   331.260 55461.85870717 50.38  20.527935   2.019018 32.743
 93   331.267 55461.85870782 51.00  20.527215   2.022318 32.743
 93   331.298 55461.85870846 51.48  20.526485   2.025628 32.743
