#  282.057  -2.788   9.178 ;Mean Elev.(m), Avg Gradient(m/km), RMS Gradient(m/km) - SRTM1     
#  272.603  -3.582   9.267 ;Mean Elev.(m), Avg Gradient(m/km), RMS Gradient(m/km) - ASTER GDEM
#  281.848  -2.911   9.140 ;Mean Elev.(m), Avg Gradient(m/km), RMS Gradient(m/km) - GMTED2010 
  7   285.351 52444.87208843 25.14  16.370282  -2.008400 12.921
  7   284.695 52444.87208907 18.37  16.369552  -2.005100 12.921
  7   284.967 52444.87208972 17.68  16.368832  -2.001790 12.921
  8   284.936 52479.87208174 51.77  16.375055  -2.004548 47.066
  8   284.930 52479.87208239 52.41  16.374335  -2.001248 47.066
  8   284.998 52479.87208303 46.02  16.373605  -1.997938 47.066
  9   285.425 52514.87202937 50.36  16.385484  -2.002817 44.510
  9   285.333 52514.87203002 51.19  16.384764  -1.999517 44.510
  9   285.401 52514.87203066 51.41  16.384034  -1.996207 44.510
  9   285.273 52514.87203131 50.88  16.383304  -1.992907 44.510
  9   285.326 52514.87203260 51.77  16.381854  -1.986297 44.510
  9   285.388 52514.87203324 53.50  16.381124  -1.982987 44.510
 10   286.319 52549.87207507 49.73  16.375709  -2.002729 43.747
 10   286.423 52549.87207571 50.53  16.374979  -1.999419 43.747
 11   287.351 52584.87205703 50.84  16.385926  -2.001073 48.422
 11   287.309 52584.87205767 47.61  16.385196  -1.997773 48.422
 11   287.300 52584.87205832 51.44  16.384466  -1.994463 48.422
 11   287.324 52584.87205896 50.44  16.383746  -1.991163 48.422
 11   287.359 52584.87206025 50.40  16.382286  -1.984553 48.422
 11   287.295 52584.87206090 53.05  16.381566  -1.981243 48.422
 12   288.229 52619.87203619 49.35  16.376979  -2.003603 48.415
 12   288.316 52619.87203684 51.29  16.376249  -2.000293 48.415
 12   288.318 52619.87203748 53.33  16.375529  -1.996993 48.415
 13   288.086 52654.87202465 50.89  16.385949  -2.000228 45.564
 13   287.695 52654.87202529 51.19  16.385219  -1.996918 45.564
 13   287.735 52654.87202594 49.46  16.384489  -1.993618 45.564
 13   287.752 52654.87202658 50.98  16.383769  -1.990308 45.564
 13   287.621 52654.87202723 48.64  16.383039  -1.987008 45.564
 13   287.725 52654.87202787 52.84  16.382309  -1.983698 45.564
 13   287.670 52654.87202852 51.66  16.381589  -1.980398 45.564
 14   285.332 52689.87201864 31.08  16.378833  -2.000691 25.580
 14   285.600 52689.87201929 31.15  16.378113  -1.997391 25.580
 14   285.278 52689.87202122 24.00  16.375933  -1.987471 25.580
 15   285.040 52724.87206286 52.75  16.379885  -1.999479 28.325
 15   285.036 52724.87206350 50.04  16.379155  -1.996179 28.325
 15   285.045 52724.87206479 50.02  16.377705  -1.989569 28.325
 15   285.043 52724.87206543 48.29  16.376975  -1.986259 28.325
 16   285.252 52759.87207998 50.33  16.369379  -2.008140 47.665
 16   285.068 52759.87208062 52.17  16.368649  -2.004830 47.665
 16   285.201 52759.87208127 49.03  16.367929  -2.001530 47.665
 17   285.756 52794.87203707 48.00  16.384030  -2.001146 45.445
 17   285.641 52794.87203771 50.05  16.383300  -1.997836 45.445
 17   285.728 52794.87203835 50.52  16.382580  -1.994536 45.445
 17   285.666 52794.87203900 48.19  16.381850  -1.991226 45.445
 17   285.713 52794.87203964 48.46  16.381120  -1.987926 45.445
 17   285.743 52794.87204029 50.73  16.380390  -1.984616 45.445
 17   285.609 52794.87204093 49.80  16.379670  -1.981316 45.445
 18   285.704 52829.87210341 53.95  16.386275  -2.003528 43.336
 18   285.935 52829.87210405 51.28  16.385545  -2.000228 43.336
 18   285.723 52829.87210470 52.20  16.384815  -1.996918 43.336
 18   285.617 52829.87210534 50.49  16.384095  -1.993618 43.336
 18   285.687 52829.87210599 50.12  16.383365  -1.990308 43.336
 18   285.546 52829.87210663 49.75  16.382635  -1.987008 43.336
 18   285.697 52829.87210728 52.05  16.381905  -1.983698 43.336
 18   285.573 52829.87210792 51.71  16.381185  -1.980398 43.336
 19   285.825 52864.87214795 52.03  16.387778  -2.001916 43.021
 19   286.012 52864.87214859 53.55  16.387048  -1.998616 43.021
 19   285.898 52864.87214924 51.33  16.386318  -1.995306 43.021
 19   285.833 52864.87214988 51.76  16.385598  -1.992006 43.021
 19   285.859 52864.87215053 49.27  16.384868  -1.988696 43.021
 19   285.920 52864.87215117 53.25  16.384138  -1.985396 43.021
 19   285.848 52864.87215182 53.20  16.383408  -1.982086 43.021
 19   285.809 52864.87215246 49.61  16.382688  -1.978786 43.021
 20   286.217 52899.87217698 50.76  16.378074  -2.003082 47.792
 20   286.310 52899.87217762 52.30  16.377354  -1.999782 47.792
 20   286.351 52899.87217826 52.23  16.376624  -1.996472 47.792
 20   286.277 52899.87217955 50.71  16.375174  -1.989862 47.792
 21   286.955 52934.87211982 30.73  16.377301  -2.004048 36.247
 21   286.765 52934.87212046 26.80  16.376571  -2.000738 36.247
 21   286.863 52934.87212111 40.54  16.375851  -1.997438 36.247
 22   287.495 52969.87213725 29.02  16.379440  -2.001894 41.093
 22   287.643 52969.87213789 38.61  16.378710  -1.998594 41.093
 22   287.564 52969.87213854 44.41  16.377990  -1.995284 41.093
 22   287.735 52969.87213983 44.51  16.376530  -1.988674 41.093
 23   287.088 53004.87215432 42.20  16.373676  -2.004341 45.067
 23   287.123 53004.87215496 36.68  16.372956  -2.001041 45.067
 24   285.966 53039.87210457 50.73  16.376669  -2.003280 45.341
 24   285.940 53039.87210522 51.58  16.375939  -1.999970 45.341
 25   284.723 53074.87213574 52.44  16.376542  -2.003036 46.000
 25   284.862 53074.87213639 49.45  16.375812  -1.999726 46.000
 26   284.533 53109.87210559 52.61  16.374013  -2.003473 44.007
 26   284.581 53109.87210624 51.34  16.373283  -2.000163 44.007
 27   285.043 53144.87214767 24.15  16.377276  -2.001958 22.763
 27   285.081 53144.87214831 37.90  16.376556  -1.998658 22.763
 28   284.784 53179.87216061 46.24  16.382936  -2.002805 41.512
 28   284.714 53179.87216126 52.46  16.382206  -1.999505 41.512
 28   284.581 53179.87216190 53.05  16.381476  -1.996195 41.512
 28   284.809 53179.87216255 46.81  16.380746  -1.992895 41.512
 28   284.564 53179.87216384 52.41  16.379296  -1.986285 41.512
 28   284.653 53179.87216448 52.37  16.378566  -1.982975 41.512
 29   284.562 53214.87218247 51.01  16.377787  -2.003016 43.519
 29   284.405 53214.87218312 54.47  16.377057  -1.999716 43.519
 29   284.362 53214.87218376 48.66  16.376327  -1.996406 43.519
 30   285.231 53249.87215290 27.25  16.378878  -1.999963 30.922
 30   285.391 53249.87215354 34.58  16.378148  -1.996653 30.922
 30   285.139 53249.87215483 26.64  16.376698  -1.990043 30.922
 30   285.284 53249.87215548 22.93  16.375968  -1.986743 30.922
 31   285.794 53284.87214886 52.00  16.375331  -2.005157 47.161
 31   285.803 53284.87214951 52.11  16.374601  -2.001847 47.161
 31   285.847 53284.87215015 51.31  16.373881  -1.998547 47.161
 32   287.094 53319.87213506 51.76  16.386254  -2.001382 45.817
 32   287.167 53319.87213570 53.63  16.385534  -1.998072 45.817
 32   287.174 53319.87213635 51.47  16.384804  -1.994772 45.817
 32   286.976 53319.87213699 50.75  16.384074  -1.991462 45.817
 32   286.998 53319.87213828 53.52  16.382624  -1.984852 45.817
 32   287.263 53319.87213892 49.24  16.381894  -1.981552 45.817
 33   287.333 53354.87210252 22.77  16.385638  -2.003283 26.591
 33   287.034 53354.87210316 23.36  16.384908  -1.999973 26.591
 33   287.072 53354.87210381 25.06  16.384188  -1.996673 26.591
 33   287.313 53354.87210445 26.10  16.383458  -1.993363 26.591
 33   287.427 53354.87210510 34.82  16.382728  -1.990063 26.591
 33   287.444 53354.87210574 28.16  16.382008  -1.986753 26.591
 33   287.222 53354.87210639 28.65  16.381278  -1.983453 26.591
 33   287.356 53354.87210703 41.81  16.380548  -1.980143 26.591
 34   286.059 53389.87210885 52.81  16.378764  -2.002202 47.098
 34   286.169 53389.87210949 50.67  16.378034  -1.998892 47.098
 34   286.034 53389.87211014 49.41  16.377314  -1.995592 47.098
 34   286.222 53389.87211143 50.84  16.375854  -1.988982 47.098
 35   284.559 53424.87210687 52.07  16.384972  -2.001123 41.133
 35   284.678 53424.87210751 52.68  16.384242  -1.997813 41.133
 35   284.557 53424.87210816 51.15  16.383512  -1.994513 41.133
 35   284.667 53424.87210880 48.33  16.382792  -1.991203 41.133
 35   284.641 53424.87210945 46.20  16.382062  -1.987903 41.133
 35   284.616 53424.87211009 50.79  16.381332  -1.984593 41.133
 35   284.677 53424.87211074 48.59  16.380612  -1.981293 41.133
 36   284.755 53459.87211187 45.28  16.385470  -2.000897 34.912
 36   284.647 53459.87211252 44.46  16.384740  -1.997587 34.912
 36   284.575 53459.87211316 46.12  16.384010  -1.994287 34.912
 36   284.712 53459.87211381 45.29  16.383290  -1.990977 34.912
 36   284.579 53459.87211445 44.87  16.382560  -1.987677 34.912
 36   284.566 53459.87211510 48.76  16.381830  -1.984367 34.912
 36   284.616 53459.87211574 43.05  16.381110  -1.981067 34.912
 37   284.785 53494.87219692 52.75  16.372626  -2.004777 45.311
 37   284.756 53494.87219756 50.80  16.371896  -2.001477 45.311
 38   285.210 53529.87217187 50.47  16.385926  -2.003424 42.043
 38   285.253 53529.87217251 50.93  16.385206  -2.000124 42.043
 38   285.368 53529.87217316 51.52  16.384476  -1.996814 42.043
 38   285.290 53529.87217380 51.19  16.383746  -1.993514 42.043
 38   285.220 53529.87217445 48.85  16.383026  -1.990204 42.043
 38   285.267 53529.87217509 51.44  16.382296  -1.986904 42.043
 38   285.264 53529.87217574 53.25  16.381566  -1.983594 42.043
 38   285.453 53529.87217638 51.36  16.380846  -1.980294 42.043
 39   285.119 53564.87220232 52.38  16.373901  -2.005445 44.645
 39   285.067 53564.87220296 52.13  16.373181  -2.002145 44.645
 39   285.208 53564.87220361 48.13  16.372451  -1.998835 44.645
 40   285.065 53599.87214424 45.84  16.382737  -2.004078 39.005
 40   284.926 53599.87214489 50.17  16.382017  -2.000778 39.005
 40   284.943 53599.87214553 51.08  16.381287  -1.997468 39.005
 40   285.011 53599.87214618 46.18  16.380557  -1.994168 39.005
 40   284.844 53599.87214747 50.98  16.379107  -1.987558 39.005
 40   284.933 53599.87214811 50.68  16.378377  -1.984248 39.005
 41   285.885 53634.87214144 51.80  16.375994  -2.002522 44.316
 41   285.811 53634.87214209 53.20  16.375264  -1.999212 44.316
 42   286.223 53669.87216280 45.04  16.374478  -2.002379 41.257
 42   286.229 53669.87216345 47.29  16.373748  -1.999069 41.257
 43   287.343 53704.87209910 37.24  16.386089  -2.002506 28.032
 43   287.471 53704.87209975 33.24  16.385359  -1.999196 28.032
 43   287.138 53704.87210039 27.85  16.384639  -1.995896 28.032
 43   287.331 53704.87210104 34.25  16.383909  -1.992586 28.032
 43   287.436 53704.87210168 33.29  16.383179  -1.989286 28.032
 43   287.203 53704.87210233 27.91  16.382459  -1.985976 28.032
 43   287.263 53704.87210297 27.35  16.381729  -1.982676 28.032
 44   286.300 53739.87200982 49.30  16.384685  -2.002527 44.294
 44   286.337 53739.87201047 49.56  16.383955  -1.999217 44.294
 44   286.275 53739.87201111 47.24  16.383225  -1.995917 44.294
 44   286.305 53739.87201175 48.30  16.382505  -1.992607 44.294
 44   286.077 53739.87201304 53.80  16.381055  -1.985997 44.294
 44   286.228 53739.87201369 47.20  16.380325  -1.982697 44.294
 45   284.006 53774.87202960 17.94  16.385880  -2.003328 17.339
 45   284.314 53774.87203024 18.31  16.385150  -2.000028 17.339
 45   284.303 53774.87203088 19.72  16.384430  -1.996718 17.339
 45   284.904 53774.87203153 20.25  16.383700  -1.993418 17.339
 45   285.437 53774.87203217 23.27  16.382970  -1.990108 17.339
 45   284.814 53774.87203282 20.11  16.382240  -1.986808 17.339
 45   284.865 53774.87203346 23.02  16.381520  -1.983498 17.339
 45   284.804 53774.87203411 35.03  16.380790  -1.980198 17.339
 46   283.995 53809.87201281 17.20  16.382695  -2.001735  8.940
 46   283.864 53809.87201346 17.28  16.381965  -1.998435  8.940
 46   284.335 53809.87201410 16.91  16.381235  -1.995125  8.940
 46   284.395 53809.87201539 17.35  16.379785  -1.988515  8.940
 46   284.610 53809.87201604 20.05  16.379055  -1.985215  8.940
 46   284.567 53809.87201668 19.84  16.378335  -1.981905  8.940
 47   284.728 53844.87205552 51.17  16.377724  -2.004098 41.360
 47   284.605 53844.87205616 51.87  16.377004  -2.000788 41.360
 47   284.801 53844.87205681 50.38  16.376274  -1.997488 41.360
 47   284.894 53844.87205810 52.65  16.374814  -1.990878 41.360
 48   284.908 53879.87208371 46.65  16.383993  -2.003450 39.832
 48   284.850 53879.87208436 49.52  16.383263  -2.000150 39.832
 48   284.732 53879.87208500 51.50  16.382533  -1.996840 39.832
 48   284.678 53879.87208565 49.47  16.381813  -1.993540 39.832
 48   284.750 53879.87208693 48.98  16.380353  -1.986930 39.832
 48   284.700 53879.87208758 51.95  16.379623  -1.983620 39.832
 49   285.003 53914.87214069 52.19  16.372955  -2.004037 50.048
 49   284.996 53914.87214133 51.61  16.372225  -2.000727 50.048
 50   284.747 53949.87215042 41.63  16.371311  -2.005509 47.499
 50   284.657 53949.87215106 36.18  16.370581  -2.002209 47.499
 51   285.447 53984.87208845 51.35  16.379238  -2.001062 33.405
 51   285.387 53984.87208910 49.88  16.378508  -1.997762 33.405
 51   285.425 53984.87209103 49.61  16.376328  -1.987842 33.405
 52   286.183 54019.87212533 52.79  16.380529  -1.999101 46.342
 52   286.173 54019.87212598 50.40  16.379799  -1.995801 46.342
 52   286.123 54019.87212727 51.01  16.378339  -1.989191 46.342
 52   286.248 54019.87212791 52.18  16.377619  -1.985881 46.342
 53   287.021 54054.87211545 49.57  16.388591  -2.000536 45.806
 53   287.073 54054.87211609 52.02  16.387871  -1.997226 45.806
 53   287.193 54054.87211674 49.64  16.387141  -1.993926 45.806
 53   287.162 54054.87211738 53.31  16.386411  -1.990616 45.806
 53   287.115 54054.87211803 48.57  16.385691  -1.987316 45.806
 53   287.150 54054.87211867 51.57  16.384961  -1.984006 45.806
 53   287.140 54054.87211932 48.55  16.384231  -1.980706 45.806
 54   288.016 54089.87210431 49.49  16.381033  -1.999849 46.839
 54   287.885 54089.87210495 49.10  16.380303  -1.996549 46.839
 54   287.997 54089.87210689 50.17  16.378123  -1.986629 46.839
 54   288.143 54089.87210753 49.77  16.377393  -1.983329 46.839
 55   286.697 54124.87203106 29.43  16.380938  -1.999855 22.144
 55   286.306 54124.87203170 27.80  16.380208  -1.996555 22.144
 55   286.127 54124.87203364 29.55  16.378028  -1.986635 22.144
 55   286.361 54124.87203428 32.79  16.377298  -1.983335 22.144
 57   284.841 54194.87203284 41.97  16.380239  -1.999022 33.387
 57   284.665 54194.87203348 41.15  16.379509  -1.995712 33.387
 57   284.554 54194.87203477 33.48  16.378056  -1.989102 36.526
 57   284.705 54194.87203542 38.03  16.377326  -1.985802 36.526
 58   285.141 54229.87208380 48.61  16.379744  -2.000635 39.417
 58   285.154 54229.87208445 51.97  16.379014  -1.997325 39.417
 58   285.216 54229.87208638 44.80  16.376834  -1.987415 39.417
 59   285.592 54264.87210181 48.93  16.380583  -2.002068 40.610
 59   285.651 54264.87210245 51.81  16.379853  -1.998758 40.610
 59   285.520 54264.87210310 49.96  16.379123  -1.995458 40.610
 59   285.525 54264.87210439 54.37  16.377673  -1.988848 40.610
 59   285.484 54264.87210503 55.28  16.376943  -1.985538 40.610
 60   285.067 54299.87210485 44.63  16.382227  -2.005121 37.721
 60   285.221 54299.87210550 48.29  16.381497  -2.001811 37.721
 60   285.175 54299.87210614 51.48  16.380777  -1.998511 37.721
 60   285.105 54299.87210679 48.50  16.380047  -1.995201 37.721
 60   285.217 54299.87210808 50.89  16.378597  -1.988591 37.721
 60   285.130 54299.87210872 50.90  16.377867  -1.985291 37.721
 61   285.536 54334.87209505 53.16  16.380831  -2.001508 39.348
 61   285.700 54334.87209569 50.42  16.380111  -1.998208 39.348
 61   285.533 54334.87209634 47.62  16.379381  -1.994898 39.348
 61   285.558 54334.87209763 52.99  16.377931  -1.988288 39.348
 61   285.744 54334.87209827 51.67  16.377201  -1.984988 39.348
 63   287.408 54404.87203943 50.75  16.379444  -1.999790 39.680
 63   287.491 54404.87204007 48.01  16.378714  -1.996480 39.680
 63   287.264 54404.87204136 52.30  16.377264  -1.989870 39.680
 63   287.693 54404.87204201 50.01  16.376534  -1.986570 39.680
 64   287.935 54439.87199634 49.21  16.380715  -2.002172 41.206
 64   287.976 54439.87199698 51.02  16.379985  -1.998862 41.206
 64   287.911 54439.87199763 47.24  16.379255  -1.995562 41.206
 64   288.013 54439.87199892 49.14  16.377805  -1.988952 41.206
 64   288.028 54439.87199956 52.40  16.377075  -1.985642 41.206
 65   287.522 54474.87202572 48.27  16.382124  -2.002578 45.586
 65   287.370 54474.87202636 52.50  16.381394  -1.999278 45.586
 65   287.454 54474.87202701 49.79  16.380674  -1.995968 45.586
 65   287.463 54474.87202830 49.74  16.379214  -1.989358 45.586
 65   287.481 54474.87202894 52.54  16.378484  -1.986058 45.586
 65   287.459 54474.87202959 49.95  16.377764  -1.982748 45.586
 66   285.899 54509.87201008 52.97  16.380962  -2.001421 34.782
 66   285.950 54509.87201072 50.78  16.380232  -1.998111 34.782
 66   285.780 54509.87201137 48.32  16.379502  -1.994811 34.782
 66   285.909 54509.87201266 51.40  16.378052  -1.988201 34.782
 66   285.882 54509.87201330 51.64  16.377322  -1.984891 34.782
 67   284.963 54544.87204006 50.89  16.380877  -2.002003 40.011
 67   285.032 54544.87204070 52.68  16.380147  -1.998703 40.011
 67   284.917 54544.87204135 51.75  16.379427  -1.995393 40.011
 67   284.939 54544.87204264 50.78  16.377967  -1.988783 40.011
 67   284.934 54544.87204328 52.32  16.377247  -1.985483 40.011
 68   284.294 54579.87200846 24.82  16.380828  -1.999634 12.026
 68   284.755 54579.87200910 24.27  16.380108  -1.996324 12.026
 68   284.926 54579.87201039 25.53  16.378648  -1.989714 12.026
 68   284.929 54579.87201104 36.96  16.377928  -1.986414 12.026
 68   285.179 54579.87201168 41.59  16.377198  -1.983104 12.026
 69   285.187 54614.87203090 51.19  16.380622  -1.998849 38.988
 69   285.142 54614.87203154 49.39  16.379892  -1.995549 38.988
 69   285.136 54614.87203283 50.04  16.378442  -1.988939 38.988
 69   285.335 54614.87203348 45.58  16.377712  -1.985629 38.988
 70   285.224 54649.87204121 52.55  16.378601  -2.001653 43.280
 70   285.222 54649.87204186 51.03  16.377871  -1.998353 43.280
 70   285.355 54649.87204379 48.30  16.375691  -1.988433 43.280
 71   284.473 54684.87203663 22.23  16.379564  -2.000258 26.985
 71   284.715 54684.87203727 22.80  16.378844  -1.996948 26.985
 71   285.090 54684.87203921 36.24  16.376664  -1.987038 26.985
 72   286.197 54719.87198505 41.15  16.382217  -2.004647 26.350
 72   286.787 54719.87198569 29.26  16.381487  -2.001337 26.350
 72   285.861 54719.87198634 22.10  16.380757  -1.998037 26.350
 72   286.024 54719.87198698 19.44  16.380027  -1.994727 26.350
 72   285.889 54719.87198827 21.27  16.378577  -1.988117 26.350
 72   285.945 54719.87198892 24.43  16.377847  -1.984817 26.350
 73   286.627 54754.87201021 51.29  16.379904  -2.001765 44.229
 73   286.616 54754.87201086 50.85  16.379184  -1.998455 44.229
 73   286.737 54754.87201150 46.53  16.378454  -1.995155 44.229
 73   286.632 54754.87201279 52.23  16.377004  -1.988545 44.229
 73   286.591 54754.87201344 51.03  16.376274  -1.985235 44.229
 74   287.338 54789.87197855 52.60  16.379422  -2.000833 40.803
 74   287.268 54789.87197920 48.57  16.378692  -1.997523 40.803
 74   287.139 54789.87198113 52.34  16.376512  -1.987613 40.803
 75   287.584 54824.87200607 52.16  16.380715  -2.001490 42.005
 75   287.570 54824.87200672 51.08  16.379985  -1.998180 42.005
 75   287.365 54824.87200736 51.19  16.379255  -1.994880 42.005
 75   287.539 54824.87200865 53.31  16.377805  -1.988270 42.005
 75   287.582 54824.87200929 51.51  16.377075  -1.984960 42.005
 76   285.749 54859.87197157 37.30  16.382232  -2.004509 30.808
 76   286.009 54859.87197221 34.89  16.381502  -2.001199 30.808
 76   285.762 54859.87197286 37.41  16.380772  -1.997899 30.808
 76   285.741 54859.87197350 37.41  16.380042  -1.994589 30.808
 76   285.788 54859.87197479 42.34  16.378592  -1.987979 30.808
 76   285.687 54859.87197544 39.37  16.377862  -1.984679 30.808
 77   285.762 54894.87200726 51.30  16.378706  -2.001157 36.397
 77   285.582 54894.87200791 51.09  16.377986  -1.997847 36.397
 77   285.509 54894.87200984 51.93  16.375806  -1.987937 36.397
 78   284.772 54929.87197071 53.18  16.378874  -2.001682 43.085
 78   284.852 54929.87197135 50.16  16.378154  -1.998382 43.085
 78   284.703 54929.87197329 52.50  16.375974  -1.988462 43.085
 79   285.328 54964.87200789 23.85  16.379597  -2.002824 28.227
 79   285.470 54964.87200853 31.55  16.378877  -1.999514 28.227
 79   285.400 54964.87200918 37.90  16.378147  -1.996214 28.227
 79   285.403 54964.87201047 49.49  16.376697  -1.989604 28.227
 79   285.436 54964.87201111 53.90  16.375967  -1.986294 28.227
 80   285.711 54999.87202791 51.32  16.377605  -2.003321 34.888
 80   285.768 54999.87202855 49.57  16.376885  -2.000011 34.888
 80   285.881 54999.87202920 46.52  16.376155  -1.996711 34.888
 81   285.463 55034.87201373 50.57  16.380887  -2.001052 39.854
 81   285.428 55034.87201437 48.04  16.380167  -1.997752 39.854
 81   285.427 55034.87201502 45.06  16.379437  -1.994442 39.854
 81   285.303 55034.87201631 52.20  16.377987  -1.987832 39.854
 81   285.487 55034.87201695 51.05  16.377257  -1.984532 39.854
 82   285.145 55069.87200416 34.46  16.379877  -2.000698 32.815
 82   285.081 55069.87200480 27.52  16.379157  -1.997388 32.815
 82   285.313 55069.87200674 38.23  16.376977  -1.987478 32.815
 83   286.095 55104.87194516 50.70  16.378962  -2.001473 42.200
 83   286.145 55104.87194581 50.74  16.378232  -1.998163 42.200
 83   286.157 55104.87194774 52.95  16.376052  -1.988253 42.200
 84   286.896 55139.87195124 24.78  16.380012  -2.000489 29.794
 84   286.734 55139.87195188 30.59  16.379282  -1.997189 29.794
 84   286.936 55139.87195382 31.57  16.377102  -1.987269 29.794
 85   287.735 55174.87191109 37.45  16.382349  -2.003936 40.761
 85   287.721 55174.87191173 33.83  16.381619  -2.000626 40.761
 85   287.744 55174.87191238 39.51  16.380889  -1.997326 40.761
 85   287.638 55174.87191302 45.01  16.380159  -1.994016 40.761
 85   287.815 55174.87191431 45.75  16.378709  -1.987406 40.761
 85   287.806 55174.87191495 46.35  16.377979  -1.984106 40.761
 87   285.648 55244.87191856 51.13  16.379409  -1.999654 38.769
 87   285.675 55244.87191920 50.31  16.378679  -1.996354 38.769
 87   285.738 55244.87192049 53.33  16.377219  -1.989744 38.769
 87   285.870 55244.87192114 48.83  16.376499  -1.986434 38.769
 88   285.601 55279.87194045 50.99  16.379156  -2.000457 42.360
 88   285.508 55279.87194109 49.96  16.378436  -1.997147 42.360
 88   285.518 55279.87194302 53.36  16.376256  -1.987237 42.360
 89   286.342 55314.87190589 23.86  16.379491  -2.002511 11.384
 89   285.493 55314.87190653 22.69  16.378761  -1.999211 11.384
 89   285.795 55314.87190718 25.81  16.378031  -1.995901 11.384
 89   286.012 55314.87190847 29.80  16.376581  -1.989291 11.384
 89   285.685 55314.87190911 29.14  16.375851  -1.985991 11.384
 90   285.706 55349.87191192 51.20  16.380392  -2.002500 42.331
 90   285.759 55349.87191256 51.45  16.379672  -1.999190 42.331
 90   285.801 55349.87191321 49.53  16.378942  -1.995890 42.331
 90   285.811 55349.87191450 50.60  16.377492  -1.989280 42.331
 90   285.833 55349.87191514 51.24  16.376762  -1.985970 42.331
 91   285.713 55384.87190507 50.79  16.378851  -2.000272 37.818
 91   285.591 55384.87190571 47.50  16.378131  -1.996972 37.818
 91   285.639 55384.87190700 50.95  16.376671  -1.990362 37.818
 91   285.736 55384.87190765 50.13  16.375951  -1.987052 37.818
 92   284.958 55419.87193052 19.90  16.380849  -2.001453 13.443
 92   284.796 55419.87193117 21.26  16.380129  -1.998143 13.443
 92   285.331 55419.87193181 20.41  16.379399  -1.994843 13.443
 92   285.021 55419.87193310 21.34  16.377949  -1.988233 13.443
 92   285.352 55419.87193375 21.36  16.377219  -1.984923 13.443
 93   285.659 55454.87190845 49.25  16.379982  -2.000156 43.837
 93   285.571 55454.87190910 47.24  16.379252  -1.996856 43.837
 93   285.598 55454.87191103 48.27  16.377072  -1.986936 43.837
 94   286.304 55489.87182686 52.47  16.381161  -2.000703 43.680
 94   286.376 55489.87182750 49.95  16.380431  -1.997403 43.680
 94   286.229 55489.87182815 49.07  16.379711  -1.994093 43.680
 94   286.503 55489.87182944 50.98  16.378251  -1.987483 43.680
 94   286.314 55489.87183008 50.89  16.377531  -1.984183 43.680
