#  338.205  -1.034   3.490 ;Mean Elev.(m), Avg Gradient(m/km), RMS Gradient(m/km) - SRTM1     
#  352.955  -1.165   4.276 ;Mean Elev.(m), Avg Gradient(m/km), RMS Gradient(m/km) - ASTER GDEM
#  340.132  -1.054   3.562 ;Mean Elev.(m), Avg Gradient(m/km), RMS Gradient(m/km) - GMTED2010 
  7   338.682 52467.85687910 20.46  21.253260   1.971000 13.865
  7   338.407 52467.85687975 21.41  21.252530   1.974310 13.865
  7   338.436 52467.85688039 23.69  21.251800   1.977610 13.865
  8   336.835 52502.85686907 54.17  21.253033   1.971621 27.724
  8   337.017 52502.85686972 54.42  21.252303   1.974931 27.724
  8   337.058 52502.85687036 50.72  21.251583   1.978231 27.724
  9   337.651 52537.85685449 53.77  21.253636   1.975184 19.664
  9   337.688 52537.85685514 51.57  21.252906   1.978484 19.664
 10   337.884 52572.85689279 51.98  21.252010   1.969827 16.392
 10   337.972 52572.85689344 55.38  21.251290   1.973127 16.392
 10   337.942 52572.85689408 50.99  21.250562   1.976439 24.383
 11   339.110 52607.85685176 46.64  21.255691   1.976847 25.895
 11   339.043 52607.85685241 43.76  21.254961   1.980147 25.895
 12   339.249 52642.85684780 53.45  21.253089   1.971881 28.905
 12   339.299 52642.85684844 52.88  21.252359   1.975191 28.905
 12   339.288 52642.85684909 48.29  21.251639   1.978491 28.905
 13   338.099 52677.85683270 55.77  21.256400   1.977091 25.126
 13   338.061 52677.85683335 54.18  21.255680   1.980391 25.126
 14   337.078 52712.85686779 54.00  21.252043   1.972825 29.128
 14   337.076 52712.85686843 51.49  21.251313   1.976135 29.128
 15   337.280 52747.85689251 52.59  21.246543   1.965261 31.146
 15   337.253 52747.85689315 53.63  21.245813   1.968571 31.146
 16   337.816 52782.85683360 49.26  21.252613   1.969835 24.491
 16   337.830 52782.85683425 48.45  21.251893   1.973135 24.491
 16   337.849 52782.85683489 42.22  21.251163   1.976445 24.491
 17   337.073 52817.85691192 54.19  21.251965   1.970079 27.108
 17   337.057 52817.85691257 52.63  21.251245   1.973379 27.108
 17   337.109 52817.85691321 49.81  21.250515   1.976689 27.108
 18   337.482 52852.85696273 54.71  21.254729   1.974906 23.766
 18   337.525 52852.85696338 52.69  21.253999   1.978216 23.766
 18   337.585 52852.85696402 47.74  21.253269   1.981516 23.766
 20   338.203 52922.85695082 53.72  21.253826   1.972754 25.730
 20   338.325 52922.85695147 54.22  21.253106   1.976054 25.730
 20   338.202 52922.85695211 49.09  21.252376   1.979364 25.730
 21   338.569 52957.85691775 54.23  21.258433   1.979830 25.020
 21   338.579 52957.85691839 53.17  21.257703   1.983130 25.020
 22   338.966 52992.85694164 52.32  21.256317   1.978784 26.203
 22   338.941 52992.85694229 51.48  21.255597   1.982094 26.203
 23   337.863 53027.85690692 51.29  21.258456   1.977938 26.606
 23   337.747 53027.85690756 52.61  21.257726   1.981238 26.606
 23   337.787 53027.85690821 54.02  21.257006   1.984548 26.606
 24   337.267 53062.85691572 51.77  21.258917   1.979884 23.996
 24   337.311 53062.85691636 52.25  21.258187   1.983194 23.996
 25   336.505 53097.85693291 20.19  21.249757   1.968665 12.694
 25   336.660 53097.85693356 23.14  21.249027   1.971965 12.694
 25   336.636 53097.85693420 23.53  21.248297   1.975275 12.694
 26   337.873 53132.85691357 45.51  21.260581   1.980508 23.482
 26   337.808 53132.85691422 43.78  21.259861   1.983818 23.482
 26   337.847 53132.85691486 44.94  21.259131   1.987118 23.482
 28   335.958 53202.85698834 49.93  21.252855   1.973104 27.205
 28   336.133 53202.85698898 50.87  21.252125   1.976414 27.205
 29   336.827 53237.85695786 50.05  21.259459   1.979448 22.561
 29   336.770 53237.85695850 54.90  21.258729   1.982748 22.561
 29   336.723 53237.85695915 48.95  21.258009   1.986058 22.561
 30   336.866 53272.85691584 49.78  21.256126   1.975510 26.313
 30   336.726 53272.85691649 56.84  21.255396   1.978810 26.313
 30   336.688 53272.85691713 51.92  21.254666   1.982120 26.313
 31   336.994 53307.85697601 24.82  21.249617   1.969092 13.051
 31   336.619 53307.85697666 27.61  21.248887   1.972402 13.051
 31   336.542 53307.85697730 28.00  21.248167   1.975702 13.051
 32   338.472 53342.85694361 55.94  21.253728   1.974225 25.988
 32   338.331 53342.85694426 51.50  21.253008   1.977525 25.988
 33   338.289 53377.85688262 55.01  21.257344   1.977629 25.677
 33   338.384 53377.85688326 49.67  21.256614   1.980939 25.677
 33   338.421 53377.85688391 46.69  21.255894   1.984239 25.677
 34   337.330 53412.85692003 51.78  21.257533   1.977466 23.988
 34   337.349 53412.85692068 52.29  21.256803   1.980776 23.988
 34   337.377 53412.85692132 49.56  21.256073   1.984076 23.988
 35   336.493 53447.85690596 25.86  21.254234   1.972997  9.273
 35   336.596 53447.85690661 34.61  21.253504   1.976297  9.273
 35   336.905 53447.85690725 42.20  21.252777   1.979607 17.436
 37   337.578 53517.85699263 53.47  21.254599   1.975322 23.594
 37   337.378 53517.85699328 51.99  21.253869   1.978632 23.594
 38   336.794 53552.85701247 53.50  21.249054   1.966638 29.011
 38   336.784 53552.85701311 56.18  21.248324   1.969948 29.011
 38   336.929 53552.85701376 50.64  21.247604   1.973248 29.011
 39   336.477 53587.85696554 53.14  21.257282   1.979714 24.220
 39   336.478 53587.85696618 52.06  21.256552   1.983024 24.220
 40   336.896 53622.85693292 49.41  21.249108   1.965806 27.380
 40   336.881 53622.85693357 51.25  21.248378   1.969116 27.380
 40   336.888 53622.85693421 52.09  21.247658   1.972416 27.380
 40   336.907 53622.85693486 44.54  21.246928   1.975726 27.380
 41   337.313 53657.85696110 44.72  21.252915   1.970096 29.713
 41   336.987 53657.85696174 55.01  21.252195   1.973396 29.713
 41   336.980 53657.85696239 53.74  21.251465   1.976706 29.713
 42   338.570 53692.85694418 56.03  21.253034   1.972876 26.110
 42   338.581 53692.85694482 52.08  21.252304   1.976186 26.110
 42   338.472 53692.85694547 50.34  21.251584   1.979486 26.110
 43   337.673 53727.85686803 52.34  21.256795   1.975991 25.505
 43   337.810 53727.85686867 51.75  21.256075   1.979291 25.505
 43   337.686 53727.85686932 52.95  21.255345   1.982601 25.505
 44   336.972 53762.85682592 53.64  21.259516   1.981933 23.509
 44   336.980 53762.85682656 51.12  21.258786   1.985243 23.509
 45   336.616 53797.85683559 36.70  21.257446   1.977411 18.987
 45   336.782 53797.85683624 44.60  21.256716   1.980721 18.987
 45   336.997 53797.85683688 45.07  21.255986   1.984021 18.987
 47   339.019 53867.85689431 49.33  21.252361   1.972434 30.047
 47   338.214 53867.85689495 48.14  21.251631   1.975734 30.047
 48   336.864 53902.85692585 53.28  21.252691   1.973613 27.069
 48   336.951 53902.85692650 53.74  21.251961   1.976923 27.069
 49   336.402 53937.85696115 54.78  21.245922   1.963738 27.796
 49   336.376 53937.85696180 53.05  21.245192   1.967038 27.796
 50   336.823 53972.85692527 54.49  21.251396   1.970835 25.847
 50   336.769 53972.85692592 52.53  21.250676   1.974145 25.847
 50   336.712 53972.85692656 50.48  21.249946   1.977445 25.847
 51   337.102 54007.85691400 19.86  21.255079   1.977247 12.497
 51   337.317 54007.85691465 25.60  21.254359   1.980547 12.497
 52   337.962 54042.85693808 51.22  21.257565   1.980639 25.242
 52   337.997 54042.85693873 52.54  21.256845   1.983939 25.242
 53   339.705 54077.85693065 54.03  21.254345   1.975218 27.217
 53   339.510 54077.85693130 51.44  21.253615   1.978518 27.217
 54   338.563 54112.85686909 53.08  21.254301   1.973026 28.146
 54   338.650 54112.85686973 55.71  21.253571   1.976326 28.146
 54   338.644 54112.85687038 50.28  21.252851   1.979636 28.146
 55   337.943 54147.85687477 50.89  21.253497   1.974160 25.398
 55   337.955 54147.85687541 51.40  21.252767   1.977470 25.398
 56   337.726 54182.85685815 54.71  21.253914   1.976034 23.710
 56   337.727 54182.85685880 51.26  21.253194   1.979344 23.710
 57   337.691 54217.85688265 54.38  21.253391   1.971898 23.288
 57   337.724 54217.85688329 50.84  21.252661   1.975208 23.288
 57   337.736 54217.85688393 50.65  21.251941   1.978508 23.288
 58   337.525 54252.85690869 54.86  21.253597   1.972310 22.968
 58   337.586 54252.85690934 53.46  21.252867   1.975610 22.968
 58   337.567 54252.85690998 54.20  21.252137   1.978920 22.968
 59   337.298 54287.85691357 53.12  21.255581   1.975651 25.033
 59   337.286 54287.85691422 53.45  21.254851   1.978961 25.033
 59   337.316 54287.85691486 51.71  21.254121   1.982261 25.033
 60   337.341 54322.85691071 55.15  21.255292   1.976535 25.845
 60   337.352 54322.85691135 52.90  21.254562   1.979835 25.845
 61   337.770 54357.85686861 50.15  21.255108   1.976962 22.148
 61   337.737 54357.85686925 53.40  21.254378   1.980272 22.148
 62   338.572 54392.85685081 52.15  21.254938   1.975064 22.969
 62   338.400 54392.85685145 50.47  21.254208   1.978374 22.969
 62   338.461 54392.85685210 45.49  21.253478   1.981674 22.969
 63   338.861 54427.85681852 53.08  21.255219   1.977050 26.102
 63   338.941 54427.85681916 49.58  21.254489   1.980360 26.102
 64   339.054 54462.85682884 51.75  21.255226   1.974731 24.127
 64   339.138 54462.85682949 52.43  21.254506   1.978031 24.127
 64   339.147 54462.85683013 49.16  21.253776   1.981341 24.127
 65   338.269 54497.85682729 51.85  21.255277   1.976926 26.610
 65   338.318 54497.85682793 52.41  21.254547   1.980236 26.610
 66   337.479 54532.85684255 51.86  21.255711   1.976496 22.516
 66   337.594 54532.85684319 51.88  21.254981   1.979806 22.516
 67   337.721 54567.85683148 52.56  21.255257   1.974257 23.758
 67   337.730 54567.85683213 48.83  21.254527   1.977557 23.758
 67   337.802 54567.85683277 48.58  21.253807   1.980867 23.758
 68   337.288 54602.85683781 52.46  21.253885   1.973904 24.547
 68   337.277 54602.85683846 51.48  21.253155   1.977214 24.547
 68   337.282 54602.85683910 49.50  21.252435   1.980524 24.547
 69   337.666 54637.85684875 55.06  21.253131   1.974929 27.214
 69   337.648 54637.85684939 51.34  21.252411   1.978239 27.214
 70   336.757 54672.85685137 55.69  21.253657   1.972475 22.562
 70   336.739 54672.85685202 52.82  21.252937   1.975785 22.562
 70   336.852 54672.85685266 52.30  21.252207   1.979085 22.562
 71   337.560 54707.85681153 52.13  21.255626   1.977747 25.588
 71   337.452 54707.85681218 51.21  21.254906   1.981057 25.588
 72   337.556 54742.85681731 50.00  21.254323   1.974253 25.450
 72   337.638 54742.85681796 50.96  21.253603   1.977553 25.450
 72   337.601 54742.85681860 49.09  21.252873   1.980863 25.450
 73   338.415 54777.85679274 54.36  21.255578   1.977444 25.926
 73   338.431 54777.85679339 51.71  21.254858   1.980754 25.926
 74   338.390 54812.85681064 52.71  21.254224   1.975703 26.545
 74   338.313 54812.85681129 51.36  21.253504   1.979013 26.545
 75   337.778 54847.85679306 52.64  21.254307   1.976322 25.587
 75   337.598 54847.85679370 54.10  21.253587   1.979632 25.587
 76   337.918 54882.85681385 53.94  21.253260   1.974586 25.462
 76   338.003 54882.85681450 50.65  21.252530   1.977896 25.462
 77   337.667 54917.85679425 50.63  21.253268   1.971365 28.082
 77   337.629 54917.85679490 54.54  21.252538   1.974675 28.082
 77   337.598 54917.85679554 51.99  21.251808   1.977975 28.082
 78   338.127 54952.85680832 51.68  21.253100   1.974133 26.220
 78   338.100 54952.85680896 53.40  21.252380   1.977443 26.220
 79   338.072 54987.85683191 51.08  21.252465   1.970116 28.714
 79   338.168 54987.85683255 52.95  21.251735   1.973416 28.714
 79   337.995 54987.85683320 52.61  21.251015   1.976726 28.714
 80   337.532 55022.85682464 53.93  21.255653   1.975553 24.635
 80   337.513 55022.85682529 48.95  21.254933   1.978863 24.635
 80   337.469 55022.85682593 51.86  21.254203   1.982163 24.635
 81   336.755 55057.85682074 53.30  21.254476   1.976073 25.026
 81   336.760 55057.85682139 54.23  21.253756   1.979383 25.026
 82   337.149 55092.85677583 53.78  21.254245   1.973937 25.917
 82   337.212 55092.85677647 49.90  21.253515   1.977237 25.917
 82   337.181 55092.85677712 50.32  21.252795   1.980547 25.917
 83   338.052 55127.85676047 51.60  21.254397   1.975115 25.864
 83   338.116 55127.85676112 52.23  21.253677   1.978425 25.864
 84   338.782 55162.85673699 51.23  21.254520   1.975133 28.882
 84   338.660 55162.85673763 53.95  21.253790   1.978433 28.882
 85   338.600 55197.85675195 53.20  21.253664   1.974818 30.174
 85   338.594 55197.85675260 53.70  21.252934   1.978128 30.174
 86   338.176 55232.85674092 53.35  21.254243   1.973123 26.777
 86   338.210 55232.85674157 53.52  21.253513   1.976423 26.777
 86   338.202 55232.85674221 47.52  21.252793   1.979733 26.777
 87   338.464 55267.85674639 53.22  21.254396   1.976092 30.127
 87   338.410 55267.85674704 51.58  21.253676   1.979402 30.127
 88   339.058 55302.85672151 51.37  21.255868   1.975354 30.126
 88   339.147 55302.85672215 51.30  21.255138   1.978654 30.126
 88   339.094 55302.85672280 50.33  21.254418   1.981964 30.126
 89   338.588 55337.85672092 54.11  21.253955   1.975392 31.731
 89   338.525 55337.85672156 52.62  21.253235   1.978692 31.731
 90   338.045 55372.85671071 52.88  21.255310   1.975263 26.201
 90   338.081 55372.85671135 52.73  21.254590   1.978573 26.201
 90   338.074 55372.85671200 49.99  21.253860   1.981873 26.201
 91   337.565 55407.85673124 54.78  21.255755   1.975132 27.784
 91   337.598 55407.85673189 53.21  21.255025   1.978442 27.784
 91   337.641 55407.85673253 50.92  21.254305   1.981742 27.784
 92   337.131 55442.85672980 54.49  21.254600   1.976305 29.238
 92   337.105 55442.85673045 55.05  21.253880   1.979615 29.238
 93   337.278 55477.85666898 53.98  21.255997   1.975205 27.331
 93   337.385 55477.85666963 54.02  21.255267   1.978505 27.331
 93   337.410 55477.85667027 52.53  21.254547   1.981815 27.331
