#    1.006  -2.889   3.388 ;Mean Elev.(m), Avg Gradient(m/km), RMS Gradient(m/km) - SRTM1     
#    2.302  -3.197   4.319 ;Mean Elev.(m), Avg Gradient(m/km), RMS Gradient(m/km) - ASTER GDEM
#    1.107  -3.803   4.358 ;Mean Elev.(m), Avg Gradient(m/km), RMS Gradient(m/km) - GMTED2010 
  6  12.932363  -5.937352     3.224     3.196 20 52418.88326039 18.624
  7  12.931609  -5.938134     7.195     7.120 20 52453.88328612 15.841
  8  12.936554  -5.922648     2.148     2.104 12 52488.88326702 18.057
  9  12.934703  -5.932062     2.465     2.461 18 52523.88324030 18.153
 10  12.932204  -5.931429     3.099     3.083 16 52558.88329027 16.545
 11  12.928225  -5.927176     3.758     3.713 13 52593.88329295 19.422
 12  12.939311  -5.923233     4.669     4.660 12 52628.88321960 47.714
 13  12.933823  -5.932444     4.217     4.209 18 52663.88325373 26.715
 14  12.941794  -5.935669     3.276     3.278 19 52698.88322794 48.658
 15  12.942968  -5.933387     3.243     3.249 19 52733.88325277 48.413
 16  12.932651  -5.932141     2.863     2.899 17 52768.88325328 23.263
 17  12.936145  -5.934374     2.526     2.458 18 52803.88327792 25.802
 18  12.937828  -5.933027     2.489     2.470 19 52838.88334106 25.638
 19  12.935534  -5.927349     2.413     2.356 14 52873.88338174 22.252
 20  12.940263  -5.934075     3.251     3.254 19 52908.88335974 27.493
 21  12.941459  -5.921354     3.084     3.091 12 52943.88329356 23.522
 22  12.932709  -5.913831     4.615     4.293  6 52978.88335086 43.636
 23  12.934013  -5.937489     3.928     3.824 21 53013.88334479 25.861
 24  12.936585  -5.933594     3.569     3.482 18 53048.88331704 38.007
 25  12.929052  -5.935831     2.246     2.261 17 53083.88335201 21.395
 26  12.934009  -5.938660     2.640     2.576 20 53118.88332168 22.207
 27  12.930569  -5.935217     2.083     2.013 18 53153.88337399 19.856
 28  12.941843  -5.930912     2.126     2.067 16 53188.88336341 31.960
 29  12.938596  -5.936468     2.204     2.128 20 53223.88337747 28.243
 30  12.929742  -5.926957     2.316     2.293 14 53258.88335471 16.767
 31  12.930079  -5.941346     3.049     2.985 18 53293.88337574 16.470
 32  12.933637  -5.916087     3.961     4.071  8 53328.88335379 50.601
 33  12.935952  -5.918155     3.871     3.845 10 53363.88330543 32.717
 34  12.936030  -5.937093     3.483     3.418 21 53398.88332524 31.823
 35  12.938595  -5.935860     2.472     2.535 19 53433.88331588 25.490
 36  12.934480  -5.931843     2.605     2.574 18 53468.88335773 24.172
 38  12.934728  -5.934428     2.112     2.145 18 53538.88340030 23.889
 39  12.932578  -5.937045     2.435     2.403 20 53573.88339824 16.827
 40  12.933477  -5.930731     2.047     2.069 17 53608.88334912 19.277
 41  12.936380  -5.936987     2.894     2.893 21 53643.88335010 20.947
 42  12.930096  -5.931289     3.351     3.266 16 53678.88336916 23.723
 43  12.937362  -5.926175     3.535     3.542 14 53713.88329830 22.509
 44  12.941991  -5.935497     3.168     3.072 19 53748.88321095 33.230
 45  12.938446  -5.927058     2.830     2.904 15 53783.88324330 25.358
 46  12.938685  -5.934308     2.690     2.689 18 53818.88320377 50.848
 47  12.932762  -5.936897     2.767     2.772 20 53853.88328260 17.366
 48  12.942747  -5.929822     2.679     2.557 16 53888.88329172 23.944
 49  12.924656  -5.927611     1.813     1.847 14 53923.88336073 16.584
 50  12.927193  -5.928543     2.283     2.299 14 53958.88335184 13.980
 51  12.937973  -5.924794     2.579     2.594 13 53993.88328216 15.022
 52  12.936853  -5.927069     3.129     3.169 15 54028.88334156 24.700
 53  12.935910  -5.915345     4.377     4.247  7 54063.88333705 48.022
 54  12.936098  -5.936721     4.554     4.305 21 54098.88330004 32.284
 55  12.936868  -5.933507     3.729     3.716 18 54133.88325797 42.268
 57  12.935952  -5.933136     2.924     2.868 19 54203.88326163 45.466
 58  12.936857  -5.933502     3.004     2.971 19 54238.88329679 38.017
 59  12.936567  -5.933458     2.508     2.529 19 54273.88331463 26.897
 60  12.936771  -5.933346     2.465     2.424 19 54308.88331600 44.072
 61  12.937598  -5.936361     2.835     2.853 21 54343.88329295 23.639
 62  12.937151  -5.936116     3.050     3.012 21 54378.88325115 28.631
 63  12.934436  -5.926622     3.835     3.869 15 54413.88324262 22.358
 64  12.937432  -5.937366     4.201     4.180 20 54448.88321743 35.599
 65  12.938358  -5.935139     3.838     3.854 19 54483.88323493 28.469
 66  12.937934  -5.934311     3.122     3.047 19 54518.88323157 37.634
 67  12.935993  -5.935135     2.699     2.722 19 54553.88324678 22.359
 68  12.936237  -5.933685     3.069     3.064 18 54588.88322811 33.434
 69  12.936189  -5.935209     2.637     2.596 19 54623.88324524 23.244
 70  12.934211  -5.933082     2.156     2.201 18 54658.88325421 21.383
 71  12.936175  -5.933024     2.190     2.195 19 54693.88323502 25.276
 72  12.937388  -5.935278     3.016     2.961 19 54728.88320819 31.451
 73  12.934514  -5.927719     3.256     3.265 14 54763.88321358 16.816
 74  12.933556  -5.922353     3.999     4.016 12 54798.88320332 26.032
 75  12.935915  -5.934617     3.959     3.959 20 54833.88320305 33.043
 76  12.938092  -5.937069     3.043     3.011 20 54868.88319753 27.273
 77  12.934263  -5.935578     3.488     3.380 19 54903.88321182 50.937
 78  12.936528  -5.933305     3.153     3.125 19 54938.88318907 51.166
 79  12.935956  -5.934793     3.092     3.062 20 54973.88322043 24.680
 80  12.935556  -5.937000     2.913     2.919 21 55008.88323390 17.649
 81  12.936928  -5.934769     2.266     2.217 20 55043.88322401 24.219
 82  12.936421  -5.936030     2.437     2.438 19 55078.88320124 19.210
 83  12.936148  -5.930463     2.433     2.626 17 55113.88315723 24.929
 84  12.935055  -5.933886     3.633     3.625 18 55148.88315655 31.871
 85  12.932321  -5.915452     4.355     4.351  7 55183.88314258 38.773
 86  12.933750  -5.928504     3.845     3.854 16 55218.88315583 50.277
 87  12.938621  -5.935912     3.133     3.090 20 55253.88313415 27.857
 88  12.934148  -5.930946     2.665     3.287 17 55288.88314492 31.257
 89  12.934515  -5.935333     3.202     3.239 19 55323.88312259 22.031
 90  12.935662  -5.936041     2.853     2.789 20 55358.88312048 23.565
 91  12.936231  -5.934188     2.677     2.670 19 55393.88312429 18.929
 92  12.935511  -5.926377     2.399     2.421 15 55428.88313817 17.743
 93  12.937510  -5.933541     2.895     2.870 18 55463.88309988 20.324
