#  339.003  -2.116   2.741 ;Mean Elev.(m), Avg Gradient(m/km), RMS Gradient(m/km) - SRTM1     
#  332.871  -1.999   6.307 ;Mean Elev.(m), Avg Gradient(m/km), RMS Gradient(m/km) - ASTER GDEM
#  339.720  -0.675   3.968 ;Mean Elev.(m), Avg Gradient(m/km), RMS Gradient(m/km) - GMTED2010 
  7   337.267 52467.85689716 17.94  21.232902   2.063552  9.280
  7   337.162 52467.85689780 18.22  21.232182   2.066862  9.280
  7   337.235 52467.85689845 19.48  21.231452   2.070172  9.280
  7   337.435 52467.85689909 19.58  21.230722   2.073472  9.280
  8   337.228 52502.85688712 51.46  21.232687   2.064183 29.820
  8   337.249 52502.85688777 53.06  21.231957   2.067483 29.820
  8   337.269 52502.85688841 52.08  21.231227   2.070793 29.820
  8   337.283 52502.85688906 48.35  21.230507   2.074093 29.820
  9   337.752 52537.85687190 54.97  21.234002   2.064425 35.775
  9   337.786 52537.85687255 53.46  21.233272   2.067735 35.775
  9   337.742 52537.85687319 51.94  21.232542   2.071045 35.775
  9   337.751 52537.85687384 51.49  21.231822   2.074345 35.775
 10   338.081 52572.85691084 54.72  21.231652   2.062381 41.361
 10   338.110 52572.85691149 53.81  21.230932   2.065691 41.361
 10   338.123 52572.85691213 53.52  21.230202   2.068991 41.361
 10   338.128 52572.85691278 51.33  21.229472   2.072301 41.361
 11   339.075 52607.85686917 50.25  21.236066   2.066099 25.298
 11   339.092 52607.85686981 50.40  21.235346   2.069399 25.298
 11   339.124 52607.85687046 50.06  21.234610   2.072712 31.376
 12   339.344 52642.85686585 53.55  21.232727   2.064442 34.471
 12   339.364 52642.85686650 51.88  21.232007   2.067742 34.471
 12   339.373 52642.85686714 53.18  21.231277   2.071052 34.471
 12   339.397 52642.85686779 49.91  21.230547   2.074352 34.471
 13   338.160 52677.85685011 52.71  21.236785   2.066344 31.799
 13   338.190 52677.85685075 53.89  21.236055   2.069644 31.799
 13   338.211 52677.85685140 51.95  21.235325   2.072954 31.799
 14   337.307 52712.85688520 49.45  21.232410   2.062078 27.459
 14   337.322 52712.85688584 51.42  21.231680   2.065388 27.459
 14   337.339 52712.85688648 53.01  21.230950   2.068688 27.459
 14   337.349 52712.85688713 52.19  21.230226   2.072001 25.079
 15   337.518 52747.85691120 49.80  21.225469   2.061123 28.878
 15   337.543 52747.85691185 53.84  21.224739   2.064433 28.878
 15   337.551 52747.85691249 48.75  21.224019   2.067733 28.878
 15   337.553 52747.85691313 54.14  21.223284   2.071045 29.492
 15   337.560 52747.85691378 48.23  21.222564   2.074345 29.492
 16   338.109 52782.85685165 50.94  21.232247   2.062385 21.245
 16   338.141 52782.85685230 50.05  21.231527   2.065695 21.245
 16   338.075 52782.85685294 49.97  21.230797   2.068995 21.245
 16   337.916 52782.85685359 40.74  21.230070   2.072306 23.961
 17   337.469 52817.85692997 50.20  21.231600   2.062630 22.570
 17   337.502 52817.85693062 50.19  21.230880   2.065940 22.570
 17   337.497 52817.85693126 53.58  21.230150   2.069240 22.570
 17   337.475 52817.85693191 51.57  21.229423   2.072551 23.769
 18   337.774 52852.85698014 51.37  21.235097   2.064158 25.320
 18   337.808 52852.85698079 50.44  21.234367   2.067468 25.320
 18   337.793 52852.85698143 50.46  21.233637   2.070768 25.320
 18   337.819 52852.85698208 50.70  21.232914   2.074079 24.624
 20   338.243 52922.85696887 52.93  21.233482   2.065307 31.085
 20   338.282 52922.85696952 53.10  21.232752   2.068617 31.085
 20   338.247 52922.85697016 53.17  21.232032   2.071917 31.085
 22   338.980 52992.85695840 51.62  21.237417   2.064735 29.114
 22   338.988 52992.85695905 54.17  21.236687   2.068035 29.114
 22   339.008 52992.85695969 52.12  21.235966   2.071346 33.436
 22   339.012 52992.85696034 48.00  21.235236   2.074646 33.436
 23   338.152 53027.85692432 50.24  21.238833   2.067191 27.323
 23   338.170 53027.85692497 51.72  21.238113   2.070491 27.323
 25   337.205 53097.85695097 39.78  21.229404   2.061217 22.257
 25   337.026 53097.85695161 29.84  21.228684   2.064527 22.257
 25   336.680 53097.85695225 27.21  21.227954   2.067827 22.257
 25   336.466 53097.85695290 26.45  21.227224   2.071137 22.257
 25   336.196 53097.85695354 23.82  21.226504   2.074437 22.257
 28   336.528 53202.85700574 50.29  21.233225   2.062357 23.429
 28   336.557 53202.85700639 44.92  21.232495   2.065667 23.429
 28   336.405 53202.85700703 42.19  21.231765   2.068967 23.429
 28   336.509 53202.85700768 41.12  21.231045   2.072280 21.555
 30   337.172 53272.85693325 51.48  21.236489   2.064760 23.232
 30   337.204 53272.85693389 54.94  21.235759   2.068060 23.232
 30   337.188 53272.85693454 53.08  21.235030   2.071371 23.873
 30   337.220 53272.85693518 50.74  21.234300   2.074671 23.873
 31   337.566 53307.85699406 50.01  21.229256   2.061654 24.845
 31   337.635 53307.85699471 38.13  21.228536   2.064954 24.845
 31   337.536 53307.85699535 35.62  21.227806   2.068264 24.845
 31   337.632 53307.85699600 42.82  21.227076   2.071564 24.845
 31   337.625 53307.85699664 44.55  21.226354   2.074876 15.402
 32   338.509 53342.85696102 49.69  21.234112   2.063478 30.858
 32   338.550 53342.85696166 54.59  21.233382   2.066778 30.858
 32   338.591 53342.85696231 53.16  21.232652   2.070088 30.858
 32   338.629 53342.85696295 50.83  21.231932   2.073388 30.858
 33   338.491 53377.85690003 51.07  21.237706   2.066879 25.308
 33   338.501 53377.85690067 51.14  21.236978   2.070189 29.627
 34   337.715 53412.85693744 53.20  21.237904   2.066718 23.858
 34   337.631 53412.85693808 52.95  21.237174   2.070028 23.858
 35   336.752 53447.85692401 12.06  21.233869   2.065548 13.044
 35   336.741 53447.85692466 12.63  21.233139   2.068858 13.044
 35   336.911 53447.85692530 13.50  21.232409   2.072158 13.044
 37   337.580 53517.85701004 52.23  21.234971   2.064574 24.507
 37   337.617 53517.85701068 52.80  21.234241   2.067884 24.507
 37   337.646 53517.85701133 50.63  21.233521   2.071184 24.507
 37   337.694 53517.85701197 48.98  21.232793   2.074497 25.212
 38   337.189 53552.85703116 49.65  21.227976   2.062501 28.345
 38   337.212 53552.85703181 52.84  21.227246   2.065811 28.345
 38   337.207 53552.85703245 49.90  21.226516   2.069111 28.345
 38   337.195 53552.85703310 49.90  21.225797   2.072425 26.404
 39   336.878 53587.85698230 52.15  21.238386   2.065667 27.702
 39   336.802 53587.85698294 50.46  21.237656   2.068967 27.702
 40   337.077 53622.85695162 28.58  21.228012   2.061667 20.821
 40   336.423 53622.85695226 23.11  21.227292   2.064977 20.821
 40   336.071 53622.85695291 25.61  21.226562   2.068277 20.821
 40   336.310 53622.85695355 21.88  21.225834   2.071587 14.489
 40   336.151 53622.85695420 22.35  21.225104   2.074887 14.489
 41   337.275 53657.85697915 49.61  21.232563   2.062648 26.898
 41   337.255 53657.85697979 52.05  21.231833   2.065958 26.898
 41   337.246 53657.85698044 53.40  21.231103   2.069258 26.898
 41   337.258 53657.85698108 53.30  21.230380   2.072570 25.884
 42   338.567 53692.85696158 51.72  21.233408   2.062129 32.918
 42   338.604 53692.85696223 51.66  21.232688   2.065439 32.918
 42   338.621 53692.85696287 55.44  21.231958   2.068739 32.918
 42   338.617 53692.85696352 52.21  21.231228   2.072049 32.918
 43   338.011 53727.85688543 51.63  21.237184   2.065244 24.237
 43   338.022 53727.85688608 50.65  21.236454   2.068544 24.237
 43   338.017 53727.85688672 49.79  21.235724   2.071854 24.237
 44   337.302 53762.85684268 50.60  21.240612   2.067884 25.267
 44   337.331 53762.85684333 52.29  21.239882   2.071184 25.267
 45   337.188 53797.85685300 42.62  21.237822   2.066664 21.071
 45   337.227 53797.85685364 41.16  21.237092   2.069974 21.071
 47   339.088 53867.85691171 43.70  21.232729   2.061676 27.926
 47   339.085 53867.85691236 46.05  21.231999   2.064986 27.926
 47   339.072 53867.85691300 48.33  21.231269   2.068296 27.926
 47   339.015 53867.85691365 47.09  21.230549   2.071596 27.926
 48   337.042 53902.85694326 21.38  21.233062   2.062864 13.974
 48   336.759 53902.85694390 21.81  21.232332   2.066174 13.974
 48   336.881 53902.85694455 23.63  21.231602   2.069474 13.974
 48   337.000 53902.85694519 25.08  21.230882   2.072786 19.873
 49   336.713 53937.85697985 50.96  21.224842   2.059602 33.062
 49   336.754 53937.85698049 52.11  21.224112   2.062902 33.062
 49   336.832 53937.85698114 45.46  21.223382   2.066212 33.062
 49   336.789 53937.85698178 45.93  21.222662   2.069512 33.062
 49   336.812 53937.85698243 50.98  21.221932   2.072822 33.062
 50   337.220 53972.85694332 51.22  21.231051   2.063399 30.678
 50   337.218 53972.85694397 54.32  21.230321   2.066699 30.678
 50   337.199 53972.85694461 53.03  21.229601   2.070009 30.678
 50   337.172 53972.85694526 51.64  21.228871   2.073309 30.678
 51   337.585 54007.85693141 44.17  21.235443   2.066499 23.229
 51   337.535 54007.85693205 41.86  21.234713   2.069799 23.229
 51   337.569 54007.85693270 35.09  21.233993   2.073109 23.229
 52   338.149 54042.85695484 52.00  21.238663   2.066582 30.228
 52   338.168 54042.85695549 50.19  21.237933   2.069892 30.228
 53   339.688 54077.85694806 43.32  21.234719   2.064461 24.674
 53   339.620 54077.85694870 36.76  21.233989   2.067771 24.674
 53   339.597 54077.85694935 36.07  21.233269   2.071081 24.674
 53   339.633 54077.85694999 38.34  21.232539   2.074381 24.674
 54   338.757 54112.85688714 54.78  21.233961   2.065579 38.705
 54   338.768 54112.85688779 52.08  21.233231   2.068879 38.705
 54   338.792 54112.85688843 53.09  21.232501   2.072189 38.705
 55   338.202 54147.85689217 50.82  21.233866   2.063413 30.231
 55   338.246 54147.85689282 52.33  21.233136   2.066723 30.231
 55   338.192 54147.85689346 49.40  21.232416   2.070023 30.231
 55   338.248 54147.85689411 51.78  21.231686   2.073333 30.231
 56   337.861 54182.85687556 54.07  21.234303   2.065287 24.176
 56   337.896 54182.85687620 51.72  21.233571   2.068600 30.769
 56   337.923 54182.85687685 51.35  21.232851   2.071900 30.769
 57   337.827 54217.85690070 50.88  21.233037   2.064458 34.468
 57   337.858 54217.85690134 51.28  21.232307   2.067758 34.468
 57   337.867 54217.85690199 53.02  21.231577   2.071068 34.468
 57   337.888 54217.85690263 49.53  21.230857   2.074368 34.468
 58   337.884 54252.85692674 51.43  21.233238   2.064864 31.957
 58   337.916 54252.85692739 50.49  21.232508   2.068174 31.957
 58   337.933 54252.85692803 52.78  21.231788   2.071474 31.957
 59   337.491 54287.85693098 52.53  21.235946   2.064909 31.920
 59   337.504 54287.85693162 50.14  21.235226   2.068209 31.920
 59   337.519 54287.85693227 52.22  21.234496   2.071519 31.920
 60   337.646 54322.85692811 52.15  21.235665   2.065789 27.759
 60   337.655 54322.85692876 49.26  21.234935   2.069089 27.759
 60   337.669 54322.85692940 50.09  21.234205   2.072399 27.759
 61   337.735 54357.85688601 25.95  21.235484   2.066218 16.012
 61   337.667 54357.85688666 25.98  21.234764   2.069518 16.012
 61   337.933 54357.85688730 34.73  21.234034   2.072828 16.012
 62   338.533 54392.85686822 51.85  21.235309   2.064320 30.536
 62   338.570 54392.85686886 52.27  21.234579   2.067620 30.536
 62   338.573 54392.85686951 50.02  21.233849   2.070930 30.536
 62   338.605 54392.85687015 51.02  21.233129   2.074230 30.536
 63   338.923 54427.85683593 50.47  21.235588   2.066306 37.541
 63   338.925 54427.85683657 50.86  21.234868   2.069606 37.541
 63   338.958 54427.85683721 53.18  21.234138   2.072916 37.541
 64   339.067 54462.85684625 49.33  21.235602   2.063985 37.194
 64   339.069 54462.85684689 51.51  21.234872   2.067285 37.194
 64   339.096 54462.85684754 53.08  21.234142   2.070595 37.194
 64   339.109 54462.85684818 52.19  21.233422   2.073895 37.194
 65   338.396 54497.85684469 52.96  21.235651   2.066178 26.853
 65   338.427 54497.85684534 52.70  21.234921   2.069488 26.853
 65   338.456 54497.85684598 50.10  21.234201   2.072788 26.853
 66   337.818 54532.85685995 50.47  21.236081   2.065747 22.491
 66   337.799 54532.85686060 51.47  21.235361   2.069058 27.110
 66   337.805 54532.85686124 51.41  21.234631   2.072358 27.110
 67   337.792 54567.85684889 51.99  21.235635   2.063509 23.779
 67   337.829 54567.85684953 51.86  21.234915   2.066809 23.779
 67   337.862 54567.85685018 51.88  21.234182   2.070121 27.112
 67   337.908 54567.85685082 50.71  21.233462   2.073421 27.112
 68   337.481 54602.85685522 49.77  21.234255   2.063157 20.384
 68   337.521 54602.85685586 52.44  21.233534   2.066470 29.989
 68   337.532 54602.85685651 51.16  21.232804   2.069770 29.989
 68   337.536 54602.85685715 51.47  21.232074   2.073080 29.989
 69   337.627 54637.85686616 52.07  21.233504   2.064182 23.289
 69   337.639 54637.85686680 54.64  21.232785   2.067495 30.502
 69   337.647 54637.85686745 52.52  21.232055   2.070795 30.502
 69   337.663 54637.85686809 51.88  21.231325   2.074105 30.502
 70   337.135 54672.85686942 53.65  21.233312   2.065028 33.428
 70   337.145 54672.85687007 53.07  21.232582   2.068338 33.428
 70   337.145 54672.85687071 52.96  21.231852   2.071648 33.428
 71   337.654 54707.85682894 49.79  21.236012   2.067000 24.682
 71   337.644 54707.85682958 50.70  21.235277   2.070313 26.815
 71   337.679 54707.85683023 51.32  21.234557   2.073613 26.815
 72   337.796 54742.85683472 47.78  21.234692   2.063497 18.748
 72   337.785 54742.85683536 49.81  21.233971   2.066811 27.981
 72   337.675 54742.85683601 49.31  21.233241   2.070111 27.981
 72   337.697 54742.85683665 48.37  21.232511   2.073421 27.981
 73   338.473 54777.85681015 51.91  21.235962   2.066696 25.592
 73   338.485 54777.85681079 51.92  21.235226   2.070008 31.165
 73   338.524 54777.85681144 52.68  21.234506   2.073308 31.165
 74   338.376 54812.85682805 47.36  21.234592   2.064953 23.997
 74   338.395 54812.85682869 51.30  21.233869   2.068264 30.965
 74   338.413 54812.85682934 52.54  21.233139   2.071564 30.965
 75   337.884 54847.85681046 50.77  21.234692   2.065576 23.434
 75   337.868 54847.85681111 50.22  21.233957   2.068890 27.407
 75   337.894 54847.85681175 52.82  21.233237   2.072190 27.407
 76   338.017 54882.85683126 49.41  21.233629   2.063839 24.136
 76   338.049 54882.85683190 51.22  21.232908   2.067152 30.390
 76   338.077 54882.85683255 52.13  21.232178   2.070452 30.390
 76   338.122 54882.85683319 48.00  21.231448   2.073762 30.390
 77   337.696 54917.85681231 49.50  21.232917   2.063926 25.902
 77   337.701 54917.85681295 52.57  21.232197   2.067226 25.902
 77   337.728 54917.85681359 52.74  21.231465   2.070537 31.100
 77   337.762 54917.85681424 51.84  21.230745   2.073837 31.100
 78   338.160 54952.85682572 51.01  21.233470   2.063384 22.830
 78   338.196 54952.85682637 49.47  21.232749   2.066696 29.456
 78   338.238 54952.85682701 51.73  21.232019   2.069996 29.456
 78   338.265 54952.85682766 52.78  21.231289   2.073306 29.456
 79   338.100 54987.85684996 47.89  21.232106   2.062669 22.975
 79   338.126 54987.85685060 52.21  21.231385   2.065982 30.720
 79   338.155 54987.85685125 51.54  21.230655   2.069282 30.720
 79   338.186 54987.85685189 51.81  21.229925   2.072592 30.720
 80   337.661 55022.85684205 52.31  21.236037   2.064805 23.899
 80   337.666 55022.85684270 49.68  21.235309   2.068117 27.270
 80   337.679 55022.85684334 51.43  21.234579   2.071417 27.270
 81   337.038 55057.85683815 50.65  21.234850   2.065325 25.277
 81   337.067 55057.85683879 50.28  21.234122   2.068637 28.553
 81   337.092 55057.85683944 52.28  21.233402   2.071937 28.553
 82   337.405 55092.85679323 49.77  21.234622   2.063191 21.619
 82   337.407 55092.85679388 49.52  21.233902   2.066491 21.619
 82   337.385 55092.85679452 51.29  21.233169   2.069806 28.137
 82   337.416 55092.85679517 52.63  21.232449   2.073106 28.137
 83   338.094 55127.85677788 52.47  21.234768   2.064367 23.171
 83   338.112 55127.85677852 49.68  21.234048   2.067679 28.676
 83   338.143 55127.85677917 51.35  21.233318   2.070979 28.676
 83   338.180 55127.85677981 50.67  21.232588   2.074289 28.676
 84   338.760 55162.85675439 51.63  21.234895   2.064385 27.215
 84   338.742 55162.85675504 50.53  21.234175   2.067685 27.215
 84   338.740 55162.85675568 52.64  21.233438   2.070997 34.893
 84   338.768 55162.85675633 51.78  21.232718   2.074297 34.893
 85   338.627 55197.85676936 49.51  21.234033   2.064070 25.151
 85   338.644 55197.85677000 50.34  21.233310   2.067382 34.635
 85   338.643 55197.85677065 52.85  21.232580   2.070682 34.635
 85   338.659 55197.85677129 51.99  21.231850   2.073992 34.635
 86   338.285 55232.85675898 51.31  21.233899   2.065677 26.140
 86   338.215 55232.85675962 51.69  21.233165   2.068991 28.801
 86   338.226 55232.85676027 52.30  21.232445   2.072291 28.801
 87   338.509 55267.85676380 51.60  21.234767   2.065342 25.670
 87   338.506 55267.85676444 50.71  21.234048   2.068653 31.601
 87   338.526 55267.85676509 51.66  21.233318   2.071953 31.601
 88   339.038 55302.85673891 50.86  21.236246   2.064606 28.832
 88   339.040 55302.85673956 52.53  21.235526   2.067906 28.832
 88   339.059 55302.85674020 54.96  21.234793   2.071218 32.813
 88   339.045 55302.85674085 49.63  21.234073   2.074518 32.813
 89   338.642 55337.85673832 52.66  21.234327   2.064636 25.637
 89   338.658 55337.85673897 50.64  21.233599   2.067950 35.998
 89   338.616 55337.85673961 53.62  21.232879   2.071250 35.998
 89   338.656 55337.85674026 48.94  21.232149   2.074560 35.998
 90   338.164 55372.85672811 49.18  21.235683   2.064516 24.976
 90   338.188 55372.85672876 49.82  21.234955   2.067828 28.314
 90   338.218 55372.85672940 52.76  21.234235   2.071128 28.314
 90   338.222 55372.85673005 49.82  21.233505   2.074438 28.314
 91   337.743 55407.85674865 44.87  21.236125   2.064383 17.602
 91   337.759 55407.85674929 38.72  21.235404   2.067694 22.976
 91   337.823 55407.85674994 41.88  21.234674   2.070994 22.976
 91   337.775 55407.85675058 44.97  21.233944   2.074304 22.976
 92   337.252 55442.85674721 51.24  21.234974   2.065558 26.140
 92   337.258 55442.85674785 50.11  21.234246   2.068871 29.700
 92   337.262 55442.85674850 53.06  21.233526   2.072171 29.700
 93   337.561 55477.85668639 46.87  21.236376   2.064459 22.393
 93   337.577 55477.85668703 49.93  21.235656   2.067759 22.393
 93   337.587 55477.85668768 48.12  21.234924   2.071073 25.231
 93   337.613 55477.85668832 49.46  21.234204   2.074373 25.231
