-337963.797    82.989     0.00    9.31
-337587.616    80.035    -7.85    8.98
-337211.435    74.310   -15.22    9.11
-336835.255    69.742   -12.14    8.02
-336459.075    67.028    -7.22    6.95
-336082.896    68.499     3.91    7.80
-335706.717    73.111    12.26    9.07
-335330.539    75.788     7.12    8.62
-334954.361    79.780    10.61    7.27
-334578.184    82.364     6.87    7.19
-334202.008    82.551     0.50    8.38
-333825.832    81.216    -3.55    9.08
-333449.656    80.703    -1.36    8.75
-333073.481    78.770    -5.14    7.86
-332697.306    81.549     7.39    7.25
-332321.132    83.310     4.68    5.43
-331944.958    84.156     2.25    7.06
-331568.785    84.656     1.33    8.42
-331192.612    81.285    -8.96   11.13
-330816.440    80.934    -0.93   10.63
-330440.269    80.235    -1.86   10.14
-330064.097    80.528     0.78    9.11
-329687.927    81.986     3.88    7.81
-329311.756    80.611    -3.65    7.44
-328935.587    80.051    -1.49    6.41
-328559.417    80.165     0.30    6.46
-328183.248    78.526    -4.36    6.70
-327807.080    75.893    -7.00    6.70
-327430.912    76.267     0.99    7.38
-327054.745    73.165    -8.25    8.31
-326678.578    73.283     0.32    9.17
-326302.411    73.524     0.64   10.53
-325926.245    72.959    -1.50   10.48
-325550.080    69.445    -9.34   11.88
-325173.915    67.688    -4.67   11.24
-324797.750    68.301     1.63    9.03
-324421.586    69.677     3.66    7.20
-324045.422    72.293     6.95    6.49
-323669.259    71.722    -1.52    6.81
-323293.096    68.472    -8.64    9.36
-322916.934    67.778    -1.85   10.06
-322540.772    67.551    -0.60    9.47
-322164.610    66.626    -2.46    8.65
-321788.449    66.661     0.09    7.56
-321412.289    63.130    -9.39    6.93
-321036.128    60.446    -7.14    6.54
-320659.969    58.922    -4.05    7.74
-320283.809    56.797    -5.65    8.01
-319907.651    54.472    -6.18    8.13
-319531.492    52.344    -5.66    6.41
-319155.334    51.056    -3.43    6.04
-318779.177    48.797    -6.01    6.42
-318403.020    47.694    -2.93    6.45
-318026.863    47.393    -0.80    6.14
-317650.707    47.722     0.87    7.01
-317274.551    50.917     8.49    8.09
-316898.396    55.072    11.05    9.02
-316522.241    57.445     6.31    8.80
-316146.086    57.770     0.86    8.45
-315769.932    52.130   -14.99   12.02
-315393.778    43.652   -22.54   10.67
-315017.625    37.867   -15.38    7.27
-314641.472    34.417    -9.17    2.97
-314265.320    36.677     6.01    5.92
-313889.168    42.194    14.67   11.61
-313513.016    47.997    15.43   13.84
-313136.865    54.011    15.99   11.96
-312760.714    55.889     4.99   11.27
-312384.563    53.688    -5.85   13.12
-312008.413    47.715   -15.88   11.12
-311632.264    50.735     8.03   11.39
-311256.115    58.190    19.82   11.13
-310879.966    62.175    10.59   11.32
-310503.817    66.922    12.62    8.10
-310127.669    66.934     0.03   10.43
-309751.522    61.999   -13.12   12.61
-309375.374    57.499   -11.96   13.91
-308999.227    52.088   -14.39   13.33
-308623.081    46.447   -15.00   11.97
-308246.935    43.917    -6.73   10.92
-307870.789    40.703    -8.54   11.10
-307494.644    34.222   -17.23   12.98
-307118.499    28.683   -14.73   11.91
-306742.354    23.959   -12.56    7.91
-306366.210    21.472    -6.61    3.75
-305990.066    21.607     0.36    3.53
-305613.923    20.683    -2.46    3.90
-305237.780    18.797    -5.01    5.61
-304861.637    16.088    -7.20    6.22
-304485.495    14.607    -3.94    6.07
-304109.353    14.780     0.46    5.65
-303733.211    14.575    -0.55    5.32
-303357.070    14.677     0.27    4.72
-302980.929    14.121    -1.48    4.50
-302604.789    15.267     3.05    4.72
-302228.648    17.262     5.30    4.63
-301852.509    18.806     4.10    4.55
-301476.369    19.607     2.13    2.88
-301100.230    18.229    -3.66    2.90
-300724.091    17.040    -3.16    2.60
-300347.953    15.472    -4.17    2.56
-299971.815    14.285    -3.16    2.19
-299595.677    13.472    -2.16    1.73
-299219.540    12.780    -1.84    1.08
-298843.403    13.194     1.10    1.34
-298467.266    15.165     5.24    3.19
-298091.130    16.932     4.70    3.75
-297714.994    17.729     2.12    3.79
-297338.858    18.656     2.47    3.85
-296962.723    19.814     3.08    4.75
-296586.588    22.634     7.50    6.01
-296210.453    25.831     8.50    5.16
-295834.319    27.908     5.52    5.11
-295458.185    27.972     0.17    6.34
-295082.051    27.472    -1.33    7.67
-294705.918    27.175    -0.79    7.99
-294329.785    29.499     6.18    9.70
-293953.652    35.364    15.59   10.14
-293577.520    37.708     6.23    9.75
-293201.388    41.622    10.41    8.04
-292825.256    44.754     8.33    8.48
-292449.125    45.528     2.06    9.40
-292072.993    47.370     4.90    8.53
-291696.863    47.607     0.63    8.64
-291320.732    49.709     5.59    6.42
-290944.602    47.367    -6.23    6.78
-290568.472    48.934     4.17    6.58
-290192.343    49.986     2.80    7.27
-289816.213    50.762     2.06    7.18
-289440.084    54.172     9.07    7.65
-289063.956    56.528     6.26    6.34
-288687.827    56.156    -0.99    7.25
-288311.699    57.418     3.35    8.08
-287935.571    54.986    -6.47    9.28
-287559.444    53.499    -3.95   10.02
-287183.317    55.583     5.54   10.23
-286807.190    57.857     6.04    9.87
-286431.063    61.139     8.73    7.23
-286054.937    60.750    -1.03    6.94
-285678.811    58.370    -6.33    8.19
-285302.685    53.893   -11.90    9.45
-284926.560    51.165    -7.25    8.81
-284550.434    46.788   -11.64    9.89
-284174.309    44.011    -7.38    9.40
-283798.185    45.611     4.26   10.96
-283422.060    49.337     9.91   13.94
-283045.936    54.985    15.02   11.97
-282669.812    59.758    12.69    8.35
-282293.689    55.447   -11.46   10.98
-281917.566    49.575   -15.61   10.35
-281541.443    46.833    -7.29   10.59
-281165.320    46.310    -1.39    9.71
-280789.197    49.222     7.74   11.10
-280413.075    48.551    -1.78   11.11
-280036.953    51.022     6.57   10.50
-279660.831    52.742     4.57   10.94
-279284.710    56.036     8.76   11.06
-278908.589    57.946     5.08   10.24
-278532.468    59.867     5.11   10.35
-278156.347    62.959     8.22    9.32
-277780.227    62.697    -0.70    9.24
-277404.106    61.932    -2.04    9.50
-277027.986    58.932    -7.98   10.45
-276651.867    56.905    -5.39   10.45
-276275.747    55.472    -3.81    9.56
-275899.628    56.985     4.02    9.30
-275523.509    60.267     8.73    8.68
-275147.390    63.028     7.34    6.86
-274771.272    65.229     5.85    5.61
-274395.153    65.986     2.01    4.89
-274019.035    64.104    -5.00    6.77
-273642.917    59.497   -12.25    8.38
-273266.800    53.905   -14.87    7.54
-272890.683    50.393    -9.34    5.33
-272514.565    49.288    -2.94    5.67
-272138.448    52.703     9.08    9.74
-271762.332    59.878    19.08   13.35
-271386.215    66.857    18.56   12.07
-271010.099    73.447    17.52    6.22
-270633.983    72.986    -1.23    6.12
-270257.867    67.824   -13.72    7.75
-269881.752    59.607   -21.85   10.82
-269505.636    56.130    -9.25    9.51
-269129.521    55.677    -1.20    9.06
-268753.406    54.901    -2.06    9.13
-268377.291    56.652     4.66    8.82
-268001.177    55.709    -2.51    9.63
-267625.046    55.028    -1.81    9.72
-267248.891    56.882     4.93    9.51
-266872.735    59.604     7.23    8.06
-266496.580    60.498     2.38    7.58
-266120.424    61.310     2.16    7.77
-265744.270    60.959    -0.93    7.89
-265368.115    61.083     0.33    9.40
-264991.960    59.597    -3.95   10.13
-264615.806    56.395    -8.51   13.04
-264239.652    50.758   -14.99   13.18
-263863.498    46.445   -11.47   12.28
-263487.344    42.067   -11.64    9.09
-263111.190    39.148    -7.76    7.59
-262735.037    35.130   -10.68    8.07
-262358.883    33.806    -3.52    7.95
-261982.730    32.672    -3.01    7.69
-261606.577    33.051     1.01    9.49
-261230.425    31.797    -3.34   10.14
-260854.272    30.421    -3.66    9.63
-260478.120    27.630    -7.42    6.34
-260101.967    25.709    -5.11    2.54
-259725.815    26.139     1.14    1.79
-259349.664    25.677    -1.23    1.88
-258973.512    24.944    -1.95    2.02
-258597.360    23.934    -2.69    2.33
-258221.209    23.190    -1.98    2.44
-257845.058    21.691    -3.99    3.03
-257468.907    21.364    -0.87    2.96
-257092.756    20.661    -1.87    2.88
-256716.605    20.013    -1.72    2.88
-256340.454    20.130     0.31    3.87
-255964.304    20.283     0.41    5.02
-255588.153    21.395     2.96    4.50
-255212.003    20.293    -2.93    6.10
-254835.853    16.841    -9.18    7.37
-254459.703    15.577    -3.36    6.20
-254083.554    15.395    -0.48    5.35
-253707.404    17.652     6.00    4.94
-253331.255    20.310     7.07    2.70
-252955.105    21.241     2.48    2.25
-252578.956    21.667     1.13    2.11
-252202.807    21.288    -1.01    2.59
-251826.658    21.113    -0.46    2.48
-251450.510    20.503    -1.62    2.28
-251074.361    20.344    -0.42    2.25
-250698.212    20.235    -0.29    2.50
-250322.064    20.580     0.92    2.93
-249945.916    20.344    -0.63    2.74
-249569.768    20.806     1.23    2.45
-249193.620    20.882     0.20    2.31
-248817.472    21.209     0.87    2.23
-248441.324    22.067     2.28    2.05
-248065.176    22.447     1.01    2.01
-247689.029    22.754     0.82    1.79
-247312.881    23.216     1.23    1.86
-246936.734    23.194    -0.06    1.83
-246560.587    23.525     0.88    1.68
-246184.440    24.121     1.58    1.78
-245808.293    24.661     1.44    1.75
-245432.146    24.905     0.65    1.94
-245055.999    25.128     0.60    2.31
-244679.852    25.216     0.23    2.44
-244303.706    24.600    -1.64    3.77
-243927.559    23.139    -3.89    4.70
-243551.413    21.677    -3.89    4.97
-243175.267    21.000    -1.80    4.33
-242799.120    21.999     2.65    4.54
-242422.974    24.011     5.35    5.99
-242046.828    26.959     7.84    6.30
-241670.682    31.364    11.71    6.08
-241294.537    33.498     5.67    6.44
-240918.391    36.647     8.37    7.84
-240542.245    42.256    14.91    9.29
-240166.099    46.959    12.50    8.18
-239789.954    51.013    10.78    7.42
-239413.809    53.040     5.39    6.46
-239037.663    51.742    -3.45    7.91
-238661.518    48.758    -7.93    8.24
-238285.373    44.656   -10.90    8.90
-237909.228    44.297    -0.95    9.05
-237533.082    45.139     2.24    7.64
-237156.937    44.139    -2.66    6.86
-236780.793    42.341    -4.78    7.84
-236404.648    41.156    -3.15    8.59
-236028.503    35.088   -16.13   10.75
-235652.358    31.577    -9.33    9.68
-235276.213    27.389   -11.14    8.07
-234900.069    24.735    -7.05    4.44
-234523.924    24.797     0.16    2.59
-234147.780    25.972     3.12    2.57
-233771.635    26.934     2.56    3.02
-233395.491    28.156     3.25    4.19
-233019.347    30.932     7.38    6.88
-232643.202    35.013    10.85    8.69
-232267.058    36.661     4.38    9.34
-231890.914    37.908     3.31    9.79
-231514.770    38.344     1.16    8.64
-231138.625    38.553     0.56    7.85
-230762.481    40.498     5.17    7.93
-230386.337    43.735     8.61    5.04
-230010.193    42.841    -2.38    5.70
-229634.049    39.040   -10.10    7.49
-229257.905    34.831   -11.19    6.36
-228881.761    35.577     1.98    6.97
-228505.617    39.750    11.09    9.35
-228129.474    46.762    18.64    9.18
-227753.330    52.222    14.52    6.79
-227377.186    53.036     2.16    5.59
-227001.042    50.370    -7.09    7.44
-226624.898    46.072   -11.42    9.13
-226248.755    42.148   -10.43    7.19
-225872.611    40.229    -5.10    5.54
-225496.467    40.148    -0.22    5.01
-225120.323    42.722     6.84    4.85
-224744.180    43.661     2.50    5.26
-224368.036    41.882    -4.73    7.26
-223991.892    39.908    -5.25    7.07
-223615.749    40.113     0.55    6.91
-223239.605    42.256     5.70    8.74
-222863.461    46.780    12.03    9.47
-222487.318    51.288    11.99   10.01
-222111.174    53.917     6.99   10.36
-221735.030    55.013     2.91    9.79
-221358.887    56.750     4.62    8.00
-220982.743    57.551     2.13    6.31
-220606.599    56.241    -3.48    5.36
-220230.456    53.722    -6.70    6.59
-219854.312    49.788   -10.46    7.84
-219478.168    46.067    -9.89    7.86
-219102.025    43.028    -8.08    7.17
-218725.881    42.190    -2.23    6.41
-218349.737    43.418     3.26    6.81
-217973.594    46.216     7.44    7.85
-217597.450    48.857     7.02    7.29
-217221.306    48.814    -0.11    7.17
-216845.162    48.364    -1.20    6.84
-216469.018    47.709    -1.74    6.10
-216092.874    50.036     6.19    7.15
-215716.731    50.583     1.45    6.72
-215340.587    50.094    -1.30    7.48
-214964.443    46.364    -9.92    9.00
-214588.299    43.310    -8.12    7.44
-214212.155    41.824    -3.95    6.29
-213836.011    43.729     5.07    6.74
-213459.867    47.497    10.02    6.86
-213083.722    49.867     6.30    7.56
-212707.578    50.444     1.54    8.14
-212331.434    50.575     0.35    8.54
-211955.290    51.472     2.39    7.92
-211579.145    50.867    -1.61    7.24
-211203.001    50.762    -0.28    6.72
-210826.857    53.267     6.66    8.38
-210450.712    58.526    13.98    9.83
-210074.568    63.183    12.38    9.35
-209698.423    68.447    14.00    7.23
-209322.279    73.158    12.52    4.83
-208946.134    73.445     0.76    4.88
-208569.989    68.337   -13.58   10.14
-208193.844    62.094   -16.60   10.35
-207817.699    57.634   -11.86    8.07
-207441.555    59.139     4.00    9.56
-207065.410    66.600    19.84   11.02
-206689.265    71.472    12.95    9.15
-206313.119    74.688     8.55    7.18
-205936.974    72.604    -5.54    9.26
-205560.829    69.893    -7.21    9.66
-205184.684    71.498     4.27    8.76
-204808.538    72.634     3.02    8.31
-204432.393    73.729     2.91    7.53
-204056.247    76.056     6.19    6.13
-203680.101    77.604     4.12    7.21
-203303.956    78.656     2.80    8.22
-202927.810    79.628     2.58    8.32
-202551.664    77.293    -6.21    9.49
-202175.518    76.040    -3.33    9.50
-201799.372    74.806    -3.28    9.02
-201423.226    72.959    -4.91    9.16
-201047.079    71.528    -3.80    9.66
-200670.933    71.104    -1.13    8.64
-200294.787    70.097    -2.68    7.58
-199918.640    69.526    -1.52    5.83
-199542.493    67.985    -4.10    5.32
-199166.347    67.216    -2.05    5.06
-198790.200    66.241    -2.59    5.34
-198414.053    64.337    -5.06    5.63
-198037.906    63.882    -1.21    5.83
-197661.758    65.797     5.09    6.46
-197285.611    66.824     2.73    7.25
-196909.464    68.634     4.81    6.53
-196533.316    68.296    -0.90    5.74
-196157.169    67.831    -1.24    5.76
-195781.021    67.703    -0.34    5.24
-195404.873    66.056    -4.38    5.42
-195028.725    64.525    -4.07    5.69
-194652.577    63.417    -2.95    5.25
-194276.429    63.946     1.41    5.02
-193900.280    64.241     0.79    4.70
-193524.132    62.256    -5.28    5.68
-193147.983    59.341    -7.75    5.96
-192771.834    56.499    -7.56    5.44
-192395.702    54.267    -5.93    4.93
-192019.577    52.770    -3.98    4.86
-191643.451    51.498    -3.38    4.63
-191267.325    52.959     3.89    6.63
-190891.199    55.770     7.47    8.78
-190515.073    60.418    12.36    8.03
-190138.947    62.337     5.10    6.63
-189762.821    58.652    -9.80    7.99
-189386.694    53.113   -14.72    6.84
-189010.567    49.729    -9.00    4.39
-188634.440    48.703    -2.73    4.11
-188258.313    50.094     3.70    5.44
-187882.186    51.583     3.96    6.51
-187506.059    52.025     1.17    7.29
-187129.932    50.788    -3.29    8.12
-186753.804    48.498    -6.09    7.66
-186377.676    46.077    -6.43    7.24
-186001.548    43.647    -6.46    4.62
-185625.420    41.694    -5.19    2.87
-185249.292    41.372    -0.86    2.34
-184873.163    40.972    -1.06    2.23
-184497.035    40.972     0.00    2.10
-184120.906    42.824     4.92    2.95
-183744.777    44.121     3.45    4.05
-183368.648    45.932     4.81    4.39
-182992.519    47.908     5.25    4.91
-182616.389    49.878     5.24    5.15
-182240.260    50.647     2.05    4.75
-181864.130    51.985     3.56    4.56
-181488.000    52.715     1.94    5.77
-181111.870    52.604    -0.30    6.37
-180735.739    51.524    -2.87    6.59
-180359.609    49.604    -5.10    5.71
-179983.478    47.833    -4.71    3.88
-179607.347    46.934    -2.39    2.74
-179231.216    46.972     0.10    2.95
-178855.085    46.575    -1.06    4.29
-178478.953    46.780     0.55    4.89
-178102.822    47.208     1.14    5.65
-177726.690    48.959     4.66    6.67
-177350.558    50.878     5.10    6.30
-176974.425    50.094    -2.08    6.00
-176598.293    48.762    -3.54    6.03
-176222.160    45.972    -7.42    5.20
-175846.027    43.088    -7.67    3.14
-175469.894    41.908    -3.14    2.33
-175093.761    41.472    -1.16    2.19
-174717.627    40.715    -2.01    1.69
-174341.494    41.841     2.99    4.53
-173965.360    46.626    12.72    8.53
-173589.226    50.194     9.49    9.67
-173213.091    53.652     9.19    7.89
-172836.957    56.778     8.31    6.53
-172460.822    55.814    -2.56    6.90
-172084.687    52.780    -8.07    8.07
-171708.552    48.753   -10.70    8.55
-171332.416    45.683    -8.16    7.22
-170956.280    42.788    -7.70    5.35
-170580.144    42.905     0.31    7.11
-170204.008    43.831     2.46    9.33
-169827.872    45.418     4.22   10.13
-169451.735    45.370    -0.13   10.58
-169075.598    46.729     3.61   10.99
-168699.461    44.130    -6.91    8.50
-168323.324    44.288     0.42    7.10
-167947.186    46.395     5.60    8.21
-167571.048    52.267    15.61    9.34
-167194.910    56.361    10.88    6.94
-166818.772    54.202    -5.74    9.17
-166442.633    48.067   -16.31   11.06
-166066.495    42.418   -15.02    8.88
-165690.356    37.337   -13.51    3.96
-165314.216    37.316    -0.06    3.16
-164938.077    40.447     8.32    6.28
-164561.937    44.395    10.50    7.71
-164185.797    47.028     7.00    6.91
-163809.656    47.011    -0.05    7.76
-163433.516    43.040   -10.56    7.58
-163057.375    39.130   -10.39    5.62
-162681.234    37.262    -4.97    4.54
-162305.092    41.652    11.67    9.69
-161928.951    49.770    21.58   12.10
-161552.809    56.525    17.96    9.41
-161176.666    57.372     2.25    8.16
-160800.524    54.194    -8.45    9.53
-160424.381    49.788   -11.71    9.54
-160048.238    43.418   -16.93    9.10
-159672.095    40.283    -8.33    8.18
-159295.951    35.526   -12.65    5.76
-158919.807    32.129    -9.03    3.52
-158543.663    31.797    -0.88    3.17
-158167.519    32.190     1.04    2.94
-157791.374    31.553    -1.69    2.64
-157415.229    31.293    -0.69    3.58
-157039.084    29.013    -6.06    6.13
-156662.938    28.104    -2.42    6.51
-156286.792    26.241    -4.95    7.17
-155910.646    25.088    -3.07    7.21
-155534.500    24.361    -1.93    6.88
-155158.353    24.183    -0.47    6.38
-154782.206    24.421     0.63    5.58
-154406.058    24.672     0.67    2.87
-154029.911    22.934    -4.62    3.84
-153653.763    20.256    -7.12    4.83
-153277.614    19.607    -1.72    4.85
-152901.466    19.310    -0.79    4.68
-152525.317    19.667     0.95    4.37
-152149.168    19.934     0.71    4.68
-151773.018    20.647     1.90    5.51
-151396.868    21.175     1.40    6.17
-151020.718    21.985     2.15    6.27
-150644.568    22.972     2.62    5.94
-150268.417    22.972     0.00    5.44
-149892.266    24.229     3.34    3.21
-149516.114    24.497     0.71    2.68
-149139.963    23.770    -1.93    3.92
-148763.810    24.337     1.51    4.36
-148387.658    24.526     0.50    4.59
-148011.505    24.333    -0.51    4.30
-147635.352    24.626     0.78    2.97
-147259.199    24.447    -0.48    2.56
-146883.045    24.587     0.37    2.54
-146506.891    25.310     1.92    1.82
-146130.736    25.688     1.01    1.78
-145754.582    25.499    -0.50    1.42
-145378.427    25.697     0.53    1.53
-145002.271    25.742     0.12    1.73
-144626.115    25.841     0.26    2.32
-144249.959    25.367    -1.26    2.71
-143873.803    25.011    -0.95    2.76
-143497.646    24.526    -1.29    2.79
-143121.489    24.097    -1.14    2.58
-142745.331    24.235     0.37    2.17
-142369.173    24.000    -0.63    2.17
-141993.015    24.175     0.47    3.57
-141616.856    24.750     1.53    4.01
-141240.697    24.806     0.15    4.14
-140864.538    25.113     0.82    3.90
-140488.378    25.129     0.04    4.21
-140112.218    24.367    -2.03    4.30
-139736.058    25.013     1.72    4.09
-139359.897    25.306     0.78    3.68
-138983.736    26.241     2.49    3.67
-138607.574    28.209     5.23    3.07
-138231.412    29.395     3.15    3.58
-137855.250    30.446     2.79    3.63
-137479.087    30.822     1.00    3.83
-137102.924    31.148     0.87    3.62
-136726.761    30.947    -0.53    3.47
-136350.597    29.575    -3.65    3.69
-135974.433    28.917    -1.75    3.81
-135598.268    29.715     2.12    5.57
-135222.103    32.472     7.33    8.35
-134845.938    38.067    14.87   10.50
-134469.772    46.077    21.30   10.78
-134093.606    51.056    13.23    8.01
-133717.440    52.370     3.49    5.83
-133341.273    49.499    -7.63    8.36
-132965.105    41.639   -20.89   12.48
-132588.938    32.959   -23.07   11.71
-132212.769    27.472   -14.59    8.02
-131836.601    25.920    -4.13    4.74
-131460.432    27.262     3.57    3.68
-131084.263    29.241     5.26    4.50
-130708.093    31.878     7.01    5.45
-130331.923    34.934     8.12    7.07
-129955.752    41.122    16.45   10.21
-129579.581    50.501    24.93    9.85
-129203.410    55.013    11.99    7.49
-128827.238    55.824     2.16    6.20
-128451.066    50.688   -13.65    8.33
-128074.893    42.797   -20.98    9.78
-127698.720    35.815   -18.56    7.42
-127322.547    31.344   -11.89    5.83
-126946.373    27.985    -8.93    4.59
-126570.198    25.688    -6.11    3.72
-126194.024    23.156    -6.73    4.98
-125817.848    21.814    -3.57    4.09
-125441.673    22.370     1.48    4.45
-125065.497    22.742     0.99    4.78
-124689.320    23.498     2.01    3.34
-124313.143    22.250    -3.32    3.13
-123936.966    21.395    -2.27    2.29
-123560.788    20.985    -1.09    1.90
-123184.610    21.191     0.55    1.76
-122808.431    22.036     2.25    1.68
-122432.252    22.526     1.30    2.22
-122056.073    24.526     5.32    5.01
-121679.893    29.229    12.50    7.94
-121303.712    35.083    15.56    9.74
-120927.531    42.446    19.57    9.44
-120551.350    48.600    16.36    7.00
-120175.168    50.067     3.90    5.68
-119798.986    49.190    -2.33    7.24
-119422.803    45.908    -8.72    7.13
-119046.620    42.344    -9.47    6.89
-118670.436    40.148    -5.84    6.64
-118294.252    41.703     4.13    8.47
-117918.068    41.013    -1.83    8.67
-117541.888    39.762    -3.33    8.66
-117165.794    37.688    -5.51    8.28
-116789.701    34.347    -8.88    6.60
-116413.607    34.472     0.33    5.93
-116037.512    38.104     9.66    9.35
-115661.417    44.944    18.19   10.88
-115285.321    52.447    19.95   10.07
-114909.225    57.611    13.73    7.94
-114533.129    57.499    -0.30    8.58
-114157.032    54.165    -8.86   10.54
-113780.934    52.959    -3.21   11.25
-113404.836    54.235     3.39   12.08
-113028.738    55.549     3.49   15.92
-112652.639    56.703     3.07   16.00
-112276.540    58.634     5.14   15.47
-111900.440    59.267     1.68   13.73
-111524.339    59.288     0.06   11.29
-111148.238    61.611     6.18   11.32
-110772.137    66.310    12.49   11.24
-110396.035    66.722     1.10   12.80
-110019.933    68.959     5.95   11.62
-109643.830    70.241     3.41   13.00
-109267.726    71.833     4.23   13.02
-108891.622    78.549    17.86   13.67
-108515.518    87.056    22.62   11.12
-108139.413    90.683     9.64    8.14
-107763.308    93.370     7.14    5.28
-107387.202    89.683    -9.80    7.98
-107011.095    86.683    -7.98    7.04
-106634.988    83.715    -7.89    7.30
-106258.881    82.747    -2.57    7.27
-105882.773    81.306    -3.83    7.37
-105506.664    77.372   -10.46    7.24
-105130.555    73.841    -9.39    7.27
-104754.446    70.167    -9.77    7.73
-104378.336    66.959    -8.53    9.66
-104002.225    64.333    -6.98   10.15
-103626.114    60.709    -9.64   10.82
-103250.002    58.847    -4.95   10.64
-102873.890    58.986     0.37    8.90
-102497.777    54.647   -11.54    9.10
-102121.664    50.499   -11.03   10.06
-101745.550    47.367    -8.33    8.97
-101369.436    46.175    -3.17    8.72
-100993.321    48.472     6.11   10.48
-100617.206    51.893     9.10    9.62
-100241.090    49.556    -6.22   10.32
 -99864.973    48.549    -2.68    8.64
 -99488.856    48.278    -0.72    8.21
 -99112.739    46.062    -5.89    8.31
 -98736.620    47.959     5.04    8.74
 -98360.502    47.387    -1.52    7.79
 -97984.382    48.067     1.81    8.41
 -97608.263    52.250    11.12    7.00
 -97232.142    53.283     2.75    7.91
 -96856.021    51.729    -4.13    8.96
 -96479.900    50.851    -2.33    8.26
 -96103.778    49.235    -4.29    7.96
 -95727.655    43.190   -16.07    9.10
 -95351.532    40.446    -7.30    9.77
 -94975.408    36.499   -10.49    7.83
 -94599.284    34.395    -5.59    4.55
 -94223.159    34.577     0.48    3.00
 -93847.034    35.222     1.71    2.90
 -93470.908    35.130    -0.24    3.40
 -93094.781    32.250    -7.66    6.13
 -92718.654    29.683    -6.83    6.66
 -92342.526    27.549    -5.67    6.70
 -91966.398    25.597    -5.19    6.72
 -91590.269    26.472     2.33    6.35
 -91214.139    28.067     4.24    5.49
 -90838.009    30.607     6.75    3.47
 -90461.879    31.600     2.64    1.89
 -90085.747    31.580    -0.05    1.63
 -89709.616    34.344     7.35    7.36
 -89333.483    35.267     2.45    8.65
 -88957.350    35.857     1.57    8.89
 -88581.216    36.661     2.14    7.98
 -88205.082    35.934    -1.93    7.00
 -87828.947    36.183     0.66    7.59
 -87452.812    38.722     6.75    7.54
 -87076.676    40.797     5.51    7.76
 -86700.539    42.556     4.68    8.79
 -86324.402    44.553     5.31    9.18
 -85948.264    45.318     2.03    9.60
 -85572.126    46.347     2.74    9.88
 -85195.987    47.806     3.88   10.58
 -84819.847    49.190     3.68   11.04
 -84443.707    50.917     4.59   11.53
 -84067.566    54.011     8.23    9.54
 -83691.424    53.742    -0.71    8.56
 -83315.282    56.472     7.26    7.81
 -82939.139    60.946    11.89    8.75
 -82562.996    66.677    15.24    9.31
 -82186.852    71.905    13.90    8.57
 -81810.707    75.025     8.30    8.44
 -81434.562    75.972     2.52    8.78
 -81058.416    72.472    -9.30    9.97
 -80682.270    69.824    -7.04    9.95
 -80306.123    60.932   -23.64   14.85
 -79929.975    53.553   -19.62   13.77
 -79553.826    51.229    -6.18   12.06
 -79177.677    49.701    -4.06   11.16
 -78801.528    54.222    12.02   10.44
 -78425.377    56.062     4.89   10.34
 -78049.226    56.526     1.23   10.73
 -77673.075    61.934    14.38    9.43
 -77296.923    66.341    11.72    9.23
 -76920.770    72.077    15.25    9.85
 -76544.616    77.551    14.55    8.35
 -76168.462    82.524    13.22    7.45
 -75792.307    86.722    11.16    7.30
 -75416.151    88.683     5.21    6.34
 -75039.995    89.022     0.90    5.74
 -74663.839    89.208     0.49    5.73
 -74287.681    90.318     2.95    5.99
 -73911.523    90.607     0.77    6.09
 -73535.364    88.878    -4.60    7.27
 -73159.205    89.094     0.57    7.04
 -72783.044    90.639     4.11    6.41
 -72406.884    91.934     3.44    6.16
 -72030.722    93.947     5.35    4.52
 -71654.560    94.932     2.62    4.58
 -71278.397    97.318     6.34    6.41
 -70902.234    99.882     6.82    6.21
 -70526.070   100.754     2.32    5.58
 -70149.905    99.446    -3.48    6.34
 -69773.739    95.703    -9.95    6.67
 -69397.573    91.222   -11.91    5.34
 -69021.406    88.067    -8.39    5.34
 -68645.239    84.445    -9.63    8.26
 -68269.070    80.149   -11.42   10.13
 -67892.901    76.549    -9.57   10.77
 -67516.732    74.216    -6.20    9.29
 -67140.561    72.472    -4.64    7.83
 -66764.390    69.959    -6.68    7.05
 -66388.219    66.583    -8.97    8.51
 -66012.046    63.367    -8.55    8.53
 -65635.873    62.747    -1.65    9.92
 -65259.699    61.688    -2.81    9.38
 -64883.525    58.267    -9.10    9.59
 -64507.350    55.314    -7.85   10.31
 -64131.174    50.920   -11.68   10.23
 -63754.997    44.878   -16.06   10.19
 -63378.820    39.547   -14.17    9.36
 -63002.642    33.867   -15.10    7.66
 -62626.463    29.770   -10.89    5.57
 -62250.283    27.688    -5.53    4.50
 -61874.103    25.158    -6.73    4.78
 -61497.922    24.395    -2.03    4.75
 -61121.741    23.139    -3.34    3.99
 -60745.558    21.139    -5.32    4.47
 -60369.375    20.288    -2.26    5.65
 -59993.192    20.905     1.64    6.53
 -59617.007    21.824     2.44    6.96
 -59240.822    23.272     3.85    6.52
 -58864.636    25.121     4.91    4.35
 -58488.449    26.393     3.38    1.88
 -58112.262    26.077    -0.84    1.98
 -57736.074    26.806     1.94    2.94
 -57359.885    28.202     3.71    3.22
 -56983.695    29.147     2.51    3.03
 -56607.505    30.652     4.00    2.43
 -56231.314    32.111     3.88    2.04
 -55855.122    32.932     2.18    2.40
 -55478.929    33.715     2.08    2.59
 -55102.736    34.121     1.08    2.50
 -54726.542    34.036    -0.22    2.37
 -54350.347    34.000    -0.10    2.46
 -53974.152    32.934    -2.83    3.39
 -53597.955    32.288    -1.72    4.37
 -53221.758    32.722     1.15    4.99
 -52845.560    33.344     1.65    5.22
 -52469.362    34.857     4.02    4.34
 -52093.162    35.972     2.96    3.78
 -51716.962    35.959    -0.04    4.11
 -51340.761    35.652    -0.82    5.02
 -50964.560    35.337    -0.84    4.88
 -50588.357    35.216    -0.32    4.89
 -50212.154    35.597     1.01    4.70
 -49835.950    36.272     1.79    3.45
 -49459.746    36.661     1.03    3.44
 -49083.540    36.229    -1.15    3.23
 -48707.334    36.580     0.93    2.76
 -48331.127    37.025     1.18    3.06
 -47954.919    37.861     2.22    3.33
 -47578.710    38.747     2.36    3.53
 -47202.501    39.999     3.33    3.80
 -46826.291    41.607     4.28    4.30
 -46450.080    42.729     2.98    3.86
 -46073.868    44.367     4.35    4.27
 -45697.656    48.156    10.07    6.26
 -45321.443    51.824     9.75    7.51
 -44945.229    56.934    13.58    7.48
 -44569.014    62.028    13.54    6.86
 -44192.798    64.652     6.97    5.50
 -43816.582    66.472     4.84    5.53
 -43440.364    69.222     7.31    4.61
 -43064.146    70.797     4.18    4.46
 -42687.927    70.175    -1.65    6.33
 -42311.771    68.310    -4.96    8.42
 -41935.715    67.499    -2.16    9.21
 -41559.658    69.583     5.54   12.08
 -41183.600    77.051    19.86   11.13
 -40807.541    82.857    15.44    7.34
 -40431.481    84.262     3.74    5.88
 -40055.421    84.025    -0.63    5.91
 -39679.360    81.575    -6.52    7.30
 -39303.298    79.626    -5.18    6.82
 -38927.235    76.797    -7.52    9.15
 -38551.171    72.882   -10.41   12.02
 -38175.107    68.851   -10.72   13.27
 -37799.042    68.656    -0.52   12.90
 -37422.976    71.446     7.42   11.16
 -37046.909    73.410     5.22    9.31
 -36670.841    73.011    -1.06    7.84
 -36294.773    71.946    -2.83    7.55
 -35918.703    70.000    -5.17    7.60
 -35542.633    71.600     4.26    8.13
 -35166.562    76.778    13.77    6.89
 -34790.490    82.626    15.55    8.51
 -34414.417    88.999    16.94    8.19
 -34038.344    94.283    14.05    6.98
 -33662.269    97.934     9.71    4.72
 -33286.194   100.011     5.52    4.54
 -32910.118   101.190     3.14    5.15
 -32534.041   102.500     3.48    5.65
 -32157.963   103.051     1.47    5.04
 -31781.885   100.013    -8.08    7.08
 -31405.805    95.418   -12.22    8.74
 -31029.725    85.526   -26.30   13.20
 -30653.644    74.128   -30.31   13.52
 -30277.562    66.395   -20.56   13.45
 -29901.479    58.318   -21.48   14.05
 -29525.395    52.556   -15.32   14.44
 -29149.310    48.216   -11.54   11.71
 -28773.225    47.833    -1.02   11.05
 -28397.139    52.472    12.33   11.07
 -28021.051    57.677    13.84   10.88
 -27644.963    62.932    13.97    8.40
 -27268.874    65.310     6.32    8.09
 -26892.785    63.600    -4.55    7.94
 -26516.694    60.222    -8.98   10.02
 -26140.602    53.364   -18.24   10.98
 -25764.510    51.036    -6.19    9.43
 -25388.417    51.742     1.88    9.22
 -25012.322    55.553    10.13    8.57
 -24636.227    61.148    14.88    6.88
 -24260.131    64.815     9.75    5.61
 -23884.035    66.920     5.60    4.45
 -23507.937    65.922    -2.65    5.03
 -23131.838    64.000    -5.11    6.51
 -22755.739    60.882    -8.29    6.43
 -22379.638    59.446    -3.82    5.39
 -22003.537    58.577    -2.31    5.31
 -21627.435    55.882    -7.17    6.63
 -21251.332    51.788   -10.89    7.42
 -20875.228    45.972   -15.46    8.50
 -20499.123    40.630   -14.20    7.27
 -20123.017    34.572   -16.11    8.18
 -19746.911    28.417   -16.37    6.87
 -19370.803    24.652   -10.01    5.79
 -18994.695    20.472   -11.11    3.81
 -18618.585    20.310    -0.43    4.15
 -18242.475    20.202    -0.29    4.71
 -17866.364    21.040     2.23    5.47
 -17490.252    21.036    -0.01    5.33
 -17114.138    21.575     1.43    5.37
 -16738.025    21.932     0.95    5.45
 -16361.910    22.047     0.31    4.99
 -15985.794    23.393     3.58    3.87
 -15609.677    24.156     2.03    2.43
 -15233.560    24.391     0.62    1.99
 -14857.441    24.344    -0.13    1.66
 -14481.322    24.367     0.06    1.67
 -14105.201    24.167    -0.53    1.67
 -13729.080    23.577    -1.57    1.45
 -13352.958    23.861     0.75    1.36
 -12976.834    24.267     1.08    1.58
 -12600.710    24.575     0.82    1.65
 -12224.585    24.558    -0.04    1.93
 -11848.459    24.283    -0.73    2.03
 -11472.332    23.580    -1.87    1.81
 -11096.204    23.553    -0.07    1.95
 -10720.075    23.422    -0.35    2.21
 -10343.946    23.310    -0.30    2.20
  -9967.815    24.525     3.23    2.09
  -9591.683    24.920     1.05    2.27
  -9215.551    24.959     0.11    2.23
  -8839.417    25.256     0.79    1.80
  -8463.283    24.780    -1.27    2.02
  -8087.147    23.420    -3.62    2.99
  -7711.011    21.528    -5.03    3.38
  -7334.873    18.688    -7.55    3.99
  -6958.735    15.861    -7.52    3.80
  -6582.596    13.867    -5.30    3.68
  -6206.455    11.421    -6.50    3.86
  -5830.314     8.785    -7.01    3.36
  -5454.172     9.709     2.46    3.97
  -5078.029    11.688     5.26    5.15
  -4701.885    14.528     7.55    4.85
  -4325.739    16.088     4.15    4.06
  -3949.593    16.040    -0.13    4.23
  -3573.446    16.908     2.31    4.85
  -3197.298    17.677     2.05    5.10
  -2821.149    18.703     2.73    4.15
  -2444.999    17.364    -3.56    4.35
  -2068.848    15.831    -4.08    3.70
  -1692.696    13.985    -4.91    4.96
  -1316.543    10.667    -8.82    7.19
   -940.389     6.715   -10.50    8.22
   -564.234     2.229   -11.93    6.76
   -188.078     0.148    -5.53    3.73
    188.078     0.262     0.30    1.95
    564.236     0.737     1.26    1.90
    940.395     0.272    -1.24    1.87
   1316.555    -0.291    -1.50    1.79
   1692.716    -1.167    -2.33    0.87
   2068.878    -1.118     0.13    1.09
   2445.041    -0.528     1.57    1.76
   2821.205    -0.159     0.98    1.82
   3197.370     0.209     0.98    1.81
   3573.536    -0.246    -1.21    1.50
   3949.702    -0.501    -0.68    1.46
   4325.870    -1.133    -1.68    0.97
   4702.039    -0.003     3.00    3.46
   5078.209     2.701     7.19    4.79
   5454.380     5.337     7.01    4.42
   5830.552     8.094     7.33    1.48
   6206.725     8.337     0.65    1.23
   6582.899     8.391     0.14    1.28
   6959.074     8.167    -0.60    1.60
   7335.250     8.222     0.15    1.66
   7711.428     9.499     3.39    2.97
   8087.606    12.391     7.69    4.51
   8463.785    15.421     8.05    4.53
   8839.965    17.709     6.08    3.31
   9216.146    17.447    -0.70    2.18
   9592.329    17.202    -0.65    2.18
   9968.512    16.806    -1.05    2.06
  10344.696    16.500    -0.81    1.95
  10720.882    16.630     0.35    1.97
  11097.068    16.522    -0.29    1.69
  11473.255    16.290    -0.62    1.76
  11849.444    16.985     1.85    1.86
  12225.633    17.824     2.23    2.29
  12601.824    19.121     3.45    2.34
  12978.016    20.229     2.95    1.95
  13354.208    21.278     2.79    2.25
  13730.402    21.893     1.64    2.63
  14106.597    22.806     2.43    2.77
  14482.793    23.094     0.77    3.09
  14858.990    22.652    -1.18    3.83
  15235.188    22.011    -1.70    4.28
  15611.387    21.344    -1.77    4.35
  15987.587    21.209    -0.36    4.06
  16363.788    22.062     2.27    4.15
  16739.990    24.526     6.55    2.33
  17116.193    25.067     1.44    2.44
  17492.398    25.202     0.36    2.08
  17868.603    25.097    -0.28    2.60
  18244.810    24.729    -0.98    2.89
  18621.017    24.780     0.14    3.59
  18997.226    24.417    -0.97    3.55
  19373.436    24.067    -0.93    3.58
  19749.646    23.944    -0.33    3.66
  20125.858    23.209    -1.95    2.26
  20502.071    22.882    -0.87    2.24
  20878.285    22.986     0.27    2.49
  21254.501    22.499    -1.29    2.69
  21630.717    22.946     1.19    2.98
  22006.934    23.420     1.26    2.84
  22383.153    24.715     3.44    3.07
  22759.372    25.897     3.14    2.94
  23135.593    27.235     3.56    2.69
  23511.814    27.607     0.99    3.07
  23888.037    27.661     0.14    3.38
  24264.261    26.528    -3.01    2.97
  24640.486    25.934    -1.58    1.89
  25016.712    26.113     0.48    1.95
  25392.939    26.472     0.95    2.07
  25769.168    28.341     4.97    3.14
  26145.397    29.445     2.94    3.01
  26521.628    29.694     0.66    2.96
  26897.859    30.072     1.00    3.91
  27274.092    30.310     0.63    4.80
  27650.326    32.156     4.91    6.36
  28026.561    36.314    11.05    8.87
  28402.797    43.197    18.29   12.19
  28779.034    53.094    26.30   14.86
  29155.273    61.472    22.27   15.09
  29531.512    71.575    26.85   11.42
  29907.753    79.028    19.81    9.02
  30283.994    85.229    16.48    8.56
  30660.237    91.310    16.16    8.57
  31036.481    95.077    10.01    9.02
  31412.726   100.447    14.27    9.65
  31788.973   105.472    13.36    8.43
  32165.220   109.524    10.77    7.20
  32541.469   113.814    11.40    5.98
  32917.563   117.917    10.91    5.98
  33293.594   119.139     3.25    5.63
  33669.627   119.652     1.36    5.32
  34045.660   119.104    -1.46    4.85
  34421.695   117.310    -4.77    3.87
  34797.731   117.011    -0.80    3.97
  35173.768   117.202     0.51    3.66
  35549.806   116.113    -2.90    3.25
  35925.846   116.147     0.09    3.03
  36301.886   116.901     2.00    2.96
  36677.928   118.013     2.96    3.35
  37053.971   120.824     7.47    4.92
  37430.015   124.580     9.99    5.60
  37806.060   127.551     7.90    4.06
  38182.106   129.806     5.99    3.12
  38558.154   132.862     8.13    3.58
  38934.202   134.626     4.69    4.38
  39310.252   136.851     5.92    3.82
  39686.303   138.524     4.45    2.45
  40062.355   138.499    -0.07    3.54
  40438.409   136.267    -5.93    5.58
  40814.463   133.667    -6.92    5.85
  41190.519   129.472   -11.15    5.10
  41566.576   126.778    -7.17    3.54
  41942.634   126.011    -2.04    3.21
  42318.693   125.062    -2.52    3.33
  42694.753   124.253    -2.15    3.68
  43070.815   121.770    -6.61    4.41
  43446.878   117.580   -11.14    4.53
  43822.942   113.526   -10.78    5.35
  44199.007   107.709   -15.47    6.76
  44575.073   101.959   -15.29    8.17
  44951.141    93.395   -22.77   11.58
  45327.209    83.549   -26.18   14.82
  45703.279    67.867   -41.70   23.54
  46079.350    52.445   -41.01   23.39
  46455.423    37.293   -40.29   16.61
  46831.496    29.908   -19.64    6.82
  47207.571    29.229    -1.81    3.94
  47583.647    27.908    -3.51    4.21
  47959.724    26.878    -2.74    4.46
  48335.802    25.446    -3.81    3.95
  48711.882    24.703    -1.98    3.12
  49087.962    24.941     0.63    4.00
  49464.044    26.190     3.32    4.66
  49840.127    26.314     0.33    4.91
  50216.212    24.851    -3.89    5.03
  50592.297    19.421   -14.44    9.86
  50968.384    15.472   -10.50    9.78
  51344.472    15.677     0.55    9.52
  51720.561    17.267     4.23    9.23
  52096.652    19.604     6.21    8.90
  52472.744    23.183     9.52    6.68
  52848.837    25.575     6.36    5.20
  53224.931    27.806     5.93    2.82
  53601.026    28.932     2.99    2.72
  53977.123    29.946     2.70    2.35
  54353.221    29.824    -0.33    3.24
  54729.320    29.094    -1.94    4.83
  55105.420    28.661    -1.15    5.19
  55481.521    27.753    -2.41    5.29
  55857.624    26.498    -3.34    5.54
  56233.728    27.113     1.64    5.34
  56609.834    26.917    -0.52    4.58
  56985.940    25.806    -2.95    4.53
  57362.048    25.167    -1.70    4.43
  57738.157    25.626     1.22    3.69
  58114.267    25.762     0.36    3.14
  58490.379    24.267    -3.97    4.81
  58866.492    23.418    -2.26    5.12
  59242.606    24.113     1.85    5.81
  59618.721    25.545     3.81    6.22
  59994.837    28.139     6.90    5.75
  60370.955    30.656     6.69    5.31
  60747.074    33.553     7.70    4.16
  61123.195    36.499     7.83    5.11
  61499.316    37.634     3.02    5.09
  61875.439    38.387     2.00    4.47
  62251.563    41.297     7.74    5.89
  62627.689    42.703     3.74    6.73
  63003.815    43.499     2.12    7.27
  63379.943    42.241    -3.34    7.45
  63756.073    39.283    -7.87    5.64
  64132.203    39.630     0.92    4.40
  64508.335    41.318     4.49    4.45
  64884.468    41.857     1.43    6.06
  65260.602    42.194     0.90    6.89
  65636.738    41.472    -1.92    8.38
  66012.875    40.908    -1.50    7.78
  66389.013    42.417     4.01    7.40
  66765.153    44.267     4.92    8.43
  67141.294    47.851     9.53    9.94
  67517.436    51.742    10.35   10.90
  67893.579    51.797     0.14   11.11
  68269.724    48.000   -10.09   12.36
  68645.870    45.652    -6.24   11.13
  69022.017    43.522    -5.66    7.98
  69398.166    46.851     8.85    8.01
  69774.315    50.922    10.82    6.45
  70150.467    52.683     4.68    5.62
  70526.619    52.788     0.28    5.57
  70902.773    50.607    -5.80    4.66
  71278.928    51.472     2.30    5.59
  71655.085    52.306     2.22    4.40
  72031.242    51.742    -1.50    5.14
  72407.401    49.077    -7.08    7.21
  72783.562    49.129     0.14    6.67
  73159.723    49.011    -0.32    6.15
  73535.886    47.062    -5.18    6.92
  73912.051    46.694    -0.98    6.85
  74288.216    47.094     1.06    7.99
  74664.383    52.553    14.51   11.87
  75040.552    60.735    21.75   13.20
  75416.721    68.647    21.03    7.62
  75792.892    70.013     3.63    6.37
  76169.065    64.062   -15.82   11.71
  76545.238    54.420   -25.63   11.56
  76921.413    48.683   -15.25    8.53
  77297.590    47.472    -3.22    6.24
  77673.767    49.472     5.32    7.99
  78049.946    50.604     3.01    8.02
  78426.127    51.278     1.79    8.10
  78802.308    52.148     2.31    8.02
  79178.491    55.861     9.87    8.51
  79554.676    56.882     2.72    7.91
  79930.861    59.267     6.34    7.85
  80307.048    59.060    -0.55    7.94
  80683.237    57.851    -3.22    7.48
  81059.427    57.824    -0.07    6.49
  81435.618    56.878    -2.51    6.19
  81811.810    59.498     6.97    6.54
  82188.004    60.742     3.31    6.11
  82564.199    57.165    -9.51   10.52
  82940.396    55.216    -5.18   11.93
  83316.594    51.652    -9.47   12.02
  83692.793    48.013    -9.67    9.82
  84068.994    45.009    -7.99    9.01
  84445.196    41.867    -8.35    7.56
  84821.399    38.639    -8.58    3.92
  85197.604    38.770     0.35    4.40
  85573.810    39.333     1.50    4.28
  85950.018    38.742    -1.57    3.45
  86326.227    38.011    -1.95    2.95
  86702.437    37.775    -0.63    1.90
  87078.649    38.139     0.97    1.84
  87454.862    38.630     1.31    3.14
  87831.076    39.444     2.16    3.53
  88207.292    40.524     2.87    4.94
  88583.509    43.256     7.26    6.40
  88959.728    46.370     8.28    7.83
  89335.948    49.972     9.58    8.05
  89712.169    50.882     2.42    6.54
  90088.392    50.337    -1.45    6.71
  90464.616    48.104    -5.94    7.37
  90840.842    48.062    -0.11    7.66
  91217.069    50.556     6.63    8.63
  91593.297    50.418    -0.37    8.16
  91969.527    52.202     4.74    8.21
  92345.758    55.391     8.48    7.83
  92721.990    58.959     9.48    7.64
  93098.225    59.815     2.28    7.00
  93474.460    60.447     1.68    6.99
  93850.697    60.341    -0.28    7.14
  94226.935    60.905     1.50    7.62
  94603.175    62.959     5.46    4.98
  94979.416    62.156    -2.13    5.71
  95355.658    60.577    -4.20    5.67
  95731.902    58.314    -6.02    5.34
  96108.147    57.524    -2.10    5.10
  96484.394    55.824    -4.52    4.69
  96860.642    54.762    -2.82    4.58
  97236.892    55.822     2.82    5.92
  97613.143    57.158     3.55    6.30
  97989.395    58.391     3.28    6.89
  98365.649    59.851     3.88    8.29
  98741.905    60.013     0.43    9.08
  99118.161    58.526    -3.95    9.22
  99494.420    56.972    -4.13    8.30
  99870.679    56.575    -1.06    7.67
 100246.940    57.920     3.57    8.61
 100623.203    60.013     5.56    8.52
 100999.467    62.344     6.20    9.17
 101375.732    63.780     3.82    9.43
 101751.999    64.113     0.89    9.48
 102128.267    63.661    -1.20    9.34
 102504.537    63.113    -1.46    8.79
 102880.808    62.750    -0.97    8.42
 103257.081    65.393     7.02    8.84
 103633.355    65.139    -0.68    8.46
 104009.631    65.237     0.26    8.36
 104385.908    65.036    -0.53    8.12
 104762.186    64.959    -0.21    7.72
 105138.466    65.444     1.29    7.60
 105514.748    65.986     1.44    6.38
 105891.031    66.889     2.40    6.94
 106267.315    71.893    13.30    9.03
 106643.601    74.887     7.96    8.19
 107019.888    78.175     8.74    6.97
 107396.177    79.754     4.20    6.59
 107772.459    78.867    -2.36    6.83
 108148.459    76.780    -5.55    8.29
 108524.460    76.824     0.12    8.84
 108900.463    76.772    -0.14    8.65
 109276.468    76.688    -0.22    8.23
 109652.474    75.851    -2.23    7.86
 110028.481    74.202    -4.38    7.68
 110404.490    70.387   -10.15    6.87
 110780.501    67.806    -6.86    7.10
 111156.513    69.652     4.91    9.02
 111532.526    72.972     8.83   11.64
 111908.541    79.824    18.22   12.91
 112284.558    86.750    18.42    7.35
 112660.576    83.077    -9.77   12.71
 113036.595    78.297   -12.71   13.64
 113412.616    75.607    -7.15   12.12
 113788.638    75.420    -0.50   11.01
 114164.662    80.104    12.46    9.08
 114540.688    85.575    14.55    7.33
 114916.715    89.175     9.57    8.57
 115292.743    92.947    10.03    9.70
 115668.773    97.369    11.76    7.03
