-120737.208    72.137     0.00    5.50
-120361.143    71.571    -1.50    6.76
-119985.080    69.811    -4.68    8.58
-119609.018    68.807    -2.67    9.77
-119232.957    69.429     1.65   10.96
-118856.899    69.618     0.50   11.41
-118480.841    71.729     5.61    9.81
-118104.785    73.293     4.16    8.52
-117728.731    72.608    -1.82    8.36
-117352.678    67.788   -12.82    9.61
-116976.626    64.916    -7.64   11.28
-116600.576    62.618    -6.11   10.90
-116224.528    60.454    -5.75    9.15
-115848.481    63.402     7.84   10.67
-115472.436    68.984    14.84    8.67
-115096.392    70.239     3.34    7.27
-114720.349    68.564    -4.46    7.58
-114344.308    65.665    -7.71    7.76
-113968.269    62.608    -8.13    7.76
-113592.231    56.960   -15.02    7.64
-113216.194    52.823   -11.00    9.50
-112840.159    48.834   -10.61    9.64
-112464.125    44.645   -11.14    7.11
-112088.093    41.762    -7.67    3.83
-111712.063    41.239    -1.39    4.06
-111336.034    41.147    -0.25    4.06
-110960.006    41.198     0.14    4.25
-110583.980    40.454    -1.98    3.60
-110207.955    40.158    -0.79    3.18
-109831.932    40.531     0.99    4.64
-109455.910    40.634     0.27    4.92
-109079.889    41.817     3.15    4.95
-108703.870    41.537    -0.75    4.29
-108327.853    41.861     0.86    4.39
-107951.837    42.456     1.58    4.67
-107575.822    44.711     6.00    4.98
-107199.809    47.035     6.18    3.91
-106823.798    47.929     2.38    4.34
-106447.788    47.744    -0.49    4.38
-106071.779    47.317    -1.14    4.11
-105695.772    45.736    -4.21    4.05
-105319.766    45.104    -1.68    3.91
-104943.761    44.665    -1.17    4.36
-104567.758    43.771    -2.38    4.68
-104191.757    42.864    -2.41    5.77
-103815.757    40.726    -5.69    4.50
-103439.758    40.086    -1.70    4.75
-103063.761    40.504     1.11    5.31
-102687.765    40.762     0.69    5.17
-102311.771    40.537    -0.60    4.62
-101935.778    39.645    -2.37    4.46
-101559.786    37.996    -4.38    3.51
-101183.796    37.483    -1.37    3.79
-100807.808    38.029     1.45    3.59
-100431.820    39.204     3.13    5.74
-100055.736    38.323    -2.34    6.82
 -99679.472    37.023    -3.46    7.82
 -99303.210    34.813    -5.87    8.36
 -98926.949    31.823    -7.95    6.57
 -98550.690    31.113    -1.89    5.58
 -98174.431    31.996     2.35    4.97
 -97798.175    33.223     3.26    4.47
 -97421.920    33.901     1.80    3.17
 -97045.666    34.534     1.68    3.13
 -96669.413    34.404    -0.35    3.08
 -96293.162    34.399    -0.01    2.76
 -95916.913    34.008    -1.04    2.59
 -95540.665    34.456     1.19    2.84
 -95164.418    34.888     1.15    2.51
 -94788.173    36.185     3.45    2.58
 -94411.929    36.706     1.38    2.55
 -94035.686    36.864     0.42    2.27
 -93659.445    37.890     2.73    2.71
 -93283.205    39.297     3.74    3.63
 -92906.967    40.376     2.87    3.98
 -92530.730    39.480    -2.38    5.52
 -92154.494    39.275    -0.55    6.23
 -91778.260    38.645    -1.67    5.50
 -91402.027    40.916     6.04    6.44
 -91025.795    42.706     4.76    6.74
 -90649.565    46.131     9.10    4.95
 -90273.336    47.192     2.82    5.09
 -89897.109    46.147    -2.78    5.35
 -89520.883    46.300     0.41    6.13
 -89144.659    46.034    -0.71    6.68
 -88768.435    45.956    -0.21    7.40
 -88392.213    44.564    -3.70    8.02
 -88015.993    41.790    -7.37    7.21
 -87639.774    41.481    -0.82    6.88
 -87263.556    40.454    -2.73    6.28
 -86887.340    39.726    -1.94    4.91
 -86511.125    40.070     0.91    4.49
 -86134.911    39.192    -2.33    4.17
 -85758.699    39.718     1.40    4.38
 -85382.488    40.131     1.10    4.12
 -85006.278    40.404     0.72    4.00
 -84630.070    39.969    -1.15    4.68
 -84253.863    39.050    -2.44    3.68
 -83877.658    39.429     1.01    5.59
 -83501.453    42.171     7.29    6.46
 -83125.251    45.480     8.79    7.34
 -82749.049    47.967     6.61    7.13
 -82372.849    48.512     1.45    7.88
 -81996.650    50.271     4.68    8.40
 -81620.453    52.734     6.55    8.30
 -81244.257    58.218    14.58    9.34
 -80868.062    66.979    23.29   10.60
 -80491.868    75.023    21.38   14.63
 -80115.676    87.692    33.68   16.48
 -79739.485    98.955    29.94   14.21
 -79363.296   107.531    22.80   12.23
 -78987.108   113.807    16.68    6.55
 -78610.921   113.864     0.15    7.08
 -78234.735   110.403    -9.20   10.89
 -77858.551   104.672   -15.23   13.68
 -77482.368   100.104   -12.14   13.08
 -77106.187    90.645   -25.15   14.52
 -76730.007    78.429   -32.47   16.81
 -76353.828    66.121   -32.72   16.15
 -75977.650    58.600   -19.99   12.02
 -75601.474    52.249   -16.88    7.86
 -75225.299    50.942    -3.47    7.08
 -74849.126    49.317    -4.32    7.45
 -74472.953    48.198    -2.98    7.53
 -74096.782    47.192    -2.67    7.56
 -73720.612    47.916     1.92    9.05
 -73344.444    52.271    11.58   12.23
 -72968.277    56.554    11.39   13.64
 -72592.111    63.290    17.91   11.12
 -72215.947    65.754     6.55   10.06
 -71839.783    67.070     3.50    8.74
 -71463.621    66.771    -0.79    6.35
 -71087.461    60.348   -17.08    9.76
 -70711.302    50.429   -26.37   12.21
 -70335.143    41.023   -25.00   11.15
 -69958.987    40.086    -2.49    9.91
 -69582.831    41.672     4.21   10.96
 -69206.677    45.480    10.12    9.79
 -68830.524    50.060    12.18    7.48
 -68454.372    49.861    -0.53    7.58
 -68078.222    52.198     6.21    9.66
 -67702.073    54.916     7.23   10.57
 -67325.925    59.060    11.02   11.32
 -66949.779    63.512    11.84   11.87
 -66573.634    72.198    23.09   13.28
 -66197.490    83.317    29.56   14.85
 -65821.347    92.531    24.50   12.43
 -65445.205   101.659    24.27   10.30
 -65069.065   107.743    16.17    9.04
 -64692.926   114.131    16.98    9.05
 -64316.789   116.483     6.25    8.16
 -63940.652   116.023    -1.22    7.99
 -63564.517   111.192   -12.85    9.59
 -63188.383   105.290   -15.69    7.61
 -62812.251   100.929   -11.59    6.48
 -62436.119    98.172    -7.33    6.07
 -62059.989    94.942    -8.59    5.73
 -61683.860    92.481    -6.54    5.87
 -61307.733    89.086    -9.03    7.85
 -60931.606    84.249   -12.86    8.12
 -60555.481    79.050   -13.82    7.83
 -60179.357    71.864   -19.10    9.29
 -59803.235    61.929   -26.42   13.20
 -59427.113    48.300   -36.23   17.13
 -59050.993    37.377   -29.04   14.08
 -58674.874    33.616   -10.00   11.72
 -58298.757    37.876    11.33   15.18
 -57922.640    47.888    26.62   15.14
 -57546.525    56.942    24.07   12.25
 -57170.411    65.323    22.28    8.64
 -56794.298    71.023    15.15    7.33
 -56418.187    76.890    15.60    8.16
 -56042.076    82.557    15.07    8.10
 -55665.967    87.456    13.03    8.22
 -55289.859    94.320    18.25    9.01
 -54913.753    98.198    10.31    8.23
 -54537.647    97.736    -1.23    7.79
 -54161.543    97.185    -1.46    7.69
 -53785.440    94.198    -7.94    8.61
 -53409.338    89.266   -13.11    8.53
 -53033.238    85.888    -8.98    8.76
 -52657.138    81.744   -11.02    7.68
 -52281.040    79.710    -5.41    8.15
 -51904.943    78.249    -3.88   11.03
 -51528.848    74.121   -10.98   11.51
 -51152.753    69.984   -11.00   11.31
 -50776.660    63.506   -17.23   11.83
 -50400.568    56.734   -18.00   13.55
 -50024.477    51.659   -13.49   14.76
 -49648.387    44.955   -17.83   14.93
 -49272.298    39.293   -15.05   14.10
 -48896.211    32.807   -17.25   12.91
 -48520.125    26.916   -15.66   10.36
 -48144.040    22.929   -10.60    7.08
 -47767.956    20.262    -7.09    3.65
 -47391.873    19.823    -1.17    3.19
 -47015.792    19.771    -0.14    3.27
 -46639.712    20.158     1.03    3.14
 -46263.633    20.077    -0.22    3.12
 -45887.555    20.686     1.62    3.29
 -45511.478    21.249     1.50    3.60
 -45135.403    21.916     1.77    3.52
 -44759.328    21.845    -0.19    3.56
 -44383.255    21.634    -0.56    3.46
 -44007.183    21.206    -1.14    3.28
 -43631.112    20.613    -1.58    2.93
 -43255.043    20.762     0.40    2.86
 -42878.974    20.941     0.48    2.56
 -42502.907    20.861    -0.21    2.92
 -42126.841    20.929     0.18    3.23
 -41750.776    21.479     1.46    3.31
 -41374.712    22.429     2.53    3.03
 -40998.649    22.823     1.05    2.51
 -40622.588    22.996     0.46    1.97
 -40246.527    22.348    -1.72    2.49
 -39870.468    21.564    -2.08    2.61
 -39494.410    21.086    -1.27    2.58
 -39118.353    21.813     1.93    2.94
 -38742.297    22.554     1.97    2.47
 -38366.243    23.429     2.33    1.96
 -37990.189    23.679     0.66    1.82
 -37614.137    22.876    -2.13    1.95
 -37238.085    22.172    -1.87    3.19
 -36862.035    19.692    -6.60    5.90
 -36485.986    16.788    -7.72    7.39
 -36109.939    13.845    -7.82    7.88
 -35733.892    13.537    -0.82    7.64
 -35357.846    15.121     4.21    7.22
 -34981.802    19.171    10.77    5.35
 -34605.759    21.788     6.96    3.62
 -34229.717    22.557     2.05    4.94
 -33853.676    23.266     1.89    4.79
 -33477.636    23.672     1.08    4.65
 -33101.597    24.429     2.01    2.91
 -32725.559    24.718     0.77    2.64
 -32349.523    24.554    -0.44    2.50
 -31973.487    24.510    -0.12    2.31
 -31597.453    23.634    -2.33    5.68
 -31221.420    22.665    -2.58    6.29
 -30845.388    23.323     1.75    5.20
 -30469.357    23.672     0.93    4.28
 -30093.327    24.454     2.08    2.40
 -29717.298    24.034    -1.12    2.35
 -29341.270    23.942    -0.24    2.39
 -28965.244    23.185    -2.01    3.05
 -28589.218    22.429    -2.01    2.65
 -28213.194    22.044    -1.02    2.84
 -27837.171    21.326    -1.91    2.40
 -27461.149    21.543     0.58    2.48
 -27085.128    21.537    -0.02    2.69
 -26709.108    21.239    -0.79    2.63
 -26333.089    21.158    -0.22    2.33
 -25957.071    20.179    -2.61    2.06
 -25581.054    19.807    -0.99    1.93
 -25205.039    19.665    -0.38    2.09
 -24828.873    19.929     0.70    2.17
 -24452.644    20.300     0.99    1.78
 -24076.416    20.591     0.77    1.91
 -23700.189    21.029     1.16    1.78
 -23323.963    21.060     0.08    1.72
 -22947.738    20.956    -0.28    1.75
 -22571.515    20.077    -2.34    2.04
 -22195.292    19.540    -1.43    2.24
 -21819.071    18.993    -1.45    2.35
 -21442.850    18.377    -1.64    2.43
 -21066.631    18.629     0.67    2.41
 -20690.412    19.121     1.31    2.24
 -20314.195    19.212     0.24    2.23
 -19937.979    19.373     0.43    2.29
 -19561.764    19.788     1.10    2.39
 -19185.550    19.902     0.30    2.19
 -18809.337    20.300     1.06    1.49
 -18433.125    19.993    -0.82    1.79
 -18056.914    20.121     0.34    1.76
 -17680.704    20.077    -0.12    1.70
 -17304.495    20.403     0.87    1.87
 -16928.287    20.480     0.20    1.76
 -16552.081    20.873     1.05    1.99
 -16175.875    21.320     1.19    2.28
 -15799.671    21.483     0.43    2.28
 -15423.467    21.753     0.72    2.50
 -15047.264    21.481    -0.72    2.67
 -14671.063    21.657     0.47    2.88
 -14294.863    21.829     0.46    2.42
 -13918.663    22.297     1.25    1.91
 -13542.465    22.262    -0.09    1.80
 -13166.267    22.711     1.19    1.76
 -12790.071    22.876     0.44    1.75
 -12413.876    22.771    -0.28    1.81
 -12037.682    22.665    -0.28    2.07
 -11661.488    21.916    -1.99    1.93
 -11285.296    21.239    -1.80    2.70
 -10909.105    20.762    -1.27    2.55
 -10532.915    20.629    -0.35    2.36
 -10156.726    20.600    -0.08    2.24
  -9780.538    20.618     0.05    1.73
  -9404.351    20.375    -0.65    1.75
  -9028.165    19.969    -1.08    2.04
  -8651.980    19.969     0.00    2.47
  -8275.795    20.234     0.70    2.69
  -7899.612    20.829     1.58    2.48
  -7523.430    21.376     1.46    2.07
  -7147.249    21.834     1.22    2.65
  -6771.069    21.018    -2.17    3.56
  -6394.890    20.771    -0.66    4.08
  -6018.712    20.506    -0.70    3.91
  -5642.535    20.483    -0.06    3.55
  -5266.359    19.275    -3.21    5.28
  -4890.184    16.901    -6.31    5.93
  -4514.010    14.218    -7.13    5.05
  -4137.837    13.275    -2.51    4.72
  -3761.665    14.710     3.82    4.03
  -3385.494    15.300     1.57    3.95
  -3009.324    16.564     3.36    2.78
  -2633.155    16.206    -0.95    2.63
  -2256.987    13.483    -7.24    6.81
  -1880.820     9.623   -10.26    8.29
  -1504.654     5.876    -9.96    7.84
  -1128.489     2.736    -8.35    5.25
   -752.324     1.050    -4.48    3.37
   -376.161     0.275    -2.06    2.81
      0.001    -0.341    -1.64    1.46
    376.162    -0.777    -1.16    0.80
    752.322    -0.842    -0.17    0.80
   1128.482    -0.751     0.24    0.91
   1504.640     0.266     2.70    2.32
   1880.797     2.645     6.32    3.85
   2256.954     6.077     9.13    4.33
   2633.109     8.554     6.58    2.84
   3009.264     7.557    -2.65    4.03
   3385.417     4.771    -7.41    4.74
   3761.570     2.151    -6.96    3.77
   4137.722    -0.308    -6.54    2.08
   4513.872    -1.294    -2.62    0.78
   4890.022    -1.308    -0.04    0.64
   5266.171    -0.777     1.41    1.42
   5642.318    -0.544     0.62    1.48
   6018.465    -0.756    -0.56    1.39
   6394.611    -0.956    -0.53    1.04
   6770.756    -0.033     2.45    4.23
   7146.900     3.591     9.63    7.77
   7523.043     7.762    11.09    8.83
   7899.185    12.375    12.26    7.72
   8275.327    14.888     6.68    4.23
   8651.467    15.266     1.01    3.30
   9027.606    15.229    -0.10    4.34
   9403.745    14.121    -2.94    4.24
   9779.882    13.711    -1.09    4.62
  10156.019    12.317    -3.70    4.13
  10532.154    10.736    -4.20    3.12
  10908.289     9.901    -2.22    2.86
  11284.423     8.456    -3.84    2.85
  11660.555     7.172    -3.41    3.86
  12036.687     6.564    -1.62    4.20
  12412.818     5.771    -2.11    3.74
  12788.948     6.008     0.63    4.16
  13165.078     7.504     3.98    3.79
  13541.206     7.672     0.45    2.92
  13917.333     8.354     1.81    3.73
  14293.460     9.864     4.02    4.13
  14669.585    10.206     0.91    4.01
  15045.710    11.996     4.76    3.88
  15421.833    13.239     3.31    4.67
  15797.956    12.692    -1.46    5.16
  16174.078    12.479    -0.57    4.83
  16550.199    13.179     1.86    4.89
  16926.319    14.179     2.66    5.77
  17302.438    15.718     4.09    5.72
  17678.557    17.350     4.34    4.92
  18054.674    18.402     2.80    4.73
  18430.791    18.275    -0.34    3.86
  18806.906    19.086     2.16    3.74
  19183.021    19.706     1.65    4.56
  19559.135    21.506     4.78    3.34
  19935.248    22.206     1.86    2.23
  20311.360    21.829    -1.00    2.24
  20687.471    21.557    -0.72    2.24
  21063.582    21.486    -0.19    2.20
  21439.691    22.510     2.72    2.24
  21815.800    22.861     0.93    2.40
  22191.907    22.876     0.04    2.36
  22568.014    21.916    -2.55    2.86
  22944.120    21.239    -1.80    3.05
  23320.225    21.179    -0.16    2.79
  23696.329    20.711    -1.24    3.31
  24072.433    21.192     1.28    3.39
  24448.535    24.699     9.32    8.79
  24824.637    33.557    23.55   16.48
  25200.738    44.070    27.95   18.09
  25576.837    54.734    28.36   14.39
  25952.936    60.326    14.87   11.58
  26329.035    63.929     9.58    8.40
  26705.132    63.350    -1.54    7.58
  27081.228    64.018     1.78    7.48
  27457.324    65.710     4.50    8.36
  27833.419    70.510    12.76    9.32
  28209.513    74.850    11.54    7.00
  28585.606    75.915     2.83    8.20
  28961.698    75.993     0.21   10.56
  29337.790    78.320     6.19   10.24
  29713.880    81.018     7.17    8.49
  30089.970    81.300     0.75    9.03
  30466.059    82.352     2.80    8.37
  30842.147    84.050     4.52    7.35
  31218.234    85.685     4.35    5.66
  31594.320    86.376     1.84    4.98
  31970.406    86.012    -0.97    5.23
  32346.490    85.726    -0.76    4.81
  32722.574    87.212     3.95    5.81
  33098.657    87.158    -0.14    7.15
  33474.740    85.095    -5.49    9.02
  33850.821    79.585   -14.65    8.60
  34226.902    74.736   -12.89    7.62
  34602.981    73.659    -2.86    6.92
  34979.060    73.567    -0.24    7.08
  35355.138    72.711    -2.28    7.08
  35731.216    70.780    -5.13    8.40
  36107.292    67.659    -8.30    8.90
  36483.368    65.692    -5.23    7.31
  36859.443    65.534    -0.42    5.37
  37235.517    63.320    -5.89    5.85
  37611.590    57.403   -15.74    9.99
  37987.663    53.275   -10.98   10.21
  38363.734    51.762    -4.02    9.68
  38739.805    52.510     1.99    9.90
  39115.875    54.753     5.96    7.78
  39491.945    56.375     4.31    7.44
  39868.013    56.672     0.79    7.77
  40244.081    56.046    -1.66    8.20
  40620.148    57.779     4.61    6.39
  40996.214    57.890     0.30    6.26
  41372.279    57.012    -2.34    5.35
  41748.343    54.454    -6.80    5.44
  42124.407    52.564    -5.03    5.52
  42500.470    51.692    -2.32    5.14
  42876.532    49.665    -5.39    5.70
  43252.594    48.813    -2.27    6.21
  43628.654    48.266    -1.45    5.32
  44004.714    47.560    -1.88    4.67
  44380.773    46.879    -1.81    4.77
  44756.831    44.657    -5.91    6.11
  45132.889    41.613    -8.10    5.93
  45508.946    36.915   -12.49    5.81
  45885.002    33.780    -8.34    5.23
  46261.057    32.077    -4.53    4.26
  46637.111    30.317    -4.68    1.80
  47013.165    29.788    -1.41    1.74
  47389.218    29.659    -0.34    1.86
  47765.270    29.402    -0.69    1.71
  48141.321    28.993    -1.09    1.76
  48517.372    28.557    -1.16    1.91
  48893.422    27.993    -1.50    1.93
  49269.471    27.618    -1.00    1.82
  49645.519    27.531    -0.23    1.60
  50021.575    27.345    -0.49    1.83
  50397.768    26.534    -2.16    2.02
  50773.960    25.916    -1.64    2.36
  51150.152    25.399    -1.37    2.25
  51526.343    25.121    -0.74    2.15
  51902.533    25.023    -0.26    1.96
  52278.723    25.067     0.12    1.71
  52654.911    25.077     0.03    1.80
  53031.099    24.373    -1.87    2.19
  53407.287    22.560    -4.82    3.19
  53783.473    20.579    -5.27    3.92
  54159.659    18.915    -4.42    3.80
  54535.844    18.275    -1.70    2.80
  54912.028    18.534     0.69    2.53
  55288.212    19.560     2.73    1.95
  55664.395    20.834     3.39    2.40
  56040.577    21.404     1.51    2.28
  56416.759    21.969     1.50    1.97
  56792.939    22.564     1.58    1.90
  57169.119    22.266    -0.79    1.88
  57545.299    21.714    -1.47    1.93
  57921.477    21.275    -1.17    2.03
  58297.655    20.582    -1.84    1.65
  58673.832    20.234    -0.93    1.86
  59050.009    20.050    -0.49    1.59
  59426.184    20.131     0.22    1.54
  59802.359    20.429     0.79    1.61
  60178.534    20.279    -0.40    1.39
  60554.707    19.996    -0.75    1.50
  60930.880    19.613    -1.02    1.35
  61307.052    19.481    -0.35    1.71
  61683.224    19.659     0.47    1.75
  62059.395    19.402    -0.69    1.54
  62435.565    19.204    -0.53    1.76
  62811.734    18.744    -1.22    1.80
  63187.903    18.293    -1.20    1.64
  63564.071    18.131    -0.43    1.58
  63940.238    18.123    -0.02    1.55
  64316.405    18.044    -0.21    1.35
  64692.571    18.223     0.48    1.51
  65068.736    18.457     0.62    1.60
  65444.901    18.788     0.88    1.56
  65821.065    19.077     0.77    1.42
  66197.228    19.290     0.56    1.42
  66573.391    19.506     0.57    1.42
  66949.552    19.508     0.01    1.34
  67325.714    19.685     0.47    1.41
  67701.874    19.613    -0.19    1.41
  68078.034    19.813     0.53    1.63
  68454.193    20.040     0.60    1.76
  68830.352    20.204     0.44    1.69
  69206.510    20.018    -0.49    1.58
  69582.667    19.512    -1.35    1.70
  69958.824    19.293    -0.58    1.72
  70334.979    18.510    -2.08    1.98
  70711.135    18.915     1.08    2.49
  71087.289    18.692    -0.59    2.95
  71463.443    18.401    -0.77    2.99
  71839.596    18.403     0.01    3.18
  72215.749    17.508    -2.38    2.66
  72591.901    16.780    -1.93    2.67
  72968.052    16.634    -0.39    3.06
  73344.203    16.034    -1.59    3.23
  73720.353    16.034     0.00    2.97
  74096.502    16.179     0.38    2.77
  74472.651    16.454     0.73    2.47
  74848.799    14.734    -4.57    5.35
  75224.947    12.967    -4.70    6.48
  75601.094    10.172    -7.43    7.12
  75977.240     9.017    -3.07    6.49
  76353.385     9.672     1.74    7.32
  76729.530    11.510     4.89    7.78
  77105.675    13.456     5.17    7.58
  77481.818    16.158     7.19    5.48
  77857.961    17.706     4.12    2.19
  78234.104    17.729     0.06    1.87
  78610.245    17.736     0.02    1.75
  78986.387    17.591    -0.39    1.82
  79362.527    17.718     0.34    1.52
  79738.667    17.902     0.49    1.61
  80114.806    17.095    -2.15    3.97
  80490.945    14.185    -7.74    7.45
  80867.083    11.223    -7.87    8.38
  81243.221     9.123    -5.58    7.80
  81619.358    10.172     2.79    7.35
  81995.494    12.736     6.82    6.21
  82371.629    15.960     8.57    3.64
  82747.765    14.788    -3.12    4.50
  83123.899    13.807    -2.61    4.60
  83500.033    13.753    -0.14    4.32
  83876.166    14.508     2.01    4.75
  84252.299    15.345     2.23    5.10
  84628.431    15.582     0.63    5.16
  85004.562    15.121    -1.23    6.04
  85380.693    15.266     0.39    5.92
  85756.823    13.993    -3.39    5.74
  86132.953    13.762    -0.61    6.08
  86509.082    13.916     0.41    5.59
  86885.211    13.753    -0.43    5.42
  87261.339    16.639     7.67    6.55
  87637.466    18.375     4.61    6.67
  88013.593    18.780     1.08    6.59
  88389.719    21.672     7.69    6.99
  88765.844    24.304     7.00    5.90
  89141.969    26.121     4.83    6.36
  89518.094    29.711     9.54    6.71
  89894.218    31.984     6.04    7.44
  90270.341    33.839     4.93    7.93
  90646.464    37.873    10.73    8.16
  91022.586    39.223     3.59    7.67
  91398.708    39.218    -0.01    7.55
  91774.829    37.320    -5.05    7.99
  92150.949    35.510    -4.81    6.27
  92527.069    35.736     0.60    7.35
  92903.188    40.136    11.70    8.99
  93279.307    45.591    14.50    7.45
  93655.425    47.095     4.00    8.87
  94031.543    48.823     4.59    9.79
  94407.660    51.158     6.21    8.71
  94783.777    50.104    -2.80    9.40
  95159.893    46.257   -10.23    9.75
  95536.008    44.454    -4.79    8.12
  95912.123    43.779    -1.80    7.75
  96288.238    45.023     3.31    6.88
  96664.352    46.147     2.99    6.08
  97040.465    43.067    -8.19    6.67
  97416.578    40.113    -7.86    5.12
  97792.690    38.480    -4.34    4.79
  98168.802    38.034    -1.19    3.70
  98544.913    38.262     0.61    3.57
  98921.023    38.244    -0.05    4.40
  99297.134    39.329     2.88    5.29
  99673.243    38.595    -1.95    5.86
 100049.352    38.531    -0.17    5.71
 100425.461    37.876    -1.74    5.65
 100801.569    36.456    -3.78    4.36
 101177.676    37.726     3.38    4.27
 101553.783    38.206     1.28    4.15
 101929.890    37.454    -2.00    3.78
 102305.996    36.129    -3.52    4.19
 102682.101    35.104    -2.72    4.75
 103058.206    35.429     0.86    5.25
 103434.310    36.165     1.96    6.01
 103810.414    38.139     5.25    5.89
 104186.517    38.077    -0.16    5.07
 104562.620    37.223    -2.27    5.25
 104938.723    35.834    -3.69    3.90
 105314.825    34.206    -4.33    2.44
 105690.926    34.692     1.29    3.56
 106067.027    36.429     4.62    4.59
 106443.127    38.300     4.98    5.68
 106819.227    39.582     3.41    5.43
 107195.326    40.290     1.88    5.45
 107571.425    39.564    -1.93    6.65
 107947.523    39.348    -0.57    7.24
 108323.621    40.348     2.66    7.22
 108699.719    38.654    -4.50    7.76
 109075.816    36.023    -6.99    7.95
 109451.912    31.797   -11.24    6.76
 109828.008    27.823   -10.57    2.67
 110204.103    26.508    -3.50    2.05
 110580.198    26.077    -1.14    1.86
 110956.293    25.326    -2.00    1.74
 111332.387    24.639    -1.83    1.92
 111708.480    24.595    -0.12    1.73
 112084.573    23.942    -1.74    1.98
 112460.666    24.000     0.15    1.88
 112836.758    24.121     0.32    1.76
 113212.850    24.249     0.34    1.64
 113588.941    24.252     0.01    1.88
 113965.032    23.807    -1.18    1.91
 114341.122    23.023    -2.08    1.94
 114717.212    22.537    -1.29    1.61
 115093.301    21.993    -1.45    1.60
 115469.390    22.034     0.11    1.87
 115845.478    21.172    -2.29    3.03
 116221.566    21.403     0.61    3.17
 116597.654    22.685     3.41    2.95
 116973.741    23.942     3.34    2.78
 117349.828    25.154     3.22    1.84
 117725.914    25.711     1.48    1.70
 118101.999    26.262     1.47    1.75
 118478.085    26.293     0.08    1.80
 118854.170    26.672     1.01    2.84
 119230.254    26.861     0.50    3.07
 119606.338    27.352     1.30    3.12
 119982.421    27.186    -0.44    2.31
 120358.504    27.864     1.80    2.35
 120734.587    28.902     2.76    1.62
 121110.669    29.179     0.73    1.61
 121486.751    29.711     1.41    2.38
 121862.832    30.293     1.55    2.70
 122238.913    30.981     1.83    3.05
 122614.994    32.508     4.06    4.64
 122991.074    33.634     2.99    6.62
 123367.153    37.537    10.38    8.79
 123743.233    40.711     8.44    8.90
 124119.311    45.104    11.68    9.28
 124495.390    48.540     9.14    8.65
 124871.468    51.077     6.75    7.09
 125247.578    51.185     0.29    7.03
 125623.735    48.645    -6.75    9.05
 125999.892    46.266    -6.32    9.82
 126376.048    45.686    -1.54    9.81
 126752.204    46.554     2.31    8.63
 127128.359    46.797     0.65    8.44
 127504.514    44.266    -6.73    9.02
 127880.669    42.659    -4.27    9.09
 128256.823    42.534    -0.33    8.76
 128632.977    42.402    -0.35    8.41
 129009.131    43.050     1.72    7.78
 129385.284    42.095    -2.54    8.97
 129761.436    39.123    -7.90    8.66
 130137.589    40.771     4.38    9.74
 130513.741    43.711     7.82   10.22
 130889.892    47.835    10.96    9.23
 131266.043    46.192    -4.37    9.21
 131642.194    41.807   -11.66    8.94
 132018.344    37.790   -10.68    6.77
 132394.494    34.915    -7.64    4.78
 132770.644    34.401    -1.37    3.85
 133146.793    34.060    -0.91    2.99
 133522.942    35.454     3.71    3.89
 133899.090    38.104     7.05    6.32
 134275.238    43.813    15.18    9.40
 134651.386    46.711     7.70    9.22
 135027.533    48.941     5.93    8.18
 135403.680    49.942     2.66    8.39
 135779.827    50.044     0.27    9.05
 136155.973    50.320     0.74    9.33
 136532.119    48.456    -4.96    9.12
 136908.264    45.456    -7.98    9.50
 137284.410    40.429   -13.36    6.83
 137660.554    37.121    -8.79    3.14
 138036.699    35.955    -3.10    2.01
 138412.843    37.567     4.29    4.28
 138788.986    41.834    11.34    7.95
 139165.130    46.984    13.69    8.97
 139541.273    51.902    13.08    7.99
 139917.415    53.941     5.42    7.75
 140293.558    56.293     6.25    7.94
 140669.700    57.823     4.07    6.50
 141045.841    57.198    -1.66    5.53
 141421.983    51.692   -14.64    9.37
 141798.123    48.050    -9.68    8.90
 142174.264    45.506    -6.77    7.74
 142550.404    42.293    -8.54    6.53
 142926.544    42.834     1.44    6.32
 143302.684    45.293     6.54    7.90
 143678.823    49.143    10.23    8.47
 144054.962    52.557     9.08    7.69
 144431.100    51.275    -3.41    9.59
 144807.239    50.956    -0.85    9.74
 145183.377    51.223     0.71    9.33
 145559.514    52.679     3.87    8.31
 145935.652    53.888     3.22    6.93
 146311.789    51.172    -7.22    8.42
 146687.925    49.753    -3.77    9.80
 147064.061    48.192    -4.15    9.57
 147440.197    48.323     0.35    9.41
 147816.333    50.879     6.79    7.28
 148192.469    50.239    -1.70    6.94
 148568.604    48.254    -5.28    7.52
 148944.738    43.557   -12.49    9.16
 149320.873    40.734    -7.50    9.00
 149697.007    38.131    -6.92    8.46
 150073.141    34.373    -9.99    8.28
 150449.274    32.060    -6.15    6.87
 150825.408    30.304    -4.67    5.45
 151201.541    29.790    -1.37    4.94
 151577.673    30.354     1.50    5.69
 151953.806    31.876     4.05    7.55
 152329.938    33.981     5.60    7.26
 152706.069    34.744     2.03    6.83
 153082.201    36.403     4.41    7.28
 153458.332    40.402    10.63    7.42
 153834.463    41.845     3.84    7.08
 154210.593    40.480    -3.63    8.08
 154586.724    40.734     0.68    7.55
 154962.854    41.104     0.98    6.72
 155338.984    42.403     3.45    6.76
 155715.113    43.790     3.69    5.58
 156091.242    43.645    -0.39    5.69
 156467.371    42.510    -3.02    5.32
 156843.500    39.560    -7.84    6.78
 157219.628    35.326   -11.26    9.37
 157595.756    30.564   -12.66   10.13
 157971.884    25.403   -13.72    7.44
 158348.012    21.941    -9.20    4.34
 158724.139    20.929    -2.69    3.41
 159100.266    20.618    -0.83    3.05
 159476.393    19.993    -1.66    2.36
 159852.519    19.275    -1.91    2.48
 160228.646    18.567    -1.88    2.26
 160604.772    18.275    -0.78    2.64
 160980.898    17.567    -1.88    2.53
 161357.023    17.113    -1.21    2.37
 161733.148    16.352    -2.02    2.37
 162109.273    16.616     0.70    3.92
 162485.398    20.050     9.13    7.98
 162861.522    23.218     8.42    8.37
 163237.647    25.212     5.30    7.94
 163613.771    25.788     1.53    7.28
 163989.895    21.212   -12.16    7.91
 164366.018    17.762    -9.17    7.72
 164742.141    15.531    -5.93    6.85
 165118.264    14.275    -3.34    6.05
 165494.387    13.293    -2.61    5.26
 165870.510    11.557    -4.62    2.69
 166246.632    11.060    -1.32    1.63
 166622.754    10.429    -1.68    1.57
 166998.876    10.402    -0.07    1.34
 167374.998    10.131    -0.72    1.10
 167751.119    10.212     0.22    1.16
 168127.241    10.095    -0.31    1.03
 168503.362     9.804    -0.78    2.30
 168879.482     9.685    -0.32    2.09
 169255.603     9.480    -0.55    2.19
 169631.723     8.762    -1.91    2.18
 170007.843     8.582    -0.48    2.10
 170383.963     6.780    -4.79    4.21
 170760.083     5.377    -3.73    4.10
 171136.202     4.639    -1.96    4.07
 171512.322     5.481     2.24    4.40
 171888.441     8.077     6.90    2.80
 172264.560     8.890     2.16    1.73
 172640.678     8.685    -0.55    2.11
 173016.797     8.086    -1.59    1.97
 173392.915     8.158     0.19    2.05
 173769.033     9.293     3.02    3.85
 174145.151    11.510     5.89    6.35
 174521.269    15.185     9.77    7.64
 174897.386    19.046    10.27    6.15
 175273.503    20.929     5.00    6.46
 175649.621    21.531     1.60    6.90
 176025.737    21.483    -0.13    7.08
 176401.854    20.249    -3.28    7.23
 176777.971    17.375    -7.64    7.26
 177154.087    14.297    -8.18    7.37
 177530.203    12.218    -5.53    5.79
 177906.319    11.044    -3.12    4.11
 178282.435     9.623    -3.78    2.70
 178658.551     9.534    -0.24    2.64
 179034.666     9.229    -0.81    2.50
 179410.781     9.623     1.05    2.10
 179786.897    10.508     2.35    2.32
 180163.012    12.564     5.47    3.78
 180539.126    15.320     7.33    5.58
 180915.241    17.834     6.68    6.04
 181291.355    19.873     5.42    6.67
 181667.470    23.070     8.50    6.65
 182043.584    24.275     3.20    6.38
 182419.698    25.050     2.06    6.58
 182795.812    23.941    -2.95    6.82
 183171.925    23.113    -2.20    6.52
 183548.039    22.993    -0.32    6.09
 183924.152    22.402    -1.57    6.69
 184300.265    22.454     0.14    6.80
 184676.378    21.901    -1.47    6.53
 185052.491    21.672    -0.61    5.96
 185428.604    20.771    -2.40    5.82
 185804.717    19.629    -3.04    4.93
 186180.829    19.018    -1.62    4.23
 186556.941    17.993    -2.73    3.30
 186933.054    17.456    -1.43    2.02
 187309.166    17.942     1.29    1.89
 187685.278    18.179     0.63    2.12
 188061.389    19.218     2.76    3.06
 188437.501    21.554     6.21    5.23
 188813.612    23.645     5.56    5.57
 189189.724    27.839    11.15    6.24
 189565.835    31.429     9.54    5.58
 189941.946    33.008     4.20    4.48
 190318.057    32.726    -0.75    4.67
 190694.168    31.804    -2.45    4.90
 191070.279    32.050     0.66    4.18
 191446.389    30.996    -2.80    4.36
 191822.500    29.645    -3.59    4.87
 192198.610    27.286    -6.27    4.97
 192574.721    26.352    -2.48    3.67
 192950.831    25.762    -1.57    2.94
 193326.941    25.373    -1.03    3.11
 193703.051    25.050    -0.86    2.94
 194079.161    25.185     0.36    2.68
 194455.270    26.323     3.03    3.14
 194831.380    28.729     6.40    4.30
 195207.490    30.861     5.67    4.64
 195583.599    33.350     6.62    5.58
 195959.708    35.218     4.97    5.02
 196335.818    35.429     0.56    4.54
 196711.927    35.293    -0.36    5.15
 197088.036    35.659     0.97    5.66
 197464.145    36.608     2.52    6.62
 197840.254    37.320     1.89    6.35
 198216.362    38.429     2.95    6.56
 198592.471    35.780    -7.04    7.36
 198968.580    32.665    -8.28    6.16
 199344.688    31.300    -3.63    4.96
 199720.797    29.800    -3.99    2.74
 200096.905    30.121     0.85    2.61
 200473.021    30.850     1.94    2.65
 200849.140    32.095     3.31    3.63
 201225.259    34.249     5.73    4.76
 201601.377    36.788     6.75    5.00
 201977.496    41.034    11.29    5.87
 202353.614    43.483     6.51    4.95
 202729.733    45.762     6.06    3.99
 203105.851    45.077    -1.82    5.33
 203481.969    42.854    -5.91    5.92
 203858.087    40.506    -6.24    6.40
 204234.206    36.943    -9.47    5.07
 204610.324    37.699     2.01    4.72
 204986.442    38.456     2.01    4.99
 205362.560    39.942     3.95    4.95
 205738.677    39.929    -0.04    4.81
 206114.795    38.984    -2.51    4.72
 206490.913    38.038    -2.51    4.79
 206867.031    37.070    -2.58    5.08
 207243.148    35.969    -2.93    4.24
 207619.266    34.736    -3.28    3.99
 207995.384    33.429    -3.48    3.74
 208371.501    32.113    -3.50    3.68
 208747.619    31.373    -1.97    3.28
 209123.736    31.172    -0.53    3.70
 209499.854    30.290    -2.35    3.30
 209875.971    31.659     3.64    4.84
 210252.088    32.326     1.77    6.64
 210628.206    33.835     4.01    7.74
 211004.323    36.131     6.11    8.08
 211380.440    38.483     6.25    8.26
 211756.557    40.239     4.67    7.10
 212132.675    39.586    -1.74    6.86
 212508.792    36.456    -8.32    8.02
 212884.909    32.429   -10.71    8.06
 213261.026    28.582   -10.23    4.52
 213637.143    29.508     2.46    5.92
 214013.260    32.591     8.20    7.69
 214389.377    37.762    13.75    7.51
 214765.494    39.813     5.45    6.09
 215141.611    39.699    -0.30    5.85
 215517.728    37.890    -4.81    6.92
 215893.845    35.348    -6.76    6.78
 216269.962    33.023    -6.18    6.43
 216646.079    32.249    -2.06    7.13
 217022.196    31.929    -0.85    7.06
 217398.313    31.813    -0.31    6.68
 217774.430    32.113     0.80    6.61
 218150.547    34.456     6.23    6.08
 218526.664    37.839     8.99    5.82
 218902.781    40.807     7.89    5.69
 219278.898    42.223     3.77    5.63
 219655.015    41.823    -1.06    5.93
 220031.132    39.402    -6.44    6.79
 220407.249    35.665    -9.93    6.89
 220783.366    33.198    -6.56    6.10
 221159.484    30.736    -6.54    5.72
 221535.601    29.734    -2.66    5.61
 221911.718    29.481    -0.67    5.81
 222287.835    29.726     0.65    5.00
 222663.952    30.293     1.51    4.01
 223040.069    29.050    -3.31    4.12
 223416.186    26.554    -6.64    5.49
 223792.303    26.249    -0.81    6.44
 224168.421    27.557     3.48    6.98
 224544.538    30.151     6.90    6.64
 224920.655    31.864     4.56    5.84
 225296.772    31.512    -0.94    7.21
 225672.890    30.429    -2.88    7.52
 226049.007    27.350    -8.19    8.02
 226425.125    25.711    -4.36    7.37
 226801.242    24.510    -3.19    5.20
 227177.359    23.086    -3.78    4.58
 227553.477    22.454    -1.68    4.62
 227929.595    20.726    -4.59    5.68
 228305.712    18.455    -6.04    6.26
 228681.830    16.185    -6.03    5.43
 229057.948    14.753    -3.81    5.67
 229434.065    12.077    -7.11    4.36
 229810.183    10.629    -3.85    4.83
 230186.301    11.018     1.04    5.62
 230562.419    11.529     1.36    5.79
 230938.537    10.901    -1.67    5.62
 231314.655     9.916    -2.62    5.96
 231690.773     9.113    -2.13    5.91
 232066.891     7.967    -3.05    4.75
 232443.009     6.941    -2.73    2.56
 232819.128     8.044     2.93    2.03
 233195.246     8.512     1.24    1.44
 233571.364     8.665     0.41    1.20
 233947.483     8.403    -0.70    1.53
 234323.601     8.057    -0.92    1.46
 234699.720     7.634    -1.13    1.88
 235075.839     7.323    -0.83    1.90
 235451.958     6.699    -1.66    2.09
 235828.076     5.726    -2.59    2.23
 236204.195     4.942    -2.08    2.22
 236580.314     3.941    -2.66    1.99
 236956.434     3.352    -1.57    1.71
 237332.553     2.969    -1.02    1.54
 237708.672     3.172     0.54    1.37
 238084.791     3.402     0.61    1.40
 238460.911     3.718     0.84    1.47
 238837.030     3.834     0.31    1.52
 239213.150     3.429    -1.08    1.71
 239589.270     2.613    -2.17    2.23
 239965.390     1.645    -2.57    2.19
 240341.510     1.239    -1.08    1.84
 240717.630     1.317     0.21    2.14
 241093.750     2.223     2.41    2.56
 241469.870     3.429     3.20    3.61
 241845.990     1.829    -4.25    5.95
 242222.111     0.942    -2.36    7.37
 242598.231    -0.355    -3.45    7.91
 242974.352     0.239     1.58    8.73
 243350.473     2.904     7.08    8.35
 243726.594     2.834    -0.19    7.50
 244102.715     2.534    -0.80    7.08
 244478.836     3.297     2.03    6.22
 244854.957     2.941    -0.95    6.46
 245231.079     2.266    -1.79    7.08
 245607.200     2.604     0.90    7.22
 245983.322     2.218    -1.03    7.43
 246359.443     1.679    -1.43    7.52
 246735.565     0.402    -3.40    7.52
 247111.687    -0.738    -3.03    7.07
 247487.809     0.034     2.05    6.22
 247863.932     1.685     4.39    6.02
 248240.054     2.958     3.38    5.83
 248616.177     3.018     0.16    5.13
 248992.299     3.185     0.44    4.59
 249368.422     4.290     2.94    2.86
 249744.545     4.352     0.16    2.64
 250120.668     4.902     1.46    2.45
 250496.791     5.326     1.13    2.75
 250872.915     5.429     0.27    2.64
 251249.038     6.582     3.07    2.17
 251625.162     7.373     2.10    1.91
 252001.286     7.506     0.35    1.58
 252377.410     7.916     1.09    1.67
 252753.534     7.873    -0.11    2.42
 253129.658     6.780    -2.91    4.12
 253505.783     6.293    -1.29    4.63
 253881.907     6.050    -0.65    4.30
 254258.032     6.560     1.36    4.33
 254634.157     9.000     6.49    3.99
 255010.282    11.204     5.86    4.07
 255386.407    12.744     4.10    4.33
 255762.533    14.293     4.12    5.56
 256138.658    15.941     4.38    5.83
 256514.784    16.086     0.39    5.71
 256890.910    15.271    -2.17    4.75
 257267.036    15.591     0.85    4.48
 257643.163    16.506     2.43    4.89
 258019.289    18.206     4.52    5.53
 258395.416    20.659     6.52    6.41
 258771.543    23.529     7.63    6.56
 259147.670    24.929     3.72    7.14
 259523.797    21.726    -8.51    8.16
 259899.924    17.942   -10.06    7.00
 260276.052    15.023    -7.76    5.20
 260652.179    12.915    -5.60    2.85
 261028.307    13.651     1.96    3.69
 261404.436    14.300     1.73    5.50
 261780.564    15.095     2.11    6.46
 262156.692    16.429     3.54    6.67
 262532.821    18.244     4.83    6.79
 262908.950    18.902     1.75    5.79
 263285.079    18.403    -1.33    5.54
 263661.209    16.834    -4.17    5.82
 264037.338    14.121    -7.21    5.77
 264413.468    11.151    -7.90    6.10
 264789.598     8.941    -5.87    5.05
 265165.728     7.981    -2.55    3.54
 265541.858     6.554    -3.80    2.86
 265917.989     5.480    -2.85    2.90
 266294.120     4.131    -3.59    2.39
 266670.251     2.888    -3.31    2.49
 267046.382     1.375    -4.02    2.04
 267422.513     0.290    -2.88    2.24
 267798.645    -0.650    -2.50    1.76
 268174.777    -0.982    -0.88    1.89
 268550.909    -1.652    -1.78    3.06
 268927.042    -3.700    -5.44    5.27
 269303.174    -6.469    -7.36    5.89
 269679.307    -9.443    -7.91    4.61
 270055.440   -11.655    -5.88    2.51
 270431.573   -10.905     1.99    3.33
 270807.707   -10.598     0.81    3.19
 271183.840    -9.940     1.75    3.31
 271559.974    -8.247     4.50    3.66
 271936.109    -5.853     6.37    3.91
 272312.243    -2.930     7.77    4.07
 272688.378    -0.887     5.43    2.27
 273064.513    -0.099     2.10    1.61
 273440.648     0.480     1.54    1.39
 273816.783     1.151     1.78    1.34
 274192.919     1.685     1.42    1.52
 274569.055     2.608     2.45    1.82
 274945.191     3.212     1.61    1.60
 275321.322     3.955     1.97    1.35
 275697.414     4.070     0.31    1.44
 276073.507     3.279    -2.10    2.01
 276449.600     2.510    -2.04    2.19
 276825.693     2.095    -1.10    1.98
 277201.786     1.639    -1.21    2.16
 277577.880     1.262    -1.00    2.80
 277953.974     0.429    -2.22    4.47
 278330.068    -0.655    -2.88    5.05
 278706.163     0.326     2.61    5.96
 279082.257     1.729     3.73    6.29
 279458.352     2.873     3.04    5.73
 279834.448     2.788    -0.23    6.19
 280210.543     1.929    -2.28    6.95
 280586.639     2.008     0.21    6.63
 280962.735     2.608     1.60    6.96
 281338.832     3.613     2.67    7.00
 281714.928     5.320     4.54    7.32
 282091.025     8.456     8.34    8.71
 282467.122    11.979     9.37    7.71
 282843.220    14.040     5.48    6.77
 283219.318    11.729    -6.15    7.86
 283595.416    10.244    -3.95    7.14
 283971.514    10.540     0.79    6.10
 284347.613    10.915     1.00    4.62
 284723.712    13.429     6.68    3.94
 285099.811    15.352     5.11    4.61
 285475.911    18.379     8.05    5.52
 285852.011    20.429     5.45    5.48
 286228.111    21.079     1.73    4.84
 286604.212    21.192     0.30    4.69
 286980.312    20.481    -1.89    4.47
 287356.413    19.483    -2.66    4.14
 287732.515    18.967    -1.37    4.64
 288108.617    17.402    -4.16    4.86
 288484.719    16.206    -3.18    4.65
 288860.821    13.941    -6.02    3.77
 289236.924    11.956    -5.28    2.84
 289613.027    11.018    -2.49    2.24
 289989.130    10.403    -1.64    2.47
 290365.234    10.811     1.08    2.47
 290741.338    11.320     1.35    2.71
 291117.442    10.780    -1.44    2.54
 291493.547    10.996     0.57    2.40
 291869.652    10.429    -1.51    2.54
 292245.757    10.807     1.01    3.13
 292621.863    12.095     3.43    4.21
 292997.968    13.044     2.52    4.72
 293374.075    13.718     1.79    6.12
 293750.181    13.915     0.52    5.98
 294126.288    13.377    -1.43    5.77
 294502.396    13.586     0.56    4.73
 294878.503    12.929    -1.75    2.57
 295254.611    12.104    -2.19    2.22
 295630.720    12.540     1.16    3.42
 296006.828    13.744     3.20    4.59
 296382.937    16.044     6.11    5.10
 296759.047    17.929     5.01    4.63
 297135.156    17.429    -1.33    4.89
 297511.267    17.266    -0.43    6.07
 297887.377    16.726    -1.44    7.13
 298263.488    14.993    -4.61    6.50
 298639.599    15.077     0.22    6.29
 299015.710    13.634    -3.84    4.84
 299391.822    12.352    -3.41    4.36
 299767.935    11.692    -1.75    2.25
 300144.047    11.077    -1.63    1.99
 300520.160    10.634    -1.18    2.12
 300896.274    10.323    -0.83    2.25
 301272.387    11.040     1.90    2.64
 301648.501    11.888     2.26    2.82
 302024.616    12.726     2.23    2.70
 302400.731    13.672     2.52    2.41
 302776.846    14.139     1.24    2.32
 303152.961    14.460     0.85    2.55
 303529.077    14.429    -0.08    2.47
 303905.194    14.271    -0.42    2.78
 304281.311    14.429     0.42    3.33
 304657.428    15.839     3.75    3.94
 305033.545    17.618     4.73    4.31
 305409.663    19.639     5.37    5.26
 305785.781    21.218     4.20    5.58
 306161.900    21.300     0.22    5.68
 306538.019    21.023    -0.74    5.57
 306914.139    21.008    -0.04    4.87
 307290.258    21.254     0.65    4.34
 307666.379    21.686     1.15    4.14
 308042.499    21.996     0.83    5.73
 308418.620    23.348     3.59    6.55
 308794.742    24.726     3.66    7.45
 309170.864    25.320     1.58    6.98
 309546.986    24.873    -1.19    7.25
 309923.109    23.729    -3.04    6.88
 310299.232    23.323    -1.08    6.74
 310675.355    22.375    -2.52    6.30
 311051.479    21.864    -1.36    5.88
 311427.604    22.165     0.80    5.43
 311803.729    21.086    -2.87    4.00
 312179.854    21.158     0.19    3.08
 312555.979    20.403    -2.01    1.94
 312932.105    21.095     1.84    2.56
 313308.232    22.639     4.10    4.09
 313684.359    24.557     5.10    5.78
 314060.486    27.853     8.76    6.20
 314436.614    30.095     5.96    6.32
 314812.742    30.996     2.40    6.08
 315188.871    31.067     0.19    5.51
 315565.000    29.672    -3.71    5.00
 315941.129    28.817    -2.27    4.22
 316317.259    28.086    -1.94    4.60
 316693.389    26.813    -3.39    4.97
 317069.520    25.077    -4.62    4.31
 317445.651    24.480    -1.59    4.23
 317821.783    23.018    -3.89    4.03
 318197.915    22.403    -1.64    4.72
 318574.048    22.699     0.79    5.56
 318950.181    24.711     5.35    6.58
 319326.314    27.780     8.16    6.40
 319702.448    29.293     4.02    5.56
 320078.583    28.672    -1.65    6.49
 320454.718    28.987     0.84    6.57
 320830.853    29.788     2.13    7.46
 321206.989    31.685     5.04    6.69
 321583.125    30.929    -2.01    7.07
 321959.261    26.158   -12.68    8.97
 322335.399    22.095   -10.80    6.79
 322711.536    20.376    -4.57    5.45
 323087.674    18.711    -4.43    2.84
 323463.813    19.699     2.63    3.70
 323839.952    20.613     2.43    4.28
 324216.091    21.323     1.89    4.83
 324592.231    20.481    -2.24    5.43
 324968.372    18.266    -5.89    4.47
 325344.513    16.029    -5.95    3.04
 325720.654    13.929    -5.58    4.32
 326096.796    12.429    -3.99    4.29
 326472.938    12.104    -0.86    4.62
 326849.081    12.956     2.27    4.31
 327225.225    14.608     4.39    3.67
 327601.368    16.326     4.57    2.59
 327977.513    16.790     1.23    2.50
 328353.658    17.639     2.26    2.89
 328729.803    19.375     4.61    4.12
 329105.949    19.929     1.47    4.32
 329482.095    20.762     2.22    4.60
 329858.242    20.861     0.26    4.43
 330234.389    21.455     1.58    4.08
 330610.537    21.271    -0.49    4.32
 330986.685    21.804     1.42    4.40
 331362.834    22.077     0.73    4.28
 331738.983    21.679    -1.06    4.81
 332115.133    21.839     0.43    5.02
 332491.283    22.262     1.12    5.25
 332867.434    23.517     3.34    5.56
 333243.586    24.554     2.76    5.88
