#  287.972  -0.797   4.321 ;Mean Elev.(m), Avg Gradient(m/km), RMS Gradient(m/km) - SRTM1     
#  273.844  -0.060   5.619 ;Mean Elev.(m), Avg Gradient(m/km), RMS Gradient(m/km) - ASTER GDEM
#  288.000  -1.084   4.186 ;Mean Elev.(m), Avg Gradient(m/km), RMS Gradient(m/km) - GMTED2010 
  7   290.850 52460.87020865 50.90  16.931602  -1.222509 35.302
  7   290.957 52460.87020929 51.09  16.930882  -1.219199 35.302
  7   290.942 52460.87020994 53.13  16.930152  -1.215899 35.302
  7   290.863 52460.87021058 53.36  16.929422  -1.212589 35.302
  7   291.062 52460.87021123 51.86  16.928702  -1.209289 35.302
  8   291.062 52495.87020691 51.33  16.931279  -1.223329 46.410
  8   291.039 52495.87020755 54.12  16.930549  -1.220019 46.410
  8   291.144 52495.87020820 53.56  16.929829  -1.216719 46.410
  8   291.211 52495.87020884 54.56  16.929099  -1.213409 46.410
  8   291.241 52495.87020949 53.20  16.928369  -1.210109 46.410
  9   291.576 52530.87019233 24.42  16.925818  -1.223761 22.018
  9   291.264 52530.87019297 24.81  16.925098  -1.220451 22.018
  9   291.482 52530.87019362 30.19  16.924368  -1.217151 22.018
  9   291.799 52530.87019426 40.06  16.923638  -1.213841 22.018
  9   291.823 52530.87019491 47.25  16.922910  -1.210538 33.292
  9   291.863 52530.87019555 44.60  16.922190  -1.207228 33.292
 10   292.778 52565.87021257 54.14  16.933711  -1.221360 47.057
 10   292.775 52565.87021322 53.20  16.932981  -1.218050 47.057
 10   292.799 52565.87021386 52.73  16.932251  -1.214750 47.057
 10   292.806 52565.87021450 54.32  16.931531  -1.211440 47.057
 11   293.700 52600.87023030 52.70  16.922361  -1.226342 47.379
 11   293.734 52600.87023094 51.37  16.921631  -1.223032 47.379
 11   293.636 52600.87023159 51.13  16.920901  -1.219732 47.379
 11   293.676 52600.87023223 51.97  16.920181  -1.216422 47.379
 11   293.760 52600.87023288 52.08  16.919451  -1.213122 47.379
 13   292.555 52670.87019912 53.52  16.925531  -1.222941 38.398
 13   292.582 52670.87019976 53.26  16.924811  -1.219631 38.398
 13   292.600 52670.87020041 52.39  16.924081  -1.216331 38.398
 13   292.628 52670.87020105 52.92  16.923351  -1.213021 38.398
 13   292.650 52670.87020170 50.77  16.922631  -1.209721 38.398
 13   292.673 52670.87020234 45.86  16.921901  -1.206411 38.398
 14   291.015 52705.87019342 50.16  16.929391  -1.223282 28.220
 14   291.020 52705.87019406 53.01  16.928661  -1.219972 28.220
 14   291.043 52705.87019471 53.20  16.927931  -1.216672 28.220
 14   291.059 52705.87019535 51.78  16.927211  -1.213362 28.220
 14   291.096 52705.87019600 52.44  16.926476  -1.210057 49.153
 15   291.095 52740.87022644 51.03  16.925124  -1.226067 26.189
 15   291.106 52740.87022708 53.35  16.924394  -1.222767 26.189
 15   291.114 52740.87022773 52.58  16.923664  -1.219457 26.189
 15   291.118 52740.87022837 52.66  16.922944  -1.216157 26.189
 15   291.132 52740.87022901 52.72  16.922214  -1.212847 26.189
 16   291.623 52775.87017254 53.35  16.930614  -1.222010 28.754
 16   291.653 52775.87017319 52.66  16.929884  -1.218710 28.754
 16   291.696 52775.87017383 51.58  16.929154  -1.215400 28.754
 16   291.719 52775.87017448 54.36  16.928434  -1.212100 28.754
 16   291.658 52775.87017512 50.96  16.927704  -1.208790 28.754
 17   291.240 52810.87024813 51.47  16.924806  -1.225700 30.899
 17   291.253 52810.87024877 52.79  16.924086  -1.222400 30.899
 17   291.230 52810.87024942 50.66  16.923356  -1.219090 30.899
 17   291.169 52810.87025006 54.47  16.922626  -1.215790 30.899
 17   291.239 52810.87025071 51.92  16.921906  -1.212480 30.899
 18   291.980 52845.87030380 50.98  16.926756  -1.224909 30.151
 18   292.039 52845.87030444 50.93  16.926036  -1.221609 30.151
 18   291.994 52845.87030509 50.37  16.925306  -1.218299 30.151
 18   291.981 52845.87030573 53.25  16.924576  -1.214999 30.151
 18   292.034 52845.87030638 52.31  16.923856  -1.211689 30.151
 18   292.061 52845.87030702 52.58  16.923121  -1.208385 49.435
 19   291.925 52880.87034120 53.96  16.924811  -1.223971 34.843
 19   291.839 52880.87034185 55.17  16.924091  -1.220671 34.843
 19   291.797 52880.87034249 51.96  16.923361  -1.217361 34.843
 19   291.849 52880.87034314 54.29  16.922641  -1.214061 34.843
 19   291.931 52880.87034378 53.04  16.921911  -1.210751 34.843
 20   292.904 52915.87029879 50.88  16.929978  -1.221814 32.426
 20   292.761 52915.87029943 52.69  16.929248  -1.218514 32.426
 20   292.797 52915.87030008 50.79  16.928518  -1.215204 32.426
 20   292.888 52915.87030072 51.62  16.927798  -1.211894 32.426
 20   292.959 52915.87030137 50.66  16.927068  -1.208594 32.426
 21   293.227 52950.87025904 51.18  16.931787  -1.220901 29.978
 21   293.151 52950.87025968 46.23  16.931067  -1.217591 29.978
 21   293.177 52950.87026033 51.51  16.930337  -1.214291 29.978
 21   293.232 52950.87026097 47.29  16.929617  -1.210981 29.978
 22   293.504 52985.87027977 50.56  16.933402  -1.221267 35.238
 22   293.536 52985.87028041 50.51  16.932672  -1.217957 35.238
 22   293.539 52985.87028106 51.76  16.931952  -1.214657 35.238
 22   293.543 52985.87028170 50.92  16.931222  -1.211347 35.238
 23   292.730 53020.87026959 52.51  16.930202  -1.223202 37.897
 23   292.714 53020.87027024 53.14  16.929472  -1.219902 37.897
 23   292.651 53020.87027088 54.03  16.928752  -1.216592 37.897
 23   292.673 53020.87027153 54.61  16.928022  -1.213292 37.897
 23   292.702 53020.87027217 52.58  16.927292  -1.209982 37.897
 24   291.552 53055.87025824 49.93  16.932897  -1.223243 32.524
 24   291.523 53055.87025888 52.47  16.932167  -1.219933 32.524
 24   291.656 53055.87025953 52.88  16.931447  -1.216633 32.524
 24   291.708 53055.87026017 53.42  16.930717  -1.213323 32.524
 25   290.601 53090.87029498 51.83  16.920220  -1.228070 33.414
 25   290.709 53090.87029562 51.09  16.919490  -1.224770 33.414
 25   290.770 53090.87029627 52.14  16.918770  -1.221460 33.414
 25   290.761 53090.87029691 52.23  16.918040  -1.218160 33.414
 25   290.777 53090.87029756 52.73  16.917310  -1.214850 33.414
 26   290.875 53125.87026611 50.21  16.929642  -1.224177 30.919
 26   290.921 53125.87026676 51.98  16.928912  -1.220867 30.919
 26   291.012 53125.87026740 47.80  16.928192  -1.217567 30.919
 26   291.006 53125.87026805 54.28  16.927462  -1.214257 30.919
 26   291.057 53125.87026869 52.28  16.926732  -1.210957 30.919
 26   291.097 53125.87026934 48.01  16.926012  -1.207647 30.919
 27   290.605 53160.87032816 50.52  16.921170  -1.224753 30.433
 27   290.555 53160.87032880 51.93  16.920450  -1.221453 30.433
 27   290.625 53160.87032945 52.02  16.919720  -1.218143 30.433
 27   290.655 53160.87033009 50.77  16.919000  -1.214843 30.433
 28   290.874 53195.87032590 53.36  16.929086  -1.221482 27.016
 28   290.908 53195.87032654 47.77  16.928356  -1.218172 27.016
 28   290.923 53195.87032719 53.58  16.927626  -1.214872 27.016
 28   290.958 53195.87032783 53.18  16.926906  -1.211562 27.016
 28   290.986 53195.87032848 51.80  16.926175  -1.208256 48.823
 29   290.866 53230.87031066 50.42  16.932353  -1.220344 30.069
 29   290.888 53230.87031131 48.72  16.931633  -1.217034 30.069
 29   290.910 53230.87031195 52.38  16.930903  -1.213734 30.069
 30   291.787 53265.87028022 34.21  16.925819  -1.224698 27.546
 30   291.297 53265.87028087 22.52  16.925089  -1.221398 27.546
 30   291.270 53265.87028151 21.45  16.924369  -1.218088 27.546
 30   291.476 53265.87028216 24.68  16.923639  -1.214788 27.546
 30   291.671 53265.87028280 27.78  16.922909  -1.211478 27.546
 30   291.849 53265.87028345 34.67  16.922189  -1.208178 27.546
 31   292.298 53300.87032968 54.62  16.918377  -1.224714 45.892
 31   292.290 53300.87033032 52.23  16.917657  -1.221404 45.892
 31   292.324 53300.87033097 53.00  16.916927  -1.218104 45.892
 31   292.351 53300.87033161 51.40  16.916197  -1.214794 45.892
 32   293.474 53335.87030031 51.86  16.926973  -1.223788 42.134
 32   293.528 53335.87030095 53.30  16.926243  -1.220478 42.134
 32   293.576 53335.87030160 52.18  16.925523  -1.217178 42.134
 32   293.615 53335.87030224 50.51  16.924793  -1.213868 42.134
 32   293.602 53335.87030289 51.22  16.924063  -1.210568 42.134
 32   293.613 53335.87030353 52.60  16.923343  -1.207258 42.134
 33   292.605 53370.87023828 54.29  16.929084  -1.222272 41.379
 33   292.615 53370.87023892 50.98  16.928364  -1.218962 41.379
 33   292.628 53370.87023957 54.99  16.927634  -1.215662 41.379
 33   292.656 53370.87024021 52.91  16.926904  -1.212352 41.379
 33   292.675 53370.87024085 51.06  16.926184  -1.209052 41.379
 34   290.755 53405.87027322 52.35  16.928551  -1.221682 29.332
 34   290.934 53405.87027387 49.36  16.927831  -1.218382 29.332
 34   290.942 53405.87027451 51.79  16.927101  -1.215072 29.332
 34   290.964 53405.87027516 52.68  16.926371  -1.211772 29.332
 34   290.990 53405.87027580 52.50  16.925651  -1.208462 29.332
 35   290.341 53440.87025944 51.11  16.927620  -1.223346 32.605
 35   290.299 53440.87026008 49.53  16.926900  -1.220036 32.605
 35   290.290 53440.87026073 52.98  16.926170  -1.216736 32.605
 35   290.259 53440.87026137 53.96  16.925440  -1.213426 32.605
 35   290.253 53440.87026202 53.63  16.924720  -1.210126 32.605
 35   290.269 53440.87026266 51.57  16.923990  -1.206816 32.605
 36   290.818 53475.87032501 53.10  16.922716  -1.224991 30.703
 36   290.828 53475.87032565 53.20  16.921996  -1.221691 30.703
 36   290.833 53475.87032630 51.44  16.921266  -1.218381 30.703
 36   290.849 53475.87032694 52.14  16.920536  -1.215081 30.703
 37   291.134 53510.87034017 49.23  16.927065  -1.224644 29.754
 37   291.146 53510.87034082 52.23  16.926335  -1.221334 29.754
 37   291.165 53510.87034146 52.57  16.925615  -1.218034 29.754
 37   291.175 53510.87034211 51.36  16.924885  -1.214724 29.754
 37   291.217 53510.87034275 51.18  16.924155  -1.211424 29.754
 37   291.270 53510.87034340 52.35  16.923435  -1.208114 29.754
 38   291.313 53545.87035731 53.78  16.922727  -1.224509 32.560
 38   291.313 53545.87035796 50.94  16.921997  -1.221209 32.560
 38   291.234 53545.87035860 53.23  16.921267  -1.217899 32.560
 38   291.311 53545.87035924 52.21  16.920537  -1.214599 32.560
 39   290.836 53580.87033155 50.73  16.926611  -1.223109 30.933
 39   290.881 53580.87033220 51.65  16.925891  -1.219799 30.933
 39   290.901 53580.87033284 51.42  16.925161  -1.216499 30.933
 39   290.900 53580.87033349 52.27  16.924431  -1.213189 30.933
 39   290.898 53580.87033413 50.88  16.923711  -1.209889 30.933
 39   290.920 53580.87033478 50.61  16.922981  -1.206579 30.933
 40   292.045 53615.87028636 52.43  16.924073  -1.223190 36.459
 40   292.012 53615.87028701 52.54  16.923353  -1.219880 36.459
 40   291.960 53615.87028765 51.77  16.922623  -1.216580 36.459
 40   292.057 53615.87028830 52.76  16.921893  -1.213270 36.459
 41   292.392 53650.87029925 56.30  16.928224  -1.221785 38.347
 41   292.370 53650.87029989 51.84  16.927504  -1.218485 38.347
 41   292.409 53650.87030054 55.56  16.926774  -1.215175 38.347
 41   292.453 53650.87030118 52.21  16.926044  -1.211875 38.347
 41   292.393 53650.87030182 51.66  16.925324  -1.208565 38.347
 42   293.090 53685.87030673 52.87  16.922880  -1.224604 46.287
 42   293.126 53685.87030738 52.01  16.922160  -1.221304 46.287
 42   293.096 53685.87030802 52.81  16.921430  -1.217994 46.287
 42   293.123 53685.87030866 52.51  16.920700  -1.214694 46.287
 43   293.015 53720.87023298 49.70  16.930056  -1.222730 38.108
 43   292.954 53720.87023363 50.56  16.929336  -1.219420 38.108
 43   292.886 53720.87023427 51.67  16.928606  -1.216120 38.108
 43   292.912 53720.87023492 53.64  16.927876  -1.212810 38.108
 43   292.935 53720.87023556 51.13  16.927156  -1.209510 38.108
 44   291.504 53755.87016024 50.63  16.934875  -1.222448 31.706
 44   291.527 53755.87016088 47.52  16.934145  -1.219148 31.706
 44   291.522 53755.87016153 44.37  16.933415  -1.215838 31.706
 44   291.505 53755.87016217 49.65  16.932695  -1.212538 31.706
 45   290.758 53790.87018849 51.15  16.931038  -1.220995 30.185
 45   290.783 53790.87018914 49.02  16.930308  -1.217695 30.185
 45   290.769 53790.87018978 53.07  16.929578  -1.214385 30.185
 45   290.774 53790.87019043 51.94  16.928858  -1.211085 30.185
 46   290.725 53825.87014776 50.84  16.932114  -1.220701 30.140
 46   290.674 53825.87014840 41.87  16.931384  -1.217391 30.140
 46   290.818 53825.87014905 49.79  16.930654  -1.214091 30.140
 46   290.850 53825.87014969 50.41  16.929934  -1.210781 30.140
 48   291.642 53895.87025817 50.27  16.929126  -1.224131 30.869
 48   291.649 53895.87025882 51.77  16.928406  -1.220831 30.869
 48   291.682 53895.87025946 52.32  16.927676  -1.217521 30.869
 48   291.673 53895.87026011 52.24  16.926946  -1.214221 30.869
 48   291.635 53895.87026075 53.72  16.926226  -1.210911 30.869
 48   291.662 53895.87026140 54.73  16.925494  -1.207607 52.580
 49   290.564 53930.87031019 54.03  16.917897  -1.226774 37.789
 49   290.472 53930.87031084 53.02  16.917177  -1.223464 37.789
 49   290.485 53930.87031148 55.30  16.916447  -1.220164 37.789
 49   290.518 53930.87031213 52.87  16.915727  -1.216854 37.789
 50   291.054 53965.87028724 35.30  16.921074  -1.224948 28.526
 50   291.155 53965.87028788 47.55  16.920354  -1.221638 28.526
 50   291.216 53965.87028853 50.51  16.919624  -1.218338 28.526
 50   291.254 53965.87028917 48.80  16.918904  -1.215028 28.526
 51   291.695 54000.87024651 50.05  16.930264  -1.223641 34.246
 51   291.709 54000.87024716 50.30  16.929544  -1.220341 34.246
 51   291.653 54000.87024780 41.54  16.928814  -1.217031 34.246
 51   291.709 54000.87024845 50.27  16.928084  -1.213731 34.246
 51   291.731 54000.87024909 47.82  16.927364  -1.210421 34.246
 52   292.504 54035.87028875 51.94  16.929639  -1.221591 42.991
 52   292.534 54035.87028939 53.19  16.928909  -1.218291 42.991
 52   292.546 54035.87029004 54.02  16.928179  -1.214981 42.991
 52   292.552 54035.87029068 54.55  16.927459  -1.211681 42.991
 52   292.565 54035.87029133 52.89  16.926729  -1.208371 42.991
 53   293.741 54070.87028213 49.47  16.929059  -1.223846 43.105
 53   293.791 54070.87028277 50.38  16.928339  -1.220536 43.105
 53   293.840 54070.87028341 52.52  16.927609  -1.217236 43.105
 53   293.841 54070.87028406 52.73  16.926879  -1.213926 43.105
 53   293.814 54070.87028470 52.64  16.926159  -1.210626 43.105
 53   293.847 54070.87028535 51.21  16.925429  -1.207316 43.105
 54   293.311 54105.87023487 52.71  16.926659  -1.224566 42.006
 54   293.353 54105.87023552 52.09  16.925929  -1.221266 42.006
 54   293.387 54105.87023616 50.93  16.925209  -1.217956 42.006
 54   293.425 54105.87023681 51.28  16.924479  -1.214656 42.006
 54   293.448 54105.87023745 51.94  16.923759  -1.211346 42.006
 54   293.481 54105.87023810 52.25  16.923029  -1.208046 42.006
 56   291.056 54175.87021583 52.79  16.926718  -1.223894 46.587
 56   291.101 54175.87021648 51.39  16.925998  -1.220584 46.587
 56   291.127 54175.87021712 51.82  16.925268  -1.217284 46.587
 56   291.128 54175.87021776 51.52  16.924548  -1.213974 46.587
 56   291.136 54175.87021841 52.90  16.923818  -1.210674 46.587
 56   291.114 54175.87021905 51.15  16.923088  -1.207364 46.587
 57   290.831 54210.87022204 51.91  16.925891  -1.222599 45.535
 57   290.866 54210.87022268 49.31  16.925161  -1.219299 45.535
 57   290.851 54210.87022333 52.31  16.924441  -1.215989 45.535
 57   290.856 54210.87022397 49.69  16.923711  -1.212689 45.535
 57   290.891 54210.87022462 54.18  16.922981  -1.209379 45.535
 58   291.431 54245.87025270 53.32  16.926762  -1.222379 50.703
 58   291.490 54245.87025334 52.40  16.926042  -1.219069 50.703
 58   291.481 54245.87025398 52.87  16.925312  -1.215769 50.703
 58   291.426 54245.87025463 53.13  16.924582  -1.212459 50.703
 58   291.434 54245.87025527 53.09  16.923862  -1.209159 50.703
 59   291.652 54280.87026311 50.83  16.927649  -1.224586 47.680
 59   291.711 54280.87026376 51.52  16.926919  -1.221286 47.680
 59   291.752 54280.87026440 53.19  16.926199  -1.217976 47.680
 59   291.594 54280.87026504 54.46  16.925469  -1.214676 47.680
 59   291.606 54280.87026569 53.16  16.924739  -1.211366 47.680
 59   291.623 54280.87026633 54.77  16.924019  -1.208066 47.680
 60   291.331 54315.87026217 47.34  16.928760  -1.221880 46.748
 60   291.336 54315.87026282 44.34  16.928030  -1.218580 46.748
 60   291.326 54315.87026346 49.57  16.927310  -1.215270 46.748
 60   291.354 54315.87026411 51.54  16.926580  -1.211970 46.748
 60   291.342 54315.87026475 51.34  16.925850  -1.208660 46.748
 61   292.107 54350.87022972 50.20  16.927641  -1.223236 47.397
 61   292.152 54350.87023036 51.83  16.926921  -1.219926 47.397
 61   292.035 54350.87023101 51.82  16.926191  -1.216626 47.397
 61   292.004 54350.87023165 52.86  16.925471  -1.213316 47.397
 61   292.015 54350.87023230 51.78  16.924741  -1.210016 47.397
 61   292.049 54350.87023294 52.92  16.924011  -1.206706 47.397
 62   292.938 54385.87020076 51.97  16.928539  -1.223378 47.550
 62   292.978 54385.87020141 51.98  16.927809  -1.220078 47.550
 62   293.017 54385.87020205 52.34  16.927089  -1.216768 47.550
 62   293.053 54385.87020270 51.68  16.926359  -1.213468 47.550
 62   293.086 54385.87020334 51.31  16.925629  -1.210158 47.550
 62   293.107 54385.87020399 52.49  16.924909  -1.206858 47.550
 63   293.668 54420.87017941 52.79  16.926670  -1.222380 46.536
 63   293.685 54420.87018006 50.29  16.925940  -1.219080 46.536
 63   293.675 54420.87018070 51.72  16.925220  -1.215770 46.536
 63   293.712 54420.87018135 51.02  16.924490  -1.212470 46.536
 63   293.704 54420.87018199 52.48  16.923760  -1.209160 46.536
 64   293.653 54455.87017294 51.64  16.928615  -1.224239 49.371
 64   293.681 54455.87017359 53.53  16.927885  -1.220939 49.371
 64   293.714 54455.87017423 52.67  16.927165  -1.217629 49.371
 64   293.734 54455.87017488 52.80  16.926435  -1.214329 49.371
 64   293.771 54455.87017552 51.43  16.925705  -1.211019 49.371
 64   293.812 54455.87017617 51.81  16.924985  -1.207719 49.371
 65   292.593 54490.87018068 51.71  16.927933  -1.221175 38.582
 65   292.604 54490.87018132 51.81  16.927213  -1.217875 38.582
 65   292.619 54490.87018196 52.73  16.926483  -1.214565 38.582
 65   292.655 54490.87018261 51.03  16.925763  -1.211265 38.582
 65   292.682 54490.87018325 51.52  16.925033  -1.207955 38.582
 66   291.329 54525.87018595 51.57  16.929200  -1.222615 28.594
 66   291.348 54525.87018659 48.62  16.928470  -1.219315 28.594
 66   291.359 54525.87018724 53.31  16.927750  -1.216005 28.594
 66   291.387 54525.87018788 52.67  16.927017  -1.212701 44.824
 66   291.421 54525.87018853 51.81  16.926297  -1.209391 44.824
 67   291.072 54560.87018882 46.60  16.927179  -1.224123 25.679
 67   291.103 54560.87018946 52.12  16.926449  -1.220813 25.679
 67   290.971 54560.87019011 51.35  16.925729  -1.217513 25.679
 67   290.955 54560.87019075 51.98  16.924999  -1.214203 25.679
 67   290.975 54560.87019139 51.47  16.924273  -1.210899 41.869
 67   290.998 54560.87019204 53.27  16.923543  -1.207589 41.869
 68   291.310 54595.87018219 51.66  16.927151  -1.224203 26.460
 68   291.349 54595.87018284 51.42  16.926421  -1.220903 26.460
 68   291.390 54595.87018348 52.23  16.925701  -1.217593 26.460
 68   291.395 54595.87018413 52.21  16.924971  -1.214287 46.337
 68   291.326 54595.87018477 52.87  16.924251  -1.210977 46.337
 68   291.363 54595.87018541 53.52  16.923521  -1.207677 46.337
 69   291.332 54630.87019592 53.63  16.926439  -1.223819 23.046
 69   291.388 54630.87019656 52.27  16.925719  -1.220519 23.046
 69   291.413 54630.87019721 50.29  16.924989  -1.217209 23.046
 69   291.350 54630.87019785 52.45  16.924259  -1.213903 52.206
 69   291.365 54630.87019849 51.40  16.923539  -1.210593 52.206
 69   291.401 54630.87019914 51.84  16.922809  -1.207293 52.206
 70   290.835 54665.87020176 46.45  16.926069  -1.225632 25.962
 70   290.876 54665.87020240 54.88  16.925339  -1.222322 25.962
 70   290.908 54665.87020305 53.52  16.924609  -1.219022 25.962
 70   290.842 54665.87020369 55.09  16.923889  -1.215712 25.962
 70   290.833 54665.87020434 50.68  16.923159  -1.212408 45.118
 70   290.893 54665.87020498 53.93  16.922439  -1.209098 45.118
 71   291.832 54700.87017143 49.51  16.928885  -1.223745 27.396
 71   291.771 54700.87017208 51.21  16.928155  -1.220435 27.396
 71   291.697 54700.87017272 51.21  16.927435  -1.217135 27.396
 71   291.732 54700.87017337 50.89  16.926705  -1.213825 27.396
 71   291.803 54700.87017401 39.49  16.925981  -1.210519 33.333
 71   291.776 54700.87017465 35.66  16.925251  -1.207209 33.333
 72   292.344 54735.87016170 50.34  16.927560  -1.224431 26.355
 72   292.353 54735.87016235 51.44  16.926830  -1.221131 26.355
 72   292.361 54735.87016299 52.77  16.926110  -1.217821 26.355
 72   292.345 54735.87016363 52.32  16.925375  -1.214515 46.120
 72   292.369 54735.87016428 52.45  16.924655  -1.211205 46.120
 72   292.368 54735.87016492 51.50  16.923925  -1.207905 46.120
 73   292.889 54770.87015139 31.81  16.928702  -1.223928 24.419
 73   292.888 54770.87015203 39.63  16.927972  -1.220618 24.419
 73   292.859 54770.87015268 28.83  16.927252  -1.217318 24.419
 73   292.467 54770.87015332 24.72  16.926522  -1.214008 24.419
 73   292.880 54770.87015397 32.28  16.925795  -1.210702 30.235
 73   292.873 54770.87015461 44.84  16.925065  -1.207402 30.235
 74   293.493 54805.87015523 53.16  16.926136  -1.222549 33.380
 74   293.318 54805.87015588 52.13  16.925406  -1.219249 33.380
 74   293.367 54805.87015652 51.76  16.924686  -1.215939 33.380
 74   293.446 54805.87015717 52.65  16.923952  -1.212637 35.033
 74   293.504 54805.87015781 53.47  16.923232  -1.209327 35.033
 75   292.520 54840.87014762 28.39  16.927640  -1.222140 25.175
 75   292.547 54840.87014827 35.35  16.926910  -1.218840 25.175
 75   292.299 54840.87014891 23.98  16.926190  -1.215530 25.175
 75   292.049 54840.87014955 21.24  16.925460  -1.212225 12.299
 75   292.487 54840.87015020 21.43  16.924730  -1.208915 12.299
 76   291.282 54875.87015609 23.58  16.926745  -1.224906 19.780
 76   291.639 54875.87015674 24.09  16.926015  -1.221606 19.780
 76   291.326 54875.87015738 20.22  16.925295  -1.218296 19.780
 76   291.209 54875.87015803 21.89  16.924563  -1.214990  7.829
 76   291.273 54875.87015867 27.16  16.923843  -1.211680  7.829
 76   291.531 54875.87015932 30.17  16.923113  -1.208380  7.829
 77   291.191 54910.87015234 48.68  16.925832  -1.223473 25.321
 77   291.203 54910.87015298 52.94  16.925102  -1.220163 25.321
 77   291.200 54910.87015362 51.29  16.924382  -1.216863 25.321
 77   291.207 54910.87015427 50.03  16.923652  -1.213553 25.321
 77   291.232 54910.87015491 53.23  16.922927  -1.210249 40.671
 77   291.255 54910.87015556 47.04  16.922197  -1.206939 40.671
 78   290.995 54945.87014917 51.96  16.925751  -1.223925 26.486
 78   291.075 54945.87014981 51.70  16.925021  -1.220625 26.486
 78   291.152 54945.87015045 53.40  16.924301  -1.217315 26.486
 78   291.180 54945.87015110 50.78  16.923568  -1.214012 44.014
 78   291.195 54945.87015174 51.29  16.922848  -1.210702 44.014
 78   291.230 54945.87015239 50.15  16.922118  -1.207402 44.014
 79   291.457 54980.87017552 30.42  16.926233  -1.224790 21.525
 79   291.713 54980.87017617 39.58  16.925513  -1.221490 21.525
 79   291.609 54980.87017681 36.26  16.924783  -1.218180 21.525
 79   291.590 54980.87017746 35.49  16.924053  -1.214874 37.151
 79   291.591 54980.87017810 41.35  16.923323  -1.211564 37.151
 79   291.615 54980.87017875 50.02  16.922603  -1.208264 37.151
 80   291.344 55015.87017734 51.76  16.926922  -1.221932 25.895
 80   291.263 55015.87017798 53.64  16.926192  -1.218632 25.895
 80   291.339 55015.87017863 49.62  16.925472  -1.215322 25.895
 80   291.409 55015.87017927 53.49  16.924742  -1.212017 49.745
 80   291.356 55015.87017992 55.30  16.924012  -1.208707 49.745
 81   291.144 55050.87017185 49.85  16.927955  -1.222004 24.351
 81   291.144 55050.87017249 52.47  16.927225  -1.218704 24.351
 81   291.114 55050.87017314 53.25  16.926505  -1.215394 24.351
 81   291.052 55050.87017378 52.74  16.925776  -1.212090 47.309
 81   291.108 55050.87017443 52.27  16.925046  -1.208780 47.309
 82   291.959 55085.87013762 52.43  16.926746  -1.222982 45.123
 82   291.862 55085.87013826 52.53  16.926026  -1.219682 45.123
 82   291.825 55085.87013891 51.50  16.925296  -1.216372 45.123
 82   291.906 55085.87013955 54.37  16.924566  -1.213072 45.123
 82   291.993 55085.87014020 50.63  16.923846  -1.209762 45.123
 83   292.461 55120.87010482 47.46  16.929051  -1.223960 26.878
 83   292.492 55120.87010547 48.26  16.928331  -1.220660 26.878
 83   292.495 55120.87010611 34.90  16.927601  -1.217350 26.878
 83   292.228 55120.87010676 27.69  16.926871  -1.214050 26.878
 83   291.949 55120.87010740 26.32  16.926151  -1.210740 26.878
 83   292.498 55120.87010805 25.00  16.925421  -1.207440 26.878
 84   293.446 55155.87009666 49.58  16.926585  -1.224345 37.206
 84   293.483 55155.87009730 49.87  16.925855  -1.221035 37.206
 84   293.357 55155.87009795 40.30  16.925135  -1.217735 37.206
 84   293.370 55155.87009859 39.84  16.924405  -1.214425 37.206
 84   293.444 55155.87009923 41.85  16.923675  -1.211125 37.206
 84   293.468 55155.87009988 45.24  16.922955  -1.207815 37.206
 85   293.260 55190.87009452 53.04  16.926831  -1.223925 34.236
 85   293.214 55190.87009516 53.56  16.926101  -1.220625 34.236
 85   293.143 55190.87009581 54.73  16.925381  -1.217315 34.236
 85   293.150 55190.87009645 53.65  16.924647  -1.214010 48.454
 85   293.183 55190.87009710 52.66  16.923927  -1.210700 48.454
 85   293.226 55190.87009774 52.11  16.923197  -1.207400 48.454
 86   292.220 55225.87009755 50.10  16.926629  -1.223147 45.866
 86   292.211 55225.87009819 50.63  16.925909  -1.219847 45.866
 86   292.192 55225.87009884 53.19  16.925179  -1.216537 45.866
 86   292.178 55225.87009948 53.36  16.924449  -1.213237 45.866
 86   292.231 55225.87010012 51.90  16.923729  -1.209927 45.866
 86   292.255 55225.87010077 51.64  16.922999  -1.206627 45.866
 87   291.391 55260.87009016 51.25  16.927805  -1.221331 44.040
 87   291.375 55260.87009080 51.70  16.927085  -1.218031 44.040
 87   291.374 55260.87009145 52.14  16.926355  -1.214721 44.040
 87   291.391 55260.87009209 50.51  16.925625  -1.211421 44.040
 87   291.407 55260.87009274 52.84  16.924905  -1.208111 44.040
 88   291.647 55295.87008265 47.96  16.927623  -1.224704 42.559
 88   291.764 55295.87008329 51.85  16.926893  -1.221394 42.559
 88   291.608 55295.87008394 53.12  16.926173  -1.218094 42.559
 88   291.692 55295.87008458 50.35  16.925443  -1.214784 42.559
 88   291.771 55295.87008523 51.05  16.924713  -1.211484 42.559
 88   291.740 55295.87008587 52.88  16.923993  -1.208174 42.559
 89   291.957 55330.87007174 51.23  16.925181  -1.223059 41.444
 89   291.954 55330.87007239 50.12  16.924451  -1.219749 41.444
 89   291.921 55330.87007303 52.76  16.923721  -1.216449 41.444
 89   291.966 55330.87007368 52.92  16.923001  -1.213139 41.444
 89   291.903 55330.87007432 54.42  16.922271  -1.209839 41.444
 90   291.836 55365.87006460 51.41  16.927612  -1.222603 43.157
 90   291.828 55365.87006525 51.45  16.926892  -1.219303 43.157
 90   291.818 55365.87006589 51.33  16.926162  -1.215993 43.157
 90   291.848 55365.87006654 51.99  16.925432  -1.212693 43.157
 90   291.863 55365.87006718 50.85  16.924712  -1.209383 43.157
 91   291.456 55400.87007678 53.58  16.927381  -1.223694 42.199
 91   291.489 55400.87007743 50.64  16.926661  -1.220394 42.199
 91   291.415 55400.87007807 49.66  16.925931  -1.217084 42.199
 91   291.474 55400.87007871 51.54  16.925201  -1.213784 42.199
 91   291.470 55400.87007936 49.72  16.924481  -1.210474 42.199
 91   291.495 55400.87008000 51.64  16.923751  -1.207174 42.199
 92   291.792 55435.87008205 51.59  16.928675  -1.221546 26.812
 92   291.740 55435.87008270 50.50  16.927955  -1.218246 26.812
 92   291.734 55435.87008334 52.47  16.927225  -1.214936 26.812
 92   291.780 55435.87008398 51.84  16.926497  -1.211630 46.067
 92   291.812 55435.87008463 51.11  16.925767  -1.208320 46.067
 93   292.456 55470.87003390 48.48  16.928037  -1.223580 29.362
 93   292.513 55470.87003454 51.72  16.927307  -1.220270 29.362
 93   292.487 55470.87003519 51.54  16.926587  -1.216970 29.362
 93   292.483 55470.87003583 51.61  16.925857  -1.213660 29.362
 93   292.494 55470.87003648 50.46  16.925134  -1.210353 46.749
 93   292.533 55470.87003712 50.97  16.924404  -1.207053 46.749
