-125439.206    73.284     0.00    5.50
-125063.141    72.719    -1.50    6.76
-124687.077    70.958    -4.68    8.58
-124311.015    69.954    -2.67    9.77
-123934.954    70.576     1.65   10.96
-123558.895    70.765     0.50   11.41
-123182.837    72.876     5.61    9.81
-122806.781    74.441     4.16    8.52
-122430.727    73.755    -1.82    8.36
-122054.674    68.935   -12.82    9.61
-121678.622    66.063    -7.64   11.28
-121302.572    63.765    -6.11   10.90
-120926.523    61.601    -5.75    9.15
-120550.476    64.550     7.84   10.67
-120174.430    70.131    14.84    8.67
-119798.386    71.387     3.34    7.27
-119422.344    69.711    -4.46    7.58
-119046.302    66.813    -7.71    7.76
-118670.263    63.755    -8.13    7.76
-118294.225    58.107   -15.02    7.64
-117918.188    53.971   -11.00    9.50
-117542.153    49.981   -10.61    9.64
-117166.119    45.792   -11.14    7.11
-116790.087    42.909    -7.67    3.83
-116414.056    42.387    -1.39    4.06
-116038.026    42.294    -0.25    4.06
-115661.998    42.345     0.14    4.25
-115285.972    41.601    -1.98    3.60
-114909.947    41.306    -0.79    3.18
-114533.924    41.678     0.99    4.64
-114157.902    41.781     0.27    4.92
-113781.881    42.965     3.15    4.95
-113405.862    42.684    -0.75    4.29
-113029.844    43.008     0.86    4.39
-112653.828    43.603     1.58    4.67
-112277.813    45.858     6.00    4.98
-111901.800    48.182     6.18    3.91
-111525.788    49.076     2.38    4.34
-111149.778    48.892    -0.49    4.38
-110773.769    48.465    -1.14    4.11
-110397.762    46.884    -4.21    4.05
-110021.756    46.252    -1.68    3.91
-109645.751    45.813    -1.17    4.36
-109269.748    44.918    -2.38    4.68
-108893.746    44.012    -2.41    5.77
-108517.746    41.873    -5.69    4.50
-108141.747    41.234    -1.70    4.75
-107765.750    41.651     1.11    5.31
-107389.754    41.909     0.69    5.17
-107013.759    41.684    -0.60    4.62
-106637.766    40.792    -2.37    4.46
-106261.774    39.143    -4.38    3.51
-105885.784    38.630    -1.37    3.79
-105509.795    39.176     1.45    3.59
-105133.808    40.351     3.13    5.74
-104757.723    39.471    -2.34    6.82
-104381.459    38.170    -3.46    7.82
-104005.197    35.960    -5.87    8.36
-103628.936    32.971    -7.95    6.57
-103252.676    32.260    -1.89    5.58
-102876.418    33.143     2.35    4.97
-102500.161    34.371     3.26    4.47
-102123.906    35.048     1.80    3.17
-101747.652    35.681     1.68    3.13
-101371.399    35.551    -0.35    3.08
-100995.148    35.546    -0.01    2.76
-100618.898    35.155    -1.04    2.59
-100242.650    35.603     1.19    2.84
 -99866.403    36.035     1.15    2.51
 -99490.157    37.333     3.45    2.58
 -99113.913    37.854     1.38    2.55
 -98737.670    38.012     0.42    2.27
 -98361.429    39.037     2.73    2.71
 -97985.189    40.444     3.74    3.63
 -97608.950    41.523     2.87    3.98
 -97232.713    40.627    -2.38    5.52
 -96856.477    40.422    -0.55    6.23
 -96480.243    39.792    -1.67    5.50
 -96104.010    42.063     6.04    6.44
 -95727.778    43.854     4.76    6.74
 -95351.548    47.279     9.10    4.95
 -94975.319    48.339     2.82    5.09
 -94599.092    47.295    -2.78    5.35
 -94222.866    47.448     0.41    6.13
 -93846.641    47.181    -0.71    6.68
 -93470.417    47.104    -0.21    7.40
 -93094.195    45.711    -3.70    8.02
 -92717.975    42.937    -7.37    7.21
 -92341.755    42.628    -0.82    6.88
 -91965.538    41.601    -2.73    6.28
 -91589.321    40.873    -1.94    4.91
 -91213.106    41.217     0.91    4.49
 -90836.892    40.339    -2.33    4.17
 -90460.679    40.865     1.40    4.38
 -90084.468    41.279     1.10    4.12
 -89708.259    41.551     0.72    4.00
 -89332.050    41.116    -1.15    4.68
 -88955.843    40.197    -2.44    3.68
 -88579.637    40.576     1.01    5.59
 -88203.433    43.319     7.29    6.46
 -87827.230    46.627     8.79    7.34
 -87451.028    49.114     6.61    7.13
 -87074.828    49.659     1.45    7.88
 -86698.629    51.418     4.68    8.40
 -86322.431    53.881     6.55    8.30
 -85946.235    59.365    14.58    9.34
 -85570.040    68.126    23.29   10.60
 -85193.847    76.170    21.38   14.63
 -84817.654    88.839    33.68   16.48
 -84441.463   100.102    29.94   14.21
 -84065.274   108.678    22.80   12.23
 -83689.085   114.954    16.68    6.55
 -83312.898   115.012     0.15    7.08
 -82936.713   111.550    -9.20   10.89
 -82560.528   105.819   -15.23   13.68
 -82184.345   101.252   -12.14   13.08
 -81808.164    91.792   -25.15   14.52
 -81431.983    79.576   -32.47   16.81
 -81055.804    67.268   -32.72   16.15
 -80679.627    59.747   -19.99   12.02
 -80303.450    53.396   -16.88    7.86
 -79927.275    52.089    -3.47    7.08
 -79551.101    50.465    -4.32    7.45
 -79174.929    49.345    -2.98    7.53
 -78798.758    48.339    -2.67    7.56
 -78422.588    49.063     1.92    9.05
 -78046.419    53.418    11.58   12.23
 -77670.252    57.701    11.39   13.64
 -77294.086    64.437    17.91   11.12
 -76917.921    66.901     6.55   10.06
 -76541.758    68.217     3.50    8.74
 -76165.596    67.919    -0.79    6.35
 -75789.435    61.495   -17.08    9.76
 -75413.276    51.576   -26.37   12.21
 -75037.117    42.170   -25.00   11.15
 -74660.960    41.234    -2.49    9.91
 -74284.805    42.819     4.21   10.96
 -73908.650    46.627    10.12    9.79
 -73532.497    51.207    12.18    7.48
 -73156.346    51.008    -0.53    7.58
 -72780.195    53.345     6.21    9.66
 -72404.046    56.063     7.23   10.57
 -72027.898    60.207    11.02   11.32
 -71651.751    64.659    11.84   11.87
 -71275.606    73.345    23.09   13.28
 -70899.462    84.465    29.56   14.85
 -70523.319    93.678    24.50   12.43
 -70147.177   102.807    24.27   10.30
 -69771.037   108.890    16.17    9.04
 -69394.898   115.279    16.98    9.05
 -69018.760   117.630     6.25    8.16
 -68642.623   117.170    -1.22    7.99
 -68266.488   112.339   -12.85    9.59
 -67890.354   106.437   -15.69    7.61
 -67514.221   102.076   -11.59    6.48
 -67138.090    99.319    -7.33    6.07
 -66761.960    96.089    -8.59    5.73
 -66385.831    93.628    -6.54    5.87
 -66009.703    90.234    -9.03    7.85
 -65633.576    85.396   -12.86    8.12
 -65257.451    80.197   -13.82    7.83
 -64881.327    73.012   -19.10    9.29
 -64505.204    63.076   -26.42   13.20
 -64129.083    49.448   -36.23   17.13
 -63752.962    38.525   -29.04   14.08
 -63376.843    34.763   -10.00   11.72
 -63000.725    39.023    11.33   15.18
 -62624.609    49.035    26.62   15.14
 -62248.493    58.089    24.07   12.25
 -61872.379    66.471    22.28    8.64
 -61496.266    72.170    15.15    7.33
 -61120.155    78.037    15.60    8.16
 -60744.044    83.704    15.07    8.10
 -60367.935    88.603    13.03    8.22
 -59991.827    95.468    18.25    9.01
 -59615.720    99.345    10.31    8.23
 -59239.615    98.884    -1.23    7.79
 -58863.510    98.333    -1.46    7.69
 -58487.407    95.345    -7.94    8.61
 -58111.305    90.414   -13.11    8.53
 -57735.204    87.035    -8.98    8.76
 -57359.105    82.892   -11.02    7.68
 -56983.007    80.857    -5.41    8.15
 -56606.909    79.396    -3.88   11.03
 -56230.814    75.268   -10.98   11.51
 -55854.719    71.131   -11.00   11.31
 -55478.625    64.653   -17.23   11.83
 -55102.533    57.881   -18.00   13.55
 -54726.442    52.807   -13.49   14.76
 -54350.352    46.102   -17.83   14.93
 -53974.263    40.441   -15.05   14.10
 -53598.176    33.954   -17.25   12.91
 -53222.090    28.063   -15.66   10.36
 -52846.004    24.076   -10.60    7.08
 -52469.921    21.409    -7.09    3.65
 -52093.838    20.971    -1.17    3.19
 -51717.756    20.918    -0.14    3.27
 -51341.676    21.306     1.03    3.14
 -50965.597    21.225    -0.22    3.12
 -50589.519    21.833     1.62    3.29
 -50213.442    22.396     1.50    3.60
 -49837.366    23.063     1.77    3.52
 -49461.292    22.993    -0.19    3.56
 -49085.218    22.781    -0.56    3.46
 -48709.146    22.354    -1.14    3.28
 -48333.075    21.760    -1.58    2.93
 -47957.005    21.909     0.40    2.86
 -47580.937    22.089     0.48    2.56
 -47204.869    22.008    -0.21    2.92
 -46828.803    22.076     0.18    3.23
 -46452.738    22.626     1.46    3.31
 -46076.674    23.576     2.53    3.03
 -45700.611    23.971     1.05    2.51
 -45324.549    24.143     0.46    1.97
 -44948.489    23.495    -1.72    2.49
 -44572.429    22.711    -2.08    2.61
 -44196.371    22.233    -1.27    2.58
 -43820.314    22.960     1.93    2.94
 -43444.258    23.701     1.97    2.47
 -43068.203    24.576     2.33    1.96
 -42692.150    24.826     0.66    1.82
 -42316.097    24.023    -2.13    1.95
 -41940.046    23.319    -1.87    3.19
 -41563.996    20.839    -6.60    5.90
 -41187.947    17.935    -7.72    7.39
 -40811.899    14.993    -7.82    7.88
 -40435.852    14.684    -0.82    7.64
 -40059.806    16.268     4.21    7.22
 -39683.762    20.319    10.77    5.35
 -39307.718    22.935     6.96    3.62
 -38931.676    23.704     2.05    4.94
 -38555.635    24.414     1.89    4.79
 -38179.595    24.819     1.08    4.65
 -37803.556    25.576     2.01    2.91
 -37427.518    25.865     0.77    2.64
 -37051.481    25.701    -0.44    2.50
 -36675.446    25.657    -0.12    2.31
 -36299.411    24.781    -2.33    5.68
 -35923.378    23.813    -2.58    6.29
 -35547.346    24.471     1.75    5.20
 -35171.315    24.819     0.93    4.28
 -34795.285    25.601     2.08    2.40
 -34419.256    25.181    -1.12    2.35
 -34043.228    25.089    -0.24    2.39
 -33667.201    24.333    -2.01    3.05
 -33291.176    23.576    -2.01    2.65
 -32915.151    23.191    -1.02    2.84
 -32539.128    22.473    -1.91    2.40
 -32163.105    22.690     0.58    2.48
 -31787.084    22.684    -0.02    2.69
 -31411.064    22.387    -0.79    2.63
 -31035.045    22.306    -0.22    2.33
 -30659.027    21.326    -2.61    2.06
 -30283.010    20.954    -0.99    1.93
 -29906.995    20.813    -0.38    2.09
 -29530.829    21.076     0.70    2.17
 -29154.600    21.448     0.99    1.78
 -28778.371    21.738     0.77    1.91
 -28402.144    22.176     1.16    1.78
 -28025.918    22.207     0.08    1.72
 -27649.694    22.104    -0.28    1.75
 -27273.470    21.225    -2.34    2.04
 -26897.247    20.687    -1.43    2.24
 -26521.025    20.140    -1.45    2.35
 -26144.805    19.525    -1.64    2.43
 -25768.585    19.776     0.67    2.41
 -25392.367    20.268     1.31    2.24
 -25016.149    20.360     0.24    2.23
 -24639.933    20.520     0.43    2.29
 -24263.718    20.935     1.10    2.39
 -23887.504    21.050     0.30    2.19
 -23511.290    21.448     1.06    1.49
 -23135.078    21.140    -0.82    1.79
 -22758.867    21.268     0.34    1.76
 -22382.657    21.225    -0.12    1.70
 -22006.448    21.550     0.87    1.87
 -21630.240    21.627     0.20    1.76
 -21254.034    22.020     1.05    1.99
 -20877.828    22.468     1.19    2.28
 -20501.623    22.630     0.43    2.28
 -20125.419    22.900     0.72    2.50
 -19749.217    22.628    -0.72    2.67
 -19373.015    22.804     0.47    2.88
 -18996.815    22.976     0.46    2.42
 -18620.615    23.444     1.25    1.91
 -18244.417    23.409    -0.09    1.80
 -17868.219    23.858     1.19    1.76
 -17492.023    24.023     0.44    1.75
 -17115.827    23.918    -0.28    1.81
 -16739.633    23.813    -0.28    2.07
 -16363.440    23.063    -1.99    1.93
 -15987.247    22.387    -1.80    2.70
 -15611.056    21.909    -1.27    2.55
 -15234.866    21.776    -0.35    2.36
 -14858.676    21.747    -0.08    2.24
 -14482.488    21.765     0.05    1.73
 -14106.301    21.522    -0.65    1.75
 -13730.115    21.116    -1.08    2.04
 -13353.930    21.116     0.00    2.47
 -12977.745    21.381     0.70    2.69
 -12601.562    21.976     1.58    2.48
 -12225.380    22.523     1.46    2.07
 -11849.199    22.981     1.22    2.65
 -11473.019    22.166    -2.17    3.56
 -11096.840    21.918    -0.66    4.08
 -10720.662    21.653    -0.70    3.91
 -10344.484    21.630    -0.06    3.55
  -9968.308    20.422    -3.21    5.28
  -9592.133    18.048    -6.31    5.93
  -9215.959    15.365    -7.13    5.05
  -8839.786    14.422    -2.51    4.72
  -8463.614    15.857     3.82    4.03
  -8087.443    16.448     1.57    3.95
  -7711.272    17.711     3.36    2.78
  -7335.103    17.354    -0.95    2.63
  -6958.935    14.630    -7.24    6.81
  -6582.768    10.770   -10.26    8.29
  -6206.601     7.023    -9.96    7.84
  -5830.436     3.884    -8.35    5.25
  -5454.272     2.197    -4.48    3.37
  -5078.109     1.422    -2.06    2.81
  -4701.946     0.807    -1.64    1.46
  -4325.785     0.371    -1.16    0.80
  -3949.624     0.306    -0.17    0.80
  -3573.465     0.396     0.24    0.91
  -3197.307     1.414     2.70    2.32
  -2821.149     3.792     6.32    3.85
  -2444.993     7.225     9.13    4.33
  -2068.837     9.701     6.58    2.84
  -1692.682     8.704    -2.65    4.03
  -1316.529     5.918    -7.41    4.74
   -940.376     3.298    -6.96    3.77
   -564.224     0.839    -6.54    2.08
   -188.074    -0.146    -2.62    0.78
    188.076    -0.161    -0.04    0.64
    564.225     0.371     1.41    1.42
    940.373     0.603     0.62    1.48
   1316.520     0.392    -0.56    1.39
   1692.666     0.191    -0.53    1.04
   2068.811     1.114     2.45    4.23
   2444.955     4.738     9.63    7.77
   2821.098     8.909    11.09    8.83
   3197.241    13.522    12.26    7.72
   3573.382    16.035     6.68    4.23
   3949.522    16.414     1.01    3.30
   4325.662    16.376    -0.10    4.34
   4701.800    15.268    -2.94    4.24
   5077.938    14.858    -1.09    4.62
   5454.075    13.465    -3.70    4.13
   5830.210    11.884    -4.20    3.12
   6206.345    11.048    -2.22    2.86
   6582.479     9.603    -3.84    2.85
   6958.612     8.319    -3.41    3.86
   7334.744     7.711    -1.62    4.20
   7710.875     6.918    -2.11    3.74
   8087.005     7.155     0.63    4.16
   8463.135     8.651     3.98    3.79
   8839.263     8.819     0.45    2.92
   9215.390     9.501     1.81    3.73
   9591.517    11.012     4.02    4.13
   9967.643    11.354     0.91    4.01
  10343.767    13.143     4.76    3.88
  10719.891    14.387     3.31    4.67
  11096.014    13.839    -1.46    5.16
  11472.136    13.626    -0.57    4.83
  11848.257    14.326     1.86    4.89
  12224.377    15.326     2.66    5.77
  12600.497    16.865     4.09    5.72
  12976.615    18.497     4.34    4.92
  13352.733    19.550     2.80    4.73
  13728.849    19.422    -0.34    3.86
  14104.965    20.234     2.16    3.74
  14481.080    20.854     1.65    4.56
  14857.194    22.653     4.78    3.34
  15233.307    23.354     1.86    2.23
  15609.419    22.976    -1.00    2.24
  15985.530    22.704    -0.72    2.24
  16361.641    22.633    -0.19    2.20
  16737.750    23.657     2.72    2.24
  17113.859    24.008     0.93    2.40
  17489.967    24.023     0.04    2.36
  17866.074    23.063    -2.55    2.86
  18242.180    22.387    -1.80    3.05
  18618.285    22.326    -0.16    2.79
  18994.389    21.858    -1.24    3.31
  19370.493    22.339     1.28    3.39
  19746.595    25.846     9.32    8.79
  20122.697    34.704    23.55   16.48
  20498.798    45.217    27.95   18.09
  20874.898    55.881    28.36   14.39
  21250.997    61.473    14.87   11.58
  21627.096    65.076     9.58    8.40
  22003.193    64.497    -1.54    7.58
  22379.290    65.166     1.78    7.48
  22755.385    66.857     4.50    8.36
  23131.480    71.657    12.76    9.32
  23507.574    75.997    11.54    7.00
  23883.667    77.062     2.83    8.20
  24259.760    77.140     0.21   10.56
  24635.851    79.468     6.19   10.24
  25011.942    82.166     7.17    8.49
  25388.032    82.448     0.75    9.03
  25764.121    83.499     2.80    8.37
  26140.209    85.197     4.52    7.35
  26516.296    86.832     4.35    5.66
  26892.383    87.523     1.84    4.98
  27268.468    87.159    -0.97    5.23
  27644.553    86.873    -0.76    4.81
  28020.637    88.360     3.95    5.81
  28396.720    88.306    -0.14    7.15
  28772.803    86.243    -5.49    9.02
  29148.884    80.732   -14.65    8.60
  29524.965    75.884   -12.89    7.62
  29901.045    74.807    -2.86    6.92
  30277.124    74.715    -0.24    7.08
  30653.202    73.858    -2.28    7.08
  31029.279    71.927    -5.13    8.40
  31405.356    68.807    -8.30    8.90
  31781.432    66.839    -5.23    7.31
  32157.507    66.681    -0.42    5.37
  32533.581    64.468    -5.89    5.85
  32909.654    58.550   -15.74    9.99
  33285.727    54.422   -10.98   10.21
  33661.799    52.909    -4.02    9.68
  34037.869    53.657     1.99    9.90
  34413.940    55.900     5.96    7.78
  34790.009    57.522     4.31    7.44
  35166.078    57.819     0.79    7.77
  35542.145    57.193    -1.66    8.20
  35918.212    58.926     4.61    6.39
  36294.279    59.037     0.30    6.26
  36670.344    58.159    -2.34    5.35
  37046.409    55.601    -6.80    5.44
  37422.472    53.711    -5.03    5.52
  37798.535    52.839    -2.32    5.14
  38174.598    50.813    -5.39    5.70
  38550.659    49.960    -2.27    6.21
  38926.720    49.414    -1.45    5.32
  39302.780    48.707    -1.88    4.67
  39678.839    48.026    -1.81    4.77
  40054.897    45.804    -5.91    6.11
  40430.955    42.760    -8.10    5.93
  40807.012    38.062   -12.49    5.81
  41183.068    34.927    -8.34    5.23
  41559.123    33.225    -4.53    4.26
  41935.178    31.465    -4.68    1.80
  42311.231    30.935    -1.41    1.74
  42687.284    30.807    -0.34    1.86
  43063.337    30.549    -0.69    1.71
  43439.388    30.140    -1.09    1.76
  43815.439    29.704    -1.16    1.91
  44191.489    29.140    -1.50    1.93
  44567.538    28.765    -1.00    1.82
  44943.586    28.678    -0.23    1.60
  45319.642    28.493    -0.49    1.83
  45695.835    27.681    -2.16    2.02
  46072.028    27.063    -1.64    2.36
  46448.220    26.546    -1.37    2.25
  46824.411    26.268    -0.74    2.15
  47200.601    26.170    -0.26    1.96
  47576.791    26.215     0.12    1.71
  47952.979    26.225     0.03    1.80
  48329.167    25.520    -1.87    2.19
  48705.355    23.707    -4.82    3.19
  49081.541    21.726    -5.27    3.92
  49457.727    20.062    -4.42    3.80
  49833.913    19.422    -1.70    2.80
  50210.097    19.681     0.69    2.53
  50586.281    20.707     2.73    1.95
  50962.464    21.981     3.39    2.40
  51338.646    22.551     1.51    2.28
  51714.827    23.116     1.50    1.97
  52091.008    23.711     1.58    1.90
  52467.188    23.414    -0.79    1.88
  52843.368    22.862    -1.47    1.93
  53219.546    22.422    -1.17    2.03
  53595.724    21.730    -1.84    1.65
  53971.902    21.381    -0.93    1.86
  54348.078    21.197    -0.49    1.59
  54724.254    21.279     0.22    1.54
  55100.429    21.576     0.79    1.61
  55476.603    21.426    -0.40    1.39
  55852.777    21.143    -0.75    1.50
  56228.950    20.760    -1.02    1.35
  56605.122    20.628    -0.35    1.71
  56981.294    20.807     0.47    1.75
  57357.465    20.549    -0.69    1.54
  57733.635    20.351    -0.53    1.76
  58109.805    19.892    -1.22    1.80
  58485.973    19.441    -1.20    1.64
  58862.141    19.279    -0.43    1.58
  59238.309    19.270    -0.02    1.55
  59614.476    19.191    -0.21    1.35
  59990.642    19.371     0.48    1.51
  60366.807    19.604     0.62    1.60
  60742.972    19.935     0.88    1.56
  61119.136    20.225     0.77    1.42
  61495.299    20.437     0.56    1.42
  61871.462    20.653     0.57    1.42
  62247.624    20.655     0.01    1.34
  62623.785    20.832     0.47    1.41
  62999.946    20.760    -0.19    1.41
  63376.106    20.960     0.53    1.63
  63752.265    21.187     0.60    1.76
  64128.424    21.351     0.44    1.69
  64504.582    21.166    -0.49    1.58
  64880.739    20.659    -1.35    1.70
  65256.896    20.441    -0.58    1.72
  65633.051    19.657    -2.08    1.98
  66009.207    20.062     1.08    2.49
  66385.361    19.839    -0.59    2.95
  66761.515    19.548    -0.77    2.99
  67137.669    19.550     0.01    3.18
  67513.822    18.655    -2.38    2.66
  67889.974    17.927    -1.93    2.67
  68266.125    17.781    -0.39    3.06
  68642.276    17.181    -1.59    3.23
  69018.426    17.181     0.00    2.97
  69394.575    17.326     0.38    2.77
  69770.724    17.601     0.73    2.47
  70146.872    15.881    -4.57    5.35
  70523.020    14.114    -4.70    6.48
  70899.167    11.319    -7.43    7.12
  71275.313    10.164    -3.07    6.49
  71651.459    10.819     1.74    7.32
  72027.604    12.657     4.89    7.78
  72403.748    14.603     5.17    7.58
  72779.892    17.306     7.19    5.48
  73156.035    18.854     4.12    2.19
  73532.177    18.876     0.06    1.87
  73908.319    18.884     0.02    1.75
  74284.461    18.738    -0.39    1.82
  74660.601    18.865     0.34    1.52
  75036.741    19.050     0.49    1.61
  75412.881    18.243    -2.15    3.97
  75789.019    15.333    -7.74    7.45
  76165.158    12.371    -7.87    8.38
  76541.295    10.270    -5.58    7.80
  76917.432    11.319     2.79    7.35
  77293.568    13.884     6.82    6.21
  77669.704    17.107     8.57    3.64
  78045.839    15.935    -3.12    4.50
  78421.974    14.954    -2.61    4.60
  78798.108    14.900    -0.14    4.32
  79174.241    15.655     2.01    4.75
  79550.374    16.493     2.23    5.10
  79926.506    16.730     0.63    5.16
  80302.637    16.268    -1.23    6.04
  80678.768    16.414     0.39    5.92
  81054.899    15.140    -3.39    5.74
  81431.028    14.909    -0.61    6.08
  81807.158    15.063     0.41    5.59
  82183.286    14.900    -0.43    5.42
  82559.414    17.786     7.67    6.55
  82935.542    19.522     4.61    6.67
  83311.668    19.927     1.08    6.59
  83687.795    22.819     7.69    6.99
  84063.920    25.451     7.00    5.90
  84440.045    27.268     4.83    6.36
  84816.170    30.858     9.54    6.71
  85192.294    33.131     6.04    7.44
  85568.417    34.986     4.93    7.93
  85944.540    39.020    10.73    8.16
  86320.662    40.371     3.59    7.67
  86696.784    40.365    -0.01    7.55
  87072.905    38.468    -5.05    7.99
  87449.026    36.657    -4.81    6.27
  87825.146    36.884     0.60    7.35
  88201.265    41.283    11.70    8.99
  88577.384    46.738    14.50    7.45
  88953.502    48.243     4.00    8.87
  89329.620    49.971     4.59    9.79
  89705.737    52.306     6.21    8.71
  90081.854    51.252    -2.80    9.40
  90457.970    47.404   -10.23    9.75
  90834.086    45.601    -4.79    8.12
  91210.201    44.926    -1.80    7.75
  91586.315    46.170     3.31    6.88
  91962.429    47.294     2.99    6.08
  92338.542    44.215    -8.19    6.67
  92714.655    41.260    -7.86    5.12
  93090.768    39.627    -4.34    4.79
  93466.879    39.181    -1.19    3.70
  93842.991    39.409     0.61    3.57
  94219.101    39.392    -0.05    4.40
  94595.211    40.476     2.88    5.29
  94971.321    39.743    -1.95    5.86
  95347.430    39.678    -0.17    5.71
  95723.539    39.023    -1.74    5.65
  96099.647    37.603    -3.78    4.36
  96475.754    38.873     3.38    4.27
  96851.861    39.354     1.28    4.15
  97227.968    38.601    -2.00    3.78
  97604.074    37.276    -3.52    4.19
  97980.179    36.252    -2.72    4.75
  98356.284    36.576     0.86    5.25
  98732.389    37.313     1.96    6.01
  99108.493    39.286     5.25    5.89
  99484.596    39.225    -0.16    5.07
  99860.699    38.371    -2.27    5.25
 100236.802    36.981    -3.69    3.90
 100612.903    35.354    -4.33    2.44
 100989.005    35.839     1.29    3.56
 101365.106    37.576     4.62    4.59
 101741.206    39.448     4.98    5.68
 102117.306    40.730     3.41    5.43
 102493.405    41.437     1.88    5.45
 102869.504    40.711    -1.93    6.65
 103245.603    40.495    -0.57    7.24
 103621.701    41.495     2.66    7.22
 103997.798    39.801    -4.50    7.76
 104373.895    37.170    -6.99    7.95
 104749.992    32.944   -11.24    6.76
 105126.088    28.971   -10.57    2.67
 105502.183    27.655    -3.50    2.05
 105878.278    27.225    -1.14    1.86
 106254.373    26.473    -2.00    1.74
 106630.467    25.786    -1.83    1.92
 107006.560    25.743    -0.12    1.73
 107382.654    25.089    -1.74    1.98
 107758.746    25.147     0.15    1.88
 108134.838    25.268     0.32    1.76
 108510.930    25.396     0.34    1.64
 108887.021    25.399     0.01    1.88
 109263.112    24.954    -1.18    1.91
 109639.202    24.170    -2.08    1.94
 110015.292    23.684    -1.29    1.61
 110391.382    23.140    -1.45    1.60
 110767.471    23.181     0.11    1.87
 111143.559    22.319    -2.29    3.03
 111519.647    22.550     0.61    3.17
 111895.735    23.832     3.41    2.95
 112271.822    25.089     3.34    2.78
 112647.908    26.301     3.22    1.84
 113023.995    26.858     1.48    1.70
 113400.080    27.409     1.47    1.75
 113776.166    27.441     0.08    1.80
 114152.251    27.819     1.01    2.84
 114528.335    28.008     0.50    3.07
 114904.419    28.499     1.30    3.12
 115280.503    28.333    -0.44    2.31
 115656.586    29.012     1.80    2.35
 116032.668    30.050     2.76    1.62
 116408.751    30.326     0.73    1.61
 116784.832    30.858     1.41    2.38
 117160.914    31.441     1.55    2.70
 117536.995    32.128     1.83    3.05
 117913.075    33.655     4.06    4.64
 118289.156    34.781     2.99    6.62
 118665.235    38.684    10.38    8.79
 119041.314    41.858     8.44    8.90
 119417.393    46.251    11.68    9.28
 119793.472    49.687     9.14    8.65
 120169.550    52.225     6.75    7.09
 120545.660    52.333     0.29    7.03
 120921.817    49.792    -6.75    9.05
 121297.974    47.414    -6.32    9.82
 121674.130    46.833    -1.54    9.81
 122050.286    47.701     2.31    8.63
 122426.442    47.944     0.65    8.44
 122802.597    45.414    -6.73    9.02
 123178.752    43.807    -4.27    9.09
 123554.906    43.681    -0.33    8.76
 123931.060    43.550    -0.35    8.41
 124307.213    44.197     1.72    7.78
 124683.366    43.243    -2.54    8.97
 125059.519    40.270    -7.90    8.66
 125435.671    41.918     4.38    9.74
 125811.823    44.858     7.82   10.22
 126187.975    48.982    10.96    9.23
 126564.126    47.339    -4.37    9.21
 126940.277    42.954   -11.66    8.94
 127316.427    38.937   -10.68    6.77
 127692.577    36.062    -7.64    4.78
 128068.727    35.548    -1.37    3.85
 128444.876    35.207    -0.91    2.99
 128821.025    36.601     3.71    3.89
 129197.173    39.252     7.05    6.32
 129573.322    44.960    15.18    9.40
 129949.469    47.858     7.70    9.22
 130325.617    50.089     5.93    8.18
 130701.764    51.089     2.66    8.39
 131077.910    51.191     0.27    9.05
 131454.057    51.468     0.74    9.33
 131830.202    49.603    -4.96    9.12
 132206.348    46.603    -7.98    9.50
 132582.493    41.576   -13.36    6.83
 132958.638    38.268    -8.79    3.14
 133334.782    37.102    -3.10    2.01
 133710.926    38.715     4.29    4.28
 134087.070    42.981    11.34    7.95
 134463.214    48.131    13.69    8.97
 134839.357    53.050    13.08    7.99
 135215.499    55.089     5.42    7.75
 135591.642    57.441     6.25    7.94
 135967.784    58.971     4.07    6.50
 136343.925    58.345    -1.66    5.53
 136720.067    52.839   -14.64    9.37
 137096.208    49.197    -9.68    8.90
 137472.348    46.653    -6.77    7.74
 137848.488    43.441    -8.54    6.53
 138224.628    43.981     1.44    6.32
 138600.768    46.441     6.54    7.90
 138976.907    50.290    10.23    8.47
 139353.046    53.704     9.08    7.69
 139729.185    52.422    -3.41    9.59
 140105.323    52.104    -0.85    9.74
 140481.461    52.371     0.71    9.33
 140857.599    53.826     3.87    8.31
 141233.736    55.035     3.22    6.93
 141609.873    52.319    -7.22    8.42
 141986.010    50.900    -3.77    9.80
 142362.146    49.339    -4.15    9.57
 142738.282    49.471     0.35    9.41
 143114.418    52.026     6.79    7.28
 143490.553    51.387    -1.70    6.94
 143866.689    49.401    -5.28    7.52
 144242.823    44.704   -12.49    9.16
 144618.958    41.881    -7.50    9.00
 144995.092    39.279    -6.92    8.46
 145371.226    35.520    -9.99    8.28
 145747.359    33.207    -6.15    6.87
 146123.493    31.451    -4.67    5.45
 146499.626    30.937    -1.37    4.94
 146875.758    31.501     1.50    5.69
 147251.891    33.023     4.05    7.55
 147628.023    35.128     5.60    7.26
 148004.155    35.892     2.03    6.83
 148380.286    37.550     4.41    7.28
 148756.417    41.550    10.63    7.42
 149132.548    42.993     3.84    7.08
 149508.679    41.627    -3.63    8.08
 149884.809    41.881     0.68    7.55
 150260.939    42.251     0.98    6.72
 150637.069    43.550     3.45    6.76
 151013.199    44.937     3.69    5.58
 151389.328    44.792    -0.39    5.69
 151765.457    43.657    -3.02    5.32
 152141.586    40.707    -7.84    6.78
 152517.714    36.473   -11.26    9.37
 152893.842    31.711   -12.66   10.13
 153269.970    26.550   -13.72    7.44
 153646.098    23.089    -9.20    4.34
 154022.225    22.076    -2.69    3.41
 154398.352    21.765    -0.83    3.05
 154774.479    21.140    -1.66    2.36
 155150.605    20.422    -1.91    2.48
 155526.732    19.715    -1.88    2.26
 155902.858    19.422    -0.78    2.64
 156278.984    18.715    -1.88    2.53
 156655.109    18.260    -1.21    2.37
 157031.234    17.499    -2.02    2.37
 157407.359    17.763     0.70    3.92
 157783.484    21.197     9.13    7.98
 158159.609    24.365     8.42    8.37
 158535.733    26.360     5.30    7.94
 158911.857    26.935     1.53    7.28
 159287.981    22.360   -12.16    7.91
 159664.104    18.909    -9.17    7.72
 160040.228    16.678    -5.93    6.85
 160416.351    15.422    -3.34    6.05
 160792.474    14.441    -2.61    5.26
 161168.596    12.704    -4.62    2.69
 161544.719    12.207    -1.32    1.63
 161920.841    11.576    -1.68    1.57
 162296.963    11.549    -0.07    1.34
 162673.084    11.279    -0.72    1.10
 163049.206    11.360     0.22    1.16
 163425.327    11.243    -0.31    1.03
 163801.448    10.951    -0.78    2.30
 164177.569    10.832    -0.32    2.09
 164553.690    10.627    -0.55    2.19
 164929.810     9.909    -1.91    2.18
 165305.930     9.730    -0.48    2.10
 165682.050     7.927    -4.79    4.21
 166058.170     6.525    -3.73    4.10
 166434.289     5.786    -1.96    4.07
 166810.409     6.628     2.24    4.40
 167186.528     9.225     6.90    2.80
 167562.647    10.037     2.16    1.73
 167938.765     9.832    -0.55    2.11
 168314.884     9.233    -1.59    1.97
 168691.002     9.306     0.19    2.05
 169067.120    10.441     3.02    3.85
 169443.238    12.657     5.89    6.35
 169819.356    16.333     9.77    7.64
 170195.473    20.193    10.27    6.15
 170571.591    22.076     5.00    6.46
 170947.708    22.678     1.60    6.90
 171323.825    22.630    -0.13    7.08
 171699.941    21.396    -3.28    7.23
 172076.058    18.522    -7.64    7.26
 172452.174    15.444    -8.18    7.37
 172828.291    13.365    -5.53    5.79
 173204.407    12.191    -3.12    4.11
 173580.522    10.770    -3.78    2.70
 173956.638    10.681    -0.24    2.64
 174332.754    10.376    -0.81    2.50
 174708.869    10.770     1.05    2.10
 175084.984    11.655     2.35    2.32
 175461.099    13.711     5.47    3.78
 175837.214    16.468     7.33    5.58
 176213.328    18.981     6.68    6.04
 176589.443    21.020     5.42    6.67
 176965.557    24.217     8.50    6.65
 177341.671    25.422     3.20    6.38
 177717.785    26.197     2.06    6.58
 178093.899    25.089    -2.95    6.82
 178470.013    24.260    -2.20    6.52
 178846.126    24.140    -0.32    6.09
 179222.240    23.550    -1.57    6.69
 179598.353    23.601     0.14    6.80
 179974.466    23.048    -1.47    6.53
 180350.579    22.819    -0.61    5.96
 180726.692    21.918    -2.40    5.82
 181102.804    20.776    -3.04    4.93
 181478.917    20.166    -1.62    4.23
 181855.029    19.140    -2.73    3.30
 182231.141    18.604    -1.43    2.02
 182607.253    19.089     1.29    1.89
 182983.365    19.326     0.63    2.12
 183359.477    20.365     2.76    3.06
 183735.589    22.701     6.21    5.23
 184111.700    24.792     5.56    5.57
 184487.812    28.986    11.15    6.24
 184863.923    32.576     9.54    5.58
 185240.034    34.155     4.20    4.48
 185616.145    33.873    -0.75    4.67
 185992.256    32.951    -2.45    4.90
 186368.367    33.197     0.66    4.18
 186744.478    32.143    -2.80    4.36
 187120.588    30.792    -3.59    4.87
 187496.699    28.433    -6.27    4.97
 187872.809    27.499    -2.48    3.67
 188248.919    26.909    -1.57    2.94
 188625.029    26.520    -1.03    3.11
 189001.139    26.197    -0.86    2.94
 189377.249    26.333     0.36    2.68
 189753.359    27.471     3.03    3.14
 190129.468    29.876     6.40    4.30
 190505.578    32.008     5.67    4.64
 190881.687    34.497     6.62    5.58
 191257.797    36.365     4.97    5.02
 191633.906    36.576     0.56    4.54
 192010.015    36.441    -0.36    5.15
 192386.124    36.807     0.97    5.66
 192762.233    37.755     2.52    6.62
 193138.342    38.468     1.89    6.35
 193514.451    39.576     2.95    6.56
 193890.559    36.927    -7.04    7.36
 194266.668    33.813    -8.28    6.16
 194642.777    32.448    -3.63    4.96
 195018.885    30.947    -3.99    2.74
 195394.993    31.268     0.85    2.61
 195771.110    31.997     1.94    2.65
 196147.229    33.243     3.31    3.63
 196523.347    35.396     5.73    4.76
 196899.466    37.935     6.75    5.00
 197275.584    42.181    11.29    5.87
 197651.703    44.630     6.51    4.95
 198027.821    46.909     6.06    3.99
 198403.940    46.225    -1.82    5.33
 198780.058    44.001    -5.91    5.92
 199156.176    41.653    -6.24    6.40
 199532.294    38.090    -9.47    5.07
 199908.412    38.846     2.01    4.72
 200284.530    39.603     2.01    4.99
 200660.648    41.089     3.95    4.95
 201036.766    41.076    -0.04    4.81
 201412.884    40.131    -2.51    4.72
 201789.002    39.186    -2.51    4.79
 202165.119    38.217    -2.58    5.08
 202541.237    37.116    -2.93    4.24
 202917.355    35.884    -3.28    3.99
 203293.472    34.576    -3.48    3.74
 203669.590    33.260    -3.50    3.68
 204045.707    32.520    -1.97    3.28
 204421.825    32.319    -0.53    3.70
 204797.942    31.437    -2.35    3.30
 205174.060    32.807     3.64    4.84
 205550.177    33.473     1.77    6.64
 205926.294    34.982     4.01    7.74
 206302.412    37.279     6.11    8.08
 206678.529    39.630     6.25    8.26
 207054.646    41.387     4.67    7.10
 207430.763    40.734    -1.74    6.86
 207806.880    37.603    -8.32    8.02
 208182.998    33.576   -10.71    8.06
 208559.115    29.730   -10.23    4.52
 208935.232    30.655     2.46    5.92
 209311.349    33.738     8.20    7.69
 209687.466    38.909    13.75    7.51
 210063.583    40.960     5.45    6.09
 210439.700    40.846    -0.30    5.85
 210815.817    39.037    -4.81    6.92
 211191.934    36.495    -6.76    6.78
 211568.051    34.170    -6.18    6.43
 211944.168    33.396    -2.06    7.13
 212320.285    33.076    -0.85    7.06
 212696.402    32.960    -0.31    6.68
 213072.519    33.260     0.80    6.61
 213448.636    35.604     6.23    6.08
 213824.753    38.986     8.99    5.82
 214200.870    41.954     7.89    5.69
 214576.987    43.371     3.77    5.63
 214953.104    42.971    -1.06    5.93
 215329.221    40.549    -6.44    6.79
 215705.338    36.813    -9.93    6.89
 216081.455    34.345    -6.56    6.10
 216457.572    31.884    -6.54    5.72
 216833.689    30.881    -2.66    5.61
 217209.806    30.628    -0.67    5.81
 217585.923    30.873     0.65    5.00
 217962.041    31.441     1.51    4.01
 218338.158    30.197    -3.31    4.12
 218714.275    27.701    -6.64    5.49
 219090.392    27.396    -0.81    6.44
 219466.509    28.704     3.48    6.98
 219842.626    31.298     6.90    6.64
 220218.744    33.012     4.56    5.84
 220594.861    32.659    -0.94    7.21
 220970.978    31.576    -2.88    7.52
 221347.096    28.497    -8.19    8.02
 221723.213    26.858    -4.36    7.37
 222099.331    25.657    -3.19    5.20
 222475.448    24.234    -3.78    4.58
 222851.566    23.601    -1.68    4.62
 223227.683    21.873    -4.59    5.68
 223603.801    19.602    -6.04    6.26
 223979.918    17.333    -6.03    5.43
 224356.036    15.900    -3.81    5.67
 224732.154    13.225    -7.11    4.36
 225108.272    11.776    -3.85    4.83
 225484.390    12.166     1.04    5.62
 225860.507    12.676     1.36    5.79
 226236.625    12.048    -1.67    5.62
 226612.743    11.063    -2.62    5.96
 226988.862    10.260    -2.13    5.91
 227364.980     9.114    -3.05    4.75
 227741.098     8.089    -2.73    2.56
 228117.216     9.191     2.93    2.03
 228493.335     9.659     1.24    1.44
 228869.453     9.813     0.41    1.20
 229245.571     9.550    -0.70    1.53
 229621.690     9.204    -0.92    1.46
 229997.809     8.781    -1.13    1.88
 230373.927     8.471    -0.83    1.90
 230750.046     7.846    -1.66    2.09
 231126.165     6.873    -2.59    2.23
 231502.284     6.089    -2.08    2.22
 231878.403     5.089    -2.66    1.99
 232254.522     4.499    -1.57    1.71
 232630.641     4.116    -1.02    1.54
 233006.760     4.319     0.54    1.37
 233382.880     4.550     0.61    1.40
 233758.999     4.865     0.84    1.47
 234135.119     4.981     0.31    1.52
 234511.238     4.576    -1.08    1.71
 234887.358     3.760    -2.17    2.23
 235263.478     2.792    -2.57    2.19
 235639.598     2.387    -1.08    1.84
 236015.718     2.465     0.21    2.14
 236391.838     3.371     2.41    2.56
 236767.958     4.576     3.20    3.61
 237144.079     2.976    -4.25    5.95
 237520.199     2.089    -2.36    7.37
 237896.320     0.792    -3.45    7.91
 238272.440     1.387     1.58    8.73
 238648.561     4.051     7.08    8.35
 239024.682     3.981    -0.19    7.50
 239400.803     3.681    -0.80    7.08
 239776.924     4.444     2.03    6.22
 240153.045     4.089    -0.95    6.46
 240529.167     3.414    -1.79    7.08
 240905.288     3.751     0.90    7.22
 241281.410     3.365    -1.03    7.43
 241657.532     2.826    -1.43    7.52
 242033.653     1.549    -3.40    7.52
 242409.775     0.409    -3.03    7.07
 242785.898     1.181     2.05    6.22
 243162.020     2.832     4.39    6.02
 243538.142     4.105     3.38    5.83
 243914.265     4.166     0.16    5.13
 244290.387     4.333     0.44    4.59
 244666.510     5.437     2.94    2.86
 245042.633     5.499     0.16    2.64
 245418.756     6.050     1.46    2.45
 245794.879     6.473     1.13    2.75
 246171.003     6.576     0.27    2.64
 246547.126     7.730     3.07    2.17
 246923.250     8.520     2.10    1.91
 247299.374     8.653     0.35    1.58
 247675.498     9.063     1.09    1.67
 248051.622     9.020    -0.11    2.42
 248427.746     7.927    -2.91    4.12
 248803.871     7.441    -1.29    4.63
 249179.995     7.197    -0.65    4.30
 249556.120     7.707     1.36    4.33
 249932.245    10.147     6.49    3.99
 250308.370    12.351     5.86    4.07
 250684.495    13.892     4.10    4.33
 251060.621    15.441     4.12    5.56
 251436.746    17.089     4.38    5.83
 251812.872    17.234     0.39    5.71
 252188.998    16.418    -2.17    4.75
 252565.124    16.738     0.85    4.48
 252941.250    17.653     2.43    4.89
 253317.377    19.354     4.52    5.53
 253693.503    21.807     6.52    6.41
 254069.630    24.676     7.63    6.56
 254445.757    26.076     3.72    7.14
 254821.884    22.873    -8.51    8.16
 255198.012    19.089   -10.06    7.00
 255574.139    16.170    -7.76    5.20
 255950.267    14.062    -5.60    2.85
 256326.395    14.798     1.96    3.69
 256702.523    15.448     1.73    5.50
 257078.651    16.243     2.11    6.46
 257454.780    17.576     3.54    6.67
 257830.908    19.392     4.83    6.79
 258207.037    20.050     1.75    5.79
 258583.167    19.550    -1.33    5.54
 258959.296    17.981    -4.17    5.82
 259335.425    15.268    -7.21    5.77
 259711.555    12.298    -7.90    6.10
 260087.685    10.089    -5.87    5.05
 260463.815     9.128    -2.55    3.54
 260839.945     7.701    -3.80    2.86
 261216.076     6.627    -2.85    2.90
 261592.207     5.279    -3.59    2.39
 261968.338     4.035    -3.31    2.49
 262344.469     2.522    -4.02    2.04
 262720.600     1.437    -2.88    2.24
 263096.732     0.497    -2.50    1.76
 263472.864     0.166    -0.88    1.89
 263848.996    -0.505    -1.78    3.06
 264225.128    -2.552    -5.44    5.27
 264601.261    -5.322    -7.36    5.89
 264977.394    -8.296    -7.91    4.61
 265353.527   -10.507    -5.88    2.51
 265729.660    -9.757     1.99    3.33
 266105.793    -9.451     0.81    3.19
 266481.927    -8.793     1.75    3.31
 266858.061    -7.100     4.50    3.66
 267234.195    -4.705     6.37    3.91
 267610.330    -1.783     7.77    4.07
 267986.464     0.260     5.43    2.27
 268362.599     1.048     2.10    1.61
 268738.735     1.627     1.54    1.39
 269114.870     2.298     1.78    1.34
 269491.006     2.832     1.42    1.52
 269867.142     3.755     2.45    1.82
 270243.278     4.360     1.61    1.60
 270619.409     5.102     1.97    1.35
 270995.501     5.217     0.31    1.44
 271371.593     4.426    -2.10    2.01
 271747.686     3.657    -2.04    2.19
 272123.779     3.243    -1.10    1.98
 272499.873     2.786    -1.21    2.16
 272875.966     2.409    -1.00    2.80
 273252.060     1.576    -2.22    4.47
 273628.154     0.493    -2.88    5.05
 274004.249     1.473     2.61    5.96
 274380.343     2.876     3.73    6.29
 274756.438     4.020     3.04    5.73
 275132.534     3.935    -0.23    6.19
 275508.629     3.076    -2.28    6.95
 275884.725     3.155     0.21    6.63
 276260.821     3.755     1.60    6.96
 276636.917     4.760     2.67    7.00
 277013.014     6.468     4.54    7.32
 277389.111     9.603     8.34    8.71
 277765.208    13.126     9.37    7.71
 278141.306    15.187     5.48    6.77
 278517.403    12.876    -6.15    7.86
 278893.502    11.392    -3.95    7.14
 279269.600    11.687     0.79    6.10
 279645.699    12.062     1.00    4.62
 280021.798    14.576     6.68    3.94
 280397.897    16.499     5.11    4.61
 280773.996    19.526     8.05    5.52
 281150.096    21.576     5.45    5.48
 281526.196    22.226     1.73    4.84
 281902.297    22.339     0.30    4.69
 282278.398    21.628    -1.89    4.47
 282654.499    20.630    -2.66    4.14
 283030.600    20.114    -1.37    4.64
 283406.702    18.549    -4.16    4.86
 283782.804    17.354    -3.18    4.65
 284158.906    15.089    -6.02    3.77
 284535.009    13.104    -5.28    2.84
 284911.112    12.166    -2.49    2.24
 285287.215    11.550    -1.64    2.47
 285663.319    11.958     1.08    2.47
 286039.423    12.468     1.35    2.71
 286415.527    11.927    -1.44    2.54
 286791.632    12.143     0.57    2.40
 287167.736    11.576    -1.51    2.54
 287543.842    11.954     1.01    3.13
 287919.947    13.243     3.43    4.21
 288296.053    14.191     2.52    4.72
 288672.159    14.865     1.79    6.12
 289048.266    15.062     0.52    5.98
 289424.373    14.525    -1.43    5.77
 289800.480    14.734     0.56    4.73
 290176.588    14.076    -1.75    2.57
 290552.696    13.252    -2.19    2.22
 290928.804    13.687     1.16    3.42
 291304.913    14.892     3.20    4.59
 291681.022    17.191     6.11    5.10
 292057.131    19.076     5.01    4.63
 292433.241    18.576    -1.33    4.89
 292809.351    18.414    -0.43    6.07
 293185.461    17.873    -1.44    7.13
 293561.572    16.140    -4.61    6.50
 293937.683    16.225     0.22    6.29
 294313.794    14.781    -3.84    4.84
 294689.906    13.499    -3.41    4.36
 295066.019    12.839    -1.75    2.25
 295442.131    12.225    -1.63    1.99
 295818.244    11.781    -1.18    2.12
 296194.357    11.471    -0.83    2.25
 296570.471    12.187     1.90    2.64
 296946.585    13.035     2.26    2.82
 297322.699    13.873     2.23    2.70
 297698.814    14.819     2.52    2.41
 298074.929    15.286     1.24    2.32
 298451.045    15.607     0.85    2.55
 298827.161    15.576    -0.08    2.47
 299203.277    15.418    -0.42    2.78
 299579.394    15.576     0.42    3.33
 299955.511    16.986     3.75    3.94
 300331.628    18.765     4.73    4.31
 300707.746    20.786     5.37    5.26
 301083.865    22.365     4.20    5.58
 301459.983    22.448     0.22    5.68
 301836.102    22.170    -0.74    5.57
 302212.222    22.155    -0.04    4.87
 302588.341    22.401     0.65    4.34
 302964.462    22.833     1.15    4.14
 303340.582    23.143     0.83    5.73
 303716.703    24.495     3.59    6.55
 304092.825    25.873     3.66    7.45
 304468.947    26.468     1.58    6.98
 304845.069    26.020    -1.19    7.25
 305221.192    24.876    -3.04    6.88
 305597.315    24.471    -1.08    6.74
 305973.438    23.522    -2.52    6.30
 306349.562    23.012    -1.36    5.88
 306725.686    23.313     0.80    5.43
 307101.811    22.234    -2.87    4.00
 307477.936    22.306     0.19    3.08
 307854.062    21.550    -2.01    1.94
 308230.188    22.243     1.84    2.56
 308606.314    23.786     4.10    4.09
 308982.441    25.704     5.10    5.78
 309358.568    29.000     8.76    6.20
 309734.696    31.243     5.96    6.32
 310110.824    32.143     2.40    6.08
 310486.953    32.215     0.19    5.51
 310863.082    30.819    -3.71    5.00
 311239.211    29.965    -2.27    4.22
 311615.341    29.234    -1.94    4.60
 311991.471    27.960    -3.39    4.97
 312367.602    26.225    -4.62    4.31
 312743.733    25.627    -1.59    4.23
 313119.865    24.166    -3.89    4.03
 313495.997    23.550    -1.64    4.72
 313872.129    23.846     0.79    5.56
 314248.262    25.858     5.35    6.58
 314624.396    28.927     8.16    6.40
 315000.530    30.441     4.02    5.56
 315376.664    29.819    -1.65    6.49
 315752.799    30.135     0.84    6.57
 316128.934    30.935     2.13    7.46
 316505.070    32.832     5.04    6.69
 316881.206    32.076    -2.01    7.07
 317257.342    27.306   -12.68    8.97
 317633.479    23.243   -10.80    6.79
 318009.617    21.523    -4.57    5.45
 318385.755    19.858    -4.43    2.84
 318761.894    20.846     2.63    3.70
 319138.033    21.760     2.43    4.28
 319514.172    22.471     1.89    4.83
 319890.312    21.628    -2.24    5.43
 320266.452    19.414    -5.89    4.47
 320642.593    17.176    -5.95    3.04
 321018.735    15.076    -5.58    4.32
 321394.876    13.576    -3.99    4.29
 321771.019    13.252    -0.86    4.62
 322147.161    14.104     2.27    4.31
 322523.305    15.755     4.39    3.67
 322899.448    17.473     4.57    2.59
 323275.593    17.937     1.23    2.50
 323651.738    18.786     2.26    2.89
 324027.883    20.522     4.61    4.12
 324404.028    21.076     1.47    4.32
 324780.175    21.909     2.22    4.60
 325156.321    22.008     0.26    4.43
 325532.469    22.602     1.58    4.08
 325908.616    22.418    -0.49    4.32
 326284.765    22.951     1.42    4.40
 326660.913    23.225     0.73    4.28
 327037.063    22.826    -1.06    4.81
 327413.212    22.986     0.43    5.02
 327789.363    23.409     1.12    5.25
 328165.513    24.664     3.34    5.56
 328541.665    25.701     2.76    5.88
