-304670.070   589.960     0.00   22.34
-304294.325   590.265     0.81   24.21
-303918.583   586.622    -9.70   25.64
-303542.845   581.526   -13.56   24.88
-303167.110   580.222    -3.47   24.00
-302791.379   578.718    -4.00   21.67
-302415.273   578.821     0.27   21.71
-302038.841   576.278    -6.76   23.08
-301662.413   575.054    -3.25   20.15
-301285.988   576.405     3.59   22.66
-300909.567   573.553    -7.58   21.87
-300533.150   566.950   -17.54   21.65
-300156.736   564.595    -6.26   21.62
-299780.325   567.231     7.00   21.93
-299403.918   570.553     8.83   21.99
-299027.515   570.205    -0.92   20.34
-298651.115   570.000    -0.55   18.88
-298274.719   569.400    -1.59   18.15
-297898.326   567.605    -4.77   18.68
-297521.937   569.056     3.85   27.52
-297145.551   574.158    13.56   34.71
-296769.169   575.528     3.64   37.82
-296392.790   572.513    -8.01   33.64
-296016.415   574.487     5.25   28.63
-295640.044   570.343   -11.01   26.56
-295263.676   572.514     5.77   29.51
-294887.311   573.135     1.65   26.86
-294510.950   573.189     0.14   35.46
-294134.592   585.025    31.45   44.68
-293758.238   588.270     8.62   43.70
-293381.888   575.325   -34.40   42.49
-293005.541   567.103   -21.85   38.88
-292629.198   560.154   -18.47   31.73
-292252.858   555.919   -11.25   22.23
-291876.521   558.897     7.92   26.19
-291500.188   562.526     9.64   30.00
-291123.859   563.500     2.59   30.86
-290747.533   562.282    -3.24   30.28
-290371.210   557.833   -11.82   22.04
-289994.891   557.474    -0.96   22.97
-289618.576   556.154    -3.51   20.75
-289242.264   557.062     2.41   25.97
-288865.955   557.973     2.42   28.53
-288489.650   559.237     3.36   26.68
-288113.349   554.919   -11.48   24.43
-287737.051   551.872    -8.10   26.62
-287360.756   551.324    -1.46   19.07
-286984.465   549.051    -6.04   22.77
-286608.178   551.000     5.18   27.26
-286231.894   548.974    -5.38   28.77
-285855.613   544.865   -10.92   27.07
-285479.336   548.256     9.01   23.12
-285103.062   545.590    -7.09   25.47
-284726.792   546.361     2.05   26.97
-284350.525   545.949    -1.10   29.02
-283974.262   541.324   -12.29   32.83
-283598.002   539.737    -4.22   32.32
-283221.746   540.692     2.54   32.11
-282845.493   542.312     4.31   36.17
-282469.244   555.816    35.89   41.97
-282092.998   557.237     3.78   39.64
-281716.755   568.541    30.05   36.01
-281340.516   584.077    41.30   40.19
-280964.281   597.270    35.07   35.69
-280588.048   601.641    11.62   36.16
-280211.820   600.308    -3.54   37.99
-279835.595   591.872   -22.42   36.68
-279459.373   569.270   -60.08   50.17
-279083.154   553.077   -43.05   50.12
-278706.940   536.846   -43.15   50.15
-278330.728   530.000   -18.20   43.27
-277954.520   530.256     0.68   46.62
-277578.315   522.541   -20.51   52.35
-277202.114   528.846    16.76   45.94
-276825.917   523.154   -15.13   47.89
-276449.722   525.844     7.15   40.25
-276073.531   530.256    11.73   36.89
-275697.344   540.211    26.46   40.67
-275321.160   556.054    42.12   33.21
-274944.979   562.872    18.12   24.46
-274568.802   562.865    -0.02   29.69
-274192.629   561.410    -3.87   33.97
-273816.458   550.667   -28.56   46.22
-273440.291   541.184   -25.21   54.78
-273064.128   537.316   -10.28   47.39
-272687.968   541.154    10.20   47.18
-272311.811   556.026    39.54   24.85
-271935.658   550.676   -14.22   26.97
-271559.508   531.692   -50.47   48.78
-271183.362   510.108   -57.39   66.83
-270807.219   511.974     4.96   69.81
-270431.079   523.205    29.86   70.66
-270054.943   555.344    85.45   35.77
-269678.810   569.923    38.76   33.96
-269302.681   572.053     5.66   38.00
-268926.555   575.649     9.56   34.62
-268550.432   579.744    10.89   32.86
-268174.313   580.243     1.33   29.36
-267798.197   576.795    -9.17   26.81
-267422.084   568.795   -21.27   30.33
-267045.975   542.973   -68.66   53.59
-266669.870   507.974   -93.06   64.61
-266293.767   494.590   -35.59   60.48
-265917.669   509.641    40.02   62.66
-265541.573   546.324    97.54   48.20
-265165.481   572.872    70.59   36.86
-264789.392   591.757    50.22   25.34
-264413.307   601.263    25.28   15.44
-264037.225   602.342     2.87   20.80
-263661.146   589.656   -33.73   36.37
-263285.071   579.436   -27.18   38.43
-262908.999   574.763   -12.43   43.05
-262532.930   585.838    29.45   37.54
-262156.865   602.487    44.28   22.13
-261780.803   615.056    33.42   15.05
-261404.745   619.154    10.90   15.65
-261028.690   623.615    11.86   17.40
-260652.638   620.703    -7.75   16.46
-260276.589   614.718   -15.92   15.17
-259900.544   612.590    -5.66   13.60
-259524.503   612.103    -1.30   14.90
-259148.464   608.946    -8.39   14.19
-258772.429   607.205    -4.63   15.43
-258396.398   599.919   -19.38   18.74
-258020.369   593.737   -16.44   22.42
-257644.345   582.026   -31.14   39.00
-257268.323   562.844   -51.02   51.23
-256892.305   531.282   -83.94   57.72
-256516.290   527.553    -9.92   58.97
-256140.278   542.486    39.72   56.55
-255764.270   567.641    66.90   47.04
-255388.265   595.528    74.17   12.35
-255012.263   606.590    29.42   23.46
-254636.265   615.615    24.01   22.23
-254260.270   616.189     1.53   22.53
-253884.278   614.641    -4.12   21.14
-253508.290   603.667   -29.19   16.64
-253132.305   599.436   -11.25   14.71
-252756.323   594.027   -14.39   16.32
-252380.345   581.179   -34.17   35.22
-252004.370   562.324   -50.15   46.13
-251628.398   549.351   -34.51   56.08
-251252.430   527.459   -58.23   62.04
-250876.465   496.812   -81.52   60.18
-250500.503   477.179   -52.22   52.34
-250124.545   466.872   -27.42   46.50
-249748.589   474.389    20.00   51.53
-249372.637   505.590    83.00   63.85
-248996.689   540.667    93.31   46.64
-248620.744   548.103    19.78   44.54
-248244.802   564.289    43.06   39.95
-247868.863   568.541    11.31   34.98
-247492.928   562.487   -16.10   36.35
-247116.996   553.897   -22.85   41.11
-246741.067   528.718   -66.98   50.75
-246365.141   503.568   -66.91   48.05
-245989.219   489.395   -37.70   48.38
-245613.300   466.553   -60.77   44.76
-245237.384   456.297   -27.28   36.86
-244861.472   460.081    10.07   26.53
-244485.563   469.515    25.10   30.39
-244109.657   492.333    60.71   29.24
-243733.755   501.538    24.49   22.02
-243357.855   497.778   -10.01   28.58
-242981.959   490.615   -19.06   32.70
-242606.067   479.889   -28.54   32.99
-242230.177   479.051    -2.23   29.83
-241854.291   482.342     8.76   28.61
-241478.408   485.081     7.29   26.86
-241102.529   479.026   -16.11   28.93
-240726.652   468.667   -27.56   33.87
-240350.779   449.195   -51.81   34.64
-239974.909   422.944   -69.84   25.48
-239599.043   419.342    -9.58   22.48
-239223.179   425.500    16.38   25.34
-238847.319   433.189    20.46   21.63
-238471.462   438.297    13.59   17.78
-238095.609   443.706    14.39   22.97
-237719.758   442.667    -2.77   23.30
-237343.911   444.590     5.12   27.07
-236968.068   447.750     8.41   25.83
-236592.227   459.974    32.53   26.14
-236216.390   473.444    35.84   25.59
-235840.555   472.359    -2.89   30.03
-235464.725   478.605    16.62   33.11
-235088.897   482.641    10.74   34.21
-234713.073   487.432    12.75   28.47
-234337.251   493.179    15.29   23.17
-233961.433   494.439     3.35   26.02
-233585.619   485.250   -24.45   28.34
-233209.807   474.108   -29.65   33.71
-232833.999   465.474   -22.98   33.30
-232458.194   451.676   -36.72   28.71
-232082.392   447.162   -12.01   28.42
-231706.593   451.118    10.53   27.79
-231330.798   453.525     6.41   28.95
-230955.006   466.538    34.63   30.11
-230579.217   476.278    25.92   29.67
-230203.431   480.000     9.91   28.97
-229827.649   484.189    11.15   29.71
-229451.869   481.641    -6.78   37.40
-229076.093   467.474   -37.70   44.10
-228700.320   458.205   -24.67   38.17
-228324.551   448.297   -26.37   27.89
-227948.784   446.923    -3.66   25.66
-227573.021   461.475    38.73   27.36
-227196.676   463.667     5.82   25.95
-226820.275   465.919     5.98   22.58
-226443.878   461.108   -12.78   23.63
-226067.484   450.189   -29.01   21.47
-225691.093   444.027   -16.37   21.57
-225314.705   437.171   -18.22   21.63
-224938.321   439.275     5.59   23.86
-224561.940   450.282    29.25   27.74
-224185.562   457.351    18.78   26.88
-223809.187   460.333     7.92   28.01
-223432.815   461.250     2.44   30.87
-223056.446   453.316   -21.08   37.09
-222680.081   443.263   -26.71   40.74
-222303.719   430.385   -34.22   38.57
-221927.360   414.324   -42.67   29.79
-221551.004   414.846     1.39   25.88
-221174.652   418.049     8.51   26.08
-220798.302   431.111    34.71   26.98
-220421.956   430.237    -2.32   24.99
-220045.613   427.486    -7.31   27.71
-219669.273   436.514    23.99   32.15
-219292.937   435.784    -1.94   37.25
-218916.603   423.800   -31.85   48.03
-218540.273   369.900  -143.23   92.34
-218163.946   316.050  -143.10   87.82
-217787.622   307.000   -24.05   79.52
-217411.301   325.410    48.92   84.76
-217034.983   380.722   146.99   60.13
-216658.669   411.000    80.46   27.87
-216282.357   417.359    16.90   23.35
-215906.049   418.921     4.15   26.16
-215529.744   422.135     8.54   31.35
-215153.442   431.410    24.65   40.32
-214777.143   459.625    74.98   56.42
-214400.848   472.595    34.47   54.77
-214024.555   483.525    29.05   49.90
-213648.266   484.368     2.24   50.70
-213271.980   466.730   -46.88   50.76
-212895.697   451.892   -39.43   42.37
-212519.417   446.389   -14.63   33.85
-212143.140   441.718   -12.41   30.69
-211766.867   444.775     8.12   31.72
-211390.596   445.056     0.75   30.92
-211014.329   453.100    21.38   33.29
-210638.065   461.526    22.40   31.96
-210261.804   469.667    21.64   27.75
-209885.546   469.949     0.75   26.30
-209509.291   462.316   -20.29   31.25
-209133.040   454.105   -21.82   33.79
-208756.791   445.026   -24.13   34.69
-208380.546   435.650   -24.92   35.71
-208004.303   435.135    -1.37   35.25
-207628.064   446.825    31.07   35.35
-207251.828   460.132    35.37   27.28
-206875.595   454.194   -15.78   31.01
-206499.365   441.811   -32.92   37.62
-206123.139   425.333   -43.80   39.13
-205746.915   416.436   -23.65   35.92
-205370.694   414.600    -4.88   31.50
-204994.477   410.622   -10.58   27.86
-204618.263   428.850    48.45   36.15
-204242.052   443.263    38.31   43.95
-203865.844   448.605    14.20   46.22
-203489.639   467.711    50.79   43.84
-203113.437   470.000     6.09   33.60
-202737.238   466.447    -9.44   23.19
-202361.042   473.243    18.07   22.59
-201984.850   476.974     9.92   26.69
-201608.660   471.486   -14.59   29.05
-201232.474   463.050   -22.43   31.59
-200856.290   452.846   -27.13   30.13
-200480.110   444.583   -21.97   27.42
-200103.933   436.568   -21.31   19.37
-199727.759   444.541    21.20   19.14
-199351.588   448.316    10.04   21.65
-198975.420   456.525    21.82   28.96
-198599.255   465.784    24.61   28.64
-198223.093   471.525    15.26   25.38
-197846.934   481.103    25.46   20.65
-197470.779   488.316    19.18   17.78
-197094.626   486.421    -5.04   18.96
-196718.477   481.410   -13.32   19.83
-196342.330   477.158   -11.31   19.89
-195966.187   472.333   -12.83   19.46
-195590.047   461.692   -28.29   20.92
-195213.909   457.541   -11.04   19.14
-194837.775   453.650   -10.34   20.05
-194461.644   454.308     1.75   23.53
-194085.516   469.314    39.90   55.26
-193709.391   463.676   -14.99   56.95
-193333.269   458.486   -13.80   55.99
-192957.150   458.763     0.74   65.59
-192581.034   460.462     4.52   65.36
-192204.921   453.432   -18.69   59.59
-191828.811   462.350    23.71   53.00
-191452.705   468.513    16.39   51.76
-191076.601   466.974    -4.09   56.86
-190700.500   443.711   -61.86   69.74
-190324.403   413.231   -81.05   62.84
-189948.308   387.179   -69.27   29.79
-189572.216   386.639    -1.44   24.68
-189196.128   410.590    63.69   39.36
-188820.042   457.583   124.96   64.11
-188443.960   498.462   108.70   77.95
-188067.881   531.179    87.00   82.97
-187691.804   544.229    34.70   82.95
-187315.731   586.270   111.80   86.79
-186939.660   629.189   114.13   81.08
-186563.593   667.132   100.90   49.82
-186187.529   674.462    19.49   34.86
-185811.467   652.472   -58.47   54.09
-185435.409   615.341   -98.74   67.73
-185059.354   593.128   -59.07   70.79
-184683.301   583.211   -26.37   70.25
-184307.252   572.973   -27.23   75.47
-183931.206   561.842   -29.60   87.07
-183555.163   533.000   -76.70   85.25
-183179.122   511.083   -58.29   74.82
-182803.085   523.769    33.74   76.95
-182427.051   560.611    97.98   90.32
-182051.020   609.077   128.89   80.94
-181674.991   636.231    72.22   55.27
-181298.966   653.697    46.45   20.06
-180922.944   648.135   -14.79   21.51
-180546.925   624.054   -64.04   47.46
-180170.908   597.658   -70.20   65.80
-179794.895   562.053   -94.70   74.24
-179418.885   529.667   -86.13   70.90
-179042.877   497.462   -85.65   56.16
-178666.873   482.385   -40.10   43.38
-178290.872   475.308   -18.82   28.17
-177914.873   466.243   -24.11   18.17
-177538.878   464.684    -4.15   18.44
-177162.885   469.846    13.73   30.57
-176786.896   473.194     8.91   35.76
-176410.909   483.744    28.06   33.10
-176034.926   489.306    14.79   26.33
-175658.945   496.000    17.81   33.51
-175282.968   510.769    39.28   57.07
-174906.993   553.000   112.33   81.56
-174531.022   573.316    54.04   78.25
-174155.053   563.711   -25.55   80.51
-173779.087   533.973   -79.10   86.13
-173403.124   490.385  -115.94   60.89
-173027.165   474.568   -42.07   31.72
-172651.208   479.513    13.15   29.29
-172275.254   489.590    26.80   27.50
-171899.303   487.026    -6.82   24.99
-171523.355   485.243    -4.74   29.94
-171147.410   494.667    25.07   46.20
-170771.468   512.872    48.43   57.97
-170395.528   543.611    81.77   69.92
-170019.592   591.462   127.29   74.45
-169643.659   632.243   108.49   44.00
-169267.729   642.737    27.91   25.12
-168891.801   614.359   -75.49   56.04
-168515.877   571.219  -114.76   67.45
-168139.955   525.211  -122.39   65.25
-167764.037   489.211   -95.77   42.45
-167388.121   478.784   -27.74   29.88
-167012.208   487.051    21.99   36.45
-166636.298   494.541    19.92   33.96
-166260.391   494.308    -0.62   32.39
-165884.487   485.821   -22.58   28.67
-165508.586   475.846   -26.54   17.94
-165132.688   469.919   -15.77   14.97
-164756.793   467.333    -6.88   12.57
-164380.901   469.256     5.12   11.75
-164005.011   474.583    14.17   11.97
-163629.125   487.211    33.59   30.13
-163253.241   526.730   105.14   68.12
-162877.361   561.737    93.14   74.08
-162501.483   593.692    85.02   59.03
-162125.608   606.281    33.49   45.33
-161749.736   570.538   -95.10   61.64
-161373.867   532.256  -101.85   58.60
-160998.001   503.135   -77.48   39.39
-160622.138   489.436   -36.45   17.72
-160246.277   495.595    16.39   29.82
-159870.420   501.154    14.79   34.58
-159494.565   500.128    -2.73   38.18
-159118.714   487.658   -33.18   28.33
-158742.865   477.684   -26.54   15.31
-158367.019   479.333     4.39   15.39
-157991.176   483.795    11.87   19.58
-157615.336   487.778    10.60   21.00
-157239.499   488.189     1.09   23.53
-156863.664   488.263     0.20   19.02
-156487.833   486.730    -4.08   13.62
-156112.004   484.872    -4.94   13.29
-155736.179   483.562    -3.48    8.89
-155360.356   484.615     2.80    9.29
-154984.536   487.564     7.85   14.40
-154608.719   501.833    37.97   31.06
-154232.904   521.846    53.25   44.56
-153857.093   535.568    36.51   48.72
-153481.285   538.026     6.54   49.06
-153105.479   524.385   -36.30   45.95
-152729.676   505.359   -50.63   31.50
-152353.715   498.132   -19.22   25.72
-151977.343   490.154   -21.20   16.67
-151600.975   486.385   -10.02    9.46
-151224.609   485.611    -2.06    7.71
-150848.247   487.892     6.06   10.80
-150471.887   492.568    12.42   19.37
-150095.530   491.838    -1.94   19.38
-149719.176   490.595    -3.30   16.18
-149342.824   491.382     2.09   17.01
-148966.476   499.200    20.77   26.23
-148590.130   499.949     1.99   23.81
-148213.788   498.028    -5.10   17.06
-147837.448   510.564    33.31   33.15
-147461.111   533.108    59.91   47.33
-147084.776   561.718    76.02   47.44
-146708.445   579.605    47.53   33.87
-146332.117   563.923   -41.67   44.14
-145955.791   541.108   -60.63   43.25
-145579.468   527.923   -35.04   32.01
-145203.148   524.225    -9.83   27.94
-144826.831   531.750    20.00   28.19
-144450.517   536.568    12.80   29.02
-144074.205   527.081   -25.21   29.72
-143697.896   537.459    27.58   39.17
-143321.591   557.757    53.94   45.10
-142945.288   574.286    43.93   44.41
-142568.987   590.375    42.76   39.24
-142192.690   590.128    -0.66   44.42
-141816.395   587.892    -5.94   44.59
-141440.104   594.359    17.19   41.18
-141063.815   594.667     0.82   37.21
-140687.529   590.316   -11.56   40.71
-140311.245   587.684    -6.99   42.70
-139934.965   587.487    -0.52   42.03
-139558.687   602.189    39.07   32.50
-139182.412   611.132    23.77   27.22
-138806.140   621.150    26.63   10.07
-138429.871   623.778     6.98    6.60
-138053.605   622.684    -2.91    6.81
-137677.341   621.243    -3.83    7.61
-137301.080   620.865    -1.01    8.40
-136924.822   620.405    -1.22    8.50
-136548.567   620.000    -1.08    8.66
-136172.314   620.550     1.46    7.28
-135796.065   620.650     0.27    6.38
-135419.818   618.946    -4.53    6.38
-135043.574   616.769    -5.79    6.37
-134667.332   614.351    -6.43    8.05
-134291.094   610.789    -9.47    9.83
-133914.858   603.872   -18.39   17.16
-133538.625   599.718   -11.04   19.48
-133162.395   592.378   -19.51   21.35
-132786.168   587.553   -12.83   22.95
-132409.943   583.425   -10.97   21.47
-132033.721   569.703   -36.47   25.29
-131657.502   561.462   -21.91   26.61
-131281.286   550.237   -29.84   25.07
-130905.072   544.135   -16.22   23.95
-130528.862   541.027    -8.26   22.56
-130152.654   539.278    -4.65   21.18
-129776.448   537.154    -5.65   21.16
-129400.246   539.275     5.64   24.35
-129024.046   539.054    -0.59   24.36
-128647.849   544.375    14.14   27.94
-128271.655   545.684     3.48   29.18
-127895.464   547.667     5.27   28.64
-127519.275   548.658     2.63   30.95
-127143.089   544.763   -10.35   28.89
-126766.906   539.667   -13.55   25.64
-126390.725   536.105    -9.47   19.37
-126014.548   543.225    18.93   22.20
-125638.373   560.194    45.11   23.55
-125262.200   569.385    24.43   18.25
-124886.031   579.436    26.72   14.75
-124509.864   583.135     9.83   13.03
-124133.700   575.973   -19.04   16.34
-123757.539   566.649   -24.79   21.68
-123381.381   561.538   -13.59   20.06
-123005.225   562.450     2.42   17.92
-122629.072   569.135    17.77   19.96
-122252.921   579.325    27.09   17.42
-121876.774   587.526    21.80    9.50
-121500.629   588.895     3.64    8.14
-121124.487   584.432   -11.86   13.76
-120748.347   578.897   -14.72   15.31
-120372.211   574.763   -10.99   16.73
-119996.077   565.694   -24.11   18.72
-119619.945   562.359    -8.87   17.47
-119243.817   565.917     9.46   16.75
-118867.691   571.718    15.42   16.31
-118491.568   580.821    24.20   10.46
-118115.448   586.028    13.84    6.04
-117739.330   587.135     2.94    3.29
-117363.215   586.081    -2.80    3.72
-116987.103   585.316    -2.03    5.25
-116610.993   584.750    -1.50    5.11
-116234.886   584.189    -1.49    5.07
-115858.782   582.538    -4.39    6.34
-115482.680   581.179    -3.61    5.30
-115106.582   579.947    -3.28    5.48
-114730.485   577.216    -7.26    5.97
-114354.392   575.333    -5.01    6.87
-113978.301   572.921    -6.41    6.73
-113602.213   569.917    -7.99    7.05
-113226.128   566.947    -7.90    7.16
-112850.045   562.750   -11.16    8.02
-112473.965   559.385    -8.95    9.51
-112097.888   555.846    -9.41   10.40
-111721.813   552.176    -9.76    9.68
-111345.741   548.838    -8.88    8.84
-110969.672   547.649    -3.16    7.59
-110593.606   544.595    -8.12    6.81
-110217.542   541.575    -8.03    7.19
-109841.480   538.054    -9.36    7.50
-109465.422   533.538   -12.01    7.79
-109089.366   528.949   -12.21    8.38
-108713.313   524.692   -11.32    7.09
-108337.262   520.027   -12.41    5.30
-107961.214   517.051    -7.91    4.49
-107585.169   513.947    -8.25    4.31
-107209.126   510.722    -8.58    4.23
-106833.087   508.684    -5.42    3.55
-106457.049   506.306    -6.33    2.66
-106081.015   505.237    -2.84    2.88
-105704.983   504.128    -2.95    2.75
-105328.953   505.094     2.57    7.10
-104952.927   513.054    21.17   18.96
-104576.903   519.351    16.75   22.86
-104200.881   526.405    18.76   23.12
-103824.863   535.154    23.27   22.36
-103448.846   542.237    18.84   18.01
-103072.833   549.051    18.12   14.36
-102696.822   554.923    15.62   10.35
-102320.814   558.564     9.68    6.06
-101944.809   558.216    -0.93    5.04
-101568.806   557.231    -2.62    4.88
-101192.805   554.711    -6.70    4.48
-100816.808   553.056    -4.40    4.24
-100440.813   552.541    -1.37    4.67
-100064.820   552.865     0.86    5.27
 -99688.831   551.763    -2.93    6.06
 -99312.843   551.744    -0.05    6.26
 -98936.859   552.469     1.93    5.11
 -98560.877   552.316    -0.41    5.00
 -98184.898   554.026     4.55    4.11
 -97808.921   554.405     1.01    3.26
 -97432.947   553.103    -3.47    5.60
 -97056.976   549.486    -9.62    9.21
 -96681.007   543.077   -17.05   12.52
 -96305.040   535.897   -19.10   13.64
 -95929.077   530.615   -14.05   15.14
 -95553.116   528.919    -4.51   16.84
 -95177.157   527.333    -4.22   18.44
 -94801.202   530.667     8.87   18.55
 -94425.248   530.722     0.15   26.88
 -94049.298   522.108   -22.91   37.57
 -93673.350   496.405   -68.37   63.59
 -93297.404   452.730  -116.18   93.45
 -92921.462   409.487  -115.03  102.03
 -92545.521   383.364   -69.49  107.03
 -92169.584   347.231   -96.12  104.83
 -91793.649   327.289   -53.05   98.52
 -91417.716   292.472   -92.62   79.53
 -91041.786   257.000   -94.36   48.09
 -90665.859   241.730   -40.62   28.18
 -90289.934   233.692   -21.38   17.55
 -89914.012   230.051    -9.69   17.71
 -89538.093   225.077   -13.23   15.44
 -89162.176   218.711   -16.94   17.51
 -88786.261   210.231   -22.56   17.23
 -88410.349   206.897    -8.87   17.65
 -88034.440   211.389    11.95   23.48
 -87658.533   212.973     4.21   25.13
 -87282.629   214.162     3.16   22.47
 -86906.728   207.405   -17.98   22.18
 -86530.829   196.737   -28.38   15.61
 -86154.932   193.000    -9.94   15.47
 -85779.038   187.800   -13.83   14.63
 -85403.147   185.421    -6.33   16.02
 -85027.258   184.556    -2.30   17.56
 -84651.372   180.718   -10.21   17.51
 -84275.488   178.447    -6.04   16.17
 -83899.607   176.447    -5.32   15.45
 -83523.729   178.158     4.55   20.36
 -83147.853   179.795     4.36   26.79
 -82771.979   175.784   -10.67   28.04
 -82396.108   171.846   -10.48   25.99
 -82020.240   169.450    -6.38   23.38
 -81644.374   168.028    -3.78   20.10
 -81268.511   169.541     4.02   20.69
 -80892.650   165.162   -11.65   19.57
 -80516.792   159.459   -15.17   16.06
 -80140.936   157.054    -6.40   12.64
 -79765.083   157.657     1.60   13.74
 -79389.232   161.225     9.49   17.65
 -79013.384   169.237    21.32   21.70
 -78637.539   178.730    25.26   26.50
 -78261.696   196.641    47.66   31.41
 -77885.855   197.053     1.10   29.92
 -77510.017   196.211    -2.24   26.08
 -77133.851   191.811   -11.70   23.36
 -76757.509   186.103   -15.17   22.79
 -76381.169   185.108    -2.64   18.98
 -76004.831   190.026    13.07   21.00
 -75628.496   200.400    27.57   23.78
 -75252.164   208.629    21.87   25.68
 -74875.834   216.378    20.59   23.04
 -74499.507   223.784    19.68   21.09
 -74123.182   226.514     7.25   21.03
 -73746.859   239.892    35.55   24.20
 -73370.540   249.194    24.72   25.05
 -72994.222   258.950    25.92   22.57
 -72617.908   256.179    -7.36   22.26
 -72241.595   254.649    -4.07   20.42
 -71865.285   249.897   -12.63   21.30
 -71488.978   243.526   -16.93   21.39
 -71112.673   236.718   -18.09   23.62
 -70736.371   246.162    25.10   33.54
 -70360.071   251.590    14.42   35.55
 -69983.774   256.167    12.16   34.75
 -69607.479   257.553     3.68   35.16
 -69231.187   246.100   -30.44   37.66
 -68854.897   235.394   -28.45   41.54
 -68478.610   230.103   -14.06   40.12
 -68102.325   234.595    11.94   36.26
 -67726.042   236.946     6.25   31.59
 -67349.763   238.595     4.38   27.82
 -66973.485   228.389   -27.12   29.39
 -66597.210   221.795   -17.52   26.29
 -66220.938   216.333   -14.52   27.69
 -65844.668   208.811   -19.99   25.14
 -65468.400   206.410    -6.38   26.11
 -65092.135   199.487   -18.40   27.84
 -64715.873   189.410   -26.78   21.51
 -64339.613   180.649   -23.29   16.69
 -63963.355   177.179    -9.22   16.68
 -63587.100   175.135    -5.43   15.65
 -63210.847   174.405    -1.94   19.38
 -62834.597   181.842    19.77   25.17
 -62458.349   180.875    -2.57   28.14
 -62082.104   168.872   -31.90   28.84
 -61705.861   160.895   -21.20   23.68
 -61329.620   155.694   -13.82   19.00
 -60953.382   152.351    -8.89   16.27
 -60577.147   149.333    -8.02   12.92
 -60200.914   143.000   -16.83   13.33
 -59824.683   139.900    -8.24   15.46
 -59448.455   138.892    -2.68   18.03
 -59072.229   135.026   -10.28   17.03
 -58696.006   132.947    -5.52   16.76
 -58319.785   137.077    10.98   14.17
 -57943.567   136.270    -2.14   11.92
 -57567.351   138.975     7.19   16.24
 -57191.137   143.027    10.77   21.00
 -56814.926   142.243    -2.08   26.42
 -56438.718   139.351    -7.69   22.52
 -56062.511   130.257   -24.17   17.27
 -55686.308   128.000    -6.00   15.53
 -55310.106   130.282     6.07   18.81
 -54933.907   137.556    19.33   26.88
 -54557.711   158.297    55.14   37.08
 -54181.517   173.611    40.71   39.47
 -53805.325   173.105    -1.34   38.11
 -53429.136   166.925   -16.43   39.47
 -53052.949   151.108   -42.05   33.37
 -52676.764   140.842   -27.29   20.07
 -52300.582   144.000     8.39   19.81
 -51924.403   148.821    12.81   20.88
 -51548.226   165.351    43.94   45.76
 -51172.051   192.250    71.51   56.86
 -50795.878   216.842    65.38   55.07
 -50419.708   225.730    23.63   47.45
 -50043.541   212.838   -34.27   51.70
 -49667.376   191.972   -55.47   53.49
 -49291.213   176.051   -42.32   40.39
 -48915.053   168.359   -20.45   33.04
 -48538.895   167.556    -2.14   32.56
 -48162.739   161.447   -16.24   33.96
 -47786.586   151.865   -25.48   28.77
 -47410.435   164.703    34.13   35.80
 -47034.287   174.575    26.25   35.66
 -46658.141   180.892    16.79   36.42
 -46281.997   174.789   -16.22   42.16
 -45905.856   161.974   -34.07   38.14
 -45529.717   168.205    16.57   35.04
 -45153.580   181.189    34.52   33.67
 -44777.446   186.512    14.15   34.76
 -44401.314   186.000    -1.36   33.32
 -44025.185   175.417   -28.14   37.87
 -43649.058   159.595   -42.07   35.34
 -43272.933   140.162   -51.67   29.19
 -42896.811   130.821   -24.84   24.15
 -42520.691   134.231     9.07   32.77
 -42144.574   138.686    11.84   36.06
 -41768.459   145.846    19.04   36.90
 -41392.346   144.000    -4.91   32.91
 -41016.235   133.611   -27.62   32.03
 -40640.127   127.923   -15.12   28.09
 -40264.021   122.053   -15.61   24.75
 -39887.918   127.872    15.47   30.78
 -39511.817   142.000    37.57   38.82
 -39135.718   157.150    40.28   38.69
 -38759.622   168.054    28.99   33.27
 -38383.528   169.275     3.25   31.58
 -38007.437   157.359   -31.68   37.97
 -37631.347   136.861   -54.50   32.60
 -37255.260   145.378    22.65   39.48
 -36879.176   177.162    84.51   59.45
 -36503.094   209.405    85.74   54.39
 -36127.014   216.641    19.24   49.03
 -35750.936   204.583   -32.06   52.22
 -35374.861   172.308   -85.82   47.79
 -34998.788   143.105   -77.65   38.50
 -34622.717   138.389   -12.54   35.34
 -34246.649   139.872     3.94   36.68
 -33870.583   148.316    22.45   43.90
 -33494.520   153.000    12.46   41.34
 -33118.458   142.216   -28.68   45.22
 -32742.400   134.821   -19.67   40.07
 -32366.343   130.405   -11.74   36.67
 -31990.289   131.821     3.76   37.21
 -31614.237   137.075    13.97   38.46
 -31238.187   145.472    22.33   39.52
 -30862.140   154.000    22.68   34.25
 -30486.095   153.405    -1.58   29.84
 -30110.052   144.162   -24.58   28.85
 -29734.011   137.079   -18.84   28.25
 -29357.973   126.167   -29.02   22.49
 -28981.938   122.000   -11.08   24.28
 -28605.904   123.500     3.99   36.35
 -28229.873   120.459    -8.09   41.67
 -27853.844   121.795     3.55   41.23
 -27477.817   121.132    -1.76   36.69
 -27101.793   124.105     7.91   31.65
 -26725.771   130.865    17.98   31.29
 -26349.751   129.795    -2.85   30.37
 -25973.734   129.444    -0.93   29.11
 -25597.719   138.026    22.82   42.66
 -25221.706   152.718    39.07   45.08
 -24845.696   161.912    24.45   40.46
 -24469.687   148.432   -35.85   47.09
 -24093.681   125.054   -62.18   39.64
 -23717.678   113.568   -30.55   29.15
 -23341.676   104.378   -24.44   24.54
 -22965.677    99.750   -12.31   25.11
 -22589.680    94.225   -14.69   22.51
 -22213.686    95.718     3.97   24.31
 -21837.693   110.432    39.14   30.47
 -21461.703   128.632    48.40   33.98
 -21085.715   144.316    41.71   39.85
 -20709.730   162.051    47.17   38.75
 -20333.747   169.973    21.07   34.39
 -19957.766   162.256   -20.52   41.72
 -19581.787   152.417   -26.17   40.89
 -19205.811   140.692   -31.18   39.36
 -18829.836   135.821   -12.96   39.63
 -18453.864   147.500    31.06   37.16
 -18077.895   146.947    -1.47   34.75
 -17701.927   142.784   -11.07   36.84
 -17325.962   139.541    -8.63   36.00
 -16949.999   125.079   -38.47   25.61
 -16574.039   116.432   -23.00   22.47
 -16198.080   109.256   -19.09   23.39
 -15822.124   108.718    -1.43   25.35
 -15446.170   108.579    -0.37   27.40
 -15070.218   108.368    -0.56   28.74
 -14694.269   104.333   -10.73   25.19
 -14318.322    98.026   -16.78   20.96
 -13942.377    91.270   -17.97   15.65
 -13566.434    84.103   -19.07   13.81
 -13190.493    82.459    -4.37   14.65
 -12814.555    82.923     1.23   19.24
 -12438.619    81.974    -2.52   21.61
 -12062.685    81.938    -0.10   24.45
 -11686.754    79.590    -6.25   21.97
 -11310.824    72.395   -19.14   19.10
 -10934.897    64.595   -20.75   16.94
 -10558.972    60.821   -10.04   13.11
 -10183.049    58.459    -6.28   11.32
  -9807.129    58.256    -0.54   10.40
  -9431.211    58.051    -0.55    9.07
  -9055.295    54.622    -9.12    9.03
  -8679.381    48.289   -16.84    8.55
  -8303.469    42.282   -15.98    9.50
  -7927.560    37.179   -13.57    9.56
  -7551.652    33.649    -9.39    9.07
  -7175.747    31.026    -6.98    7.86
  -6799.845    28.162    -7.62    8.35
  -6423.944    24.324   -10.21   10.05
  -6048.046    17.541   -18.05   10.66
  -5672.149    11.375   -16.40    7.26
  -5296.255     7.667    -9.87    2.90
  -4920.364     6.769    -2.39    2.07
  -4544.474     6.222    -1.46    1.96
  -4168.587     5.538    -1.82    1.25
  -3792.701     5.405    -0.35    1.01
  -3416.818     5.077    -0.87    1.04
  -3040.937     4.421    -1.74    1.73
  -2665.059     2.895    -4.06    2.31
  -2289.176     1.622    -3.39    2.19
  -1912.865     0.462    -3.08    1.25
  -1536.556     0.000    -1.23    0.00
  -1160.249     0.000     0.00    0.00
   -783.944     0.000     0.00    0.00
   -407.642     0.053     0.14    0.32
    -31.342     0.000    -0.14    0.00
    344.956     0.000     0.00    0.00
    721.252     0.000     0.00    0.00
   1097.546     0.000     0.00    0.00
   1473.838     0.000     0.00    0.00
   1850.127     0.000     0.00    0.00
   2226.414     0.077     0.20    0.35
   2602.700     0.222     0.39    0.68
   2978.982     0.895     1.79    1.35
   3355.263     1.949     2.80    1.88
   3731.542     2.359     1.09    1.90
   4107.818     2.405     0.12    1.95
   4484.092     1.846    -1.49    2.17
   4860.365     1.375    -1.25    2.18
   5236.635     1.649     0.73    2.43
   5612.902     2.632     2.61    3.36
   5989.168     5.568     7.80    5.37
   6365.432     9.081     9.34    5.27
   6741.693    12.595     9.34    4.61
   7117.952    14.000     3.74    4.36
   7494.209    14.128     0.34    4.41
   7870.464    14.175     0.12    5.43
   8246.717    13.306    -2.31    5.85
   8622.968    12.769    -1.43    5.94
   8999.216    12.132    -1.69    5.44
   9375.462    12.684     1.47    5.25
   9751.707    13.615     2.47    4.64
  10127.949    11.579    -5.41    5.74
  10504.189     8.944    -7.00    5.81
  10880.427     6.947    -5.31    5.31
  11256.662     5.175    -4.71    4.19
  11632.896     3.694    -3.94    2.67
  12009.127     3.256    -1.16    2.09
  12385.357     3.184    -0.19    1.94
  12761.584     2.459    -1.93    2.22
  13137.809     2.514     0.14    2.34
  13514.032     2.833     0.85    2.67
  13890.253     2.923     0.24    3.06
  14266.472     2.650    -0.73    2.86
  14642.689     2.973     0.86    2.96
  15018.903     2.850    -0.33    2.34
  15395.116     3.289     1.17    2.10
  15771.326     3.947     1.75    1.75
  16147.534     4.243     0.79    1.77
  16523.740     4.615     0.99    1.63
  16899.944     4.838     0.59    1.48
  17276.146     4.750    -0.23    1.32
  17652.346     5.000     0.66    1.26
  18028.544     5.083     0.22    1.36
  18404.739     4.385    -1.86    2.01
  18780.933     3.513    -2.32    2.47
  19157.124     2.083    -3.80    2.09
  19533.314     1.000    -2.88    0.00
  19909.501     1.000     0.00    0.00
  20285.686     1.000     0.00    0.00
  20661.869     1.744     1.98    1.68
  21038.051     2.486     1.97    2.30
  21414.229     3.744     3.34    2.64
  21790.406     4.667     2.45    2.40
  22166.581     4.421    -0.65    2.48
  22542.754     4.541     0.32    2.75
  22918.925     5.256     1.90    2.57
  23295.093     5.553     0.79    2.58
  23671.260    12.278    17.88   18.16
  24047.424    49.000    97.62   57.47
  24423.586    90.833   111.21   63.36
  24799.747   115.132    64.60   46.25
  25175.905   116.359     3.26   38.49
  25552.061   111.969   -11.67   39.15
  25928.215   113.622     4.39   42.63
  26304.367   107.892   -15.23   45.45
  26680.517   114.351    17.17   43.86
  27056.665   123.923    25.45   50.18
  27432.811   128.389    11.87   47.70
  27808.955   146.410    47.91   51.65
  28185.097   166.026    52.15   49.24
  28561.237   177.744    31.15   47.97
  28937.374   192.486    39.20   50.00
  29313.510   202.410    26.38   51.46
  29689.644   214.316    31.65   52.25
  30065.775   226.500    32.39   63.73
  30441.905   232.703    16.49   72.47
  30818.032   253.243    54.61   91.61
  31194.158   269.737    43.85   97.80
  31570.281   279.564    26.13  103.62
  31946.403   311.094    83.83  100.91
  32322.522   335.974    66.15   89.92
  32698.639   337.744     4.71   83.05
  33074.755   355.000    45.88   69.09
  33450.868   353.256    -4.64   65.16
  33826.979   368.676    41.00   58.98
  34203.088   380.256    30.79   49.97
  34579.196   397.615    46.15   37.35
  34955.301   414.684    45.38   30.03
  35331.404   429.263    38.76   30.07
  35707.505   442.410    34.96   30.26
  36083.604   453.184    28.65   27.39
  36459.702   460.944    20.63   18.78
  36835.797   463.703     7.33   12.11
  37211.890   460.459    -8.62   13.12
  37587.981   456.757    -9.85   12.19
  37964.070   452.974   -10.06    9.65
  38340.157   450.000    -7.91   10.76
  38716.242   445.333   -12.41   14.96
  39092.325   436.641   -23.11   21.10
  39468.407   429.861   -18.03   23.23
  39844.486   425.282   -12.18   29.73
  40220.563   425.946     1.77   28.48
  40596.638   429.718    10.03   28.04
  40972.711   440.263    28.04   18.57
  41348.782   446.026    15.32   10.54
  41724.851   444.162    -4.96   16.85
  42100.919   441.359    -7.45   18.55
  42476.984   441.925     1.51   17.45
  42853.047   441.314    -1.62   17.32
  43229.108   439.459    -4.93   16.35
  43605.168   430.865   -22.85   21.47
  43981.225   416.676   -37.73   24.84
  44357.280   404.351   -32.77   26.48
  44733.333   395.086   -24.64   24.95
  45109.385   370.250   -66.04   36.69
  45485.434   343.718   -70.55   54.47
  45861.482   322.405   -56.67   57.72
  46237.527   308.128   -37.97   52.14
  46613.571   317.921    26.04   58.93
  46989.612   347.553    78.80   65.75
  47365.652   366.974    51.65   60.85
  47741.689   382.590    41.53   51.48
  48117.725   396.676    37.46   37.03
  48493.759   404.684    21.30   27.80
  48869.790   407.025     6.22   23.89
  49245.820   412.143    13.61   19.34
  49621.848   421.237    24.18   21.12
  49997.874   427.216    15.90   17.96
  50373.898   433.324    16.24   16.86
  50749.920   439.784    17.18   15.74
  51125.940   442.500     7.22   13.61
  51501.958   442.231    -0.72   15.75
  51877.974   441.231    -2.66   16.11
  52253.988   444.919     9.81   13.39
  52630.001   449.692    12.69    9.11
  53006.011   451.385     4.50    6.19
  53382.019   452.872     3.96    2.82
  53758.026   453.054     0.48    3.44
  54134.030   452.333    -1.92    3.50
  54510.033   452.556     0.59    3.29
  54886.034   452.921     0.97    3.00
  55262.032   453.795     2.32    2.89
  55638.029   455.303     4.01    2.71
  56014.024   456.333     2.74    2.55
  56390.017   457.243     2.42    2.02
  56766.008   457.622     1.01    1.53
  57141.997   456.649    -2.59    2.12
  57517.984   454.528    -5.64    3.57
  57893.970   449.684   -12.88    7.01
  58269.953   441.341   -22.19   11.42
  58645.935   430.919   -27.72   14.81
  59021.914   417.897   -34.63   15.12
  59397.892   412.385   -14.66   11.41
  59773.868   417.231    12.89   15.80
  60149.842   428.474    29.90   18.40
  60525.814   439.641    29.70   16.16
  60901.784   444.486    12.89   14.74
  61277.752   447.378     7.69   12.38
  61653.718   448.000     1.65   10.20
  62029.683   448.094     0.25    9.96
  62405.645   453.205    13.60    9.92
  62781.606   457.447    11.28    7.79
  63157.564   461.162     9.88    3.45
  63533.521   461.703     1.44    2.65
  63909.476   459.944    -4.68    4.68
  64285.429   456.816    -8.32    7.59
  64661.380   453.385    -9.13    8.46
  65037.330   450.108    -8.72    8.79
  65413.277   447.769    -6.22   10.09
  65789.222   449.026     3.34    9.93
  66165.166   448.526    -1.33    9.73
  66541.108   451.865     8.88    8.31
  66917.048   454.075     5.88    8.30
  67292.986   453.973    -0.27    8.54
  67668.922   449.405   -12.15   13.31
  68044.856   448.757    -1.73   13.53
  68420.789   449.676     2.45   13.27
  68796.719   454.821    13.68   12.52
  69172.648   459.359    12.07    9.70
  69548.575   461.667     6.14    8.73
  69924.500   459.579    -5.55   10.63
  70300.423   454.722   -12.92   14.24
  70676.344   454.158    -1.50   14.28
  71052.264   448.308   -15.56   16.21
  71428.181   442.189   -16.28   17.63
  71804.097   434.895   -19.40   16.38
  72180.011   432.211    -7.14   13.95
  72555.923   440.400    21.79   18.72
  72931.975   450.622    27.18   18.16
  73308.263   458.590    21.18   13.92
  73684.549   465.231    17.65    6.66
  74060.833   466.946     4.56    5.97
  74437.116   468.297     3.59    2.48
  74813.396   467.865    -1.15    3.33
  75189.675   465.897    -5.23    6.36
  75565.952   461.974   -10.43    9.86
  75942.227   459.086    -7.68   11.02
  76318.500   452.821   -16.65   14.85
  76694.771   448.028   -12.74   16.02
  77071.041   445.667    -6.27   17.90
  77447.308   442.553    -8.28   18.42
  77823.574   439.395    -8.39   19.62
  78199.838   444.000    12.24   18.97
  78576.100   442.895    -2.94   20.39
  78952.361   448.400    14.63   19.76
  79328.619   446.757    -4.37   19.30
  79704.876   452.600    15.53   15.72
  80081.131   457.231    12.31   13.03
  80457.384   459.083     4.92   13.29
  80833.635   458.595    -1.30   13.64
  81209.885   453.514   -13.50   17.27
  81586.133   450.027    -9.27   18.47
  81962.378   445.897   -10.98   22.77
  82338.623   442.486    -9.07   24.48
  82714.865   454.825    32.79   17.88
  83091.105   463.421    22.85   13.12
  83467.344   469.649    16.55   10.41
  83843.581   470.026     1.00   10.18
  84219.816   469.795    -0.62   10.18
  84596.049   469.342    -1.20   10.29
  84972.281   465.944    -9.03   10.57
  85348.510   468.026     5.53   11.54
  85724.738   471.703     9.77   10.46
  86100.964   474.410     7.20    7.49
  86477.188   476.026     4.29    7.58
  86853.411   474.371    -4.40   11.13
  87229.632   444.135   -80.37   53.12
  87605.851   390.405  -142.81   79.89
  87982.068   334.108  -149.64   81.02
  88358.283   273.821  -160.25   63.98
  88734.497   229.028  -119.06   46.99
  89110.709   195.512   -89.09   43.23
  89486.919   167.949   -73.27   30.29
  89863.127   153.243   -39.09   20.47
  90239.333   160.026    18.03   38.55
  90615.538   187.789    73.80   61.32
  90991.741   223.051    93.73   67.04
  91367.942   250.500    72.96   47.62
  91744.142   273.872    62.13   32.73
  92120.340   292.778    50.25   49.53
  92496.535   329.308    97.10   63.12
  92872.730   362.564    88.40   50.75
  93248.922   387.125    65.29   37.91
  93625.113   378.568   -22.75   48.25
  94001.302   365.946   -33.55   53.57
  94377.489   352.189   -36.57   60.78
  94753.674   326.816   -67.45   60.09
  95129.858   301.946   -66.11   45.69
  95506.040   282.128   -52.68   25.91
  95882.220   266.000   -42.87   17.98
  96258.398   246.474   -51.91   33.78
  96634.575   211.868   -91.99   52.10
  97010.750   183.000   -76.74   43.85
  97386.923   170.718   -32.65   32.42
  97763.094   163.432   -19.37   31.24
  98139.264   175.333    31.64   37.55
  98515.432   199.405    63.99   65.16
  98891.598   221.289    58.18   94.10
  99267.763   252.641    83.34  112.26
  99643.926   263.500    28.87  126.22
 100020.087   232.590   -82.17  123.33
 100396.246   191.289  -109.79   89.38
 100772.404   178.162   -34.90   63.08
 101148.560   213.744    94.59   97.48
 101524.714   280.000   176.14  120.48
 101900.866   359.410   211.11  113.12
 102277.017   421.026   163.80   75.93
 102653.166   452.622    84.00   37.00
 103029.313   463.744    29.57    6.21
 103405.459   463.000    -1.98    6.35
 103781.603   460.077    -7.77    6.26
 104157.745   456.838    -8.61    7.35
 104533.886   454.105    -7.26    7.61
 104910.024   443.189   -29.02   23.46
 105286.161   422.189   -55.83   47.67
 105662.297   391.730   -80.98   60.10
 106038.430   363.750   -74.39   60.09
 106414.562   331.615   -85.43   60.65
 106790.693   303.923   -73.62   44.94
 107166.821   291.639   -32.66   30.59
 107542.948   294.769     8.32   28.17
 107919.073   308.556    36.65   25.10
 108295.197   324.667    42.83   28.94
 108671.319   341.615    45.06   28.06
 109047.439   362.324    55.06   29.13
 109423.557   390.237    74.21   36.88
 109799.674   411.974    57.79   35.28
 110175.789   433.475    57.16   28.58
 110551.903   447.054    36.10   17.75
 110928.014   443.154   -10.37   23.71
 111304.124   439.684    -9.22   24.60
 111680.233   435.243   -11.81   21.68
 112056.340   431.108   -10.99   17.32
 112432.445   422.029   -24.14   29.62
 112808.548   426.487    11.85   29.28
 113184.650   438.775    32.67   37.18
 113560.750   453.486    39.12   33.92
 113936.848   465.077    30.82   21.06
 114312.945   463.750    -3.53   20.65
 114689.040   453.132   -28.23   24.97
 115065.133   438.974   -37.64   24.15
 115441.225   433.474   -14.63   21.87
 115817.315   430.162    -8.81   20.28
 116193.404   434.184    10.69   16.77
 116569.490   443.125    23.77   20.15
 116945.576   454.081    29.13   24.70
 117321.659   464.667    28.15   23.87
 117697.741   475.816    29.65   21.27
 118073.821   477.270     3.87   16.94
 118449.900   467.378   -26.30   23.17
 118825.977   450.694   -44.36   26.61
 119202.052   441.410   -24.69   19.75
 119578.125   440.550    -2.29   19.24
 119954.197   442.270     4.57   20.65
 120330.268   445.200     7.79   18.32
 120706.337   441.868    -8.86   20.48
 121082.404   427.342   -38.63   27.70
 121458.469   401.395   -69.00   40.75
 121834.533   376.154   -67.12   44.16
 122210.595   353.694   -59.72   40.21
 122586.656   330.528   -61.60   29.38
 122962.715   325.308   -13.88   24.87
 123338.772   329.829    12.02   21.17
 123714.828   343.821    37.21   28.48
 124090.882   375.154    83.32   37.26
 124466.934   404.703    78.58   34.58
 124842.985   427.324    60.15   24.41
 125219.035   436.811    25.23   23.00
 125595.082   439.436     6.98   20.17
 125971.128   430.051   -24.96   22.00
 126347.173   415.541   -38.59   31.77
 126723.216   383.513   -85.17   45.14
 127099.257   345.447  -101.23   49.95
 127475.297   303.658  -111.13   57.32
 127851.335   258.703  -119.55   47.33
 128227.371   224.359   -91.33   33.54
 128603.406   197.289   -71.99   27.17
 128979.439   170.972   -69.99   28.90
 129355.471   151.132   -52.76   28.89
 129731.501   128.444   -60.33   26.06
 130107.529   111.256   -45.71   24.83
 130483.556    96.026   -40.50   19.10
 130859.581    87.229   -23.39   10.64
 131235.605    85.297    -5.14    4.93
 131611.627    91.486    16.46   12.28
 131987.648   100.703    24.51   20.21
 132363.667   109.975    24.66   21.55
 132739.684   119.351    24.94   22.78
 133115.700   142.103    60.51   37.51
 133491.714   167.487    67.51   39.02
 133867.727   189.205    57.76   35.74
 134243.738   211.162    58.39   29.98
 134619.747   220.897    25.89   32.47
 134995.755   236.500    41.49   55.49
 135371.762   271.222    92.34   90.82
 135747.767   309.189   100.97  107.07
 136123.770   364.083   145.99   97.22
 136499.772   408.789   118.90   67.07
 136875.772   436.718    74.28   27.63
 137251.770   444.250    20.03   13.13
 137627.767   435.211   -24.04   21.61
 138003.763   417.108   -48.14   30.39
 138379.757   379.306  -100.54   59.01
 138755.749   320.154  -157.32   90.14
 139131.740   268.132  -138.36   87.58
 139507.729   212.436  -148.13   70.73
 139883.717   176.487   -95.61   50.11
 140259.703   155.846   -54.90   34.11
 140635.688   159.135     8.75   37.65
 141011.671   181.525    59.55   47.96
 141387.652   206.154    65.50   36.70
 141763.632   223.583    46.36   15.06
 142139.611   216.865   -17.87   15.02
 142515.588   206.514   -27.53   13.54
 142891.563   200.730   -15.38   11.01
 143267.537   195.000   -15.24    9.45
 143643.509   185.735   -24.64   13.90
 144019.480   164.769   -55.76   32.29
 144395.450   148.368   -43.62   32.85
 144771.417   129.417   -50.41   29.57
 145147.384   113.026   -43.60   24.30
 145523.348   105.184   -20.86   22.86
 145899.312    94.868   -27.44   13.18
 146275.273    96.026     3.08   16.31
 146651.233   103.538    19.98   22.96
 147027.192   113.919    27.61   23.68
 147403.149   119.795    15.63   21.12
 147779.105   113.900   -15.68   20.63
 148155.279   106.306   -20.19   13.68
 148531.531   102.541   -10.01    9.89
 148907.781   102.429    -0.30    9.00
 149284.030   106.926    11.95    2.25
