#  324.160  -1.636   4.889 ;Mean Elev.(m), Avg Gradient(m/km), RMS Gradient(m/km) - SRTM1     
#  312.335  -2.391   7.502 ;Mean Elev.(m), Avg Gradient(m/km), RMS Gradient(m/km) - ASTER GDEM
#  324.368  -1.588   4.225 ;Mean Elev.(m), Avg Gradient(m/km), RMS Gradient(m/km) - GMTED2010 
  7   325.040 52470.86085605 45.96  19.837944   1.864171 30.578
  7   325.140 52470.86085670 48.94  19.837214   1.867481 30.578
  7   325.182 52470.86085734 51.04  19.836494   1.870791 30.578
  7   324.987 52470.86085799 47.84  19.835764   1.874091 30.578
  7   324.739 52470.86085863 50.22  19.835034   1.877401 30.578
  8   322.421 52505.86083700 51.99  19.839366   1.865160 31.879
  8   322.345 52505.86083764 54.82  19.838636   1.868460 31.879
  8   322.392 52505.86083828 52.86  19.837906   1.871770 31.879
  8   322.375 52505.86083893 49.60  19.837186   1.875080 31.879
  8   322.363 52505.86083957 47.53  19.836456   1.878380 31.879
  9   325.455 52540.86082048 53.44  19.843598   1.872221 36.766
  9   325.432 52540.86082113 50.63  19.842878   1.875521 36.766
  9   325.510 52540.86082177 51.93  19.842148   1.878831 36.766
 10   325.780 52575.86086587 51.65  19.837157   1.862823 41.117
 10   325.725 52575.86086652 55.04  19.836437   1.866123 41.117
 10   325.710 52575.86086716 53.38  19.835707   1.869433 41.117
 10   325.702 52575.86086781 52.10  19.834977   1.872743 41.117
 10   325.677 52575.86086845 51.59  19.834247   1.876043 41.117
 11   326.517 52610.86082809 53.62  19.839666   1.866265 39.000
 11   326.538 52610.86082873 54.86  19.838946   1.869575 39.000
 11   326.566 52610.86082937 52.45  19.838216   1.872875 39.000
 11   326.605 52610.86083002 52.36  19.837486   1.876185 39.000
 12   326.905 52645.86081629 53.46  19.840409   1.866968 40.145
 12   326.885 52645.86081694 53.41  19.839689   1.870278 40.145
 12   326.879 52645.86081758 52.17  19.838959   1.873578 40.145
 12   326.901 52645.86081823 52.92  19.838229   1.876888 40.145
 13   325.552 52680.86079170 33.13  19.845415   1.876827 23.698
 13   325.464 52680.86079235 33.68  19.844695   1.880137 23.698
 15   325.004 52750.86086718 41.53  19.830943   1.860389 37.419
 15   324.969 52750.86086783 38.52  19.830213   1.863699 37.419
 15   324.943 52750.86086912 47.07  19.828763   1.870309 37.419
 16   325.575 52785.86081199 52.53  19.838260   1.867066 35.777
 16   325.567 52785.86081263 52.22  19.837530   1.870366 35.777
 16   325.564 52785.86081328 51.27  19.836800   1.873676 35.777
 16   325.554 52785.86081392 51.53  19.836080   1.876976 35.777
 17   324.845 52820.86088578 49.75  19.839417   1.864907 33.157
 17   324.908 52820.86088643 52.34  19.838687   1.868217 33.157
 17   324.855 52820.86088707 51.80  19.837957   1.871517 33.157
 17   324.784 52820.86088772 51.85  19.837227   1.874827 33.157
 17   324.952 52820.86088836 48.68  19.836507   1.878127 33.157
 18   326.648 52855.86093429 46.73  19.842028   1.869107 33.657
 18   326.680 52855.86093493 44.48  19.841298   1.872407 33.657
 18   326.537 52855.86093558 44.38  19.840568   1.875717 33.657
 18   326.356 52855.86093622 48.01  19.839848   1.879017 33.657
 19   325.502 52890.86096639 21.96  19.836721   1.865474 16.688
 19   325.443 52890.86096703 21.18  19.835991   1.868784 16.688
 19   325.751 52890.86096768 25.11  19.835261   1.872084 16.688
 19   325.716 52890.86096832 29.16  19.834531   1.875394 16.688
 20   325.938 52925.86091941 53.55  19.838880   1.866759 37.859
 20   325.872 52925.86092005 50.63  19.838160   1.870069 37.859
 20   325.879 52925.86092070 51.50  19.837430   1.873369 37.859
 20   325.897 52925.86092134 53.25  19.836700   1.876679 37.859
 21   326.170 52960.86088829 53.06  19.845702   1.874559 39.797
 21   326.210 52960.86088893 53.93  19.844972   1.877869 39.797
 21   326.257 52960.86088958 53.47  19.844252   1.881169 39.797
 22   326.446 52995.86092451 50.00  19.839288   1.867598 37.422
 22   326.484 52995.86092516 49.18  19.838558   1.870898 37.422
 22   326.516 52995.86092580 48.30  19.837828   1.874208 37.422
 22   326.559 52995.86092645 49.08  19.837108   1.877508 37.422
 23   325.491 53030.86088752 50.08  19.840048   1.866404 37.875
 23   325.478 53030.86088816 50.00  19.839318   1.869704 37.875
 23   325.404 53030.86088880 49.72  19.838588   1.873014 37.875
 23   325.341 53030.86088945 48.61  19.837868   1.876314 37.875
 24   324.838 53065.86089523 52.65  19.843439   1.870932 38.216
 24   324.794 53065.86089588 50.92  19.842709   1.874242 38.216
 24   324.806 53065.86089652 51.11  19.841989   1.877542 38.216
 24   324.967 53065.86089717 49.46  19.841259   1.880852 38.216
 25   324.778 53100.86089592 50.54  19.836994   1.864083 35.482
 25   324.777 53100.86089656 53.92  19.836264   1.867383 35.482
 25   324.778 53100.86089721 52.05  19.835534   1.870693 35.482
 25   324.770 53100.86089785 49.22  19.834814   1.874003 35.482
 25   324.755 53100.86089850 47.92  19.834084   1.877303 35.482
 26   325.534 53135.86089746 53.47  19.843849   1.875744 36.737
 26   325.536 53135.86089811 52.03  19.843119   1.879054 36.737
 28   323.776 53205.86096234 55.23  19.838695   1.866598 38.211
 28   323.798 53205.86096298 51.67  19.837965   1.869908 38.211
 28   323.952 53205.86096363 49.40  19.837245   1.873208 38.211
 28   323.977 53205.86096427 51.52  19.836515   1.876518 38.211
 29   324.571 53240.86093107 54.16  19.843367   1.873315 32.942
 29   324.664 53240.86093172 53.10  19.842637   1.876625 32.942
 29   324.750 53240.86093236 50.75  19.841917   1.879925 32.942
 30   324.404 53275.86089911 18.71  19.840538   1.869853 11.298
 30   324.130 53275.86089975 23.21  19.839808   1.873153 11.298
 30   323.612 53275.86090040 20.80  19.839078   1.876463 11.298
 30   323.859 53275.86090104 19.43  19.838358   1.879763 11.298
 31   325.398 53310.86094210 52.93  19.837378   1.864525 35.386
 31   325.311 53310.86094275 54.34  19.836648   1.867825 35.386
 31   325.300 53310.86094339 51.08  19.835928   1.871135 35.386
 31   325.288 53310.86094404 50.03  19.835198   1.874435 35.386
 31   325.372 53310.86094468 51.23  19.834468   1.877745 35.386
 32   326.000 53345.86090879 26.53  19.840830   1.869109 18.418
 32   325.764 53345.86090943 25.48  19.840110   1.872419 18.418
 32   325.649 53345.86091008 24.84  19.839380   1.875719 18.418
 32   325.951 53345.86091072 25.64  19.838650   1.879029 18.418
 33   325.867 53380.86086424 54.07  19.842091   1.869843 40.371
 33   325.938 53380.86086489 52.18  19.841361   1.873153 40.371
 33   326.046 53380.86086553 52.77  19.840641   1.876453 40.371
 33   325.975 53380.86086617 49.97  19.839911   1.879763 40.371
 34   324.860 53415.86088759 52.74  19.844733   1.875501 34.087
 34   324.883 53415.86088824 53.81  19.844003   1.878811 34.087
 34   325.035 53415.86088888 50.29  19.843283   1.882111 34.087
 35   324.305 53450.86088218 52.66  19.841445   1.868102 36.376
 35   324.319 53450.86088282 51.51  19.840715   1.871402 36.376
 35   324.495 53450.86088347 48.86  19.839985   1.874712 36.376
 35   324.475 53450.86088411 51.27  19.839265   1.878012 36.376
 36   324.871 53485.86096625 50.53  19.834049   1.860433 37.188
 36   324.920 53485.86096689 56.36  19.833319   1.863733 37.188
 36   324.971 53485.86096754 52.82  19.832599   1.867043 37.188
 36   325.026 53485.86096818 51.41  19.831869   1.870343 37.188
 36   325.020 53485.86096882 50.79  19.831139   1.873653 37.188
 37   324.981 53520.86096250 54.16  19.841654   1.870283 32.991
 37   324.964 53520.86096314 50.78  19.840924   1.873583 32.991
 37   325.041 53520.86096379 54.43  19.840194   1.876893 32.991
 37   325.073 53520.86096443 49.97  19.839474   1.880193 32.991
 38   324.562 53555.86098513 43.77  19.833952   1.863508 26.738
 38   324.315 53555.86098577 28.58  19.833222   1.866808 26.738
 38   324.558 53555.86098642 31.01  19.832502   1.870118 26.738
 38   324.489 53555.86098706 37.91  19.831772   1.873418 26.738
 39   324.229 53590.86092740 52.18  19.845848   1.875343 31.394
 39   324.311 53590.86092804 55.31  19.845118   1.878643 31.394
 39   324.355 53590.86092869 49.36  19.844388   1.881953 31.394
 39   324.445 53590.86092998 50.11  19.842938   1.888563 31.394
 40   324.632 53625.86090970 27.55  19.834742   1.861422 12.452
 40   324.521 53625.86091034 30.86  19.834017   1.864733 27.358
 40   324.665 53625.86091099 39.15  19.833287   1.868033 27.358
 40   324.650 53625.86091163 41.25  19.832567   1.871343 27.358
 40   324.661 53625.86091228 34.17  19.831837   1.874643 27.358
 41   324.962 53660.86093609 53.12  19.838547   1.864575 39.840
 41   324.950 53660.86093674 56.64  19.837817   1.867885 39.840
 41   324.870 53660.86093738 50.48  19.837087   1.871185 39.840
 41   324.890 53660.86093803 49.25  19.836357   1.874495 39.840
 41   325.015 53660.86093867 49.29  19.835637   1.877795 39.840
 42   326.244 53695.86090731 52.22  19.840462   1.866314 36.479
 42   326.296 53695.86090796 53.31  19.839732   1.869614 36.479
 42   326.320 53695.86090860 50.96  19.839012   1.872924 36.479
 42   326.274 53695.86090925 50.99  19.838282   1.876224 36.479
 42   326.297 53695.86090989 48.28  19.837552   1.879534 36.479
 43   325.281 53730.86083124 50.64  19.843295   1.872515 34.567
 43   325.283 53730.86083188 53.85  19.842575   1.875825 34.567
 43   325.382 53730.86083253 53.81  19.841845   1.879125 34.567
 44   324.368 53765.86080147 19.79  19.844871   1.876196  5.478
 44   324.098 53765.86080211 19.05  19.844151   1.879496  5.478
 45   324.566 53800.86080394 53.12  19.843795   1.872071 33.473
 45   324.517 53800.86080459 53.04  19.843065   1.875371 33.473
 45   324.607 53800.86080523 52.55  19.842335   1.878681 33.473
 46   325.063 53835.86080873 53.78  19.840321   1.869379 34.584
 46   325.025 53835.86080937 52.67  19.839601   1.872689 34.584
 46   325.196 53835.86081002 54.01  19.838871   1.875989 34.584
 46   325.163 53835.86081066 48.65  19.838141   1.879299 34.584
 47   324.682 53870.86086572 21.42  19.839966   1.865951 10.470
 47   324.563 53870.86086636 21.34  19.839246   1.869261 10.470
 47   324.296 53870.86086701 22.86  19.838516   1.872561 10.470
 47   324.306 53870.86086765 23.48  19.837786   1.875871 10.470
 47   324.062 53870.86086829 25.55  19.837066   1.879171 10.470
 48   324.587 53905.86090194 36.81  19.838347   1.863610 24.561
 48   324.724 53905.86090259 34.41  19.837627   1.866920 24.561
 48   324.445 53905.86090323 34.70  19.836897   1.870220 24.561
 48   324.481 53905.86090388 34.38  19.836167   1.873530 24.561
 48   324.672 53905.86090452 40.15  19.835447   1.876830 24.561
 49   324.160 53940.86093294 52.35  19.831617   1.861407 48.165
 49   324.238 53940.86093358 49.97  19.830897   1.864717 48.165
 49   324.309 53940.86093487 50.05  19.829437   1.871327 48.165
 50   324.644 53975.86088988 54.29  19.838434   1.865813 36.574
 50   324.656 53975.86089053 50.22  19.837714   1.869123 36.574
 50   324.670 53975.86089117 50.43  19.836984   1.872423 36.574
 50   324.653 53975.86089182 51.48  19.836254   1.875733 36.574
 51   325.085 54010.86089036 49.50  19.841407   1.868469 26.507
 51   324.940 54010.86089101 42.64  19.840677   1.871769 26.507
 51   324.881 54010.86089165 32.25  19.839957   1.875079 26.507
 51   325.122 54010.86089230 36.55  19.839227   1.878379 26.507
 52   325.550 54045.86090683 31.92  19.844920   1.875495 20.659
 52   325.478 54045.86090748 25.11  19.844200   1.878805 20.659
 52   325.245 54045.86090812 24.17  19.843470   1.882105 20.659
 53   327.313 54080.86089857 54.19  19.840144   1.869565 37.123
 53   327.344 54080.86089921 54.42  19.839414   1.872865 37.123
 53   327.375 54080.86089986 52.13  19.838684   1.876175 37.123
 53   327.377 54080.86090050 47.46  19.837964   1.879485 37.123
 54   326.251 54115.86083211 54.89  19.841041   1.867246 39.470
 54   326.245 54115.86083276 53.66  19.840321   1.870556 39.470
 54   326.267 54115.86083340 54.87  19.839591   1.873866 39.470
 54   326.272 54115.86083405 53.00  19.838861   1.877166 39.470
 55   325.615 54150.86084832 54.41  19.839154   1.868373 32.883
 55   325.626 54150.86084896 52.74  19.838424   1.871683 32.883
 55   325.608 54150.86084961 50.05  19.837704   1.874993 32.883
 55   325.597 54150.86085025 49.33  19.836974   1.878293 32.883
 56   325.375 54185.86082377 52.21  19.841162   1.867383 27.598
 56   325.221 54185.86082442 54.39  19.840432   1.870696 38.630
 56   325.356 54185.86082506 53.36  19.839712   1.873996 38.630
 56   325.446 54185.86082571 49.90  19.838982   1.877306 38.630
 57   325.373 54220.86085717 54.95  19.839278   1.866730 41.050
 57   325.256 54220.86085782 53.70  19.838548   1.870030 41.050
 57   325.304 54220.86085846 53.21  19.837818   1.873340 41.050
 57   325.403 54220.86085911 50.57  19.837098   1.876640 41.050
 58   325.148 54255.86088107 55.36  19.840164   1.866841 38.316
 58   325.199 54255.86088172 53.80  19.839434   1.870151 38.316
 58   325.210 54255.86088236 54.12  19.838704   1.873451 38.316
 58   325.231 54255.86088300 52.77  19.837984   1.876761 38.316
 59   324.968 54290.86088339 52.14  19.841765   1.870339 36.794
 59   325.063 54290.86088403 51.65  19.841035   1.873649 36.794
 59   325.178 54290.86088468 53.72  19.840315   1.876949 36.794
 59   325.211 54290.86088532 51.63  19.839585   1.880259 36.794
 60   325.152 54325.86088095 55.60  19.841726   1.871385 38.821
 60   325.175 54325.86088159 53.43  19.840996   1.874695 38.821
 60   325.248 54325.86088224 52.16  19.840266   1.877995 38.821
 61   325.638 54360.86083269 44.81  19.841581   1.868114 24.966
 61   325.480 54360.86083334 42.50  19.840851   1.871414 24.966
 61   325.446 54360.86083398 39.58  19.840131   1.874724 24.966
 61   325.514 54360.86083463 34.53  19.839401   1.878024 24.966
 62   326.168 54395.86082053 52.37  19.841477   1.869571 37.772
 62   326.223 54395.86082118 53.25  19.840747   1.872881 37.772
 62   326.268 54395.86082182 50.52  19.840017   1.876181 37.772
 62   326.309 54395.86082246 50.01  19.839297   1.879491 37.772
 63   326.643 54430.86078301 51.52  19.841869   1.871097 35.215
 63   326.675 54430.86078366 51.23  19.841139   1.874407 35.215
 63   326.721 54430.86078430 52.48  19.840409   1.877707 35.215
 64   326.665 54465.86080087 50.40  19.841972   1.869225 37.048
 64   326.691 54465.86080152 50.83  19.841242   1.872535 37.048
 64   326.724 54465.86080216 50.14  19.840522   1.875835 37.048
 64   326.759 54465.86080281 51.40  19.839792   1.879145 37.048
 65   325.732 54500.86079587 52.38  19.841321   1.871391 35.220
 65   325.858 54500.86079651 53.87  19.840591   1.874691 35.220
 65   325.933 54500.86079716 50.78  19.839861   1.878001 35.220
 66   325.152 54535.86081566 51.20  19.841889   1.869477 41.216
 66   325.158 54535.86081630 51.96  19.841169   1.872777 41.216
 66   325.156 54535.86081695 52.32  19.840439   1.876087 41.216
 66   325.147 54535.86081759 49.72  19.839709   1.879387 41.216
 67   325.041 54570.86079799 52.24  19.841833   1.868390 38.938
 67   325.084 54570.86079863 53.76  19.841103   1.871700 38.938
 67   325.207 54570.86079928 53.03  19.840383   1.875000 38.938
 67   325.275 54570.86079992 51.63  19.839653   1.878310 38.938
 68   324.877 54605.86081021 47.30  19.839934   1.868811 38.160
 68   324.838 54605.86081085 44.81  19.839214   1.872111 38.160
 68   324.802 54605.86081149 39.45  19.838484   1.875421 38.160
 68   324.967 54605.86081214 44.66  19.837754   1.878721 38.160
 69   325.151 54640.86081948 23.53  19.839782   1.869303  5.316
 69   324.879 54640.86082012 23.67  19.839062   1.872603  5.316
 69   324.847 54640.86082077 23.35  19.838332   1.875913  5.316
 69   324.819 54640.86082141 22.87  19.837602   1.879213  5.316
 70   324.454 54675.86082115 51.36  19.839637   1.866488 41.877
 70   324.462 54675.86082179 49.84  19.838907   1.869798 41.877
 70   324.578 54675.86082244 51.51  19.838187   1.873098 41.877
 70   324.665 54675.86082308 53.05  19.837457   1.876408 41.877
 71   325.141 54710.86077800 50.74  19.842231   1.871297 37.547
 71   325.136 54710.86077865 49.74  19.841511   1.874597 37.547
 71   325.112 54710.86077929 49.48  19.840781   1.877907 37.547
 72   325.228 54745.86078891 50.62  19.840409   1.866566 41.804
 72   325.230 54745.86078955 54.35  19.839679   1.869876 41.804
 72   325.239 54745.86079020 53.74  19.838959   1.873176 41.804
 72   325.243 54745.86079084 52.52  19.838229   1.876486 41.804
 73   326.152 54780.86076216 51.40  19.841554   1.871580 39.615
 73   326.183 54780.86076281 50.76  19.840834   1.874880 39.615
 73   326.198 54780.86076345 51.66  19.840104   1.878190 39.615
 74   326.105 54815.86078235 53.27  19.840350   1.869970 43.265
 74   326.105 54815.86078299 53.45  19.839630   1.873270 43.265
 74   326.112 54815.86078364 53.19  19.838900   1.876580 43.265
 75   325.285 54850.86076078 52.42  19.841018   1.870335 29.342
 75   325.331 54850.86076143 48.38  19.840298   1.873635 29.342
 75   325.334 54850.86076207 41.74  19.839568   1.876945 29.342
 76   325.482 54885.86078548 50.29  19.839973   1.865787 40.307
 76   325.508 54885.86078612 52.21  19.839243   1.869097 40.307
 76   325.529 54885.86078677 52.28  19.838523   1.872397 40.307
 76   325.569 54885.86078741 54.07  19.837793   1.875707 40.307
 76   325.567 54885.86078806 49.31  19.837063   1.879007 40.307
 77   324.888 54920.86076115 18.91  19.839160   1.868029  6.588
 77   324.694 54920.86076179 19.10  19.838430   1.871329  6.588
 77   324.649 54920.86076243 18.35  19.837700   1.874639  6.588
 77   324.777 54920.86076308 18.84  19.836980   1.877939  6.588
 78   325.700 54955.86078211 52.64  19.839237   1.868334 40.330
 78   325.674 54955.86078275 54.07  19.838517   1.871634 40.330
 78   325.637 54955.86078340 51.72  19.837787   1.874944 40.330
 78   325.692 54955.86078404 50.90  19.837057   1.878244 40.330
 79   325.638 54990.86080470 51.24  19.838634   1.863972 37.627
 79   325.673 54990.86080534 52.35  19.837904   1.867282 37.627
 79   325.711 54990.86080599 51.18  19.837184   1.870582 37.627
 79   325.737 54990.86080663 51.08  19.836454   1.873892 37.627
 79   325.761 54990.86080728 48.70  19.835724   1.877192 37.627
 80   324.887 55025.86079631 53.35  19.841411   1.869436 37.675
 80   325.043 55025.86079695 51.29  19.840691   1.872736 37.675
 80   325.089 55025.86079760 49.93  19.839961   1.876046 37.675
 80   325.136 55025.86079824 51.20  19.839231   1.879346 37.675
 81   324.511 55060.86079034 23.57  19.840508   1.869818  5.616
 81   324.154 55060.86079098 18.86  19.839788   1.873118  5.616
 81   324.113 55060.86079163 17.75  19.839058   1.876428  5.616
 81   324.307 55060.86079227 17.48  19.838328   1.879728  5.616
 82   324.851 55095.86074055 52.18  19.840467   1.867948 36.806
 82   324.896 55095.86074119 51.11  19.839737   1.871258 36.806
 82   324.918 55095.86074184 51.56  19.839017   1.874558 36.806
 82   324.912 55095.86074248 51.27  19.838287   1.877868 36.806
 83   325.618 55130.86073162 53.40  19.840742   1.866341 39.142
 83   325.616 55130.86073226 52.63  19.840012   1.869651 39.142
 83   325.703 55130.86073291 52.57  19.839292   1.872951 39.142
 83   325.798 55130.86073355 52.15  19.838562   1.876261 39.142
 83   325.837 55130.86073420 47.92  19.837832   1.879561 39.142
 84   326.332 55165.86070228 52.27  19.841872   1.869352 39.621
 84   326.229 55165.86070293 52.01  19.841142   1.872662 39.621
 84   326.262 55165.86070357 51.84  19.840422   1.875962 39.621
 84   326.292 55165.86070421 51.75  19.839692   1.879272 39.621
 85   326.137 55200.86072437 52.82  19.839737   1.868343 43.550
 85   326.142 55200.86072501 52.09  19.839017   1.871643 43.550
 85   326.157 55200.86072565 51.02  19.838287   1.874953 43.550
 85   326.176 55200.86072630 51.44  19.837557   1.878253 43.550
 86   325.658 55235.86070808 51.83  19.840726   1.867096 36.362
 86   325.658 55235.86070873 51.45  19.839996   1.870406 36.362
 86   325.759 55235.86070937 49.22  19.839276   1.873706 36.362
 86   325.762 55235.86071002 48.81  19.838546   1.877016 36.362
 87   326.023 55270.86071801 53.01  19.840857   1.867288 37.352
 87   326.045 55270.86071866 50.29  19.840127   1.870598 37.352
 87   326.044 55270.86071930 50.66  19.839407   1.873898 37.352
 87   326.052 55270.86071995 50.63  19.838677   1.877208 37.352
 88   326.519 55305.86069042 51.52  19.841535   1.870698 39.954
 88   326.537 55305.86069107 52.60  19.840815   1.873998 39.954
 88   326.566 55305.86069171 53.72  19.840085   1.877308 39.954
 89   326.050 55340.86069007 27.83  19.840833   1.868897 16.299
 89   325.868 55340.86069071 23.74  19.840113   1.872197 16.299
 89   325.756 55340.86069136 23.65  19.839383   1.875507 16.299
 89   326.005 55340.86069200 25.00  19.838653   1.878807 16.299
 90   325.573 55375.86068245 26.76  19.841100   1.869971 15.409
 90   325.234 55375.86068309 20.38  19.840380   1.873271 15.409
 90   325.212 55375.86068374 20.12  19.839650   1.876581 15.409
 90   325.469 55375.86068438 20.51  19.838920   1.879881 15.409
 91   325.377 55410.86070489 51.90  19.841544   1.868637 35.786
 91   325.410 55410.86070554 51.18  19.840824   1.871937 35.786
 91   325.428 55410.86070618 51.41  19.840094   1.875247 35.786
 91   325.447 55410.86070683 50.44  19.839364   1.878547 35.786
 92   324.903 55445.86069871 53.07  19.840923   1.870295 37.310
 92   324.949 55445.86069935 50.19  19.840203   1.873595 37.310
 92   324.955 55445.86070000 49.68  19.839473   1.876905 37.310
 93   325.042 55480.86063173 52.05  19.842050   1.870088 32.790
 93   325.068 55480.86063238 51.59  19.841320   1.873398 32.790
 93   325.096 55480.86063302 48.65  19.840600   1.876698 32.790
 93   325.112 55480.86063367 48.28  19.839870   1.880008 32.790
