-155714.985    31.471     0.00    2.38
-155338.840    31.523     0.14    2.26
-154962.694    31.861     0.90    2.73
-154586.548    32.412     1.46    2.97
-154210.401    32.838     1.13    2.68
-153834.254    32.123    -1.90    2.75
-153458.106    31.050    -2.85    2.53
-153081.958    30.279    -2.05    1.85
-152705.810    29.496    -2.08    2.15
-152329.660    29.944     1.19    2.70
-151953.511    30.644     1.86    2.97
-151577.360    31.198     1.47    2.93
-151201.210    31.760     1.49    2.78
-150825.058    31.725    -0.09    2.88
-150448.907    31.104    -1.65    3.33
-150072.754    30.308    -2.11    2.78
-149696.602    30.971     1.76    3.10
-149320.448    31.100     0.34    3.15
-148944.294    30.828    -0.72    3.32
-148568.140    30.077    -2.00    3.27
-148191.985    29.131    -2.51    2.81
-147815.830    29.023    -0.29    2.64
-147439.674    30.373     3.59    2.61
-147063.517    31.509     3.02    3.00
-146687.360    32.838     3.53    3.09
-146311.203    34.023     3.15    2.89
-145935.045    34.459     1.16    3.02
-145558.886    34.644     0.49    2.98
-145182.727    35.523     2.34    2.86
-144806.567    35.407    -0.31    2.47
-144430.407    35.106    -0.80    2.73
-144054.246    34.888    -0.58    2.26
-143678.085    34.023    -2.30    2.22
-143301.923    33.185    -2.23    3.33
-142925.760    32.305    -2.34    3.63
-142549.597    31.523    -2.08    3.53
-142173.434    30.818    -1.87    3.18
-141797.269    30.338    -1.27    2.48
-141421.105    30.773     1.15    2.68
-141044.939    30.741    -0.09    2.89
-140668.774    30.869     0.34    3.01
-140292.607    31.628     2.02    2.64
-139916.440    32.077     1.19    2.85
-139540.273    31.818    -0.69    2.87
-139164.105    30.861    -2.54    2.96
-138787.936    30.818    -0.11    2.63
-138411.767    30.673    -0.39    2.37
-138035.597    30.308    -0.97    2.42
-137659.427    29.888    -1.12    2.75
-137283.256    28.861    -2.73    2.67
-136907.084    28.266    -1.58    3.45
-136530.912    25.917    -6.24    5.33
-136154.740    23.773    -5.70    5.45
-135778.566    20.923    -7.58    5.23
-135402.392    19.733    -3.16    4.88
-135026.218    22.752     8.03    6.55
-134650.043    26.638    10.33    6.76
-134273.867    28.838     5.85    5.51
-133897.691    29.707     2.31    4.33
-133521.514    29.617    -0.24    3.94
-133145.337    30.177     1.49    3.12
-132769.159    30.384     0.55    2.81
-132392.981    30.177    -0.55    2.76
-132016.801    29.100    -2.86    4.19
-131640.622    28.054    -2.78    5.47
-131264.487    26.050    -5.33    7.00
-130888.430    22.320    -9.92    7.24
-130512.371    20.320    -5.32    6.27
-130136.313    19.455    -2.30    5.51
-129760.253    22.828     8.97    6.89
-129384.193    25.459     6.99    6.51
-129008.132    28.100     7.02    4.78
-128632.071    28.786     1.82    4.06
-128256.009    30.207     3.78    4.49
-127879.947    32.356     5.71    3.80
-127503.884    30.843    -4.02    6.59
-127127.820    27.455    -9.01    8.22
-126751.755    22.664   -12.74    7.96
-126375.690    20.806    -4.94    6.29
-125999.625    22.891     5.54    6.50
-125623.558    26.286     9.03    7.30
-125247.492    30.648    11.60    5.85
-124871.424    32.253     4.27    4.85
-124495.356    31.838    -1.10    5.56
-124119.287    31.689    -0.40    5.41
-123743.218    28.433    -8.66    6.75
-123367.148    24.467   -10.55    7.32
-122991.077    21.356    -8.27    6.79
-122615.006    17.575   -10.05    2.51
-122238.934    16.888    -1.83    2.25
-121862.861    17.048     0.43    2.15
-121486.788    16.766    -0.75    2.11
-121110.714    16.997     0.61    2.71
-120734.639    18.023     2.73    3.16
-120358.564    19.707     4.48    3.68
-119982.488    21.698     5.30    3.25
-119606.411    22.509     2.16    2.82
-119230.334    21.996    -1.37    2.96
-118854.256    20.741    -3.33    2.69
-118478.178    18.228    -6.68    3.03
-118102.099    16.946    -3.41    2.99
-117726.019    15.800    -3.05    1.91
-117349.938    15.330    -1.25    1.52
-116973.857    15.745     1.10    1.77
-116597.775    15.865     0.32    1.75
-116221.693    17.330     3.90    4.33
-115845.610    20.154     7.51    6.09
-115469.526    21.942     4.75    6.58
-115093.441    22.741     2.12    6.34
-114717.356    20.623    -5.63    4.79
-114341.270    19.698    -2.46    4.52
-113965.184    19.865     0.44    4.72
-113589.096    19.969     0.28    6.01
-113213.009    19.888    -0.22    6.46
-112836.920    21.212     3.52    7.40
-112460.831    19.137    -5.52    6.56
-112084.741    18.689    -1.19    6.26
-111708.650    17.023    -4.43    3.12
-111332.559    17.606     1.55    4.43
-110956.467    18.894     3.43    5.09
-110580.374    20.760     4.96    6.15
-110204.280    21.681     2.45    6.42
-109828.186    22.151     1.25    6.58
-109452.091    22.286     0.36    6.82
-109075.996    22.189    -0.26    6.50
-108699.899    22.470     0.75    6.70
-108323.803    23.151     1.81    6.79
-107947.705    23.384     0.62    6.11
-107571.606    22.510    -2.32    5.79
-107195.507    21.575    -2.48    5.92
-106819.408    19.942    -4.34    5.18
-106443.307    18.320    -4.31    4.77
-106067.206    17.536    -2.08    4.11
-105691.104    18.766     3.27    4.20
-105315.001    20.100     3.55    4.31
-104938.898    20.671     1.52    3.97
-104562.794    18.766    -5.07    4.33
-104186.689    17.917    -2.26    3.98
-103810.583    18.154     0.63    4.62
-103434.477    19.401     3.32    5.35
-103058.370    21.248     4.91    5.52
-102682.262    23.391     5.70    4.97
-102306.154    24.550     3.08    4.95
-101930.045    26.681     5.66    4.99
-101553.935    27.967     3.42    3.71
-101177.824    27.023    -2.51    4.62
-100801.713    26.305    -1.91    4.65
-100425.600    24.823    -3.94    4.58
-100049.488    23.779    -2.77    3.85
 -99673.374    24.482     1.87    2.74
 -99297.259    24.401    -0.22    2.31
 -98921.144    23.773    -1.67    2.48
 -98545.028    23.617    -0.41    2.92
 -98168.912    23.575    -0.11    3.87
 -97792.794    23.049    -1.40    3.98
 -97416.676    23.535     1.29    3.99
 -97040.557    23.536     0.00    3.70
 -96664.438    21.948    -4.22    4.93
 -96288.317    22.181     0.62    5.81
 -95912.196    20.467    -4.56    6.65
 -95536.074    19.563    -2.40    6.68
 -95159.951    18.634    -2.47    6.58
 -94783.828    16.707    -5.12    5.32
 -94407.704    14.843    -4.95    4.68
 -94031.579    12.568    -6.05    1.37
 -93655.453    14.891     6.18    4.94
 -93279.326    17.725     7.54    6.03
 -92903.199    18.995     3.38    5.84
 -92527.071    18.407    -1.56    5.72
 -92150.942    16.865    -4.10    5.71
 -91774.812    14.638    -5.92    4.62
 -91398.682    14.356    -0.75    4.49
 -91022.551    13.891    -1.24    4.17
 -90646.419    14.806     2.43    4.97
 -90270.286    15.228     1.12    5.75
 -89894.152    14.869    -0.95    5.84
 -89518.018    14.745    -0.33    5.31
 -89141.883    15.023     0.74    5.00
 -88765.747    15.861     2.23    4.51
 -88389.610    16.671     2.16    4.10
 -88013.473    16.260    -1.09    2.90
 -87637.334    17.251     2.64    3.75
 -87261.195    18.773     4.04    4.61
 -86885.055    20.102     3.53    4.87
 -86508.914    19.773    -0.87    5.18
 -86132.773    18.253    -4.04    5.99
 -85756.631    16.996    -3.34    5.93
 -85380.487    14.549    -6.51    5.15
 -85004.343    14.917     0.98    5.55
 -84628.199    15.997     2.87    6.32
 -84252.053    16.320     0.86    6.85
 -83875.907    17.391     2.85    6.65
 -83499.759    19.123     4.60    5.80
 -83123.611    19.680     1.48    4.28
 -82747.462    19.752     0.19    3.66
 -82371.313    19.671    -0.22    3.71
 -81995.162    21.644     5.25    4.40
 -81619.011    23.779     5.68    4.41
 -81242.859    24.828     2.79    4.27
 -80866.706    25.023     0.52    3.49
 -80490.552    24.549    -1.26    3.16
 -80114.397    22.969    -4.20    3.64
 -79738.242    21.382    -4.22    3.57
 -79362.085    20.365    -2.70    3.54
 -78985.928    19.433    -2.48    3.30
 -78609.770    18.833    -1.59    3.09
 -78233.611    19.074     0.64    3.47
 -77857.452    19.162     0.23    3.39
 -77481.291    19.286     0.33    3.20
 -77105.130    18.561    -1.93    2.56
 -76728.968    18.835     0.73    2.74
 -76352.805    19.382     1.45    2.42
 -75976.641    19.266    -0.31    2.44
 -75600.476    19.578     0.83    2.29
 -75224.310    18.969    -1.62    1.88
 -74848.144    18.662    -0.82    1.64
 -74471.977    18.681     0.05    1.63
 -74095.808    18.946     0.70    1.84
 -73719.639    18.374    -1.52    2.18
 -73343.469    17.869    -1.34    2.48
 -72967.299    17.407    -1.23    2.45
 -72591.127    16.920    -1.30    2.27
 -72214.954    16.158    -2.03    2.14
 -71838.781    16.151    -0.02    1.98
 -71462.607    15.590    -1.49    2.43
 -71086.432    14.401    -3.16    2.89
 -70710.256    13.617    -2.08    3.35
 -70334.079    11.741    -4.99    3.58
 -69957.901     9.382    -6.27    3.95
 -69581.723     7.417    -5.22    4.04
 -69205.543     5.745    -4.45    3.04
 -68829.363     4.158    -4.22    1.70
 -68453.181     3.467    -1.84    0.97
 -68076.999     3.312    -0.41    1.01
 -67700.816     3.074    -0.63    1.15
 -67324.632     2.752    -0.85    1.15
 -66948.447     2.444    -0.82    1.31
 -66572.262     2.202    -0.64    1.32
 -66196.075     2.228     0.07    1.36
 -65819.888     2.185    -0.11    1.28
 -65443.699     1.971    -0.57    1.21
 -65067.510     1.915    -0.15    1.65
 -64691.320     2.131     0.57    1.82
 -64315.129     2.077    -0.14    1.49
 -63938.937     2.300     0.59    1.97
 -63562.744     2.253    -0.12    1.66
 -63186.550     2.715     1.23    1.98
 -62810.355     3.050     0.89    2.04
 -62434.160     3.707     1.74    1.89
 -62057.963     4.495     2.09    2.49
 -61681.766     4.104    -1.04    2.59
 -61305.567     4.253     0.40    2.69
 -60929.368     4.536     0.75    3.01
 -60553.168     6.102     4.16    3.71
 -60176.967     6.996     2.38    3.48
 -59800.764     8.023     2.73    3.30
 -59424.561     8.212     0.50    2.93
 -59048.358     8.423     0.56    3.13
 -58672.153     9.356     2.48    3.34
 -58295.947     9.800     1.18    3.47
 -57919.740     9.996     0.52    2.93
 -57543.533     9.374    -1.65    3.10
 -57167.324     8.654    -1.91    2.79
 -56791.115     8.535    -0.32    2.37
 -56414.904     8.347    -0.50    2.25
 -56038.830     9.223     2.33    2.31
 -55662.806     8.865    -0.95    2.83
 -55286.781     8.347    -1.38    2.90
 -54910.756     8.917     1.52    3.21
 -54534.729     9.356     1.17    3.18
 -54158.702     9.523     0.44    3.22
 -53782.673     8.995    -1.40    3.57
 -53406.644     7.689    -3.47    3.69
 -53030.614     6.050    -4.36    2.92
 -52654.582     5.473    -1.54    2.40
 -52278.550     5.535     0.17    2.17
 -51902.517     5.423    -0.30    1.63
 -51526.483     5.401    -0.06    1.52
 -51150.448     5.401     0.00    1.48
 -50774.411     4.996    -1.08    1.60
 -50398.374     5.971     2.59    2.96
 -50022.336     6.969     2.65    3.36
 -49646.297     8.828     4.94    3.77
 -49270.257     9.433     1.61    3.24
 -48894.217     9.049    -1.02    3.41
 -48518.175     8.266    -2.08    3.52
 -48142.132     7.151    -2.97    3.16
 -47766.088     6.125    -2.73    2.44
 -47390.043     5.828    -0.79    1.55
 -47013.997     7.048     3.24    3.17
 -46637.951     8.078     2.74    3.81
 -46261.903     9.023     2.51    3.90
 -45885.854     8.920    -0.27    4.24
 -45509.804     7.491    -3.80    3.89
 -45133.754     7.482    -0.02    3.93
 -44757.702     6.286    -3.18    2.66
 -44381.649     5.833    -1.20    1.84
 -44005.596     5.433    -1.07    1.29
 -43629.541     5.996     1.50    2.65
 -43253.485     7.612     4.30    4.58
 -42877.428    10.484     7.64    5.43
 -42501.371    12.433     5.18    5.26
 -42125.312    15.401     7.89    3.97
 -41749.252    16.971     4.18    2.70
 -41373.192    17.356     1.02    2.26
 -40997.130    17.912     1.48    2.14
 -40621.067    17.865    -0.12    2.42
 -40245.004    16.888    -2.60    2.93
 -39868.939    16.536    -0.93    3.04
 -39492.873    17.612     2.86    3.77
 -39116.806    18.991     3.67    3.47
 -38740.739    20.356     3.63    3.02
 -38364.670    21.535     3.14    2.27
 -37988.600    21.356    -0.48    2.56
 -37612.529    21.100    -0.68    2.74
 -37236.458    20.320    -2.07    2.53
 -36860.385    19.920    -1.06    2.19
 -36484.311    19.549    -0.99    2.05
 -36108.236    19.075    -1.26    2.39
 -35732.160    19.104     0.08    2.98
 -35356.083    16.843    -6.01    5.78
 -34980.005    13.818    -8.05    6.54
 -34603.926    10.245    -9.50    6.00
 -34227.846     7.698    -6.77    4.19
 -33851.765     5.590    -5.61    2.44
 -33475.682     4.590    -2.66    1.79
 -33099.599     4.050    -1.44    1.42
 -32723.515     3.640    -1.09    0.92
 -32347.430     3.523    -0.31    0.96
 -31971.343     3.125    -1.06    1.19
 -31595.256     2.773    -0.94    1.05
 -31219.168     2.484    -0.77    1.07
 -30843.078     2.455    -0.08    0.99
 -30466.988     2.312    -0.38    1.09
 -30090.896     1.891    -1.12    1.19
 -29714.803     1.407    -1.29    1.31
 -29338.710     0.861    -1.45    1.21
 -28962.615     0.391    -1.25    0.88
 -28586.519     0.123    -0.71    0.44
 -28210.422     0.023    -0.27    0.00
 -27834.324     0.102     0.21    0.49
 -27458.225     0.455     0.94    1.14
 -27082.125     0.779     0.86    1.72
 -26706.024     1.104     0.86    1.93
 -26329.922     1.162     0.15    1.99
 -25953.818     0.894    -0.71    1.84
 -25577.714     0.638    -0.68    1.43
 -25201.608     0.536    -0.27    1.26
 -24825.502     0.330    -0.55    1.00
 -24449.394     0.260    -0.19    0.91
 -24073.286     0.228    -0.08    0.89
 -23697.176     0.023    -0.55    0.00
 -23321.065     0.023     0.00    0.00
 -22944.953     0.023     0.00    0.00
 -22568.840     0.023     0.00    0.00
 -22192.726     0.023     0.00    0.00
 -21816.611     0.023     0.00    0.00
 -21440.494     0.023     0.00    0.00
 -21064.377     0.023     0.00    0.00
 -20688.258     0.023     0.00    0.00
 -20312.139     0.023     0.00    0.00
 -19936.018     0.023     0.00    0.00
 -19559.896     0.023     0.00    0.00
 -19183.773     0.145     0.32    0.78
 -18807.649     0.374     0.61    1.40
 -18431.524     0.202    -0.46    0.68
 -18055.398     0.286     0.22    0.83
 -17679.271     0.202    -0.22    0.79
 -17303.142     0.266     0.17    1.04
 -16927.013     0.523     0.68    1.54
 -16550.882     0.320    -0.54    1.13
 -16174.750     0.293    -0.07    1.07
 -15798.617     0.212    -0.22    0.57
 -15422.483     0.080    -0.35    0.34
 -15046.348     0.074    -0.02    0.32
 -14670.212     0.023    -0.14    0.00
 -14294.074     0.051     0.08    0.17
 -13917.936     0.050    -0.00    0.16
 -13541.796     0.050     0.00    0.29
 -13165.655    -0.056    -0.28    0.43
 -12789.513    -0.227    -0.45    0.49
 -12413.370    -0.329    -0.27    0.59
 -12037.226    -0.451    -0.33    0.56
 -11661.081    -0.398     0.14    0.60
 -11284.934    -0.311     0.23    0.62
 -10908.786    -0.221     0.24    0.49
 -10532.638    -0.052     0.45    0.47
 -10156.488     0.075     0.34    0.32
  -9780.337     0.131     0.15    0.31
  -9404.184     0.077    -0.14    0.23
  -9028.031    -0.005    -0.22    0.29
  -8651.877    -0.080    -0.20    0.45
  -8275.721    -0.182    -0.27    0.47
  -7899.564    -0.177     0.01    0.47
  -7523.406    -0.162     0.04    0.46
  -7147.247    -0.085     0.20    0.46
  -6771.087    -0.005     0.21    0.38
  -6394.925     0.100     0.28    0.35
  -6018.763     0.131     0.08    0.31
  -5642.599     0.074    -0.15    0.22
  -5266.434     0.075     0.00    0.23
  -4890.268     0.073    -0.01    0.22
  -4514.100     0.023    -0.13    0.00
  -4137.932     0.023     0.00    0.00
  -3761.762     0.023     0.00    0.00
  -3385.592     0.050     0.07    0.17
  -3009.420     0.023    -0.07    0.33
  -2633.246    -0.112    -0.36    0.48
  -2257.072    -0.248    -0.36    0.56
  -1880.897    -0.439    -0.51    0.55
  -1504.720    -0.577    -0.37    0.50
  -1128.542    -0.465     0.30    0.51
   -752.363    -0.267     0.53    0.46
   -376.183    -0.088     0.47    0.32
     -0.001     0.023     0.30    0.00
    376.181     0.102     0.21    0.49
    752.365     0.365     0.70    0.97
   1128.550     0.671     0.81    1.25
   1504.737     0.894     0.59    1.32
   1880.924     1.185     0.77    1.40
   2257.113     0.946    -0.64    1.24
   2633.302     0.523    -1.12    0.93
   3009.493     0.194    -0.87    0.51
   3385.686     0.104    -0.24    0.36
   3761.879     0.023    -0.22    0.00
   4138.074     0.050     0.07    0.16
   4514.270     0.374     0.86    1.62
   4890.467     0.467     0.25    1.70
   5266.665     0.348    -0.32    1.51
   5642.865     0.356     0.02    1.51
   6019.065     0.644     0.77    2.71
   6395.267     3.971     8.84    8.64
   6771.470     8.233    11.33   13.79
   7147.675    15.382    19.00   20.05
   7523.880    28.320    34.39   28.26
   7900.087    38.279    26.47   32.73
   8276.295    41.689     9.06   29.59
   8652.505    37.869   -10.16   22.68
   9028.715    30.612   -19.29   14.71
   9404.927    28.116    -6.63   10.21
   9781.140    30.644     6.72   10.33
  10157.354    37.023    16.95   14.23
  10533.570    45.050    21.34   24.16
  10909.786    59.833    39.30   35.10
  11286.004    73.606    36.61   33.67
  11662.223    92.286    49.65   36.09
  12038.444   108.305    42.58   36.55
  12414.665   120.942    33.59   32.86
  12790.888   128.154    19.17   31.00
  13167.113   132.510    11.58   33.85
  13543.338   148.330    42.05   33.53
  13919.565   163.861    41.28   27.52
  14295.793   176.689    34.10   21.10
  14672.022   179.293     6.92   18.35
  15048.252   170.760   -22.68   25.66
  15424.484   148.312   -59.66   39.74
  15800.717   116.773   -83.83   43.21
  16176.951    81.202   -94.54   36.05
  16553.187    57.996   -61.68   16.84
  16929.423    54.217   -10.04   11.53
  17305.661    60.125    15.70   16.65
  17681.901    70.439    27.41   16.16
  18058.141    82.417    31.84   26.91
  18434.383    92.417    26.58   29.69
  18810.604   101.185    23.30   27.28
  19186.588   116.023    39.46   31.23
  19562.574   133.125    45.49   35.22
  19938.560   155.638    59.88   32.78
  20314.548   175.996    54.14   24.82
  20690.537   182.587    17.53   19.39
  21066.528   185.104     6.69   15.72
  21442.520   179.482   -14.95   17.48
  21818.513   166.725   -33.93   19.43
  22194.507   154.023   -33.78   16.48
  22570.503   146.100   -21.07   12.42
  22946.499   145.869    -0.61   11.59
  23322.498   146.662     2.11   11.00
  23698.497   151.946    14.05    9.86
  24074.498   154.106     5.75   11.79
  24450.500   154.207     0.27   16.95
  24826.503   151.510    -7.17   23.68
  25202.508   141.969   -25.38   27.00
  25578.514   130.891   -29.46   26.62
  25954.521   118.074   -34.09   24.16
  26330.530   105.073   -34.58   20.24
  26706.540    94.563   -27.95   14.82
  27082.551    84.535   -26.67   12.71
  27458.564    74.786   -25.93   10.98
  27834.578    69.239   -14.75    9.30
  28210.593    62.833   -17.04    7.45
  28586.609    58.634   -11.17    7.53
  28962.627    52.654   -15.90    8.05
  29338.646    46.823   -15.51    7.47
  29714.667    42.023   -12.77    5.61
  30090.688    37.279   -12.62    4.50
  30466.711    34.563    -7.22    4.02
  30842.736    35.312     1.99    6.35
  31218.762    41.664    16.89   14.52
  31594.789    51.602    26.43   17.82
  31970.817    62.495    28.97   17.37
  32346.847    75.970    35.84   19.18
  32722.878    87.023    29.39   22.89
  33098.910    99.773    33.91   25.13
  33474.944   108.894    24.26   22.69
  33850.979   121.260    32.88   20.72
  34227.016   129.806    22.73   20.03
  34603.053   130.725     2.44   20.38
  34979.092   132.495     4.71   26.22
  35355.133   141.971    25.20   26.56
  35731.175   140.973    -2.66   25.48
  36107.218   133.861   -18.91   23.84
  36483.262   123.223   -28.29   19.95
  36859.308   115.075   -21.67   11.71
  37235.356   116.023     2.52   11.48
  37611.404   118.644     6.97   11.75
  37987.454   122.023     8.98   11.66
  38363.505   127.779    15.31   17.75
  38739.558   135.662    20.96   18.77
  39115.612   147.523    31.54   20.82
  39491.667   165.245    47.13   18.37
  39867.724   172.484    19.25   20.68
  40243.782   183.125    28.30   21.23
  40619.842   193.023    26.32   17.09
  40995.903   197.969    13.15   17.70
  41371.965   199.077     2.95   16.44
  41748.029   202.590     9.34   15.13
  42124.094   204.073     3.94   13.93
  42500.160   206.725     7.05   12.29
  42876.228   211.786    13.46   10.79
  43252.297   217.549    15.32   10.17
  43628.368   228.549    29.25   17.22
  44004.439   242.915    38.20   19.29
  44380.513   256.612    36.42   16.97
  44756.588   266.733    26.91   12.80
  45132.664   272.078    14.21    9.26
  45508.741   274.861     7.40    8.96
  45884.820   279.828    13.21    9.94
  46260.900   283.023     8.49   10.86
  46636.982   290.125    18.89    9.07
  47013.065   294.898    12.69    6.28
  47389.150   293.563    -3.55    6.44
  47765.235   291.806    -4.67    5.91
  48141.323   290.212    -4.24    4.38
  48517.411   292.356     5.70    3.91
  48893.501   295.681     8.84    4.92
  49269.593   298.612     7.80    9.01
  49645.686   296.535    -5.52   18.60
  50021.780   286.971   -25.43   30.74
  50397.876   268.185   -49.95   36.64
  50773.973   251.792   -43.59   37.33
  51150.072   235.838   -42.42   28.80
  51526.172   225.689   -26.99   23.47
  51902.273   222.428    -8.67   22.29
  52278.376   215.023   -19.69   19.79
  52654.480   207.725   -19.40   14.17
  53030.586   201.561   -16.39   12.42
  53406.693   194.326   -19.24   12.49
  53782.802   195.305     2.60   17.49
  54158.912   196.549     3.31   24.05
  54535.023   191.995   -12.11   27.81
  54911.136   190.484    -4.02   30.39
  55287.250   184.158   -16.82   30.68
  55663.366   179.587   -12.15   32.55
  56039.483   181.128     4.10   36.95
  56415.602   181.997     2.31   35.50
  56791.722   175.590   -17.03   33.54
  57167.844   169.865   -15.22   29.71
  57543.966   158.869   -29.24   22.84
  57920.091   146.106   -33.93   17.49
  58296.217   139.158   -18.47   19.48
  58672.344   135.455    -9.84   20.38
  59048.473   130.158   -14.08   21.42
  59424.603   126.401    -9.99   23.21
  59800.735   122.937    -9.21   25.83
  60176.868   124.498     4.15   31.45
  60553.003   125.970     3.91   36.76
  60929.139   134.752    23.35   41.77
  61305.276   139.433    12.44   37.31
  61681.415   135.523   -10.40   35.80
  62057.556   133.286    -5.95   32.99
  62433.698   124.128   -24.35   32.43
  62809.841   116.048   -21.48   35.46
  63185.986    98.828   -45.78   46.71
  63562.132    67.207   -84.07   45.92
  63938.280    43.923   -61.90   29.82
  64314.429    29.194   -39.16   16.92
  64690.580    33.888    12.48   18.79
  65066.732    49.752    42.18   26.31
  65442.886    63.861    37.51   32.16
  65819.041    89.888    69.19   40.53
  66195.198   117.662    73.84   44.09
  66571.356   144.741    71.99   44.75
  66947.516   158.894    37.63   45.96
  67323.677   173.050    37.63   49.10
  67699.840   165.689   -19.57   52.81
  68076.004   159.587   -16.22   48.13
  68452.170   156.151    -9.13   38.38
  68828.337   162.077    15.75   36.07
  69204.506   183.253    56.30   41.51
  69580.676   207.273    63.85   36.50
  69956.847   220.707    35.71   26.83
  70333.021   227.286    17.49   23.58
  70709.195   226.491    -2.11   28.36
  71085.371   226.356    -0.36   29.61
  71461.549   233.104    17.94   28.15
  71837.728   244.078    29.17   25.46
  72213.909   259.131    40.01   18.68
  72590.091   268.689    25.41    9.98
  72966.275   272.417     9.91    8.49
  73342.460   273.448     2.74    8.39
  73718.647   275.536     5.55    8.14
  74094.836   275.484    -0.14    8.40
  74471.025   274.535    -2.52   10.29
  74847.217   271.510    -8.04   13.42
  75223.410   263.861   -20.33   16.96
  75599.604   254.689   -24.38   20.48
  75975.800   244.320   -27.56   24.62
  76351.998   237.401   -18.39   24.90
  76728.197   235.212    -5.82   27.13
  77104.397   247.846    33.58   23.07
  77480.599   255.484    20.30   19.07
  77856.803   253.484    -5.32   17.25
  78233.008   244.245   -24.56   24.19
  78609.215   235.050   -24.44   25.38
  78985.423   229.495   -14.77   29.35
  79361.633   234.391    13.01   30.62
  79737.844   239.279    12.99   24.28
  80114.057   236.563    -7.22   20.26
  80490.272   235.338    -3.26   17.92
  80866.488   236.496     3.08   19.81
  81242.705   246.664    27.03   22.62
  81618.924   260.833    37.66   18.80
  81995.145   267.698    18.25   16.62
  82371.367   269.575     4.99   13.64
  82747.591   265.861    -9.87   15.11
  83123.817   255.347   -27.94   18.93
  83500.043   245.550   -26.04   17.51
  83876.272   242.766    -7.40   18.99
  84252.502   243.792     2.73   20.68
  84628.734   252.794    23.93   15.68
  85004.967   261.417    22.92   18.92
  85381.202   266.185    12.67   14.62
  85757.438   262.189   -10.62   16.54
  86133.676   250.348   -31.47   21.51
  86509.916   239.077   -29.96   22.51
  86886.157   230.628   -22.46   23.24
  87262.399   229.075    -4.13   25.00
  87638.644   224.773   -11.44   22.82
  88014.889   220.779   -10.61   19.97
  88391.137   211.198   -25.47   21.55
  88767.386   198.971   -32.50   20.44
  89143.636   187.662   -30.06   21.21
  89519.889   181.590   -16.14   16.94
  89896.142   185.131     9.41   20.13
  90272.398   199.023    36.92   25.62
  90648.655   218.869    52.75   23.01
  91024.913   233.189    38.06   20.39
  91401.174   247.664    38.47   17.86
  91777.435   257.917    27.25   14.60
  92153.699   268.412    27.89   12.41
  92529.964   276.818    22.34   14.26
  92906.230   281.638    12.81   15.64
  93282.499   293.154    30.61   15.33
  93658.768   301.077    21.06   12.49
  94034.892   307.074    15.94    7.96
  94410.834   311.482    11.73    4.61
  94786.777   312.202     1.92    4.25
  95162.722   313.398     3.18    4.08
  95538.669   313.937     1.43    3.84
  95914.617   314.833     2.38    4.53
  96290.567   315.320     1.29    4.90
  96666.518   315.185    -0.36    4.63
  97042.471   315.760     1.53    4.80
  97418.426   316.856     2.92    4.35
  97794.382   316.730    -0.34    3.66
  98170.340   317.433     1.87    2.94
  98546.300   317.266    -0.44    2.35
  98922.261   317.100    -0.44    2.46
  99298.224   316.523    -1.53    2.68
  99674.188   315.228    -3.44    3.16
 100050.154   314.495    -1.95    3.43
 100426.122   314.177    -0.85    3.14
 100802.091   314.689     1.36    2.15
 101178.062   315.151     1.23    1.67
 101554.035   315.202     0.14    1.65
 101930.009   314.679    -1.39    1.62
 102305.985   314.942     0.70    1.85
 102681.963   314.185    -2.01    2.56
 103057.942   314.050    -0.36    2.61
 103433.923   313.917    -0.35    2.35
 103809.905   313.833    -0.22    2.28
 104185.889   314.305     1.25    1.65
 104561.875   314.279    -0.07    1.60
 104937.863   314.181    -0.26    1.79
 105313.852   313.806    -1.00    1.72
 105689.843   313.470    -0.89    1.86
 106065.835   312.612    -2.28    1.93
 106441.829   311.245    -3.64    2.19
 106817.825   309.920    -3.52    2.40
 107193.823   309.412    -1.35    2.42
 107569.822   309.733     0.86    2.77
 107945.823   311.151     3.77    3.21
 108321.825   313.523     6.31    2.77
 108697.829   315.891     6.30    3.13
 109073.835   317.733     4.90    2.82
 109449.843   319.185     3.86    2.03
 109825.852   319.920     1.96    1.48
 110201.863   320.563     1.71    2.34
 110577.875   322.074     4.02    4.40
 110953.890   321.715    -0.95    5.67
 111329.906   320.128    -4.22    5.99
 111705.923   318.944    -3.15    4.89
 112081.943   318.177    -2.04    3.49
 112457.964   318.484     0.82    3.20
 112833.986   319.374     2.37    2.04
 113210.011   319.496     0.33    2.02
 113586.037   319.590     0.25    1.94
 113962.065   320.023     1.15    1.78
 114338.094   320.391     0.98    1.57
 114714.126   321.273     2.34    1.74
 115090.158   322.177     2.40    1.71
 115466.193   322.920     1.98    1.64
 115842.229   323.606     1.82    1.38
 116218.267   324.177     1.52    1.48
 116594.307   324.698     1.39    1.63
 116970.349   325.356     1.75    1.72
 117346.392   326.075     1.91    1.54
 117722.437   326.338     0.70    1.30
 118098.483   326.347     0.02    1.43
 118474.532   326.356     0.02    1.49
 118850.582   326.648     0.78    1.84
 119226.634   327.523     2.33    2.04
 119602.687   328.239     1.90    2.42
 119978.742   328.915     1.80    2.20
 120354.799   329.104     0.50    2.13
 120730.858   328.833    -0.72    1.79
 121106.918   328.876     0.11    1.74
 121482.981   328.798    -0.21    1.59
 121859.045   328.561    -0.63    1.68
 122235.110   328.356    -0.55    1.43
 122611.178   328.484     0.34    1.54
 122987.247   328.563     0.21    1.64
 123363.318   329.338     2.06    1.69
 123739.390   329.944     1.61    1.99
 124115.465   330.612     1.78    2.06
 124491.541   331.050     1.16    1.83
 124867.618   331.602     1.47    2.04
 125243.698   333.073     3.91    3.18
 125619.779   336.050     7.92    5.08
 125995.862   338.338     6.08    5.44
 126371.947   340.293     5.20    5.31
 126748.034   340.752     1.22    6.83
 127124.122   337.617    -8.34    6.01
 127500.212   336.467    -3.06    5.02
 127876.304   337.279     2.16    5.56
 128252.398   339.023     4.64    5.78
 128628.493   340.320     3.45    5.42
 129004.591   341.664     3.57    4.54
 129380.690   340.996    -1.77    4.41
 129756.790   339.843    -3.07    4.95
 130132.893   338.365    -3.93    4.65
 130508.997   337.792    -1.52    5.33
 130885.103   335.134    -7.07    5.48
 131261.211   333.338    -4.77    4.92
 131637.321   331.074    -6.02    3.07
 132013.432   329.880    -3.18    1.78
 132389.545   330.125     0.65    2.34
 132765.660   330.563     1.16    2.59
 133141.777   331.077     1.37    2.56
 133517.896   330.942    -0.36    2.60
 133894.016   330.162    -2.07    2.34
 134270.138   329.689    -1.26    2.51
 134646.262   329.023    -1.77    2.95
 135022.388   328.266    -2.01    2.82
 135398.515   327.202    -2.83    3.32
 135774.644   325.760    -3.84    3.79
 136150.776   324.654    -2.94    3.69
 136526.908   324.320    -0.89    3.30
 136903.043   324.148    -0.46    3.11
 137279.180   324.158     0.03    2.49
 137655.318   324.509     0.93    2.56
 138031.458   324.239    -0.72    2.37
 138407.600   324.412     0.46    2.18
 138783.744   324.484     0.19    2.05
 139159.889   324.689     0.55    2.26
 139536.037   325.439     1.99    2.16
 139912.186   324.671    -2.04    3.33
 140288.337   322.455    -5.89    5.66
 140664.490   319.812    -7.03    7.17
 141040.645   315.723   -10.87    7.92
 141416.801   309.347   -16.95   13.54
 141792.959   297.681   -31.02   23.36
 142169.119   283.049   -38.90   27.98
 142545.281   259.286   -63.17   33.00
 142921.445   238.104   -56.31   29.82
 143297.611   228.673   -25.07   29.84
 143673.778   209.628   -50.63   38.72
 144049.948   189.969   -52.26   43.63
 144426.119   174.861   -40.16   38.74
 144802.292   164.080   -28.66   41.72
 145178.467   158.715   -14.26   43.61
 145554.643   163.869    13.70   45.95
 145930.822   161.737    -5.67   48.42
 146307.002   168.942    19.15   61.25
 146683.184   181.158    32.47   69.29
 147059.368   177.725    -9.12   64.12
 147435.554   180.323     6.90   65.93
 147811.742   180.023    -0.80   64.10
 148187.932   184.664    12.34   62.86
 148564.123   179.102   -14.79   70.18
 148940.316   178.330    -2.05   70.83
 149316.512   176.536    -4.77   76.45
 149692.709   182.169    14.97   81.69
 150068.908   186.549    11.64   81.39
 150445.108   189.245     7.17   87.12
 150821.311   198.888    25.63   87.61
 151197.516   201.212     6.18   82.00
 151573.722   200.861    -0.93   79.16
 151949.930   213.023    32.33   81.46
 152326.140   233.964    55.66   77.80
 152702.352   239.971    15.97   89.63
 153078.566   244.207    11.26   91.87
 153454.782   239.273   -13.12   84.99
 153831.000   213.971   -67.25   96.82
 154207.219   185.293   -76.23  100.16
 154583.441   139.048  -122.92   85.96
 154959.664   102.407   -97.39   53.88
 155335.889    91.356   -29.37   30.77
 155712.116   109.104    47.17   41.65
 156088.345   145.305    96.22   57.84
 156464.576   193.612   128.40   64.74
 156840.809   246.467   140.49   57.58
 157217.043   284.752   101.76   43.16
 157593.280   313.293    75.86   24.59
 157969.518   327.996    39.08   12.46
 158345.759   335.602    20.22    9.65
 158722.001   340.251    12.36    6.89
 159098.245   343.173     7.76    6.04
 159474.491   345.812     7.02    4.21
 159850.739   347.698     5.01    3.35
 160226.989   349.971     6.04    2.86
 160603.241   351.470     3.98    2.61
 160979.494   352.365     2.38    2.03
 161355.750   353.391     2.73    1.38
 161732.008   353.638     0.66    1.58
 162108.267   354.482     2.24    2.32
 162484.528   355.812     3.53    2.35
 162860.792   357.098     3.42    2.51
 163237.057   358.794     4.51    2.24
 163613.324   359.644     2.26    2.20
 163989.593   360.455     2.15    1.64
 164365.864   360.482     0.07    1.82
 164742.137   360.590     0.29    2.29
 165118.412   360.356    -0.62    2.32
 165494.689   360.523     0.44    2.00
 165870.967   361.102     1.54    2.41
 166247.248   360.996    -0.28    2.85
 166623.531   361.382     1.03    2.78
 166999.815   361.417     0.10    2.86
 167376.102   361.971     1.47    2.93
 167752.390   363.482     4.01    3.37
 168128.681   364.612     3.00    3.68
 168504.973   366.523     5.08    3.53
 168881.267   367.733     3.22    2.86
 169257.251   368.948     3.23    2.47
 169633.162   370.417     3.91    2.86
 170009.075   371.279     2.29    2.88
 170384.989   372.158     2.34    2.73
 170760.906   372.185     0.07    2.37
 171136.825   371.428    -2.01    2.64
 171512.745   370.578    -2.26    3.03
 171888.668   370.023    -1.48    2.55
 172264.592   369.946    -0.20    2.53
 172640.518   369.915    -0.08    1.78
 173016.447   370.587     1.79    1.89
 173392.377   370.638     0.14    1.95
 173768.309   371.100     1.23    1.86
 174144.244   371.374     0.73    1.80
 174520.180   371.869     1.32    1.53
 174896.118   372.482     1.63    1.76
 175272.058   373.401     2.44    2.53
 175648.000   374.154     2.00    2.51
 176023.945   375.335     3.14    2.43
 176399.891   375.997     1.76    2.68
 176775.839   375.575    -1.12    3.26
 177151.789   374.915    -1.76    4.67
 177527.741   372.698    -5.90    7.23
 177903.695   367.967   -12.58   14.11
 178279.651   365.075    -7.69   16.88
 178655.609   361.365    -9.87   17.23
 179031.569   355.563   -15.43   17.33
 179407.531   337.843   -47.13   39.71
 179783.495   312.997   -66.09   54.26
 180159.461   264.587  -128.77   77.94
 180535.429   203.077  -163.61   78.69
 180911.399   151.330  -137.64   76.77
 181287.371    97.725  -142.58   64.86
 181663.345    55.590  -112.07   53.32
 182039.321    20.752   -92.66   39.50
 182415.299    -0.602   -56.80   19.43
 182791.279    -8.182   -20.16    2.85
 183167.261    -5.688     6.64    9.48
 183543.245     3.467    24.35   19.39
 183919.231    22.715    51.19   32.99
 184295.219    45.773    61.33   37.12
 184671.209    68.286    59.88   40.39
 185047.201    99.612    83.32   42.30
 185423.195   125.698    69.38   48.20
 185799.192   159.075    88.77   56.80
 186175.190   176.023    45.07   72.76
 186551.190   194.484    49.10   86.97
 186927.192   199.644    13.72   91.40
 187303.196   195.510   -11.00   93.00
 187679.203   182.338   -35.03   87.51
 188055.211   166.550   -41.99   74.20
 188431.221   166.455    -0.25   65.53
 188807.234   188.050    57.43   77.50
 189183.248   222.535    91.71   93.34
 189559.265   254.664    85.45   95.63
 189935.283   272.134    46.46   93.38
 190311.304   292.100    53.10   85.80
 190687.326   295.106     8.00   82.12
 191063.351   308.128    34.63   69.40
 191439.378   320.100    31.84   62.37
 191815.406   337.233    45.57   51.66
 192191.437   358.023    55.29   35.21
 192567.470   372.971    39.75   16.34
 192943.505   379.173    16.49   10.97
 193319.542   383.077    10.38    5.72
 193695.581   383.898     2.18    6.36
 194071.622   386.048     5.72    4.77
 194447.665   387.634     4.22    2.32
 194823.710   387.861     0.60    2.48
 195199.757   387.912     0.14    2.21
 195575.807   388.444     1.42    2.29
 195951.858   387.798    -1.72    4.14
 196327.911   387.439    -0.95    5.20
 196703.967   386.723    -1.91    6.43
 197080.025   388.131     3.74    5.58
 197456.084   389.969     4.89    4.64
 197832.146   391.917     5.18    3.95
 198208.210   393.681     4.69    2.07
 198584.276   395.131     3.86    1.63
 198960.344   395.942     2.16    1.50
 199336.414   396.648     1.88    1.48
 199712.486   397.245     1.59    1.48
 200088.560   396.248    -2.65    4.32
 200464.637   395.154    -2.91    5.90
 200840.715   395.050    -0.28    6.73
 201216.796   395.050    -0.00    6.62
 201592.878   395.162     0.30    6.31
 201968.963   395.664     1.34    5.57
 202345.050   394.798    -2.30    5.74
 202721.139   394.482    -0.84    5.83
 203097.230   394.573     0.24    5.22
 203473.323   394.812     0.64    4.62
 203849.418   395.049     0.63    3.95
 204225.515   395.455     1.08    2.66
 204601.615   395.484     0.08    3.03
 204977.716   395.347    -0.36    2.68
 205353.820   395.217    -0.35    2.96
 205729.926   395.125    -0.24    3.25
 206106.033   394.939    -0.49    3.43
 206482.143   395.279     0.90    3.45
 206858.256   396.407     3.00    2.65
 207234.370   396.828     1.12    2.33
 207610.486   396.915     0.23    2.25
 207986.605   397.023     0.29    2.19
 208362.725   396.891    -0.35    2.33
 208738.848   397.433     1.44    2.69
 209114.973   398.266     2.21    2.63
 209491.100   399.664     3.72    1.72
 209867.229   400.587     2.45    1.12
 210243.360   400.944     0.95    1.17
 210619.493   401.320     1.00    1.84
 210995.629   401.971     1.73    2.03
 211371.767   402.786     2.17    2.34
 211747.906   403.134     0.93    2.31
 212124.048   403.766     1.68    2.16
 212500.192   404.356     1.57    2.15
 212876.339   404.628     0.72    1.90
 213252.487   405.074     1.19    1.54
 213628.638   405.148     0.20    1.79
 214004.790   405.050    -0.26    1.91
 214380.945   405.455     1.08    2.02
 214757.102   405.185    -0.72    2.67
 215133.261   405.638     1.20    3.02
 215509.422   405.717     0.21    3.58
 215885.586   404.997    -1.91    7.67
 216261.752   401.228   -10.02   16.83
 216637.919   397.407   -10.16   24.62
 217014.089   387.374   -26.67   42.82
 217390.261   381.330   -16.07   36.19
 217766.436   365.233   -42.79   46.82
 218142.612   343.745   -57.12   55.84
 218518.791   308.888   -92.66   73.74
 218894.972   270.644  -101.67   74.65
 219271.154   248.023   -60.14   72.13
 219647.340   232.818   -40.42   81.39
 220023.527   195.210   -99.97   80.96
 220399.716   152.391  -113.83   66.44
 220775.908   118.970   -88.84   42.00
 221152.102   100.942   -47.92   19.41
 221528.298    97.510    -9.12   19.96
 221904.496   105.806    22.05   32.65
 222280.697   112.510    17.82   51.00
 222656.899   129.843    46.08   68.77
 223033.104   153.365    62.53   84.04
 223409.311   141.470   -31.62   76.07
 223785.520   123.587   -47.54   68.91
 224161.732   100.154   -62.29   51.97
 224537.945    84.550   -41.48   42.19
 224914.161    92.293    20.58   62.64
 225290.379   100.212    21.05   78.41
 225666.599   104.509    11.42   82.49
 226042.822   103.971    -1.43   87.85
 226419.046    87.991   -42.48   63.11
 226795.273    73.561   -38.36   46.78
 227171.502    74.305     1.98   41.62
 227547.733    84.578    27.31   56.61
 227923.967    91.561    18.56   65.41
 228300.203    88.158    -9.05   63.78
 228676.440    77.433   -28.51   40.05
 229052.681    68.181   -24.59   23.11
 229428.923    66.330    -4.92   21.54
 229805.167    69.698     8.95   25.83
 230181.414    74.048    11.56   32.35
 230557.663    73.123    -2.46   33.22
 230933.915    69.023   -10.90   34.41
 231310.168    64.698   -11.49   28.92
 231686.424    62.482    -5.89   26.33
 232062.682    57.536   -13.15   23.37
 232438.942    57.293    -0.65   23.65
 232815.204    60.308     8.01   25.64
 233191.469    66.098    15.39   32.68
 233567.736    77.356    29.92   33.05
 233944.005    83.023    15.06   30.45
 234320.276    85.356     6.20   28.40
 234696.550    87.245     5.02   26.02
 235072.826   100.681    35.71   39.32
 235449.104   130.496    79.24   57.87
 235825.384   185.279   145.60   83.69
 236201.667   250.077   172.21   88.12
 236577.952   303.733   142.60   83.50
 236954.239   348.766   119.68   71.59
 237330.528   376.578    73.91   52.59
 237706.820   380.075     9.29   45.25
 238083.114   363.347   -44.46   62.26
 238459.410   346.509   -44.75   70.63
 238835.708   353.698    19.11   62.85
 239212.009   369.794    42.78   53.01
 239588.312   332.561   -98.95   87.09
 239964.617   262.023  -187.46  110.69
 240340.925   189.861  -191.77  104.71
 240717.234   118.766  -188.93   62.79
 241093.547    86.260   -86.39   25.83
 241469.861    77.766   -22.57   20.69
 241846.177    76.177    -4.22   23.76
 242222.496    73.869    -6.13   25.49
 242598.818    61.662   -32.44   21.40
 242975.141    53.944   -20.51   16.39
 243351.467    48.792   -13.69    6.36
 243727.795    47.856    -2.49    5.75
 244104.046    48.125     0.72    5.54
 244479.918    46.812    -3.49    2.74
 244855.792    47.888     2.86    7.47
 245231.669    47.266    -1.65    5.42
 245607.548    48.915     4.39    6.01
 245983.429    51.715     7.45    7.23
 246359.313    54.998     8.73    6.75
 246735.198    57.266     6.03    6.20
 247111.086    60.398     8.33   10.91
 247486.977    63.181     7.40   14.59
 247862.870    61.760    -3.78   12.78
 248238.765    64.644     7.67   16.48
 248614.662    67.100     6.53   19.65
 248990.562    74.606    19.97   24.12
 249366.463    76.888     6.07   24.44
 249742.368    77.312     1.13   22.97
 250118.274    78.794     3.94   20.07
 250494.183    79.177     1.02   19.03
 250870.094    89.330    27.01   18.50
 251246.008   100.106    28.67   12.53
 251621.924   103.374     8.69   13.90
 251997.842   104.104     1.94   19.92
 252373.762   100.733    -8.97   19.58
 252749.685   100.223    -1.36   19.42
 253125.610   102.563     6.23   18.73
 253501.537   116.459    36.96   25.06
 253877.467   126.760    27.40   24.22
 254253.399   140.996    37.87   29.73
 254629.334   154.320    35.44   34.74
 255005.270   163.423    24.21   35.76
 255381.209   170.812    19.66   32.95
 255757.151   162.888   -21.08   36.72
 256133.094   151.104   -31.35   36.88
 256509.041   135.634   -41.15   34.80
 256884.989   125.818   -26.11   35.09
 257260.940   125.638    -0.48   37.47
 257636.893   128.223     6.88   40.39
 258012.848   124.779    -9.16   41.25
 258388.806   113.239   -30.70   38.01
 258764.766   101.233   -31.93   31.61
 259140.729    98.148    -8.21   30.41
 259516.694    93.671   -11.91   22.97
 259892.661    92.628    -2.78   17.04
 260268.630    94.812     5.81   20.67
 260644.602    95.433     1.65   21.77
 261020.577    87.293   -21.65   20.85
 261396.553    78.723   -22.80   14.07
 261772.532    73.207   -14.67    7.40
 262148.514    70.996    -5.88    5.10
 262524.497    71.158     0.43    5.12
 262900.484    70.967    -0.51    4.99
 263276.472    68.869    -5.58    4.63
 263652.463    68.125    -1.98    5.57
 264028.456    66.273    -4.93    3.38
 264404.452    66.861     1.56    5.14
 264780.450    68.725     4.96    8.11
 265156.450    70.833     5.61   13.26
 265532.453    73.448     6.95   14.85
 265908.458    73.915     1.24   15.92
 266284.465    79.523    14.92   21.87
 266660.475    85.049    14.70   23.75
 267036.488    95.638    28.16   32.07
 267412.502    97.266     4.33   33.41
 267788.519    98.340     2.86   31.66
 268164.539   109.253    29.03   35.26
 268540.561   112.550     8.77   37.13
 268916.585   118.401    15.56   37.07
 269292.612   118.617     0.58   36.66
 269668.641   117.048    -4.17   34.22
 270044.672   127.330    27.34   35.32
 270420.706   125.566    -4.69   36.20
 270796.742   116.766   -23.40   38.03
 271172.781    99.942   -44.74   23.18
 271548.822    93.689   -16.63   15.77
 271924.866   112.279    49.44   33.62
 272300.911   128.707    43.69   39.72
 272676.960   148.100    51.57   39.23
 273053.011   151.286     8.47   36.70
 273429.064   138.348   -34.41   39.51
 273805.119   119.347   -50.53   32.24
 274181.177   113.448   -15.69   19.54
 274557.238   120.100    17.69   25.69
 274933.300   137.023    45.00   31.58
 275309.366   137.320     0.79   32.49
 275685.433   140.509     8.48   27.87
 276061.504   145.509    13.30   32.33
 276437.576   153.894    22.30   36.57
 276813.651   159.134    13.93   37.14
 277189.728   158.330    -2.14   38.16
 277565.808   155.891    -6.49   34.01
 277941.891   145.328   -28.09   27.54
 278317.975   151.151    15.48   28.81
 278694.063   149.279    -4.98   27.31
 279070.152   145.356   -10.43   24.37
 279446.244   143.833    -4.05   18.49
 279822.339   148.997    13.73   22.99
 280198.436   152.347     8.91   23.90
 280574.535   150.741    -4.27   22.57
 280950.637   147.323    -9.09   17.71
 281326.741   153.995    17.74   26.11
 281702.848   158.671    12.43   25.69
 282078.957   156.969    -4.53   27.79
 282455.069   152.104   -12.94   29.22
 282831.183   136.628   -41.15   14.43
 283207.300   133.439    -8.48   12.24
 283583.419   137.623    11.12   15.04
 283959.540   145.391    20.66   19.24
 284335.664   147.942     6.78   18.98
 284711.791   155.510    20.12   25.70
 285087.920   160.128    12.28   26.15
 285464.051   161.444     3.50   26.92
 285840.185   163.773     6.19   28.87
 286216.321   162.587    -3.15   26.22
 286592.460   158.293   -11.42   20.49
 286968.602   157.869    -1.13   21.19
 287344.745   165.848    21.21   28.49
 287720.892   171.051    13.83   29.40
 288097.041   175.455    11.71   30.71
 288473.192   182.888    19.76   33.05
 288849.346   183.077     0.50   28.25
 289225.502   191.266    21.77   31.52
 289601.661   202.550    30.00   38.55
 289977.822   211.598    24.05   41.35
 290353.986   220.228    22.94   43.26
 290730.152   220.671     1.18   38.08
 291106.320   224.664    10.61   35.92
 291482.492   225.996     3.54   32.26
 291858.665   221.741   -11.31   23.62
 292234.842   228.320    17.49   21.75
 292611.020   234.228    15.71   18.94
 292987.202   243.939    25.82   17.41
 293363.385   251.202    19.31   15.46
 293739.572   253.818     6.95   19.24
 294115.760   242.866   -29.11   29.92
 294491.952   220.671   -59.00   37.00
 294868.146   198.077   -60.06   28.92
 295244.342   182.154   -42.33   15.31
 295620.541   178.509    -9.69   12.93
 295996.742   176.717    -4.76   11.90
 296372.946   183.997    19.35   16.05
 296749.152   200.433    43.69   25.74
 297125.361   229.917    78.38   53.59
 297501.573   268.628   102.90   63.74
 297877.787   286.729    48.12   59.55
 298254.003   306.110    51.52   60.99
