-114869.980   101.943     0.00    5.32
-114493.893   100.542    -3.73    5.96
-114117.807    98.004    -6.75    7.96
-113741.722    93.822   -11.12    9.11
-113365.639    88.824   -13.29    8.23
-112989.558    85.600    -8.57    6.64
-112613.478    81.286   -11.47    7.54
-112237.399    78.525    -7.34    8.84
-111861.323    75.260    -8.68    7.76
-111485.247    72.057    -8.52    8.12
-111109.173    70.994    -2.83    7.93
-110733.101    69.901    -2.91    8.04
-110357.030    67.707    -5.84    6.80
-109980.960    65.004    -7.19    6.62
-109604.892    63.498    -4.00    5.61
-109228.826    60.585    -7.75    6.08
-108852.761    59.309    -3.39    6.11
-108476.697    59.446     0.37    6.90
-108100.635    58.468    -2.60    6.60
-107724.575    57.465    -2.67    6.87
-107348.516    55.795    -4.44    7.69
-106972.458    51.850   -10.49    7.25
-106596.402    49.722    -5.66    6.50
-106220.348    48.568    -3.07    6.24
-105844.294    47.606    -2.56    4.99
-105468.243    47.696     0.24    4.14
-105092.192    49.714     5.37    4.46
-104716.144    50.011     0.79    3.82
-104340.096    50.147     0.36    3.47
-103964.051    49.363    -2.08    3.37
-103588.006    47.927    -3.82    2.83
-103211.963    48.863     2.49    4.52
-102835.922    50.474     4.28    6.10
-102459.882    51.468     2.64    6.58
-102083.843    53.002     4.08    6.29
-101707.806    52.679    -0.86    5.65
-101331.771    53.055     1.00    5.41
-100955.737    54.093     2.76    5.76
-100579.704    55.600     4.01    5.73
-100203.673    55.312    -0.77    5.58
 -99827.643    56.312     2.66    5.59
 -99451.614    57.579     3.37    4.24
 -99075.587    58.004     1.13    4.44
 -98699.562    57.876    -0.34    4.12
 -98323.538    55.498    -6.33    4.99
 -97947.515    54.038    -3.88    4.77
 -97571.494    52.922    -2.97    4.16
 -97195.474    52.363    -1.49    3.58
 -96819.456    52.183    -0.48    3.83
 -96443.439    52.113    -0.19    3.76
 -96067.423    52.286     0.46    4.30
 -95691.409    52.613     0.87    4.20
 -95315.397    52.100    -1.36    4.21
 -94939.386    50.696    -3.73    3.75
 -94563.376    49.201    -3.98    4.97
 -94187.367    47.021    -5.80    5.08
 -93811.361    45.876    -3.05    4.47
 -93435.355    44.038    -4.89    4.10
 -93059.351    43.066    -2.59    3.91
 -92683.348    40.927    -5.69    4.48
 -92307.347    38.594    -6.21    4.40
 -91931.347    38.141    -1.20    4.54
 -91555.349    36.336    -4.80    4.25
 -91179.352    35.057    -3.40    4.13
 -90803.356    35.021    -0.10    4.67
 -90427.274    35.063     0.11    4.39
 -90051.005    35.807     1.98    3.92
 -89674.738    37.313     4.00    3.25
 -89298.472    37.768     1.21    3.83
 -88922.207    39.768     5.32    4.55
 -88545.944    40.573     2.14    4.91
 -88169.683    41.942     3.64    4.58
 -87793.423    42.363     1.12    4.26
 -87417.164    42.552     0.50    2.59
 -87040.906    41.738    -2.16    2.88
 -86664.650    41.029    -1.88    3.02
 -86288.395    40.888    -0.38    3.47
 -85912.142    40.047    -2.23    3.31
 -85535.890    39.918    -0.34    3.27
 -85159.640    39.876    -0.11    3.38
 -84783.390    39.085    -2.10    4.56
 -84407.143    37.747    -3.56    5.01
 -84030.896    36.055    -4.50    4.98
 -83654.651    34.228    -4.86    4.19
 -83278.407    33.388    -2.23    4.51
 -82902.165    33.619     0.62    5.20
 -82525.924    33.784     0.44    5.31
 -82149.685    33.525    -0.69    4.97
 -81773.447    33.158    -0.98    5.14
 -81397.210    32.542    -1.64    4.78
 -81020.974    31.168    -3.65    4.86
 -80644.740    30.696    -1.26    4.41
 -80268.507    29.891    -2.14    3.84
 -79892.276    29.415    -1.26    3.31
 -79516.046    29.901     1.29    2.94
 -79139.817    29.514    -1.03    2.97
 -78763.590    29.795     0.75    2.95
 -78387.364    30.768     2.59    2.50
 -78011.139    31.093     0.86    2.59
 -77634.916    31.942     2.26    2.57
 -77258.694    31.891    -0.14    4.14
 -76882.473    29.004    -7.67    7.51
 -76506.254    25.260    -9.95    8.78
 -76130.036    22.850    -6.41    7.73
 -75753.820    21.336    -4.02    6.71
 -75377.605    23.152     4.83    7.33
 -75001.391    26.927    10.03    6.36
 -74625.178    29.029     5.59    8.54
 -74248.967    31.132     5.59    9.19
 -73872.757    36.502    14.27   12.79
 -73496.548    42.073    14.81   13.41
 -73120.341    46.850    12.70   12.20
 -72744.135    47.550     1.86    9.53
 -72367.931    49.521     5.24    8.49
 -71991.727    51.784     6.02    8.75
 -71615.525    52.687     2.40    9.86
 -71239.325    53.594     2.41    7.39
 -70863.125    56.957     8.94    9.85
 -70486.927    63.388    17.09   14.64
 -70110.731    74.953    30.74   20.16
 -69734.535    80.152    13.82   20.03
 -69358.341    85.521    14.27   19.20
 -68982.148    87.747     5.92   17.25
 -68605.957    81.824   -15.74   16.02
 -68229.767    77.279   -12.08   15.55
 -67853.578    73.363   -10.41   14.82
 -67477.390    70.525    -7.54   15.27
 -67101.204    69.660    -2.30   16.07
 -66725.019    67.038    -6.97   18.23
 -66348.836    63.394    -9.69   13.79
 -65972.653    63.824     1.14   13.40
 -65596.472    63.004    -2.18   14.17
 -65220.292    65.446     6.49   14.12
 -64844.114    71.312    15.59   16.31
 -64467.937    81.120    26.07   20.96
 -64091.761    95.106    37.18   24.90
 -63715.586   109.679    38.74   18.13
 -63339.413   116.337    17.70   13.97
 -62963.241   116.876     1.43   12.40
 -62587.070   115.029    -4.91   10.63
 -62210.901   113.463    -4.16    8.33
 -61834.732   114.946     3.94    7.14
 -61458.565   116.336     3.69    6.36
 -61082.400   110.822   -14.66   12.99
 -60706.235    97.147   -36.36   23.12
 -60330.072    74.822   -59.35   29.38
 -59953.910    52.991   -58.04   23.10
 -59577.750    40.663   -32.77   13.32
 -59201.590    42.055     3.70   17.89
 -58825.432    51.011    23.81   23.75
 -58449.275    66.055    39.99   26.12
 -58073.120    74.038    21.22   23.75
 -57696.966    72.389    -4.38   26.23
 -57320.812    65.440   -18.48   32.84
 -56944.661    57.363   -21.47   32.09
 -56568.510    45.474   -31.61   31.85
 -56192.361    39.494   -15.90   28.96
 -55816.213    30.260   -24.55   21.49
 -55440.066    22.668   -20.18   11.08
 -55063.920    21.542    -2.99    8.50
 -54687.776    20.957    -1.55    7.62
 -54311.633    20.633    -0.86    8.44
 -53935.491    21.147     1.37    8.72
 -53559.351    21.279     0.35    8.74
 -53183.211    21.927     1.72    9.15
 -52807.073    23.388     3.88    9.40
 -52430.936    23.930     1.44   10.23
 -52054.801    24.888     2.55    9.94
 -51678.666    26.258     3.64    9.42
 -51302.533    27.722     3.89    8.91
 -50926.401    30.957     8.60    6.83
 -50550.270    32.953     5.30    3.34
 -50174.141    31.391    -4.15    4.50
 -49798.013    29.201    -5.82    4.89
 -49421.886    27.258    -5.17    3.94
 -49045.760    25.877    -3.67    1.95
 -48669.635    25.568    -0.82    2.97
 -48293.512    26.440     2.32    4.58
 -47917.390    27.029     1.57    4.45
 -47541.269    27.498     1.25    4.34
 -47165.149    29.849     6.25    5.12
 -46789.030    32.994     8.36    5.75
 -46412.913    36.513     9.35    5.42
 -46036.797    39.011     6.64    3.61
 -45660.682    39.953     2.50    2.59
 -45284.568    40.363     1.09    3.16
 -44908.455    40.258    -0.28    3.12
 -44532.344    39.768    -1.30    3.40
 -44156.234    39.763    -0.01    2.99
 -43780.125    40.073     0.83    2.78
 -43404.017    39.252    -2.18    3.22
 -43027.911    39.147    -0.28    3.99
 -42651.805    39.849     1.87    4.15
 -42275.701    40.491     1.71    4.63
 -41899.598    43.004     6.68    5.63
 -41523.496    46.391     9.01    7.95
 -41147.395    54.768    22.27   12.96
 -40771.296    65.471    28.46   16.90
 -40395.198    76.768    30.04   17.04
 -40019.101    83.363    17.53   13.18
 -39643.005    85.255     5.03   12.38
 -39266.910    80.876   -11.64   14.93
 -38890.816    73.336   -20.05   18.41
 -38514.724    69.927    -9.07   17.20
 -38138.633    66.471    -9.19   13.60
 -37762.543    67.997     4.06   12.72
 -37386.454    72.258    11.33   13.92
 -37010.366    80.029    20.67   17.21
 -36634.279    88.525    22.59   19.10
 -36258.194   101.224    33.77   16.42
 -35882.110   109.660    22.43   12.28
 -35506.027   115.799    16.32    8.39
 -35129.945   120.163    11.60    7.23
 -34753.864   121.901     4.62    8.39
 -34377.784   123.994     5.57    8.51
 -34001.706   127.752     9.99    7.68
 -33625.628   130.414     7.08    7.70
 -33249.552   132.915     6.65    7.06
 -32873.477   137.106    11.14    6.29
 -32497.403   139.521     6.42    5.64
 -32121.330   141.671     5.72    4.98
 -31745.259   142.038     0.98    5.59
 -31369.188   139.722    -6.16    6.73
 -30993.119   136.901    -7.50    6.34
 -30617.051   133.335    -9.48    5.97
 -30240.984   131.444    -5.03    5.28
 -29864.918   129.633    -4.82    4.17
 -29488.853   127.984    -4.38    3.60
 -29112.789   127.336    -1.72    3.85
 -28736.727   127.113    -0.59    4.44
 -28360.665   126.563    -1.46    6.21
 -27984.605   125.652    -2.42    6.51
 -27608.546   123.093    -6.81    7.63
 -27232.488   119.927    -8.42    8.16
 -26856.431   118.126    -4.79    7.84
 -26480.375   116.784    -3.57    6.78
 -26104.320   115.687    -2.92    7.30
 -25728.267   110.645   -13.41   11.61
 -25352.214   100.585   -26.75   16.18
 -24976.163    88.876   -31.14   16.84
 -24600.112    74.209   -39.00   16.87
 -24224.063    61.775   -33.07   13.56
 -23848.015    54.903   -18.27   11.73
 -23471.968    51.038   -10.28    8.88
 -23095.922    51.768     1.94    5.04
 -22719.878    51.768     0.00    4.24
 -22343.834    50.474    -3.44    6.03
 -21967.791    44.414   -16.11   12.57
 -21591.750    37.773   -17.66   14.46
 -21215.710    29.633   -21.65   11.56
 -20839.670    23.784   -15.55    4.31
 -20463.632    23.626    -0.42    3.12
 -20087.595    24.978     3.60    2.58
 -19711.559    25.606     1.67    2.19
 -19335.524    25.747     0.38    1.97
 -18959.490    25.141    -1.61    1.96
 -18583.457    24.465    -1.80    1.52
 -18207.426    24.106    -0.95    1.29
 -17831.395    24.144     0.10    1.18
 -17455.366    23.927    -0.58    1.89
 -17079.337    23.336    -1.57    2.35
 -16703.310    22.687    -1.73    2.93
 -16327.284    21.652    -2.75    2.65
 -15951.258    20.335    -3.50    2.35
 -15575.234    19.542    -2.11    1.93
 -15199.071    19.517    -0.07    2.07
 -14822.836    18.741    -2.06    2.02
 -14446.601    18.081    -1.76    2.70
 -14070.368    17.799    -0.75    2.58
 -13694.136    16.953    -2.25    2.54
 -13317.905    16.255    -1.85    2.56
 -12941.675    16.106    -0.39    2.42
 -12565.447    15.309    -2.12    2.83
 -12189.219    13.930    -3.66    3.09
 -11812.992    12.660    -3.38    3.64
 -11436.766    13.238     1.54    4.27
 -11060.542    14.953     4.56    4.32
 -10684.318    16.126     3.12    3.69
 -10308.096    16.835     1.88    3.26
  -9931.874    17.568     1.95    3.22
  -9555.654    18.085     1.37    3.38
  -9179.434    18.747     1.76    3.60
  -8803.216    19.312     1.50    3.99
  -8426.998    17.309    -5.32    6.29
  -8050.782    13.942    -8.95    7.00
  -7674.567    11.465    -6.58    5.82
  -7298.353     8.513    -7.85    2.64
  -6922.139     8.471    -0.11    2.94
  -6545.927     7.953    -1.38    3.11
  -6169.716     7.784    -0.45    3.53
  -5793.506     7.714    -0.19    3.35
  -5417.297     8.498     2.08    3.77
  -5041.089     8.106    -1.04    3.53
  -4664.882     6.440    -4.43    4.80
  -4288.676     5.188    -3.33    5.01
  -3912.471     4.057    -3.01    4.73
  -3536.267     4.568     1.36    5.42
  -3160.064     6.085     4.03    5.64
  -2783.862     4.152    -5.14    5.98
  -2407.661     2.491    -4.42    5.15
  -2031.461    -0.006    -6.64    2.27
  -1655.262     0.047     0.14    1.19
  -1279.064     0.336     0.77    1.30
   -902.867     0.338     0.00    1.29
   -526.671     0.085    -0.67    1.26
   -150.476    -0.437    -1.39    0.56
    225.718    -0.374     0.17    0.50
    601.911    -0.332     0.11    0.52
    978.103     0.282     1.63    2.82
   1354.294     3.307     8.04    6.09
   1730.484     5.465     5.74    6.44
   2106.673     8.038     6.84    5.49
   2482.861    10.579     6.76    3.43
   2859.048    11.263     1.82    2.02
   3235.234    11.731     1.25    1.65
   3611.419    12.784     2.80    2.07
   3987.603    14.336     4.13    2.41
   4363.786    15.671     3.55    2.43
   4739.968    17.073     3.73    2.43
   5116.149    17.946     2.32    2.08
   5492.329    18.824     2.33    2.01
   5868.509    18.668    -0.41    1.82
   6244.687    18.568    -0.27    1.99
   6620.864    18.568     0.00    2.00
   6997.040    18.677     0.29    1.91
   7373.216    18.417    -0.69    1.86
   7749.390    18.474     0.15    1.75
   8125.563    18.255    -0.58    1.78
   8501.736    18.158    -0.26    1.69
   8877.907    18.417     0.69    1.47
   9254.078    18.722     0.81    1.72
   9630.247    18.824     0.27    1.85
  10006.416    18.968     0.38    1.78
  10382.583    19.255     0.76    2.42
  10758.750    20.081     2.20    2.61
  11134.916    21.284     3.20    2.36
  11511.081    22.335     2.79    2.26
  11887.244    23.183     2.26    2.15
  12263.407    23.779     1.58    2.22
  12639.569    24.758     2.60    2.43
  13015.730    25.568     2.15    2.12
  13391.890    25.832     0.70    1.61
  13768.049    26.011     0.48    1.67
  14144.208    25.863    -0.40    1.91
  14520.365    25.255    -1.62    1.81
  14896.521    25.235    -0.05    1.69
  15272.677    25.201    -0.09    1.62
  15648.831    25.542     0.91    1.64
  16024.985    26.209     1.77    2.27
  16401.137    26.978     2.04    2.69
  16777.289    28.228     3.32    3.02
  17153.440    28.594     0.97    3.49
  17529.590    29.442     2.25    4.61
  17905.738    27.474    -5.23    6.92
  18281.886    26.011    -3.89    7.77
  18658.034    23.309    -7.19    7.53
  19034.180    21.741    -4.17    5.77
  19410.325    22.235     1.31    5.49
  19786.469    23.863     4.33    5.52
  20162.613    28.696    12.85    7.59
  20538.755    32.132     9.13    8.13
  20914.897    34.529     6.37    8.19
  21291.038    36.081     4.12    8.13
  21667.178    36.714     1.68    7.84
  22043.316    37.517     2.13    6.99
  22419.454    40.731     8.55    8.43
  22795.592    44.494    10.00    9.75
  23171.728    50.336    15.53    9.79
  23547.863    56.594    16.64    9.55
  23923.998    62.838    16.60   11.00
  24300.131    69.134    16.74   11.51
  24676.264    73.930    12.75   12.01
  25052.396    81.714    20.69   11.47
  25428.527    87.309    14.87   11.93
  25804.657    94.714    19.69   11.11
  26180.786   101.391    17.75    8.29
  26556.914   107.438    16.08    9.61
  26933.041   113.927    17.25    9.26
  27309.168   118.822    13.02    6.53
  27685.293   119.491     1.78    5.62
  28061.418   117.784    -4.54    7.12
  28437.542   113.705   -10.84    8.15
  28813.665   109.521   -11.12    7.71
  29189.787   108.029    -3.96    8.59
  29565.908   104.807    -8.57    7.82
  29942.029   102.521    -6.08    8.50
  30318.148   101.063    -3.88    8.12
  30694.267    97.196   -10.28    7.72
  31070.385    93.810    -9.00    7.99
  31446.502    89.038   -12.69    9.55
  31822.618    84.066   -13.22    9.90
  32198.733    79.714   -11.57    9.21
  32574.848    76.085    -9.65    9.58
  32950.961    73.440    -7.03   11.27
  33327.074    73.337    -0.27   12.95
  33703.186    75.228     5.03   12.75
  34079.297    76.081     2.27   14.26
  34455.407    78.081     5.32   12.78
  34831.516    77.132    -2.52   10.06
  35207.625    75.626    -4.00   11.79
  35583.732    73.645    -5.27   12.95
  35959.839    73.752     0.28   14.03
  36335.945    72.066    -4.48   15.36
  36712.050    70.363    -4.53   15.06
  37088.154    66.477   -10.33   15.52
  37464.258    60.978   -14.62   15.02
  37840.360    54.004   -18.54   15.39
  38216.462    48.307   -15.15   14.75
  38592.563    44.876    -9.12   13.22
  38968.663    44.418    -1.22   13.38
  39344.763    47.573     8.39   12.24
  39720.861    50.963     9.01    9.41
  40096.959    53.660     7.17    7.23
  40473.056    56.286     6.98    9.33
  40849.152    60.758    11.89   10.07
  41225.247    64.705    10.50    7.44
  41601.341    63.579    -2.99    9.50
  41977.435    59.638   -10.48   11.17
  42353.528    56.822    -7.49   10.18
  42729.620    57.011     0.50    9.83
  43105.711    61.093    10.85    8.62
  43481.801    66.077    13.25    5.66
  43857.891    67.260     3.15    6.05
  44233.980    66.850    -1.09    5.84
  44610.068    66.446    -1.07    4.42
  44986.155    62.714    -9.92    6.65
  45362.241    57.390   -14.16    8.00
  45738.327    52.284   -13.58    7.13
  46114.412    46.763   -14.68    5.38
  46490.496    43.687    -8.18    2.87
  46866.579    42.258    -3.80    2.64
  47242.661    40.889    -3.64    2.40
  47618.743    40.260    -1.67    2.15
  47994.824    40.147    -0.30    2.00
  48370.904    39.824    -0.86    2.27
  48746.983    39.286    -1.43    2.28
  49123.062    39.201    -0.23    2.69
  49499.139    39.093    -0.29    2.66
  49875.216    37.957    -3.02    2.90
  50251.292    37.284    -1.79    2.71
  50627.368    36.312    -2.59    3.58
  51003.442    35.791    -1.38    3.30
  51379.516    35.106    -1.82    3.18
  51755.589    35.363     0.68    3.14
  52131.662    34.696    -1.77    3.11
  52507.733    33.747    -2.52    2.60
  52883.804    33.568    -0.48    2.65
  53259.874    32.850    -1.91    3.71
  53635.943    31.784    -2.83    4.84
  54012.012    31.004    -2.07    4.89
  54388.080    28.724    -6.06    4.72
  54764.147    28.538    -0.49    3.95
  55140.213    27.876    -1.76    3.75
  55516.279    26.791    -2.88    3.47
  55892.343    26.228    -1.50    2.74
  56268.407    25.822    -1.08    3.09
  56644.471    25.174    -1.72    2.78
  57020.533    24.784    -1.04    2.80
  57396.595    24.876     0.25    2.78
  57772.656    25.488     1.63    2.66
  58148.716    25.942     1.21    2.11
  58524.776    25.957     0.04    1.94
  58900.835    25.863    -0.25    1.83
  59276.893    25.312    -1.47    1.57
  59652.951    25.073    -0.63    1.56
  60029.148    24.363    -1.89    1.41
  60405.345    23.722    -1.70    1.55
  60781.541    24.002     0.74    1.68
  61157.736    23.337    -1.77    2.79
  61533.931    20.106    -8.59    6.86
  61910.125    18.848    -3.35    7.86
  62286.318    18.228    -1.65    7.50
  62662.510    18.795     1.51    6.57
  63038.702    21.147     6.25    4.81
  63414.893    22.389     3.30    1.92
  63791.083    22.613     0.59    1.89
  64167.273    22.901     0.77    1.86
  64543.462    23.696     2.11    1.78
  64919.650    23.984     0.77    1.59
  65295.837    24.282     0.79    3.08
  65672.024    25.389     2.94    3.66
  66048.210    26.953     4.16    4.62
  66424.395    28.147     3.17    4.45
  66800.580    29.106     2.55    4.48
  67176.764    29.946     2.23    5.13
  67552.947    30.260     0.83    5.63
  67929.130    30.747     1.30    5.61
  68305.311    30.175    -1.52    5.57
  68681.493    29.773    -1.07    5.30
  69057.673    31.606     4.87    5.27
  69433.853    32.957     3.59    5.98
  69810.032    33.517     1.49    6.22
  70186.210    34.417     2.39    7.49
  70562.388    37.953     9.40   11.10
  70938.565    46.004    21.40   15.39
  71314.741    57.066    29.41   13.35
  71690.917    64.494    19.75   10.47
  72067.092    67.517     8.03    9.90
  72443.266    66.568    -2.52   10.70
  72819.440    61.417   -13.69   14.83
  73195.613    58.231    -8.47   15.61
  73571.785    54.741    -9.28   13.93
  73947.957    55.228     1.29   11.77
  74324.128    58.525     8.77   10.61
  74700.298    62.894    11.61    8.93
  75076.468    68.671    15.36    6.32
  75452.637    72.312     9.68    5.09
  75828.805    75.446     8.33    5.69
  76204.973    79.209    10.00    5.70
  76581.140    80.724     4.03    4.95
  76957.306    78.722    -5.32    6.09
  77333.472    75.494    -8.58    6.55
  77709.637    70.255   -13.93    6.61
  78085.801    65.660   -12.21    7.36
  78461.965    62.747    -7.74    8.70
  78838.128    59.338    -9.06    9.12
  79214.290    55.446   -10.35    8.85
  79590.452    53.671    -4.72    9.29
  79966.613    52.255    -3.76   10.25
  80342.774    46.876   -14.30    9.60
  80718.934    44.714    -5.75    9.57
  81095.093    43.563    -3.06   10.26
  81471.252    40.927    -7.01    9.73
  81847.410    41.838     2.42   10.51
  82223.567    42.957     2.98    9.61
  82599.724    42.671    -0.76    9.41
  82975.880    40.641    -5.40   10.70
  83352.035    35.573   -13.47   11.43
  83728.190    28.953   -17.60    8.31
  84104.344    25.626    -8.84    3.80
  84480.498    25.585    -0.11    4.40
  84856.651    27.415     4.87    4.23
  85232.803    27.722     0.81    4.23
  85608.955    26.946    -2.06    3.74
  85985.106    26.799    -0.39    3.30
  86361.257    26.863     0.17    2.18
  86737.406    26.795    -0.18    2.63
  87113.556    28.120     3.52    3.38
  87489.704    29.417     3.45    3.55
  87865.852    30.440     2.72    3.04
  88242.000    31.013     1.52    2.52
  88618.147    31.471     1.22    2.45
  88994.293    32.163     1.84    1.92
  89370.439    33.310     3.05    2.68
  89746.584    35.731     6.44    5.36
  90122.728    39.390     9.73    8.60
  90498.872    44.106    12.54    9.46
  90875.015    44.903     2.12    9.49
  91251.158    44.391    -1.36   10.36
  91627.300    44.468     0.21    9.31
  92003.442    44.474     0.02    9.80
  92379.583    45.594     2.98    9.95
  92755.723    49.337     9.95    9.44
  93131.863    50.820     3.94    9.20
  93508.002    51.390     1.52    9.45
  93884.140    51.363    -0.07    9.60
  94260.278    50.038    -3.52    9.40
  94636.416    49.988    -0.13   11.02
  95012.553    49.147    -2.24   11.31
  95388.689    52.179     8.06   12.74
  95764.825    54.363     5.81   13.49
  96140.960    59.440    13.50   10.92
  96517.094    59.011    -1.14   10.28
  96893.228    57.645    -3.63    8.43
  97269.362    56.073    -4.18    6.67
  97645.495    54.502    -4.18    6.73
  98021.627    55.038     1.43    7.13
  98397.759    55.196     0.42    7.80
  98773.890    56.863     4.43    8.05
  99150.021    54.747    -5.62   10.02
  99526.151    51.832    -7.75    9.41
  99902.280    52.606     2.06   10.36
 100278.409    55.957     8.91   12.84
 100654.538    61.196    13.93   12.73
 101030.666    66.081    12.99   12.51
 101406.793    72.231    16.35    9.00
 101782.920    76.876    12.35    5.33
 102159.046    76.978     0.27    5.48
 102535.172    74.722    -6.00    7.85
 102911.297    70.552   -11.09    9.54
 103287.422    67.824    -7.25    8.44
 103663.546    68.594     2.05    6.80
 104039.669    67.557    -2.76    7.11
 104415.792    63.552   -10.65   10.13
 104791.915    57.876   -15.09    9.51
 105168.037    54.093   -10.06   10.79
 105544.158    51.731    -6.28   11.65
 105920.279    52.304     1.52   10.94
 106296.400    53.588     3.41    9.74
 106672.520    53.652     0.17    9.21
 107048.639    52.807    -2.25    9.10
 107424.758    52.747    -0.16    8.79
 107800.876    52.471    -0.74    8.85
 108176.994    53.284     2.16    8.06
 108553.111    52.494    -2.10    8.89
 108929.228    48.337   -11.05    8.78
 109305.344    43.768   -12.15    8.43
 109681.460    41.679    -5.56    8.46
 110057.575    40.313    -3.63    8.46
 110433.690    37.934    -6.32    9.83
 110809.804    36.390    -4.11    8.61
 111185.918    32.038   -11.57    5.47
 111562.031    30.741    -3.45    5.19
 111938.144    29.255    -3.95    4.58
 112314.256    27.906    -3.59    3.78
 112690.368    26.938    -2.57    3.23
 113066.479    26.679    -0.69    3.46
 113442.590    26.822     0.38    3.36
 113818.700    24.876    -5.18    4.38
 114194.810    22.968    -5.07    4.07
 114570.920    21.260    -4.54    2.98
 114947.028    19.903    -3.61    1.71
 115323.137    19.568    -0.89    1.76
 115699.245    19.141    -1.14    1.87
 116075.352    19.231     0.24    2.15
 116451.459    18.671    -1.49    2.31
 116827.565    18.707     0.10    2.46
 117203.671    18.619    -0.23    3.31
 117579.777    17.093    -4.06    4.83
 117955.882    16.557    -1.42    6.10
 118331.986    14.687    -4.97    6.39
 118708.090    16.418     4.60    6.26
 119084.194    18.547     5.66    4.07
 119460.297    16.953    -4.24    4.88
 119836.400    15.876    -2.86    5.87
 120212.502    15.491    -1.02    6.11
 120588.603    15.235    -0.68    7.15
 120964.705    15.465     0.61    7.32
 121340.806    15.552     0.23    7.81
 121716.906    16.491     2.50    7.18
 122093.006    17.525     2.75    6.23
 122469.105    19.147     4.31    5.42
 122845.204    20.822     4.46    5.69
 123221.303    24.300     9.25    3.78
 123597.401    26.722     6.44    3.41
 123973.499    29.810     8.21    5.09
 124349.596    33.696    10.33    7.23
 124725.693    38.810    13.60    9.41
 125101.789    43.224    11.74    7.95
 125477.885    44.626     3.73    7.34
 125853.980    41.747    -7.65    9.43
 126230.075    39.471    -6.05    9.26
 126606.170    37.389    -5.54    6.89
 126982.264    37.004    -1.02    5.36
 127358.358    37.258     0.67    4.32
 127734.451    37.038    -0.58    3.44
 128110.544    36.081    -2.55    3.40
 128486.637    34.471    -4.28    3.90
 128862.729    35.417     2.52    4.75
 129238.820    36.120     1.87    5.07
 129614.911    36.477     0.95    5.47
 129991.002    35.722    -2.01    5.27
 130367.092    36.337     1.64    5.63
 130743.182    37.307     2.58    6.92
 131119.272    40.132     7.51    7.22
 131495.361    42.557     6.45    5.82
 131871.450    41.573    -2.62    6.61
 132247.538    39.158    -6.42    7.39
 132623.626    36.984    -5.78    7.02
 132999.713    33.626    -8.93    5.38
 133375.801    32.336    -3.43    3.72
 133751.887    31.513    -2.19    2.68
 134127.974    31.174    -0.90    2.25
 134504.059    32.388     3.23    3.77
 134880.172    34.465     5.52    5.04
 135256.333    36.307     4.90    5.69
 135632.494    38.768     6.54    6.46
 136008.655    40.613     4.90    6.58
 136384.815    40.547    -0.17    7.70
 136760.975    39.638    -2.42    7.98
 137137.135    38.613    -2.72    7.05
 137513.294    37.513    -2.92    5.78
 137889.453    36.714    -2.12    4.46
 138265.611    36.152    -1.49    3.50
 138641.769    35.626    -1.40    3.94
 139017.927    36.901     3.39    4.17
 139394.084    37.231     0.88    4.37
 139770.241    38.835     4.26    5.17
 140146.397    40.158     3.52    4.97
 140522.554    41.057     2.39    6.48
 140898.709    42.813     4.67    7.13
 141274.865    45.081     6.03    7.60
 141651.020    48.085     7.99    7.58
 142027.175    48.336     0.67    6.85
 142403.329    49.390     2.80    7.90
 142779.483    50.021     1.68    8.74
 143155.636    50.619     1.59    9.18
 143531.790    52.093     3.92    8.66
 143907.943    52.850     2.01    8.12
 144284.095    53.824     2.59    8.26
 144660.247    57.100     8.71    8.63
 145036.399    60.471     8.96    6.74
 145412.551    61.081     1.62    6.54
 145788.702    59.363    -4.57    8.04
 146164.852    58.363    -2.66    7.99
 146541.003    56.619    -4.64    7.98
 146917.153    53.974    -7.03    8.63
 147293.303    52.310    -4.42    8.84
 147669.452    49.286    -8.04    8.41
 148045.601    46.675    -6.94    7.39
 148421.750    45.363    -3.49    6.91
 148797.898    44.415    -2.52    6.68
 149174.047    42.363    -5.46    5.13
 149550.194    42.260    -0.27    4.68
 149926.342    41.741    -1.38    4.19
 150302.489    40.517    -3.26    2.54
 150678.636    40.491    -0.07    2.56
 151054.782    40.106    -1.02    2.61
 151430.928    38.984    -2.98    3.09
 151807.074    40.363     3.66    4.92
 152183.219    41.863     3.99    6.68
 152559.364    44.029     5.76    7.68
 152935.509    45.579     4.12    7.95
 153311.654    48.363     7.40    6.86
 153687.798    49.309     2.51    6.88
 154063.942    49.235    -0.20    8.01
 154440.086    51.207     5.24    7.92
 154816.229    51.568     0.96    7.68
 155192.372    51.081    -1.30    6.91
 155568.514    51.113     0.09    6.04
 155944.657    48.876    -5.95    5.52
 156320.799    48.849    -0.07    5.98
 156696.941    49.029     0.48    6.05
 157073.082    51.126     5.57    6.46
 157449.223    54.310     8.47    6.19
 157825.364    56.390     5.53    6.16
 158201.505    56.671     0.75    5.97
 158577.645    55.413    -3.34    6.82
 158953.785    55.134    -0.74    7.20
 159329.925    56.093     2.55    7.68
 159706.064    58.525     6.47    7.46
 160082.203    61.579     8.12    5.86
 160458.342    62.282     1.87    5.01
 160834.481    60.951    -3.54    6.30
 161210.619    59.838    -2.96    7.30
 161586.757    58.004    -4.88    8.27
 161962.895    55.174    -7.52    8.13
 162339.033    54.747    -1.13    8.51
 162715.170    53.705    -2.77    8.62
 163091.307    53.652    -0.14    8.78
 163467.443    54.758     2.94    8.04
 163843.580    56.235     3.93    6.56
 164219.716    55.529    -1.87    6.17
 164595.852    55.968     1.17    6.29
 164971.987    56.081     0.30    4.44
 165348.123    55.391    -1.83    4.33
 165724.258    53.994    -3.71    5.92
 166100.393    50.795    -8.51    7.27
 166476.527    48.011    -7.40    7.37
 166852.662    45.444    -6.83    7.15
 167228.796    46.391     2.52    7.38
 167604.929    45.414    -2.60    7.93
 167981.063    42.038    -8.98    9.12
 168357.196    39.309    -7.26    8.88
 168733.329    38.088    -3.25    7.66
 169109.462    38.179     0.24    8.55
 169485.595    37.671    -1.35    7.47
 169861.727    35.758    -5.09    7.43
 170237.859    33.901    -4.94    7.17
 170613.991    33.863    -0.10    7.63
 170990.123    33.876     0.04    7.71
 171366.254    33.120    -2.01    7.13
 171742.385    32.649    -1.25    6.47
 172118.516    32.312    -0.90    6.67
 172494.647    34.927     6.95    8.06
 172870.778    36.446     4.04    8.19
 173246.908    38.038     4.23    8.01
 173623.038    39.196     3.08    7.17
 173999.168    38.100    -2.92    6.29
 174375.297    38.663     1.50    5.41
 174751.427    38.957     0.78    6.37
 175127.556    39.517     1.49    6.43
 175503.685    40.863     3.58    5.73
 175879.814    40.468    -1.05    5.56
 176255.942    40.633     0.44    5.53
 176632.070    40.463    -0.45    6.45
 177008.199    43.284     7.50    6.12
 177384.326    45.255     5.24    4.97
 177760.454    44.741    -1.37    5.07
 178136.582    42.649    -5.56    5.64
 178512.709    39.286    -8.94    6.41
 178888.836    37.055    -5.93    6.40
 179264.963    33.113   -10.48    7.44
 179641.090    29.093   -10.69    7.43
 180017.216    24.579   -12.00    6.72
 180393.342    22.336    -5.96    4.56
 180769.469    20.063    -6.04    4.09
 181145.594    18.633    -3.80    4.07
 181521.720    16.705    -5.13    3.51
 181897.846    15.626    -2.87    3.12
 182273.971    15.363    -0.70    3.17
 182650.096    15.282    -0.22    3.39
 183026.221    14.888    -1.05    3.36
 183402.346    14.696    -0.51    4.49
 183778.471    18.974    11.37   10.10
 184154.595    26.309    19.50   14.23
 184530.719    35.633    24.79   13.19
 184906.844    40.930    14.08    9.10
 185282.968    40.773    -0.42    9.07
 185659.091    40.141    -1.68    8.51
 186035.215    37.106    -8.07    9.26
 186411.338    34.573    -6.73    9.53
 186787.462    30.029   -12.08    9.82
 187163.585    26.183   -10.23    9.12
 187539.708    23.722    -6.54    6.88
 187915.830    23.679    -0.11    6.75
 188291.953    23.687     0.02    6.60
 188668.076    23.747     0.16    6.31
 189044.198    23.336    -1.09    4.83
 189420.320    24.158     2.19    4.72
 189796.442    25.563     3.74    5.39
 190172.564    28.106     6.76    6.89
 190548.686    29.606     3.99    6.99
 190924.807    31.579     5.25    8.10
 191300.929    32.822     3.31    9.72
 191677.050    33.758     2.49    9.69
 192053.171    33.613    -0.38    8.96
 192429.292    36.388     7.38    9.92
 192805.413    40.055     9.75   10.14
 193181.534    40.525     1.25   10.03
 193557.654    40.029    -1.32    9.27
 193933.775    39.152    -2.33    7.78
 194309.895    39.100    -0.14    7.89
 194686.015    39.849     1.99    7.93
 195062.135    40.491     1.71    7.64
 195438.255    40.779     0.77    7.49
 195814.375    42.619     4.89    6.83
 196190.495    45.722     8.25    5.54
 196566.614    47.050     3.53    5.99
 196942.734    46.417    -1.68    6.16
 197318.853    45.147    -3.38    7.82
 197694.972    44.525    -1.65    8.50
 198071.092    43.547    -2.60    8.83
 198447.211    45.038     3.97    8.93
 198823.329    43.953    -2.89    8.15
 199199.448    41.671    -6.07    7.61
 199575.567    43.942     6.04    9.79
 199951.685    49.100    13.71   11.57
 200327.804    54.158    13.45    8.35
 200703.922    55.901     4.64    7.32
 201080.040    53.876    -5.38    8.06
 201456.159    51.517    -6.27    7.02
 201832.277    47.579   -10.47    7.61
 202208.395    43.652   -10.44    8.02
 202584.512    39.231   -11.75    8.09
 202960.630    34.332   -13.03    5.20
 203336.748    32.081    -5.98    2.43
 203712.866    34.573     6.63    6.90
 204088.983    40.252    15.10   11.60
 204465.100    47.824    20.13   11.22
 204841.218    52.696    12.95    7.21
 205217.335    52.106    -1.57    7.29
 205593.452    47.942   -11.07    8.54
 205969.569    42.255   -15.12    9.59
 206345.686    37.093   -13.72    8.52
 206721.803    33.491    -9.58    4.88
 207097.920    35.978     6.61    8.29
 207474.037    40.307    11.51   10.33
 207850.154    44.363    10.78    9.86
 208226.270    46.174     4.81    9.40
 208602.387    44.714    -3.88    9.55
 208978.503    40.876   -10.20    8.68
 209354.620    37.598    -8.72    7.12
 209730.736    37.542    -0.15    6.90
 210106.859    40.671     8.32    8.12
 210482.985    44.029     8.93    8.43
 210859.110    48.901    12.95    6.28
 211235.236    50.696     4.77    5.51
 211611.362    52.126     3.80    5.22
 211987.487    52.260     0.36    5.03
 212363.613    50.915    -3.58    5.34
 212739.738    50.579    -0.89    6.14
 213115.863    50.468    -0.29    5.94
 213491.989    52.388     5.10    5.89
 213868.114    52.201    -0.50    5.73
 214244.239    51.600    -1.60    5.91
 214620.364    51.687     0.23    5.18
 214996.490    50.984    -1.87    5.07
 215372.615    49.011    -5.25    6.70
 215748.740    45.763    -8.64    6.92
 216124.865    45.132    -1.68    6.47
 216500.990    46.338     3.21    6.54
 216877.115    48.307     5.24    5.95
 217253.240    46.963    -3.57    6.22
 217629.365    46.152    -2.15    6.19
 218005.490    46.363     0.56    5.86
 218381.614    47.205     2.24    5.27
 218757.739    47.021    -0.49    5.22
 219133.864    45.307    -4.56    5.27
 219509.989    45.255    -0.14    4.96
 219886.114    44.994    -0.69    4.98
 220262.238    44.134    -2.29    5.21
 220638.363    42.876    -3.35    5.59
 221014.488    39.106   -10.02    5.65
 221390.613    38.066    -2.77    5.20
 221766.737    36.444    -4.31    5.20
 222142.862    36.687     0.65    5.50
 222518.987    38.594     5.07    7.06
 222895.112    41.927     8.86    7.35
 223271.236    44.174     5.97    6.66
 223647.361    45.388     3.23    6.14
 224023.486    44.547    -2.24    6.21
 224399.610    45.258     1.89    5.46
 224775.735    45.795     1.43    5.79
 225151.860    47.004     3.21    5.30
 225527.985    47.731     1.93    4.33
 225904.109    45.946    -4.75    5.89
 226280.234    42.525    -9.10    6.78
 226656.359    38.696   -10.18    6.95
 227032.484    35.517    -8.45    7.41
 227408.609    31.337   -11.11    5.54
 227784.733    30.163    -3.12    5.39
 228160.858    31.282     2.97    6.30
 228536.983    31.363     0.22    6.92
 228913.108    31.606     0.65    6.73
 229289.233    32.263     1.75    6.46
 229665.358    32.768     1.34    6.03
 230041.483    35.747     7.92    7.09
 230417.608    37.152     3.74    7.62
 230793.733    39.286     5.67    8.44
 231169.858    43.525    11.27    7.23
 231545.983    44.838     3.49    5.40
 231922.108    43.705    -3.01    6.05
 232298.233    40.335    -8.96    6.74
 232674.358    35.849   -11.93    6.71
 233050.484    33.002    -7.57    6.10
 233426.609    30.417    -6.87    5.89
 233802.734    28.594    -4.85    5.55
 234178.860    28.238    -0.95    5.21
 234554.985    28.152    -0.23    4.51
 234931.111    29.152     2.66    5.01
 235307.236    31.585     6.47    7.04
 235683.362    35.106     9.36    7.76
 236059.487    38.849     9.95    7.12
 236435.613    40.876     5.39    6.09
 236811.739    41.310     1.16    5.99
 237187.865    41.388     0.21    6.22
 237563.990    40.822    -1.51    6.34
 237940.116    40.158    -1.77    5.99
 238316.242    39.594    -1.50    6.26
 238692.368    38.557    -2.76    6.22
 239068.495    35.849    -7.20    7.20
 239444.621    34.498    -3.59    8.15
 239820.747    34.876     1.01    9.19
 240196.873    34.741    -0.36    9.50
 240573.000    35.134     1.04    9.30
 240949.126    38.488     8.92    6.40
 241325.253    38.968     1.28    4.77
 241701.380    36.687    -6.06    6.70
 242077.506    34.747    -5.16    6.82
 242453.633    30.810   -10.47    6.80
 242829.760    27.889    -7.77    7.23
 243205.887    24.984    -7.72    8.32
 243582.014    22.978    -5.33    7.27
 243958.141    21.057    -5.11    6.66
 244334.269    22.047     2.63    7.09
 244710.396    21.888    -0.42    7.20
 245086.524    21.563    -0.86    6.76
 245462.651    20.498    -2.83    6.68
 245838.779    18.579    -5.10    5.77
 246214.906    16.768    -4.81    5.19
 246591.034    14.282    -6.61    4.44
 246967.162    12.974    -3.48    2.44
 247343.290    12.388    -1.56    1.97
 247719.419    10.876    -4.02    3.04
 248095.547    10.309    -1.51    3.61
 248471.675     9.073    -3.28    4.42
 248847.804     8.876    -0.53    4.57
 249223.932     9.850     2.59    4.75
 249600.061     8.417    -3.81    6.00
 249976.190     5.414    -7.98    7.15
 250352.319     2.391    -8.04    6.95
 250728.448     0.889    -3.99    6.40
 251104.577     2.468     4.20    6.24
 251480.707     4.113     4.37    5.68
 251856.836     4.953     2.23    4.81
 252232.966     5.147     0.52    3.71
 252609.095     5.309     0.43    3.72
 252985.225     4.768    -1.44    3.90
 253361.355     3.474    -3.44    3.21
 253737.485     2.600    -2.32    2.43
 254113.616     2.047    -1.47    2.63
 254489.746     1.363    -1.82    2.24
 254865.876     1.491     0.34    1.95
 255242.007     1.465    -0.07    1.76
 255618.138     2.004     1.43    1.40
 255994.269     2.093     0.24    1.28
 256370.400     2.286     0.51    1.40
 256746.531     2.795     1.35    1.50
 257122.663     3.038     0.65    1.40
 257498.794     3.309     0.72    1.43
 257874.926     3.484     0.47    1.19
 258251.058     3.876     1.04    1.45
 258627.190     4.491     1.64    1.51
 259003.322     5.168     1.80    1.67
 259379.454     5.747     1.54    1.60
 259755.587     6.224     1.27    1.46
 260131.719     6.521     0.79    1.48
 260507.852     6.850     0.88    1.55
 260883.985     7.309     1.22    1.31
 261260.118     7.652     0.91    1.59
 261636.252     8.029     1.00    1.44
 262012.385     7.913    -0.31    1.62
 262388.519     7.093    -2.18    1.88
 262764.653     6.517    -1.53    1.63
 263140.787     6.183    -0.89    1.67
 263516.921     5.974    -0.56    1.34
 263893.055     6.876     2.40    1.56
 264269.190     7.891     2.70    1.99
 264645.324     9.047     3.07    2.08
 265021.459    10.055     2.68    1.87
 265397.594    10.363     0.82    1.71
 265773.730     9.542    -2.18    2.14
 266149.865     9.579     0.10    1.99
 266526.001     9.957     1.01    2.30
 266902.137    10.600     1.71    2.28
 267278.273    11.600     2.66    2.76
 267654.409    12.714     2.96    2.68
 268030.545    13.714     2.66    2.45
 268406.682    14.388     1.79    2.17
 268782.819    14.779     1.04    2.64
 269158.956    14.763    -0.04    2.87
 269535.093    15.310     1.46    3.13
 269911.231    16.974     4.42    4.49
 270287.368    18.147     3.12    5.18
 270663.506    19.930     4.74    4.98
 271039.644    21.465     4.08    5.01
 271415.783    24.004     6.75    6.42
 271791.921    27.498     9.29    7.33
 272168.060    31.038     9.41    7.23
 272544.199    33.465     6.45    4.87
 272920.338    32.626    -2.23    5.80
 273296.477    29.984    -7.02    6.49
 273672.617    26.465    -9.36    6.98
 274048.757    22.626   -10.21    7.29
 274424.897    20.613    -5.35    8.05
 274801.037    20.542    -0.19    7.56
 275177.178    22.418     4.99    7.56
 275553.318    24.100     4.47    7.07
 275929.459    24.491     1.04    6.72
 276305.601    23.393    -2.92    6.22
 276681.742    23.038    -0.94    5.46
 277057.884    21.606    -3.81    6.00
 277434.026    18.579    -8.05    6.82
 277810.168    15.258    -8.83    7.63
 278186.310    12.946    -6.15    7.65
 278562.453    11.927    -2.71    6.99
 278938.596    12.312     1.02    7.56
 279314.739    14.927     6.95    7.25
 279690.882    17.093     5.76    5.78
 280067.026    17.310     0.58    5.80
 280443.170    15.773    -4.09    5.21
 280819.314    13.502    -6.04    5.25
 281195.459     9.415   -10.86    7.44
 281571.603     8.255    -3.09    7.39
 281947.748     8.889     1.69    6.51
 282323.893     9.004     0.30    6.14
 282700.039     9.519     1.37    4.68
 283076.185     8.494    -2.72    4.54
 283452.331     8.915     1.12    3.29
 283828.477     9.224     0.82    3.03
 284204.623     9.927     1.87    2.70
 284580.770     9.957     0.08    2.19
 284956.915     9.568    -1.04    1.69
 285333.009     9.260    -0.82    1.73
 285709.103     8.573    -1.83    1.66
 286085.198     7.442    -3.01    2.50
 286461.293     6.722    -1.91    2.73
 286837.388     5.652    -2.84    3.25
 287213.484     4.557    -2.91    3.58
 287589.580     3.525    -2.74    3.69
 287965.676     3.309    -0.57    3.85
 288341.772     4.011     1.87    4.04
 288717.869     4.336     0.86    4.23
 289093.966     4.113    -0.59    3.50
 289470.063     4.850     1.96    3.05
 289846.161     4.440    -1.09    2.38
 290222.259     4.307    -0.35    2.67
 290598.357     5.337     2.74    4.02
 290974.456     5.687     0.93    4.24
 291350.554     7.100     3.76    4.06
 291726.654     8.915     4.83    3.98
 292102.753    11.337     6.44    5.07
 292478.853    13.768     6.46    5.86
 292854.953    15.784     5.36    6.28
 293231.053    17.513     4.60    6.66
 293607.154    18.991     3.93    7.53
 293983.255    18.687    -0.81    7.35
 294359.356    17.741    -2.52    6.63
 294735.458    16.876    -2.30    5.05
 295111.559    17.174     0.79    4.09
 295487.662    17.502     0.87    3.89
 295863.764    18.568     2.83    4.93
 296239.867    19.799     3.27    5.39
 296615.970    21.038     3.30    6.49
 296992.074    24.055     8.02    7.28
 297368.178    27.152     8.23    7.94
 297744.282    28.901     4.65    8.01
 298120.386    32.011     8.27    7.46
 298496.491    35.876    10.27    5.74
 298872.596    37.724     4.91    3.45
 299248.702    37.284    -1.17    4.45
 299624.808    34.029    -8.65    7.67
 300000.914    29.422   -12.25    8.34
 300377.021    26.106    -8.81    7.13
 300753.128    25.525    -1.55    6.55
 301129.235    28.335     7.47    7.28
 301505.342    31.876     9.42    5.96
 301881.450    31.891     0.04    5.60
 302257.559    29.021    -7.63    6.20
 302633.667    25.777    -8.62    4.25
 303009.776    24.201    -4.19    3.48
 303385.886    23.465    -1.95    3.70
 303761.995    24.810     3.58    5.41
 304138.105    26.850     5.42    5.92
 304514.216    29.876     8.05    6.57
 304890.327    32.568     7.16    6.17
 305266.438    33.417     2.26    6.57
 305642.549    32.552    -2.30    7.81
 306018.661    30.309    -5.96    9.53
 306394.773    27.563    -7.30    8.98
 306770.886    25.696    -4.96    6.46
 307146.999    24.978    -1.91    3.17
 307523.112    24.849    -0.34    2.21
 307899.226    25.011     0.43    1.83
 308275.340    25.141     0.34    1.76
 308651.455    25.310     0.45    1.84
 309027.570    25.688     1.00    2.90
 309403.685    27.309     4.31    4.54
 309779.800    28.494     3.15    5.07
 310155.917    29.758     3.36    5.36
 310532.033    30.440     1.81    4.40
 310908.150    32.525     5.54    6.36
 311284.267    35.413     7.68    8.46
 311660.385    40.284    12.95    9.19
 312036.503    43.336     8.11    7.62
 312412.621    43.444     0.29    7.33
 312788.740    40.807    -7.01    6.85
 313164.859    39.440    -3.64    6.57
 313540.978    40.183     1.98    7.87
 313917.098    38.134    -5.45    7.86
 314293.219    37.915    -0.58    8.07
 314669.340    38.093     0.47    8.15
 315045.461    37.891    -0.54    7.22
 315421.582    37.696    -0.52    6.99
 315797.704    35.876    -4.84    6.93
 316173.827    33.568    -6.14    5.98
 316549.950    32.626    -2.50    7.13
 316926.073    31.488    -3.03    6.88
 317302.197    29.741    -4.64    7.61
 317678.321    28.038    -4.53    8.01
 318054.445    24.671    -8.95    6.64
 318430.570    21.891    -7.39    3.26
 318806.695    22.984     2.91    5.56
 319182.821    25.174     5.82    7.23
 319558.947    25.147    -0.07    6.86
 319935.074    24.876    -0.72    5.32
 320311.201    25.444     1.51    4.26
 320687.329    27.747     6.12    4.76
 321063.457    28.784     2.76    5.03
 321439.585    28.255    -1.41    5.63
 321815.714    26.696    -4.14    5.94
 322191.843    24.414    -6.07    5.64
 322567.973    21.810    -6.92    5.37
 322944.103    20.335    -3.92    5.18
 323320.234    18.004    -6.20    3.88
 323696.365    16.502    -3.99    3.54
 324072.496    15.978    -1.39    3.27
 324448.628    15.978     0.00    4.20
 324824.760    16.334     0.95    4.80
 325200.893    17.876     4.10    6.09
 325577.026    19.174     3.45    6.28
 325953.160    18.417    -2.01    6.00
 326329.294    17.758    -1.75    5.59
 326705.429    16.363    -3.71    4.95
 327081.564    14.438    -5.12    3.79
 327457.700    12.824    -4.29    2.28
 327833.836    11.795    -2.74    2.23
 328209.972    10.930    -2.30    1.57
 328586.109    10.231    -1.86    1.65
 328962.247     9.773    -1.22    1.79
 329338.385    10.579     2.14    2.24
 329714.523    11.286     1.88    2.52
 330090.662    11.863     1.53    2.52
 330466.801    12.260     1.06    2.54
 330842.941    12.901     1.70    2.76
 331219.081    12.988     0.23    3.09
 331595.222    12.994     0.02    3.79
 331971.363    13.444     1.20    4.21
 332347.505    13.363    -0.22    4.36
 332723.647    13.671     0.82    3.94
 333099.790    13.714     0.12    3.61
 333475.933    13.465    -0.66    2.95
 333852.077    12.491    -2.59    2.68
 334228.221    11.444    -2.78    2.52
 334604.366    11.073    -0.99    1.96
 334980.511    11.876     2.13    2.69
 335356.657    12.081     0.55    2.64
 335732.803    12.444     0.97    2.34
 336108.950    12.784     0.90    2.41
 336485.097    13.687     2.40    2.21
 336861.245    14.309     1.65    2.08
 337237.393    14.633     0.86    1.71
 337613.542    14.769     0.36    1.78
 337989.691    16.799     5.40    4.89
 338365.841    17.876     2.86    6.17
 338741.991    18.747     2.32    6.94
