-238479.696    65.389     0.00    9.95
-238103.547    64.150    -3.29   10.23
-237727.397    58.892   -13.98   11.11
-237351.248    54.738   -11.04   11.39
-236975.099    49.706   -13.38    9.63
-236598.950    46.114    -9.55    6.51
-236222.801    44.978    -3.02    4.76
-235846.652    43.552    -3.79    3.54
-235470.503    42.889    -1.76    3.39
-235094.353    42.384    -1.34    3.24
-234718.204    41.947    -1.16    3.18
-234342.055    41.368    -1.54    2.99
-233965.906    41.368     0.00    2.38
-233589.757    41.546     0.47    2.44
-233213.608    41.364    -0.48    2.36
-232837.458    40.210    -3.07    2.10
-232461.309    39.484    -1.93    1.97
-232085.160    38.492    -2.64    1.90
-231709.011    37.589    -2.40    2.19
-231332.861    36.482    -2.94    2.21
-230956.712    35.764    -1.91    2.22
-230580.563    35.377    -1.03    2.28
-230204.413    34.627    -1.99    1.92
-229828.264    33.978    -1.72    2.23
-229452.115    33.234    -1.98    1.81
-229075.965    32.482    -2.00    2.13
-228699.816    31.473    -2.68    2.23
-228323.666    31.020    -1.21    1.94
-227947.517    30.533    -1.30    1.63
-227571.367    30.199    -0.89    1.43
-227195.218    29.546    -1.74    1.23
-226819.068    29.114    -1.15    1.37
-226442.918    28.046    -2.84    3.22
-226066.768    26.900    -3.04    3.74
-225690.619    25.654    -3.31    3.65
-225314.469    23.951    -4.53    3.60
-224938.319    23.303    -1.72    3.29
-224562.169    22.764    -1.43    4.23
-224186.019    22.848     0.22    4.66
-223809.869    25.379     6.73    5.43
-223433.719    28.421     8.09    5.98
-223057.569    31.289     7.63    6.09
-222681.419    36.071    12.71   12.02
-222305.268    42.870    18.08   14.96
-221929.118    48.947    16.16   14.69
-221552.968    55.394    17.14   10.43
-221176.817    55.533     0.37    9.28
-220800.667    56.600     2.84    8.82
-220424.516    60.994    11.68   11.82
-220048.365    68.064    18.80   12.74
-219672.215    72.595    12.04    8.74
-219296.064    72.465    -0.35    9.51
-218919.913    72.059    -1.08   10.48
-218543.762    69.762    -6.11   12.63
-218167.611    71.681     5.10   12.15
-217791.460    75.532    10.24   10.42
-217415.309    76.564     2.74    9.86
-217039.157    77.763     3.19    8.07
-216663.006    75.087    -7.12   10.16
-216286.854    71.174   -10.40   11.79
-215910.703    68.816    -6.27   11.89
-215534.551    65.328    -9.27   11.69
-215158.400    61.681    -9.69   11.79
-214782.248    56.507   -13.75    9.60
-214406.096    55.623    -2.35    9.65
-214029.944    57.973     6.25   11.59
-213653.792    62.482    11.98   12.68
-213277.639    68.477    15.94   10.33
-212901.487    69.943     3.90   11.10
-212525.335    72.141     5.84   11.32
-212149.182    70.261    -5.00   12.83
-211773.029    63.681   -17.49   13.01
-211396.877    57.317   -16.92   11.54
-211020.724    51.973   -14.21    8.32
-210644.571    50.815    -3.08    7.32
-210268.418    55.924    13.58   11.53
-209892.265    62.328    17.02   11.27
-209516.111    67.148    12.82    9.04
-209139.958    66.482    -1.77    8.63
-208763.804    60.059   -17.07   13.28
-208387.651    54.174   -15.65   13.83
-208011.497    48.249   -15.75    9.97
-207635.343    45.924    -6.18    6.55
-207259.189    48.870     7.83    8.82
-206883.035    54.258    14.32   10.06
-206506.880    59.379    13.61   11.79
-206130.726    62.289     7.74   12.18
-205754.571    60.817    -3.91   12.34
-205378.416    60.763    -0.14   10.70
-205002.262    61.373     1.62   10.42
-204626.114    62.921     4.12   10.08
-204249.980    64.712     4.76    9.01
-203873.846    65.492     2.07    8.07
-203497.712    68.105     6.95    7.01
-203121.578    70.302     5.84    6.41
-202745.444    75.368    13.47    9.26
-202369.310    78.492     8.30   10.05
-201993.175    77.430    -2.82   11.91
-201617.041    77.438     0.02   12.57
-201240.906    76.005    -3.81   13.28
-200864.771    76.546     1.44   13.02
-200488.636    82.532    15.91    8.54
-200112.500    81.276    -3.34   10.87
-199736.365    78.661    -6.95   11.10
-199360.229    77.678    -2.61   10.61
-198984.093    79.764     5.54   10.33
-198607.957    80.095     0.88    9.43
-198231.821    79.654    -1.17    9.33
-197855.685    77.558    -5.57   10.42
-197479.549    73.059   -11.96   10.07
-197103.412    70.737    -6.18    9.96
-196727.275    70.289    -1.19   11.15
-196351.138    71.764     3.92   12.55
-195975.001    74.762     7.97   12.69
-195598.864    76.989     5.92   10.61
-195222.726    77.815     2.20   10.38
-194846.588    80.206     6.36   10.81
-194470.451    82.870     7.08   10.23
-194094.312    82.706    -0.44    9.95
-193718.174    82.000    -1.88    9.01
-193342.036    81.239    -2.02    9.08
-192965.897    79.168    -5.51   10.26
-192589.758    74.964   -11.18   13.05
-192213.619    70.973   -10.61   15.39
-191837.480    67.947    -8.05   14.10
-191461.341    62.210   -15.25   10.90
-191085.201    57.328   -12.98   10.55
-190709.061    52.368   -13.19    7.21
-190332.921    51.067    -3.46    6.38
-189956.781    55.302    11.26    9.21
-189580.640    60.178    12.96    7.85
-189204.500    63.364     8.47    7.45
-188828.359    64.789     3.79    7.72
-188452.218    66.589     4.79    7.34
-188076.076    70.681    10.88    8.96
-187699.935    73.384     7.19    8.34
-187323.793    74.158     2.06    7.68
-186947.651    74.943     2.09    8.29
-186571.509    74.465    -1.27    9.56
-186195.367    75.328     2.29    8.86
-185819.224    77.584     6.00    9.17
-185443.081    80.263     7.12    8.01
-185066.938    80.897     1.69    8.22
-184690.795    82.456     4.14    8.71
-184314.651    79.610    -7.57   10.36
-183938.508    77.428    -5.80   12.02
-183562.364    75.482    -5.18   12.84
-183186.219    72.873    -6.94   11.24
-182810.075    73.079     0.55   10.33
-182433.930    74.302     3.25   10.50
-182057.785    77.383     8.19    8.47
-181681.640    75.897    -3.95    9.27
-181305.495    69.394   -17.29   12.06
-180929.349    63.681   -15.19   11.01
-180553.203    60.148    -9.39    7.97
-180177.057    60.330     0.48    8.75
-179800.911    62.225     5.04    9.09
-179424.764    61.610    -1.64    9.70
-179048.617    59.969    -4.36   10.10
-178672.470    57.384    -6.87    8.71
-178296.322    54.020    -8.94    7.71
-177920.175    51.526    -6.63    6.57
-177544.027    51.484    -0.11    6.74
-177167.879    49.654    -4.86    5.43
-176791.730    50.195     1.44    5.82
-176415.581    50.870     1.80    6.16
-176039.432    51.430     1.49    6.08
-175663.283    50.320    -2.95    6.44
-175287.133    49.840    -1.28    6.27
-174910.984    48.558    -3.41    5.76
-174534.834    48.761     0.54    6.23
-174158.683    50.046     3.41    7.23
-173782.533    49.059    -2.62    5.82
-173406.382    50.174     2.96    6.48
-173030.230    52.552     6.32    8.29
-172654.079    53.552     2.66    8.14
-172277.927    54.114     1.49    7.68
-171901.775    51.943    -5.77    7.97
-171525.623    48.464    -9.25    8.05
-171149.470    44.818    -9.69    7.48
-170773.317    39.951   -12.94    6.58
-170397.164    35.843   -10.92    4.58
-170021.010    33.195    -7.04    2.78
-169644.857    32.303    -2.37    1.85
-169268.703    31.389    -2.43    3.13
-168892.548    30.639    -1.99    4.22
-168516.393    32.174     4.08    6.27
-168140.238    34.114     5.16    7.18
-167764.083    38.815    12.50    7.51
-167387.928    41.737     7.77    7.64
-167011.772    44.210     6.58    6.78
-166635.615    46.921     7.21    6.54
-166259.459    49.917     7.97    7.97
-165883.302    56.067    16.35   10.90
-165507.145    63.079    18.64   11.72
-165130.987    68.071    13.27   11.24
-164754.830    69.446     3.66   10.88
-164378.671    68.405    -2.77   10.79
-164002.513    66.870    -4.08    9.24
-163626.354    65.708    -3.09    8.23
-163250.195    64.600    -2.95    8.28
-162874.036    60.567   -10.72    9.33
-162497.876    55.302   -14.00    9.16
-162121.716    53.039    -6.02    8.69
-161745.556    52.195    -2.25    9.76
-161369.395    50.814    -3.67    8.30
-160993.234    52.631     4.83    8.64
-160617.072    51.405    -3.26    8.43
-160240.911    52.924     4.04    9.23
-159864.748    53.764     2.23    9.04
-159488.586    58.261    11.96   10.27
-159112.423    63.005    12.61   11.81
-158736.260    67.158    11.04   12.59
-158360.097    69.846     7.15   10.49
-157983.933    69.482    -0.97    9.34
-157607.769    72.866     9.00    9.07
-157231.604    76.900    10.72    7.69
-156855.439    79.032     5.67    6.18
-156479.274    77.095    -5.15    7.89
-156103.109    72.342   -12.64   10.31
-155726.943    64.589   -20.61   10.75
-155350.776    57.654   -18.44   10.43
-154974.610    50.071   -20.16   10.04
-154598.443    46.210   -10.26    8.11
-154222.275    48.079     4.97   10.41
-153846.108    52.492    11.73   11.44
-153469.940    56.439    10.49   10.61
-153093.771    58.263     4.85   10.83
-152717.602    61.330     8.15   12.06
-152341.433    63.168     4.89   13.19
-151965.263    67.818    12.36   13.02
-151589.093    72.353    12.06   11.09
-151212.923    75.610     8.66   10.11
-150836.752    78.484     7.64   10.80
-150460.581    83.762    14.03    9.56
-150084.410    84.032     0.72   10.32
-149708.238    79.411   -12.29   13.01
-149332.066    72.712   -17.81   13.10
-148955.893    69.762    -7.84   12.46
-148579.720    70.071     0.82   12.50
-148203.547    74.579    11.98   12.03
-147827.373    77.482     7.72    9.98
-147451.198    76.195    -3.42   12.56
-147075.024    71.564   -12.31   13.32
-146698.849    69.507    -5.47   13.42
-146322.673    71.623     5.62   14.43
-145946.498    79.222    20.20   12.33
-145570.321    78.951    -0.72   12.43
-145194.145    74.843   -10.92   14.38
-144817.968    73.302    -4.10   13.49
-144441.790    72.818    -1.29   13.71
-144065.612    79.071    16.62   13.87
-143689.434    84.131    13.45   13.03
-143313.256    84.567     1.16   12.14
-142937.076    84.379    -0.50   10.20
-142560.897    82.026    -6.25    7.89
-142184.717    77.710   -11.47    8.30
-141808.537    75.237    -6.58    7.82
-141432.356    72.123    -8.28    8.45
-141056.175    69.303    -7.50    8.93
-140679.993    68.943    -0.96    8.73
-140303.811    68.564    -1.01    9.57
-139927.629    70.623     5.47   10.46
-139551.446    75.114    11.94   10.48
-139175.262    80.546    14.44   10.85
-138799.079    85.276    12.57    8.59
-138422.894    82.897    -6.32   11.96
-138046.710    79.539    -8.93   13.94
-137670.525    72.314   -19.21   12.34
-137294.339    69.394    -7.76    9.87
-136918.153    72.330     7.80   10.75
-136541.967    80.071    20.58   12.41
-136165.780    88.552    22.54   12.53
-135789.593    97.131    22.80   13.48
-135413.405   105.438    22.08    9.47
-135037.217   109.789    11.57    6.96
-134661.028   112.928     8.34    5.08
-134284.839   110.097    -7.53    7.35
-133908.649   104.558   -14.72   11.46
-133532.459    96.227   -22.15   12.16
-133156.269    85.330   -28.97   12.86
-132780.078    77.438   -20.98   10.93
-132403.887    76.845    -1.58   10.56
-132027.695    79.843     7.97   11.26
-131651.502    83.706    10.27   10.16
-131275.310    82.842    -2.30   10.88
-130899.116    83.610     2.04   10.62
-130522.923    85.789     5.79   10.45
-130146.729    93.631    20.85   13.95
-129770.534   102.969    24.82   10.58
-129394.402   104.661     4.50   10.37
-129018.304    99.438   -13.89   15.45
-128642.204    93.533   -15.70   14.95
-128266.104    90.681    -7.58   12.41
-127890.004    95.921    13.93   14.34
-127513.903   106.763    28.83   11.05
-127137.802   113.945    19.10    8.25
-126761.700   112.584    -3.62   10.71
-126385.598   102.737   -26.18   19.86
-126009.495    94.873   -20.91   19.04
-125633.392    91.917    -7.86   17.46
-125257.288    92.706     2.10   20.06
-124881.184    97.866    13.72   18.77
-124505.079    96.973    -2.37   17.23
-124128.974    93.222    -9.98   15.14
-123752.868    92.210    -2.69   11.93
-123376.762    92.994     2.08   12.28
-123000.655    93.379     1.02   13.16
-122624.548    93.600     0.59   12.41
-122248.440    90.610    -7.95   13.18
-121872.331    88.195    -6.42   14.19
-121496.223    92.032    10.20   13.05
-121120.113    92.195     0.43   13.15
-120744.004    88.701    -9.29   15.87
-120367.893    85.764    -7.81   15.29
-119991.782    81.430   -11.52   13.13
-119615.671    82.039     1.62   11.21
-119239.559    79.943    -5.57   13.87
-118863.447    79.261    -1.81   16.05
-118487.334    79.605     0.91   13.94
-118111.220    75.738   -10.28   15.55
-117735.106    69.789   -15.82   13.45
-117358.992    62.684   -18.89   12.45
-116982.877    56.815   -15.60   11.68
-116606.761    50.939   -15.62   10.71
-116230.645    49.005    -5.14   11.18
-115854.528    49.815     2.15   11.54
-115478.411    54.079    11.34   15.41
-115102.293    56.789     7.21   17.75
-114726.175    59.735     7.83   15.21
-114350.056    65.206    14.55   15.73
-113973.937    66.158     2.53   14.78
-113597.817    63.939    -5.90   12.67
-113221.697    64.206     0.71   10.22
-112845.576    60.264   -10.48   11.80
-112469.454    52.654   -20.23    9.98
-112093.332    53.473     2.18   11.07
-111717.209    56.052     6.86   13.61
-111341.086    59.894    10.21   12.53
-110964.962    58.654    -3.30   12.55
-110588.838    53.845   -12.79   13.38
-110212.713    52.610    -3.28   13.68
-109836.588    53.618     2.68   15.80
-109460.462    56.584     7.89   16.03
-109084.335    59.097     6.68   14.50
-108708.208    55.400    -9.83   12.51
-108332.080    53.816    -4.21   10.59
-107955.952    54.595     2.07   11.59
-107579.823    57.610     8.02   15.24
-107203.693    63.661    16.09   15.92
-106827.563    65.762     5.59   16.34
-106451.433    61.610   -11.04   18.42
-106075.302    55.251   -16.91   19.07
-105699.170    47.552   -20.47   17.65
-105323.038    39.087   -22.51   13.92
-104946.905    33.328   -15.31    9.01
-104570.771    29.684    -9.69    5.63
-104194.637    27.900    -4.74    3.54
-103818.502    27.105    -2.11    3.82
-103442.367    26.928    -0.47    3.85
-103066.231    27.789     2.29    3.80
-102690.095    28.276     1.30    4.86
-102313.958    29.289     2.69    4.61
-101937.820    30.222     2.48    4.21
-101561.682    33.762     9.41    6.50
-101185.543    39.627    15.59   12.73
-100809.403    48.482    23.54   18.25
-100433.263    57.032    22.73   18.76
-100057.123    66.892    26.21   16.50
 -99680.981    70.430     9.41   15.82
 -99304.840    73.379     7.84   13.15
 -98928.697    75.654     6.05   11.30
 -98552.554    80.379    12.56    9.29
 -98176.410    83.947     9.49    8.46
 -97800.266    88.428    11.91    5.43
 -97424.121    91.735     8.79    4.56
 -97047.975    93.330     4.24    7.18
 -96671.829    94.330     2.66    8.50
 -96295.682    96.328     5.31    8.54
 -95919.535    97.477     3.05    6.59
 -95543.387    99.710     5.94    8.60
 -95167.238   104.842    13.64    8.19
 -94791.089   107.956     8.28    5.51
 -94414.939   109.020     2.83    4.23
 -94038.788   107.627    -3.70    5.38
 -93662.637   105.507    -5.64    5.50
 -93286.485   104.552    -2.54    5.35
 -92910.333   106.237     4.48    7.70
 -92534.179   108.627     6.36    9.77
 -92158.026   111.430     7.45    9.81
 -91781.871   111.610     0.48    8.47
 -91405.716   109.317    -6.10    8.21
 -91029.560   103.384   -15.77    9.80
 -90653.404    96.951   -17.10    7.34
 -90277.247    96.681    -0.72    6.10
 -89901.089    99.519     7.54    7.76
 -89524.931   103.846    11.50    6.23
 -89148.772   105.989     5.70    4.59
 -88772.612   105.789    -0.53    4.59
 -88396.452   103.623    -5.76    6.56
 -88020.291    98.507   -13.60    9.75
 -87644.129    91.681   -18.15   13.75
 -87267.967    83.763   -21.05   14.83
 -86891.804    75.868   -20.99   12.25
 -86515.641    71.071   -12.75   11.43
 -86139.476    67.276   -10.09   12.51
 -85763.311    61.868   -14.38   15.49
 -85387.146    56.539   -14.17   14.96
 -85010.979    53.132    -9.06   12.62
 -84634.812    50.447    -7.14   10.39
 -84258.645    51.924     3.93   10.14
 -83882.476    58.789    18.25   11.74
 -83506.307    69.843    29.39   14.11
 -83130.138    78.789    23.78   14.28
 -82753.967    86.943    21.68    9.75
 -82377.796    91.328    11.66    6.09
 -82001.624    91.357     0.08    6.56
 -81625.452    88.712    -7.03    6.68
 -81249.279    85.225    -9.27    8.47
 -80873.105    80.533   -12.47   10.83
 -80496.931    74.681   -15.56   10.73
 -80120.755    64.558   -26.91   15.53
 -79744.579    54.789   -25.97   16.44
 -79368.403    46.684   -21.55   12.60
 -78992.226    41.738   -13.15    7.30
 -78616.048    39.936    -4.79    7.21
 -78239.869    39.430    -1.35    5.84
 -77863.689    39.519     0.24    5.05
 -77487.509    39.873     0.94    4.66
 -77111.328    39.222    -1.73    3.33
 -76735.147    37.289    -5.14    3.82
 -76358.965    34.026    -8.67    4.56
 -75982.782    30.639    -9.00    4.56
 -75606.598    27.978    -7.07    3.32
 -75230.414    26.558    -3.77    2.33
 -74854.228    25.605    -2.53    1.52
 -74478.043    24.947    -1.75    1.75
 -74101.856    24.357    -1.57    1.83
 -73725.669    23.664    -1.84    1.81
 -73349.481    22.573    -2.90    2.82
 -72973.292    22.032    -1.44    3.16
 -72597.102    21.600    -1.15    3.58
 -72220.912    21.475    -0.33    4.16
 -71844.721    21.764     0.77    3.94
 -71468.530    21.917     0.41    3.68
 -71092.337    21.706    -0.56    3.77
 -70716.144    23.735     5.39    5.23
 -70339.950    30.114    16.95   15.50
 -69963.756    41.631    30.62   23.96
 -69587.560    60.414    49.93   28.05
 -69211.364    79.005    49.42   21.52
 -68835.167    92.131    34.89   10.38
 -68458.970    97.184    13.43    5.94
 -68082.771    98.097     2.43    4.87
 -67706.572    97.681    -1.11    5.09
 -67330.372    97.414    -0.71    5.83
 -66954.172    96.947    -1.24    5.70
 -66577.970    98.330     3.68    5.63
 -66201.768    99.978     4.38    4.51
 -65825.565   100.817     2.23    4.12
 -65449.362   100.052    -2.03    3.89
 -65073.157    96.123   -10.45    7.09
 -64696.952    90.304   -15.47    9.75
 -64320.746    80.969   -24.81   12.45
 -63944.539    72.710   -21.95   11.31
 -63568.332    68.678   -10.72    8.12
 -63192.124    63.225   -14.49    7.54
 -62815.915    57.816   -14.38    9.66
 -62439.705    52.020   -15.41   10.03
 -62063.494    43.658   -22.23   10.83
 -61687.283    36.225   -19.76   11.40
 -61311.071    29.539   -17.77    9.30
 -60934.858    24.889   -12.36    5.50
 -60558.644    22.610    -6.06    2.50
 -60182.430    21.373    -3.29    4.46
 -59806.214    18.087    -8.73    6.61
 -59429.998    16.654    -3.81    6.31
 -59053.781    16.789     0.36    5.10
 -58677.564    18.316     4.06    4.03
 -58301.345    20.484     5.76    2.00
 -57925.126    21.689     3.20    1.85
 -57548.906    22.552     2.29    1.76
 -57172.685    23.249     1.85    1.48
 -56796.464    23.456     0.55    1.53
 -56420.241    23.868     1.10    1.51
 -56044.018    23.526    -0.91    2.29
 -55667.794    23.735     0.56    2.60
 -55291.569    23.661    -0.20    2.87
 -54915.343    24.178     1.37    2.32
 -54539.117    24.892     1.90    2.22
 -54163.046    25.738     2.25    2.68
 -53786.978    29.495     9.99    6.40
 -53410.909    36.519    18.68   11.26
 -53034.839    47.924    30.33   14.73
 -52658.768    61.357    35.72   14.82
 -52282.696    74.384    34.64   13.18
 -51906.624    83.005    22.93   10.20
 -51530.551    90.994    21.24    8.12
 -51154.477    95.174    11.11    6.36
 -50778.402    96.357     3.15    6.27
 -50402.326    94.000    -6.27    7.83
 -50026.249    89.210   -12.74    8.74
 -49650.172    82.251   -18.51   11.44
 -49274.094    76.816   -14.45   12.23
 -48898.015    72.071   -12.62   14.15
 -48521.935    70.539    -4.07   13.86
 -48145.854    74.635    10.89   14.00
 -47769.773    80.840    16.50   12.21
 -47393.690    88.914    21.47   10.34
 -47017.607    97.738    23.46    9.70
 -46641.523   106.492    23.28   10.82
 -46265.438   114.654    21.70    9.50
 -45889.352   118.184     9.39    7.97
 -45513.266   117.900    -0.75    8.05
 -45137.178   113.302   -12.23    8.70
 -44761.090   106.892   -17.04    8.31
 -44385.001   100.249   -17.66    9.22
 -44008.910    94.789   -14.52    9.19
 -43632.820    91.174    -9.61    8.10
 -43256.728    87.251   -10.43    7.95
 -42880.635    86.519    -1.95    9.51
 -42504.542    85.123    -3.71    8.67
 -42128.447    83.735    -3.69    9.52
 -41752.352    82.438    -3.45   11.72
 -41376.256    78.276   -11.07   13.78
 -41000.159    76.320    -5.20   14.98
 -40624.061    71.712   -12.25   16.84
 -40247.962    65.473   -16.59   16.31
 -39871.863    61.595   -10.31   13.40
 -39495.762    58.199    -9.03   12.14
 -39119.661    56.567    -4.34   13.17
 -38743.559    54.071    -6.64   13.67
 -38367.456    50.052   -10.69   11.89
 -37991.352    45.438   -12.27    9.27
 -37615.247    41.141   -11.43    9.34
 -37239.141    34.866   -16.68    9.74
 -36863.034    31.228    -9.67    6.72
 -36486.927    30.546    -1.81    5.31
 -36110.818    31.507     2.56    5.79
 -35734.709    33.973     6.56    5.31
 -35358.599    35.816     4.90    3.69
 -34982.488    36.357     1.44    2.58
 -34606.376    35.904    -1.21    2.29
 -34230.263    33.866    -5.42    3.16
 -33854.149    31.664    -5.85    3.78
 -33478.034    30.059    -4.27    3.78
 -33101.919    27.738    -6.17    3.03
 -32725.802    26.373    -3.63    2.55
 -32349.685    25.473    -2.39    2.74
 -31973.566    24.123    -3.59    2.54
 -31597.447    23.842    -0.75    2.28
 -31221.327    23.762    -0.21    2.24
 -30845.206    23.868     0.28    2.03
 -30469.084    24.039     0.45    1.94
 -30092.961    23.734    -0.81    2.12
 -29716.837    23.661    -0.19    1.92
 -29340.712    23.000    -1.76    1.86
 -28964.587    23.222     0.59    1.98
 -28588.460    23.195    -0.07    2.01
 -28212.332    23.150    -0.12    2.44
 -27836.204    23.405     0.68    2.61
 -27460.075    22.989    -1.10    2.64
 -27083.944    23.087     0.26    2.59
 -26707.813    23.464     1.00    2.92
 -26331.681    24.079     1.63    2.88
 -25955.548    24.658     1.54    2.61
 -25579.414    25.384     1.93    2.30
 -25203.279    25.712     0.87    2.44
 -24827.143    25.708    -0.01    2.58
 -24451.006    24.817    -2.37    3.38
 -24074.868    23.394    -3.78    4.06
 -23698.729    18.984   -11.73    5.69
 -23322.589    16.558    -6.45    4.87
 -22946.449    15.789    -2.05    4.19
 -22570.307    15.789     0.00    3.31
 -22194.164    16.600     2.16    2.86
 -21818.021    17.330     1.94    2.61
 -21441.876    17.411     0.22    2.83
 -21065.731    17.439     0.08    3.02
 -20689.584    16.897    -1.44    3.37
 -20313.437    15.071    -4.85    3.49
 -19937.288    13.684    -3.69    2.64
 -19561.139    13.289    -1.05    2.30
 -19184.989    13.087    -0.54    1.97
 -18808.838    12.943    -0.38    2.54
 -18432.685    12.447    -1.32    2.80
 -18056.532    12.011    -1.16    2.37
 -17680.378    12.059     0.13    2.32
 -17304.223    12.817     2.01    2.57
 -16928.067    13.943     2.99    3.07
 -16551.909    14.174     0.61    3.72
 -16175.751    13.602    -1.52    4.69
 -15799.592    10.735    -7.62    6.59
 -15423.432     7.735    -7.98    7.43
 -15047.271     3.654   -10.85    6.97
 -14671.109     1.635    -5.37    6.40
 -14294.946     0.573    -2.82    4.81
 -13918.782     1.379     2.14    4.86
 -13542.617     2.840     3.89    4.42
 -13166.451     4.379     4.09    4.30
 -12790.284     6.546     5.76    4.51
 -12414.116     8.687     5.69    5.00
 -12037.947    10.710     5.38    4.94
 -11661.777    13.095     6.34    2.51
 -11285.606    13.492     1.06    2.58
 -10909.434    13.567     0.20    3.15
 -10533.261    13.438    -0.34    3.30
 -10157.087    12.917    -1.38    3.50
  -9780.912    12.477    -1.17    2.87
  -9404.736    12.210    -0.71    1.91
  -9028.559    11.710    -1.33    2.20
  -8652.380    10.956    -2.01    2.59
  -8276.201     9.917    -2.76    2.66
  -7900.021     8.411    -4.00    3.03
  -7523.840     7.840    -1.52    2.70
  -7147.658     7.237    -1.61    3.25
  -6771.475     5.712    -4.05    4.36
  -6395.290     5.141    -1.52    4.73
  -6019.105     4.447    -1.84    4.79
  -5642.919     4.114    -0.88    4.52
  -5266.732     3.011    -2.93    4.47
  -4890.543     0.654    -6.27    3.96
  -4514.354    -1.292    -5.17    2.35
  -4138.164    -2.076    -2.08    0.48
  -3761.972    -0.859     3.23    2.21
  -3385.780     0.989     4.91    3.23
  -3009.586     4.739     9.97    4.55
  -2633.392     8.789    10.77    4.52
  -2257.196    10.816     5.39    3.22
  -1880.999    10.379    -1.16    3.75
  -1504.802     7.421    -7.86    5.61
  -1128.603     2.894   -12.03    5.03
   -752.403    -0.395    -8.74    2.86
   -376.202    -1.467    -2.85    1.67
     -0.000     0.067     4.08    3.90
    376.203     3.026     7.87    5.07
    752.407     5.214     5.82    4.13
   1128.612     6.504     3.43    2.30
   1504.818     5.421    -2.88    2.31
   1881.025     3.951    -3.91    1.80
   2257.233     3.032    -2.44    1.86
   2633.443     1.843    -3.16    1.31
   3009.653     1.206    -1.69    1.13
   3385.864     1.430     0.60    1.53
   3762.077     2.328     2.39    2.40
   4138.291     3.573     3.31    2.58
   4514.505     5.631     5.47    3.21
   4890.721     8.558     7.78    4.23
   5266.938    11.430     7.63    4.34
   5643.156    13.552     5.64    2.82
   6019.375    14.174     1.65    2.35
   6395.595    14.206     0.09    2.10
   6771.816    14.357     0.40    2.06
   7148.038    14.473     0.31    2.27
   7524.262    15.244     2.05    2.78
   7900.486    15.687     1.18    2.73
   8276.711    17.842     5.73    6.74
   8652.938    26.567    23.19   16.06
   9029.166    39.573    34.57   19.13
   9405.395    47.678    21.54   13.84
   9781.624    50.737     8.13   10.53
  10157.855    49.464    -3.38    9.49
  10534.088    49.654     0.50    9.57
  10910.321    53.046     9.01    9.49
  11286.555    57.210    11.07    8.71
  11662.790    61.237    10.70    8.65
  12039.027    64.249     8.01    6.54
  12415.265    67.914     9.74    7.79
  12791.503    74.059    16.33   12.54
  13167.743    84.519    27.80   14.52
  13543.984    94.951    27.73   11.93
  13920.226   103.932    23.87    8.07
  14296.469   108.379    11.82    7.88
  14672.714   113.405    13.36    7.91
  15048.959   117.150     9.96    7.66
  15425.206   124.951    20.73    7.57
  15801.453   131.897    18.46    8.66
  16177.702   138.868    18.53    9.68
  16553.952   144.289    14.41    7.29
  16930.203   147.789     9.30    4.84
  17306.456   148.684     2.38    4.61
  17682.709   147.368    -3.50    5.12
  18058.963   143.123   -11.28    8.26
  18435.219   138.681   -11.80   10.00
  18811.476   134.164   -12.00    9.36
  19187.734   129.079   -13.52    6.23
  19563.993   127.539    -4.09    6.30
  19940.253   124.032    -9.32    7.29
  20316.514   117.384   -17.67    9.75
  20692.708   110.473   -18.37    9.20
  21068.743   102.302   -21.73    9.99
  21444.779    94.618   -20.43   11.12
  21820.816    84.533   -26.82   11.35
  22196.854    75.789   -23.25   10.21
  22572.893    71.567   -11.23    8.70
  22948.933    65.815   -15.30   10.38
  23324.975    59.921   -15.67   13.68
  23701.018    55.456   -11.87   13.09
  24077.061    53.894    -4.15   11.63
  24453.106    61.071    19.08   15.08
  24829.152    72.567    30.57   13.51
  25205.200    76.989    11.76   11.45
  25581.248    77.533     1.45   11.17
  25957.298    77.539     0.02   12.43
  26333.349    82.222    12.45   15.42
  26709.401    93.087    28.89   18.66
  27085.454   105.546    33.13   13.64
  27461.508   114.973    25.07   10.52
  27837.564   121.234    16.65   10.01
  28213.621   127.276    16.07    6.69
  28589.678   131.000     9.90    6.12
  28965.738   135.951    13.17    6.78
  29341.798   141.276    14.16    6.58
  29717.859   146.605    14.17    5.88
  30093.922   151.631    13.37    6.26
  30469.986   155.539    10.39    4.50
  30846.051   156.097     1.48    4.84
  31222.117   152.845    -8.65    8.40
  31598.184   148.225   -12.28    8.75
  31974.253   143.533   -12.48    6.43
  32350.323   139.172   -11.60    3.63
  32726.394   138.438    -1.95    3.05
  33102.466   138.141    -0.79    3.23
  33478.539   138.114    -0.07    3.58
  33854.614   135.735    -6.32    4.41
  34230.690   133.345    -6.36    5.11
  34606.767   129.439   -10.39    7.73
  34982.845   125.148   -11.41    8.50
  35358.924   122.249    -7.71    8.86
  35735.005   120.342    -5.07    7.94
  36111.087   119.500    -2.24    8.72
  36487.170   118.815    -1.82    8.08
  36863.254   115.681    -8.33    8.09
  37239.340   108.533   -19.01   12.64
  37615.426    98.984   -25.39   15.42
  37991.514    92.353   -17.63   14.00
  38367.604    85.866   -17.25   11.39
  38743.694    84.570    -3.45   10.74
  39119.786    89.605    13.39   13.04
  39495.879    95.168    14.79   13.80
  39871.973    97.222     5.46   13.98
  40248.068    94.687    -6.74   16.33
  40624.165    88.546   -16.33   18.08
  41000.262    79.225   -24.78   19.68
  41376.361    71.712   -19.98   17.68
  41752.462    65.438   -16.68   14.49
  42128.563    59.079   -16.91   14.45
  42504.666    52.840   -16.59   13.24
  42880.770    50.558    -6.07   11.43
  43256.875    49.924    -1.69   11.21
  43632.982    52.764     7.55   10.72
  44009.090    56.870    10.92    8.35
  44385.199    59.384     6.68    6.33
  44761.309    59.843     1.22    7.15
  45137.420    60.945     2.93    7.44
  45513.533    66.456    14.65    9.75
  45889.647    74.482    21.34   12.94
  46265.762    83.900    25.04   14.01
  46641.879    94.994    29.50   13.41
  47017.997   103.595    22.87   11.72
  47394.116   108.533    13.13    9.28
  47770.236   110.605     5.51    9.26
  48146.358   106.951    -9.71   10.79
  48522.481    96.762   -27.09   18.56
  48898.605    84.148   -33.54   20.70
  49274.730    70.375   -36.62   18.29
  49650.857    59.706   -28.36    8.65
  50026.985    56.263    -9.15    6.44
  50403.114    53.421    -7.56    6.88
  50779.245    51.978    -3.83    7.17
  51155.377    48.843    -8.34    7.24
  51531.510    46.589    -5.99    6.20
  51907.644    44.789    -4.79    6.06
  52283.780    43.276    -4.02    6.06
  52659.917    42.623    -1.74    6.43
  53036.055    40.943    -4.47    5.78
  53412.195    39.817    -2.99    4.94
  53788.336    38.816    -2.66    4.51
  54164.478    36.328    -6.61    5.45
  54540.621    35.473    -2.27    5.32
  54916.766    33.032    -6.49    4.63
  55292.912    30.894    -5.68    4.43
  55669.060    29.739    -3.07    4.70
  56045.208    29.546    -0.51    4.09
  56421.358    30.276     1.94    3.95
  56797.509    30.546     0.72    3.94
  57173.662    30.303    -0.65    4.91
  57549.816    28.924    -3.66    6.58
  57925.971    27.389    -4.08    7.25
  58302.128    27.174    -0.57    6.37
  58678.285    29.439     6.02    7.18
  59054.445    32.595     8.39    8.23
  59430.605    37.039    11.82    6.75
  59806.767    39.473     6.47    6.17
  60182.930    39.430    -0.11    5.84
  60559.094    40.131     1.86    7.72
  60935.260    43.105     7.91    9.84
  61311.427    45.456     6.25    8.75
  61687.596    47.114     4.41    7.79
  62063.766    48.237     2.99    7.49
  62439.937    46.646    -4.23    6.63
  62816.109    45.815    -2.21    7.72
  63192.283    44.969    -2.25    8.46
  63568.458    45.330     0.96    7.82
  63944.634    45.303    -0.07    7.71
  64320.812    45.924     1.65    9.29
  64696.991    47.994     5.50    9.38
  65073.172    48.969     2.59    9.57
  65449.354    51.762     7.43    9.88
  65825.537    53.533     4.71    9.54
  66201.721    57.473    10.48   10.04
  66577.907    59.816     6.23   10.90
  66954.094    65.843    16.02   13.62
  67330.283    73.738    20.99   16.09
  67706.473    79.105    14.27   15.63
  68082.664    80.511     3.74   15.16
  68458.857    79.052    -3.88   13.99
  68835.051    75.150   -10.37   11.79
  69211.246    76.661     4.02   13.45
  69587.443    85.815    24.33   15.96
  69963.641    89.407     9.55   15.73
  70339.841    88.762    -1.71   15.22
  70716.042    85.384    -8.98   14.44
  71092.244    80.465   -13.08   10.21
  71468.447    81.664     3.19    9.97
  71844.652    81.465    -0.53   11.84
  72220.859    80.892    -1.52   11.40
  72597.066    82.020     3.00   10.59
  72973.276    80.430    -4.23    9.28
  73349.486    81.222     2.10    9.58
  73725.698    87.379    16.37   12.65
  74101.911    97.894    27.95   18.87
  74478.126   112.373    38.48   20.10
  74854.342   125.195    34.08   15.78
  75230.559   132.873    20.41    7.56
  75606.778   132.684    -0.50    7.79
  75982.998   129.199    -9.26    8.21
  76359.220   124.164   -13.38   10.90
  76735.443   113.763   -27.65   17.14
  77111.667   106.158   -20.21   17.92
  77487.893   105.317    -2.23   17.75
  77864.120   111.097    15.36   19.75
  78240.349   120.114    23.97   17.57
  78616.579   129.199    24.15   13.04
  78992.811   135.994    18.06    7.39
  79369.043   137.921     5.12    6.02
  79745.278   133.973   -10.49    8.70
  80121.513   126.584   -19.64   12.52
  80497.750   121.405   -13.77   13.48
  80873.989   114.011   -19.65   16.20
  81250.229   115.654     4.37   18.25
  81626.470   121.492    15.52   19.13
  82002.713   125.222     9.91   16.37
  82378.957   124.519    -1.87   14.51
  82755.203   115.332   -24.42   20.00
  83131.450    97.964   -46.16   22.22
  83507.698    82.174   -41.97   16.40
  83883.948    71.595   -28.12    9.13
  84260.199    66.251   -14.20    7.40
  84636.452    62.573    -9.77    5.32
  85012.706    60.368    -5.86    3.80
  85388.962    60.894     1.40    4.44
  85765.219    60.020    -2.32    4.97
  86141.478    58.978    -2.77    4.65
  86517.737    59.552     1.53    4.54
  86893.999    59.089    -1.23    4.53
  87270.262    59.246     0.42    5.01
  87646.526    59.114    -0.35    4.56
  88022.792    57.465    -4.38    4.81
  88399.059    55.276    -5.82    4.69
  88775.328    54.059    -3.23    5.15
  89151.598    51.984    -5.52    5.24
  89527.869    52.964     2.61    5.42
  89904.142    55.661     7.17    6.93
  90280.417    57.789     5.66    6.25
  90656.693    58.046     0.68    5.84
  91032.970    59.210     3.10    5.89
  91409.249    60.658     3.85    6.13
  91785.529    61.978     3.51    6.30
  92161.811    63.456     3.93    5.80
  92538.094    63.400    -0.15    6.06
  92914.379    63.026    -0.99    7.18
  93290.665    64.610     4.21    7.95
  93666.953    67.932     8.83    7.82
  94043.242    72.123    11.14    7.47
  94419.533    73.627     4.00    9.01
  94795.825    74.978     3.59    9.34
  95172.118    75.816     2.23    9.66
  95548.413    77.067     3.32   10.91
  95924.531    81.302    11.26   11.92
  96300.536    87.277    15.89   11.35
  96676.543    93.411    16.31    6.42
  97052.551    96.097     7.14    5.16
  97428.560    97.579     3.94    4.99
  97804.571    99.046     3.90    4.19
  98180.584   101.411     6.29    4.26
  98556.598   104.199     7.42    5.17
  98932.613   108.411    11.20    7.12
  99308.630   113.303    13.01    6.52
  99684.649   116.708     9.06    5.28
 100060.669   119.961     8.65    5.26
 100436.690   122.148     5.82    5.93
 100812.713   125.994    10.23    5.75
 101188.738   129.095     8.25    4.63
 101564.764   127.681    -3.76    4.86
 101940.791   124.150    -9.39    6.35
 102316.820   119.526   -12.30    7.28
 102692.851   116.264    -8.67    5.56
 103068.883   116.600     0.89    6.24
 103444.916   120.276     9.78    7.55
 103820.951   122.605     6.19    8.76
 104196.988   118.316   -11.41   13.03
 104573.026   111.978   -16.85   14.34
 104949.066   108.489    -9.28   11.40
 105325.107   111.447     7.87   11.95
 105701.150   117.897    17.15   12.59
 106077.194   125.978    21.49    9.30
 106453.239   131.475    14.62    4.99
 106829.287   134.046     6.84    6.30
 107205.336   132.764    -3.41    9.09
 107581.386   130.511    -5.99   10.57
 107957.438   125.631   -12.98   11.49
 108333.491   120.141   -14.60   10.77
 108709.546   115.921   -11.22   11.70
 109085.603   106.464   -25.15   16.81
 109461.661    98.681   -20.70   15.88
 109837.720    95.684    -7.97   15.32
 110213.781    96.237     1.47   16.94
 110589.844   103.661    19.74   17.30
 110965.908   111.492    20.82   17.29
 111341.974   114.302     7.47   17.00
 111718.042   118.328    10.70   10.45
 112094.110   119.708     3.67    8.67
 112470.181   114.249   -14.52   13.30
 112846.253   110.005   -11.28   13.99
 113222.326   109.158    -2.25   14.24
 113598.402   109.507     0.93   14.30
 113974.478   109.189    -0.85   14.56
 114350.557   109.764     1.53   16.48
 114726.636   107.631    -5.67   16.35
 115102.718   105.650    -5.27   14.30
 115478.801   106.840     3.16   13.84
 115854.885   110.123     8.73   14.17
 116230.971   116.379    16.64   12.52
 116607.059   121.473    13.55    9.88
 116983.148   121.405    -0.18    6.45
 117359.239   121.400    -0.01    5.15
 117735.332   123.414     5.35    6.35
 118111.426   128.687    14.02    8.38
 118487.521   134.361    15.09    7.53
 118863.618   138.114     9.98    4.90
 119239.717   137.708    -1.08    5.02
 119615.818   134.303    -9.05    6.43
 119991.919   129.184   -13.61    6.37
 120368.023   124.654   -12.04    5.40
 120744.128   120.610   -10.75    4.60
 121120.235   117.552    -8.13    3.88
 121496.343   115.654    -5.05    3.59
 121872.453   114.302    -3.59    4.13
 122248.565   112.071    -5.93    4.79
 122624.678   109.579    -6.63    5.09
 123000.792   106.761    -7.49    4.82
 123376.909   103.405    -8.93    5.05
 123753.027    99.956    -9.17    5.94
 124129.146    95.994   -10.53    6.04
 124505.267    91.815   -11.11    5.43
 124881.390    89.046    -7.36    4.02
 125257.515    85.924    -8.30    4.07
 125633.641    83.168    -7.33    3.88
 126009.768    81.816    -3.59    3.34
 126385.897    78.473    -8.89    4.79
 126762.028    75.123    -8.91    5.91
 127138.161    71.179   -10.48    5.36
 127514.295    67.148   -10.72    4.57
 127890.431    62.357   -12.74    7.10
 128266.568    58.631    -9.90    8.36
 128642.707    56.552    -5.53    7.77
 129018.848    54.917    -4.35    7.64
 129394.990    54.789    -0.34    7.58
 129771.134    53.123    -4.43    6.61
 130147.279    51.373    -4.65    6.04
 130523.427    51.943     1.52    6.47
 130899.575    53.379     3.82    6.19
 131275.726    52.008    -3.64    8.66
 131651.878    47.951   -10.78   10.21
 132028.032    42.114   -15.52    9.17
 132404.187    38.600    -9.34    7.43
 132780.344    39.210     1.62    6.80
 133156.503    40.762     4.13    6.99
 133532.663    38.482    -6.06    8.69
 133908.825    31.892   -17.52   12.13
 134284.989    24.921   -18.53   11.89
 134661.154    19.421   -14.62    6.86
 135037.321    17.482    -5.16    3.20
 135413.490    17.584     0.27    3.10
 135789.660    18.222     1.69    2.75
 136165.832    20.738     6.69    5.55
 136542.005    23.438     7.18    5.89
 136918.181    24.411     2.59    5.51
 137294.358    25.342     2.47    5.31
 137670.536    24.445    -2.38    5.45
 138046.717    24.251    -0.52    6.12
 138422.899    25.052     2.13    5.99
 138799.082    25.706     1.74    5.42
 139175.268    25.840     0.36    5.07
 139551.455    25.095    -1.98    5.38
 139927.643    24.994    -0.27    5.56
 140303.834    27.447     6.52    7.50
 140680.026    29.195     4.65    7.46
 141056.219    31.738     6.76    6.88
 141432.415    33.174     3.82    4.48
 141808.612    32.379    -2.11    4.37
 142184.811    32.345    -0.09    4.71
 142561.011    30.421    -5.11    5.35
 142937.213    30.384    -0.10    5.48
 143313.417    30.384     0.00    5.70
 143689.623    28.843    -4.10    6.59
 144065.830    28.495    -0.93    6.66
 144442.039    25.840    -7.06    7.35
 144818.250    22.892    -7.84    7.09
 145194.462    21.650    -3.30    6.89
 145570.676    22.353     1.87    7.12
 145946.892    25.623     8.69    6.99
 146323.110    27.631     5.34    6.53
 146699.329    34.097    17.19   10.77
 147075.550    44.438    27.49   18.62
 147451.772    55.316    28.91   19.21
 147827.997    66.148    28.79   17.82
 148204.223    71.814    15.06   17.22
 148580.451    70.924    -2.37   18.23
 148956.680    65.148   -15.35   16.62
 149332.912    59.394   -15.29   15.94
 149709.144    54.627   -12.67   12.39
 150085.379    53.330    -3.45   12.25
 150461.616    54.873     4.10   14.75
 150837.854    58.210     8.87   16.51
 151214.094    63.089    12.97   15.47
 151590.335    64.900     4.81   15.25
 151966.579    66.507     4.27   13.00
 152342.824    67.897     3.69   11.27
 152719.071    68.868     2.58   11.24
 153095.319    63.866   -13.29   13.83
 153471.570    58.237   -14.96   17.88
 153847.822    51.924   -16.78   18.21
 154224.075    44.708   -19.18   13.17
 154600.331    40.264   -11.81    6.31
 154976.588    39.206    -2.81    4.18
 155352.847    38.014    -3.17    4.67
 155729.108    37.026    -2.63    4.34
 156105.371    37.456     1.14    4.95
 156481.635    38.627     3.11    4.72
 156857.901    38.956     0.87    6.27
 157234.169    41.712     7.33    6.71
 157610.439    43.014     3.46    7.37
 157986.710    44.789     4.72    8.05
 158362.983    45.614     2.19    8.21
 158739.258    44.892    -1.92    8.32
 159115.535    45.026     0.36    7.77
 159491.813    44.894    -0.35    7.44
 159868.093    43.840    -2.80    8.50
 160244.375    42.184    -4.40    7.81
 160620.659    40.623    -4.15    6.70
 160996.945    38.892    -4.60    6.48
 161373.232    36.511    -6.33    7.21
 161749.521    37.789     3.40    8.32
 162125.812    39.969     5.79   11.91
 162502.105    47.104    18.96   15.49
 162878.399    59.384    32.64   19.71
 163254.695    76.032    44.24   18.70
 163630.993    86.026    26.56   16.19
 164007.293    94.097    21.45   13.07
 164383.595    97.978    10.32   10.73
 164759.898    93.289   -12.46   16.99
 165136.203    82.866   -27.70   23.66
 165512.510    73.394   -25.17   22.91
 165888.819    63.978   -25.02   20.20
 166265.130    60.184   -10.08   17.50
 166641.442    57.507    -7.11   12.54
 167017.756    59.900     6.36   12.65
 167394.072    68.687    23.35   14.73
 167770.390    77.678    23.89   16.12
 168146.710    86.105    22.39   15.48
 168523.031    96.174    26.76   12.20
 168899.354   102.820    17.66    9.80
 169275.679   104.708     5.02   10.21
 169652.006   106.684     5.25   11.27
 170028.335   103.843    -7.55   10.62
 170404.665    95.353   -22.56   16.70
 170780.998    87.870   -19.88   17.74
 171157.000    75.020   -34.18   17.53
 171532.976    70.302   -12.55   14.51
 171908.953    68.533    -4.71   12.13
 172284.932    66.330    -5.86   10.06
 172660.913    64.507    -4.85   10.73
 173036.896    57.097   -19.71   13.59
 173412.880    49.456   -20.32   12.12
 173788.866    43.210   -16.61    7.61
 174164.855    41.087    -5.65    5.03
 174540.845    41.816     1.94    5.32
 174916.836    43.738     5.11    7.14
 175292.830    46.039     6.12    8.37
 175668.826    49.610     9.50    9.40
 176044.823    51.789     5.80    9.16
 176420.822    54.900     8.27    8.23
 176796.823    57.969     8.16   10.18
 177172.826    57.492    -1.27   12.27
 177548.831    52.558   -13.12   13.40
 177924.838    45.473   -18.84   13.47
 178300.846    38.894   -17.50   10.62
 178676.856    35.131   -10.01    6.28
 179052.868    33.533    -4.25    6.18
 179428.882    33.123    -1.09    5.34
 179804.898    32.456    -1.77    5.41
 180180.916    34.005     4.12    6.32
 180556.936    35.492     3.95    5.56
 180932.957    37.059     4.17    5.67
 181308.980    37.654     1.58    5.59
 181685.006    37.730     0.20    5.76
 182061.033    37.738     0.02    6.03
 182437.062    37.892     0.41    5.49
 182813.092    38.178     0.76    5.37
 183189.125    38.148    -0.08    4.97
 183565.160    38.005    -0.38    5.65
 183941.196    37.921    -0.23    5.39
 184317.234    37.684    -0.63    5.33
 184693.275    36.071    -4.29    4.77
 185069.317    36.384     0.83    4.76
 185445.361    36.473     0.24    5.78
 185821.406    38.364     5.03    6.03
 186197.454    43.011    12.36    7.69
 186573.504    47.843    12.85    9.80
 186949.555    53.924    16.17   10.23
 187325.609    57.924    10.64   10.55
 187701.664    58.465     1.44    9.93
 188077.721    55.706    -7.34    9.12
 188453.780    57.314     4.28    7.53
 188829.841    57.610     0.79    6.56
 189205.904    58.627     2.71    6.81
 189581.969    59.071     1.18    5.91
 189958.036    59.579     1.35    6.06
 190334.104    59.579     0.00    8.93
 190710.175    58.710    -2.31   10.78
 191086.247    55.610    -8.24   12.25
 191462.321    52.428    -8.46   11.38
 191838.398    49.237    -8.49    8.70
 192214.476    46.353    -7.67    6.00
 192590.556    46.150    -0.54    5.87
 192966.638    45.764    -1.03    5.97
 193342.722    46.330     1.51    5.92
 193718.808    46.059    -0.72    5.05
 194094.895    43.843    -5.89    4.30
 194470.985    43.345    -1.33    5.23
 194847.077    44.174     2.20    6.26
 195223.170    41.939    -5.94    6.88
 195599.266    41.654    -0.76    7.02
 195975.363    39.964    -4.49    5.79
 196351.462    40.394     1.14    7.24
 196727.564    41.712     3.50    7.61
 197103.667    44.473     7.34    8.12
 197479.772    43.994    -1.27    7.71
 197855.879    42.539    -3.87    7.16
 198231.988    42.465    -0.20    6.80
 198608.099    42.635     0.45    6.12
 198984.212    42.532    -0.27    6.20
 199360.327    41.558    -2.59    5.81
 199736.444    39.405    -5.73    5.43
 200112.562    37.817    -4.22    3.95
 200488.683    37.627    -0.51    3.04
 200864.806    39.011     3.68    2.85
 201240.930    39.947     2.49    2.88
 201617.057    41.464     4.03    4.12
 201993.185    43.708     5.97    5.70
 202369.316    50.661    18.49   10.43
 202745.448    58.763    21.54   11.57
 203121.583    70.473    31.13   16.94
 203497.719    85.114    38.92   16.00
 203873.858    90.264    13.69   13.55
 204249.998    88.114    -5.72   19.21
 204626.140    77.059   -29.39   24.30
 205002.284    65.195   -31.54   20.28
 205378.431    53.304   -31.61   12.02
 205754.579    49.994    -8.80    7.65
 206130.729    48.635    -3.61    5.53
 206506.881    48.332    -0.81    4.55
 206883.035    48.951     1.65    4.13
 207259.192    49.465     1.37    4.43
 207635.350    49.605     0.37    4.62
 208011.510    48.814    -2.10    4.22
 208387.672    47.870    -2.51    4.48
 208763.836    47.289    -1.54    3.80
 209140.002    46.131    -3.08    2.93
 209516.170    45.610    -1.39    2.95
 209892.340    47.168     4.14    4.46
 210268.512    48.364     3.18    5.18
 210644.686    51.552     8.48    6.65
 211020.863    53.735     5.80    6.28
 211397.041    53.222    -1.37    6.67
 211773.221    53.067    -0.41    6.86
 212149.403    50.302    -7.35    5.70
 212525.587    50.097    -0.55    5.42
 212901.773    52.618     6.70    6.64
 213277.961    54.000     3.67    6.75
 213654.151    55.492     3.97    6.03
 214030.343    55.681     0.50    5.76
 214406.537    54.123    -4.14    4.39
 214782.734    53.627    -1.32    3.38
 215158.932    53.479    -0.39    2.77
